0 0.051016 0.338950 0.048828 0.048828
0 0.067537 0.386152 0.048828 0.048828
0 0.025055 0.388512 0.048828 0.048828
0 0.033315 0.433354 0.048828 0.048828
0 0.012074 0.501798 0.048828 0.048828
0 0.036855 0.546640 0.048828 0.048828
0 0.034495 0.608003 0.048828 0.048828
0 0.135980 0.665826 0.048828 0.048828
0 0.093498 0.715388 0.048828 0.048828
0 0.085238 0.749610 0.048828 0.048828
0 0.067537 0.792092 0.048828 0.048828
0 0.087598 0.828673 0.048828 0.048828
0 0.010894 0.779111 0.048828 0.048828
0 0.032135 0.709488 0.048828 0.048828
0 0.015614 0.677626 0.048828 0.048828