0 0.784738 0.403853 0.048828 0.048828
0 0.792998 0.357831 0.048828 0.048828
0 0.850821 0.338950 0.048828 0.048828
0 0.867342 0.386152 0.048828 0.048828
0 0.824860 0.388512 0.048828 0.048828
0 0.833120 0.433354 0.048828 0.048828
0 0.811879 0.501798 0.048828 0.048828
0 0.836660 0.546640 0.048828 0.048828
0 0.834300 0.608003 0.048828 0.048828
0 0.795358 0.593842 0.048828 0.048828
0 0.780017 0.540740 0.048828 0.048828
0 0.692693 0.467576 0.048828 0.048828
0 0.935785 0.665826 0.048828 0.048828
0 0.893303 0.715388 0.048828 0.048828
0 0.885042 0.749610 0.048828 0.048828
0 0.867342 0.792092 0.048828 0.048828
0 0.887403 0.828673 0.048828 0.048828
0 0.780017 0.825133 0.048828 0.048828
0 0.810699 0.779111 0.048828 0.048828
0 0.770577 0.776751 0.048828 0.048828
0 0.764677 0.735449 0.048828 0.048828
0 0.781197 0.721288 0.048828 0.048828
0 0.831940 0.709488 0.048828 0.048828
0 0.815419 0.677626 0.048828 0.048828
0 0.790638 0.696507 0.048828 0.048828
0 0.777657 0.658745 0.048828 0.048828
0 0.748156 0.698867 0.048828 0.048828
0 0.736355 0.642225 0.048828 0.048828
0 0.697413 0.679986 0.048828 0.048828
0 0.696233 0.642225 0.048828 0.048828
0 0.614810 0.690607 0.048828 0.048828
0 0.592388 0.648125 0.048828 0.048828
0 0.640771 0.596202 0.048828 0.048828
0 0.713934 0.361371 0.048828 0.048828
0 0.632510 0.330690 0.048828 0.048828