0 0.249556 0.402924 0.015528 0.016345
0 0.252183 0.387518 0.015528 0.016345
0 0.270572 0.381198 0.015528 0.016345
0 0.275825 0.396999 0.015528 0.016345
0 0.262316 0.397789 0.015528 0.016345
0 0.264943 0.412800 0.015528 0.016345
0 0.258188 0.435711 0.015528 0.016345
0 0.266068 0.450722 0.015528 0.016345
0 0.265318 0.471263 0.015528 0.016345
0 0.252934 0.466523 0.015528 0.016345
0 0.248055 0.448747 0.015528 0.016345
0 0.220285 0.424256 0.015528 0.016345
0 0.297591 0.490620 0.015528 0.016345
0 0.284081 0.507211 0.015528 0.016345
0 0.281455 0.518666 0.015528 0.016345
0 0.275825 0.532887 0.015528 0.016345
0 0.282205 0.545133 0.015528 0.016345
0 0.248055 0.543948 0.015528 0.016345
0 0.257812 0.528542 0.015528 0.016345
0 0.245053 0.527752 0.015528 0.016345
0 0.243177 0.513926 0.015528 0.016345
0 0.248431 0.509186 0.015528 0.016345
0 0.264567 0.505236 0.015528 0.016345
0 0.259313 0.494570 0.015528 0.016345
0 0.251433 0.500890 0.015528 0.016345
0 0.247305 0.488249 0.015528 0.016345
0 0.237923 0.501680 0.015528 0.016345
0 0.234170 0.482719 0.015528 0.016345
0 0.221786 0.495360 0.015528 0.016345
0 0.221411 0.482719 0.015528 0.016345
0 0.195517 0.498915 0.015528 0.016345
0 0.188387 0.484694 0.015528 0.016345
0 0.203773 0.467313 0.015528 0.016345
0 0.227040 0.388703 0.015528 0.016345
0 0.201146 0.378433 0.015528 0.016345