0 0.341979 0.249417 0.017229 0.012677
0 0.403282 0.231728 0.017229 0.012677
0 0.341979 0.225537 0.017229 0.012677
0 0.380444 0.221557 0.017229 0.012677
0 0.358206 0.276835 0.017229 0.012677
0 0.364817 0.339190 0.017229 0.012677
0 0.375035 0.329461 0.017229 0.012677
0 0.390060 0.323712 0.017229 0.012677
0 0.407489 0.321943 0.017229 0.012677
0 0.381045 0.312214 0.017229 0.012677
0 0.221174 0.382970 0.017229 0.012677
0 0.224179 0.372799 0.017229 0.012677
0 0.220573 0.359974 0.017229 0.012677
0 0.206149 0.363954 0.017229 0.012677
0 0.197735 0.368819 0.017229 0.012677
0 0.187517 0.366608 0.017229 0.012677
0 0.261442 0.413926 0.017229 0.012677
0 0.275266 0.415253 0.017229 0.012677
0 0.272862 0.405082 0.017229 0.012677
0 0.298104 0.388719 0.017229 0.012677
0 0.298104 0.378990 0.017229 0.012677
0 0.313130 0.382528 0.017229 0.012677
0 0.319741 0.372357 0.017229 0.012677
0 0.332963 0.365723 0.017229 0.012677
0 0.349191 0.364397 0.017229 0.012677
0 0.357605 0.359974 0.017229 0.012677
0 0.372029 0.363954 0.017229 0.012677
0 0.406287 0.341843 0.017229 0.012677
0 0.321544 0.398891 0.017229 0.012677
0 0.345585 0.393142 0.017229 0.012677
0 0.371428 0.396237 0.017229 0.012677
0 0.389459 0.386508 0.017229 0.012677
0 0.405686 0.390488 0.017229 0.012677
0 0.411096 0.378106 0.017229 0.012677
0 0.427924 0.380759 0.017229 0.012677
0 0.430328 0.371030 0.017229 0.012677
0 0.442949 0.378106 0.017229 0.012677
0 0.457975 0.374126 0.017229 0.012677
0 0.469995 0.374126 0.017229 0.012677
0 0.488627 0.367935 0.017229 0.012677
0 0.447758 0.351572 0.017229 0.012677
0 0.459177 0.347592 0.017229 0.012677
0 0.477207 0.340959 0.017229 0.012677
0 0.496440 0.340959 0.017229 0.012677
0 0.512667 0.333441 0.017229 0.012677
0 0.528895 0.326365 0.017229 0.012677
0 0.546324 0.324596 0.017229 0.012677
0 0.317337 0.451074 0.017229 0.012677
0 0.568562 0.210059 0.017229 0.012677
0 0.579380 0.207848 0.017229 0.012677
0 0.588997 0.206521 0.017229 0.012677
0 0.599815 0.202983 0.017229 0.012677
0 0.604022 0.183525 0.017229 0.012677
0 0.626861 0.185736 0.017229 0.012677
0 0.619047 0.179545 0.017229 0.012677
0 0.630467 0.159202 0.017229 0.012677
0 0.626260 0.203425 0.017229 0.012677
0 0.617244 0.213154 0.017229 0.012677
0 0.642487 0.223326 0.017229 0.012677
0 0.594406 0.227748 0.017229 0.012677
0 0.592002 0.238804 0.017229 0.012677
0 0.580582 0.234824 0.017229 0.012677
0 0.555340 0.264011 0.017229 0.012677
0 0.454970 0.298947 0.017229 0.012677
0 0.460980 0.290987 0.017229 0.012677
0 0.471798 0.299389 0.017229 0.012677
0 0.477808 0.290987 0.017229 0.012677
0 0.489228 0.287891 0.017229 0.012677
0 0.537309 0.281700 0.017229 0.012677
0 0.552335 0.289218 0.017229 0.012677
0 0.581183 0.292313 0.017229 0.012677
0 0.566158 0.284353 0.017229 0.012677
0 0.589598 0.284795 0.017229 0.012677
0 0.601618 0.281700 0.017229 0.012677
0 0.615441 0.278162 0.017229 0.012677
0 0.620851 0.271529 0.017229 0.012677
0 0.668331 0.288776 0.017229 0.012677
0 0.671937 0.299831 0.017229 0.012677
0 0.686361 0.295409 0.017229 0.012677
0 0.610633 0.316636 0.017229 0.012677
0 0.608830 0.330345 0.017229 0.012677
0 0.597411 0.325481 0.017229 0.012677
0 0.591401 0.334325 0.017229 0.012677
0 0.580582 0.337863 0.017229 0.012677
0 0.566759 0.337863 0.017229 0.012677
0 0.586593 0.348476 0.017229 0.012677
0 0.573370 0.348476 0.017229 0.012677
0 0.561951 0.348919 0.017229 0.012677
0 0.562552 0.356437 0.017229 0.012677
0 0.542718 0.348919 0.017229 0.012677
0 0.549931 0.359974 0.017229 0.012677
0 0.535506 0.356437 0.017229 0.012677
0 0.523486 0.354668 0.017229 0.012677
0 0.527092 0.366166 0.017229 0.012677
0 0.517476 0.372357 0.017229 0.012677
0 0.497041 0.376779 0.017229 0.012677
0 0.500046 0.385181 0.017229 0.012677
0 0.488026 0.382528 0.017229 0.012677
0 0.510263 0.387393 0.017229 0.012677
0 0.496440 0.392257 0.017229 0.012677
0 0.516274 0.394468 0.017229 0.012677
0 0.524087 0.389604 0.017229 0.012677
0 0.525890 0.375452 0.017229 0.012677
0 0.549931 0.381644 0.017229 0.012677
0 0.568562 0.386950 0.017229 0.012677
0 0.575774 0.388277 0.017229 0.012677
0 0.601017 0.388277 0.017229 0.012677
0 0.352797 0.428520 0.017229 0.012677
0 0.385853 0.409946 0.017229 0.012677
0 0.414101 0.401986 0.017229 0.012677
0 0.421313 0.407735 0.017229 0.012677
0 0.435136 0.400217 0.017229 0.012677
0 0.435737 0.412600 0.017229 0.012677
0 0.468793 0.402871 0.017229 0.012677
0 0.484420 0.403755 0.017229 0.012677
0 0.430328 0.470089 0.017229 0.012677
0 0.418909 0.472743 0.017229 0.012677
0 0.402080 0.474954 0.017229 0.012677
0 0.393065 0.482914 0.017229 0.012677
0 0.378641 0.487336 0.017229 0.012677
0 0.366620 0.488221 0.017229 0.012677
0 0.346186 0.490432 0.017229 0.012677
0 0.332362 0.482472 0.017229 0.012677
0 0.482016 0.481587 0.017229 0.012677
0 0.679149 0.412157 0.017229 0.012677
0 0.679750 0.420560 0.017229 0.012677
0 0.649699 0.416137 0.017229 0.012677
0 0.618446 0.448862 0.017229 0.012677
0 0.578178 0.456380 0.017229 0.012677
0 0.568562 0.463456 0.017229 0.012677
0 0.552335 0.465667 0.017229 0.012677
0 0.620851 0.503699 0.017229 0.012677
0 0.621452 0.521388 0.017229 0.012677
0 0.574572 0.509890 0.017229 0.012677
0 0.517476 0.532444 0.017229 0.012677
0 0.502450 0.532001 0.017229 0.012677
0 0.498844 0.542173 0.017229 0.012677
0 0.510864 0.546153 0.017229 0.012677
0 0.531900 0.544384 0.017229 0.012677
0 0.542718 0.558977 0.017229 0.012677
0 0.526491 0.558977 0.017229 0.012677
0 0.468793 0.565169 0.017229 0.012677
0 0.482016 0.543499 0.017229 0.012677
0 0.471197 0.547037 0.017229 0.012677
0 0.441747 0.539519 0.017229 0.012677
0 0.440545 0.601874 0.017229 0.012677
0 0.418308 0.601874 0.017229 0.012677
0 0.399676 0.612487 0.017229 0.012677
0 0.412899 0.616467 0.017229 0.012677
0 0.437540 0.617352 0.017229 0.012677
0 0.450763 0.615583 0.017229 0.012677
0 0.466389 0.610276 0.017229 0.012677
0 0.469394 0.617352 0.017229 0.012677
0 0.486223 0.620005 0.017229 0.012677
0 0.498844 0.612045 0.017229 0.012677
0 0.507258 0.606738 0.017229 0.012677
0 0.522885 0.608507 0.017229 0.012677
0 0.380444 0.617352 0.017229 0.012677
0 0.370226 0.622216 0.017229 0.012677
0 0.344984 0.620890 0.017229 0.012677
0 0.600416 0.513870 0.017229 0.012677
0 0.429126 0.645212 0.017229 0.012677
0 0.474202 0.643001 0.017229 0.012677
0 0.463384 0.647423 0.017229 0.012677
0 0.439343 0.665997 0.017229 0.012677
0 0.422515 0.732773 0.017229 0.012677
0 0.438141 0.735427 0.017229 0.012677
0 0.453768 0.731005 0.017229 0.012677
0 0.497041 0.424098 0.017229 0.012677
0 0.360610 0.222441 0.017229 0.012677
0 0.370827 0.240130 0.017229 0.012677
0 0.335367 0.276835 0.017229 0.012677
0 0.415303 0.260031 0.017229 0.012677
0 0.430328 0.276835 0.017229 0.012677
0 0.443551 0.273740 0.017229 0.012677
0 0.447758 0.280815 0.017229 0.012677
0 0.533102 0.244110 0.017229 0.012677
0 0.531299 0.234381 0.017229 0.012677
0 0.537910 0.234381 0.017229 0.012677
0 0.543319 0.242784 0.017229 0.012677
0 0.567360 0.248975 0.017229 0.012677
0 0.586593 0.187505 0.017229 0.012677
0 0.587795 0.181314 0.017229 0.012677
0 0.592603 0.173354 0.017229 0.012677
0 0.614239 0.158760 0.017229 0.012677
0 0.649699 0.156549 0.017229 0.012677
0 0.655108 0.164067 0.017229 0.012677
0 0.660518 0.176892 0.017229 0.012677
0 0.241008 0.414811 0.017229 0.012677
0 0.378641 0.356879 0.017229 0.012677
0 0.390661 0.358205 0.017229 0.012677
0 0.397873 0.351130 0.017229 0.012677
0 0.404484 0.351130 0.017229 0.012677
0 0.415303 0.348919 0.017229 0.012677
0 0.384651 0.369261 0.017229 0.012677
0 0.366019 0.440018 0.017229 0.012677
0 0.522885 0.409504 0.017229 0.012677
0 0.504253 0.409062 0.017229 0.012677
0 0.313731 0.469647 0.017229 0.012677
0 0.343181 0.462129 0.017229 0.012677
0 0.343782 0.449747 0.017229 0.012677
0 0.383449 0.443998 0.017229 0.012677
0 0.369024 0.454169 0.017229 0.012677
0 0.451965 0.431173 0.017229 0.012677
0 0.296301 0.297178 0.017229 0.012677
0 0.560148 0.274624 0.017229 0.012677
0 0.573971 0.263126 0.017229 0.012677
0 0.654507 0.250302 0.017229 0.012677
0 0.590800 0.271971 0.017229 0.012677
0 0.560749 0.304254 0.017229 0.012677
0 0.504253 0.290544 0.017229 0.012677
0 0.485622 0.304696 0.017229 0.012677
0 0.598613 0.364839 0.017229 0.012677
0 0.592002 0.390488 0.017229 0.012677
0 0.473000 0.359974 0.017229 0.012677
0 0.543319 0.335652 0.017229 0.012677
0 0.633472 0.335210 0.017229 0.012677
0 0.646694 0.306022 0.017229 0.012677
0 0.637679 0.314425 0.017229 0.012677
0 0.634674 0.296293 0.017229 0.012677
0 0.405686 0.486452 0.017229 0.012677
0 0.427323 0.489105 0.017229 0.012677
0 0.445354 0.483799 0.017229 0.012677
0 0.460379 0.484241 0.017229 0.012677
0 0.454970 0.475396 0.017229 0.012677
0 0.473601 0.474954 0.017229 0.012677
0 0.608229 0.435596 0.017229 0.012677
0 0.619648 0.429404 0.017229 0.012677
0 0.613638 0.394026 0.017229 0.012677
0 0.599214 0.405966 0.017229 0.012677
0 0.448359 0.639021 0.017229 0.012677
0 0.397873 0.627523 0.017229 0.012677
0 0.557143 0.545268 0.017229 0.012677
0 0.567360 0.544826 0.017229 0.012677
0 0.573370 0.536424 0.017229 0.012677
0 0.591401 0.521388 0.017229 0.012677
0 0.561951 0.522715 0.017229 0.012677
0 0.530097 0.524926 0.017229 0.012677
0 0.540915 0.530675 0.017229 0.012677
0 0.592603 0.494854 0.017229 0.012677
0 0.536708 0.473185 0.017229 0.012677
0 0.531900 0.483356 0.017229 0.012677
0 0.427924 0.745156 0.017229 0.012677
0 0.397272 0.750463 0.017229 0.012677
0 0.379843 0.733658 0.017229 0.012677
0 0.369625 0.731005 0.017229 0.012677