0 0.165525 0.796942 0.048828 0.048828
0 0.159313 0.748490 0.048828 0.048828
0 0.243795 0.829244 0.048828 0.048828
0 0.259946 0.765883 0.048828 0.048828
0 0.272370 0.813093 0.048828 0.048828
0 0.336973 0.767125 0.048828 0.048828
0 0.312126 0.841668 0.048828 0.048828
0 0.348155 0.821790 0.048828 0.048828
0 0.340700 0.865273 0.048828 0.048828
0 0.382941 0.852849 0.048828 0.048828
0 0.380457 0.909999 0.048828 0.048828
0 0.416486 0.895090 0.048828 0.048828
0 0.453757 0.919938 0.048828 0.048828
0 0.463696 0.872728 0.048828 0.048828
0 0.432637 0.829244 0.048828 0.048828
0 0.487301 0.798185 0.048828 0.048828
0 0.505937 0.921180 0.048828 0.048828
0 0.504695 0.957209 0.048828 0.048828
0 0.546936 0.972118 0.048828 0.048828
0 0.600358 0.965906 0.048828 0.048828
0 0.635145 0.941058 0.048828 0.048828
0 0.664962 0.923665 0.048828 0.048828
0 0.696021 0.900060 0.048828 0.048828
0 0.743232 0.949755 0.048828 0.048828
0 0.805351 0.948513 0.048828 0.048828
0 0.908468 0.948513 0.048828 0.048828
0 0.574268 0.912484 0.048828 0.048828
0 0.551905 0.892606 0.048828 0.048828
0 0.535754 0.836699 0.048828 0.048828
0 0.569298 0.791973 0.048828 0.048828
0 0.527058 0.767125 0.048828 0.048828
0 0.623963 0.820548 0.048828 0.048828
0 0.575510 0.861546 0.048828 0.048828
0 0.604085 0.895090 0.048828 0.048828
0 0.650053 0.867758 0.048828 0.048828
0 0.689809 0.854092 0.048828 0.048828
0 0.750686 0.875212 0.048828 0.048828
0 0.790442 0.862789 0.048828 0.048828
0 0.831441 0.881424 0.048828 0.048828
0 0.887348 0.876455 0.048828 0.048828
0 0.879894 0.801912 0.048828 0.048828
0 0.894802 0.724884 0.048828 0.048828
0 0.946982 0.716188 0.048828 0.048828
0 0.995435 0.487590 0.048828 0.048828
0 0.956921 0.467712 0.048828 0.048828
0 0.905984 0.488832 0.048828 0.048828
0 0.884863 0.509952 0.048828 0.048828
0 0.960648 0.541012 0.048828 0.048828
0 0.924619 0.560890 0.048828 0.048828
0 0.877409 0.580768 0.048828 0.048828
0 0.979284 0.596919 0.048828 0.048828
0 0.975557 0.644130 0.048828 0.048828
0 0.927104 0.676431 0.048828 0.048828
0 0.884863 0.656553 0.048828 0.048828
0 0.848834 0.707491 0.048828 0.048828
0 0.846349 0.640402 0.048828 0.048828
0 0.800381 0.660281 0.048828 0.048828
0 0.806593 0.749732 0.048828 0.048828
0 0.815290 0.793215 0.048828 0.048828
0 0.748201 0.693825 0.048828 0.048828
0 0.758140 0.744762 0.048828 0.048828
0 0.725838 0.767125 0.048828 0.048828
0 0.729566 0.815578 0.048828 0.048828
0 0.652538 0.775822 0.048828 0.048828
0 0.584207 0.736066 0.048828 0.048828
0 0.693537 0.727369 0.048828 0.048828
0 0.702233 0.678916 0.048828 0.048828
0 0.732050 0.647857 0.048828 0.048828
0 0.771806 0.623009 0.048828 0.048828
0 0.799139 0.585738 0.048828 0.048828
0 0.832683 0.554678 0.048828 0.048828
0 0.386669 0.790730 0.048828 0.048828
0 0.371760 0.739793 0.048828 0.048828
0 0.421455 0.778307 0.048828 0.048828
0 0.493513 0.749732 0.048828 0.048828
0 0.474878 0.723642 0.048828 0.048828
0 0.520846 0.700037 0.048828 0.048828
0 0.478605 0.685128 0.048828 0.048828
0 0.431394 0.690098 0.048828 0.048828
0 0.377972 0.676431 0.048828 0.048828
0 0.334489 0.692582 0.048828 0.048828
0 0.302187 0.724884 0.048828 0.048828
0 0.271127 0.703764 0.048828 0.048828
0 0.207766 0.712460 0.048828 0.048828
0 0.181676 0.677674 0.048828 0.048828
0 0.216462 0.662765 0.048828 0.048828
0 0.282309 0.655311 0.048828 0.048828
0 0.322065 0.646614 0.048828 0.048828
0 0.153101 0.631706 0.048828 0.048828
0 0.172979 0.619282 0.048828 0.048828
0 0.215220 0.609343 0.048828 0.048828
0 0.250007 0.610585 0.048828 0.048828
0 0.309641 0.601889 0.048828 0.048828
0 0.223917 0.570829 0.048828 0.048828
0 0.230129 0.519892 0.048828 0.048828
0 0.223917 0.480135 0.048828 0.048828
0 0.222674 0.456530 0.048828 0.048828
0 0.169252 0.461500 0.048828 0.048828
0 0.127011 0.696310 0.048828 0.048828
0 0.092224 0.661523 0.048828 0.048828
0 0.118314 0.644130 0.048828 0.048828
0 0.073589 0.619282 0.048828 0.048828
0 0.103406 0.608101 0.048828 0.048828
0 0.138192 0.589465 0.048828 0.048828
0 0.100921 0.563375 0.048828 0.048828
0 0.141920 0.506225 0.048828 0.048828
0 0.088497 0.498771 0.048828 0.048828
0 0.051226 0.466469 0.048828 0.048828
0 0.119557 0.445349 0.048828 0.048828
0 0.179191 0.425471 0.048828 0.048828
0 0.231371 0.411804 0.048828 0.048828
0 0.268642 0.425471 0.048828 0.048828
0 0.258703 0.375775 0.048828 0.048828
0 0.300944 0.386957 0.048828 0.048828
0 0.325792 0.431683 0.048828 0.048828
0 0.302187 0.470196 0.048828 0.048828
0 0.286036 0.529831 0.048828 0.048828
0 0.343185 0.545982 0.048828 0.048828
0 0.363063 0.614312 0.048828 0.048828
0 0.384184 0.559648 0.048828 0.048828
0 0.412759 0.593192 0.048828 0.048828
0 0.442576 0.654069 0.048828 0.048828
0 0.459969 0.615555 0.048828 0.048828
0 0.494756 0.613070 0.048828 0.048828
0 0.529542 0.640402 0.048828 0.048828
0 0.606570 0.646614 0.048828 0.048828
0 0.561844 0.675189 0.048828 0.048828
0 0.640114 0.687613 0.048828 0.048828
0 0.643841 0.646614 0.048828 0.048828
0 0.678628 0.598161 0.048828 0.048828
0 0.620236 0.591950 0.048828 0.048828
0 0.559359 0.599404 0.048828 0.048828
0 0.527058 0.555921 0.048828 0.048828
0 0.451272 0.562132 0.048828 0.048828
0 0.421455 0.509952 0.048828 0.048828
0 0.410274 0.470196 0.048828 0.048828
0 0.346912 0.478893 0.048828 0.048828
0 0.471150 0.514922 0.048828 0.048828
0 0.451272 0.437894 0.048828 0.048828
0 0.505937 0.478893 0.048828 0.048828
0 0.543208 0.507468 0.048828 0.048828
0 0.582965 0.529831 0.048828 0.048828
0 0.638872 0.527346 0.048828 0.048828
0 0.677386 0.536042 0.048828 0.048828
0 0.732050 0.570829 0.048828 0.048828
0 0.832683 0.488832 0.048828 0.048828
0 0.806593 0.519892 0.048828 0.048828
0 0.761867 0.522376 0.048828 0.048828
0 0.723354 0.502498 0.048828 0.048828
0 0.778018 0.461500 0.048828 0.048828
0 0.713415 0.455288 0.048828 0.048828
0 0.663719 0.467712 0.048828 0.048828
0 0.615267 0.481378 0.048828 0.048828
0 0.580480 0.470196 0.048828 0.048828
0 0.546936 0.440379 0.048828 0.048828
0 0.502210 0.418016 0.048828 0.048828
0 0.027621 0.596919 0.048828 0.048828
0 0.017682 0.491317 0.048828 0.048828
0 0.018924 0.403108 0.048828 0.048828
0 0.057438 0.410562 0.048828 0.048828
0 0.104648 0.385714 0.048828 0.048828
0 0.027621 0.350928 0.048828 0.048828
0 0.005258 0.323595 0.048828 0.048828
0 0.000288 0.208054 0.048828 0.048828
0 0.037560 0.191903 0.048828 0.048828
0 0.031348 0.251537 0.048828 0.048828
0 0.041287 0.297505 0.048828 0.048828
0 0.093467 0.312414 0.048828 0.048828
0 0.130738 0.337262 0.048828 0.048828
0 0.184161 0.338504 0.048828 0.048828
0 0.185403 0.378260 0.048828 0.048828
0 0.230129 0.328565 0.048828 0.048828
0 0.283551 0.331050 0.048828 0.048828
0 0.334489 0.337262 0.048828 0.048828
0 0.359336 0.357140 0.048828 0.048828
0 0.425182 0.389442 0.048828 0.048828
0 0.437606 0.350928 0.048828 0.048828
0 0.500968 0.365836 0.048828 0.048828
0 0.579238 0.386957 0.048828 0.048828
0 0.599116 0.437894 0.048828 0.048828
0 0.640114 0.396896 0.048828 0.048828
0 0.677386 0.409320 0.048828 0.048828
0 0.937043 0.378260 0.048828 0.048828
0 0.980526 0.318626 0.048828 0.048828
0 0.999162 0.119845 0.048828 0.048828
0 0.956921 0.094997 0.048828 0.048828
0 0.901014 0.071392 0.048828 0.048828
0 0.956921 0.159601 0.048828 0.048828
0 0.898529 0.172025 0.048828 0.048828
0 0.917165 0.121087 0.048828 0.048828
0 0.858773 0.119845 0.048828 0.048828
0 0.804108 0.140966 0.048828 0.048828
0 0.843865 0.200600 0.048828 0.048828
0 0.903499 0.230417 0.048828 0.048828
0 0.898529 0.280112 0.048828 0.048828
0 0.920892 0.328565 0.048828 0.048828
0 0.891075 0.350928 0.048828 0.048828
0 0.853804 0.313656 0.048828 0.048828
0 0.843865 0.252780 0.048828 0.048828
0 0.807836 0.222963 0.048828 0.048828
0 0.878651 0.399381 0.048828 0.048828
0 0.853804 0.449076 0.048828 0.048828
0 0.810320 0.418016 0.048828 0.048828
0 0.838895 0.365836 0.048828 0.048828
0 0.761867 0.395653 0.048828 0.048828
0 0.786715 0.357140 0.048828 0.048828
0 0.778018 0.302475 0.048828 0.048828
0 0.735777 0.333534 0.048828 0.048828
0 0.705960 0.380745 0.048828 0.048828
0 0.692294 0.333534 0.048828 0.048828
0 0.648811 0.362109 0.048828 0.048828
0 0.642599 0.308687 0.048828 0.048828
0 0.612782 0.344716 0.048828 0.048828
0 0.551905 0.324838 0.048828 0.048828
0 0.582965 0.307444 0.048828 0.048828
0 0.483574 0.311172 0.048828 0.048828
0 0.517119 0.281355 0.048828 0.048828
0 0.573026 0.257749 0.048828 0.048828
0 0.622721 0.249053 0.048828 0.048828
0 0.676143 0.278870 0.048828 0.048828
0 0.712172 0.293778 0.048828 0.048828
0 0.784230 0.267688 0.048828 0.048828
0 0.760625 0.221720 0.048828 0.048828
0 0.720869 0.226690 0.048828 0.048828
0 0.683597 0.219235 0.048828 0.048828
0 0.645084 0.184449 0.048828 0.048828
0 0.725838 0.183206 0.048828 0.048828
0 0.773049 0.172025 0.048828 0.048828
0 0.910953 0.006788 0.048828 0.048828
0 0.851319 0.067665 0.048828 0.048828
0 0.815290 0.047787 0.048828 0.048828
0 0.732050 0.011758 0.048828 0.048828
0 0.760625 0.040333 0.048828 0.048828
0 0.779261 0.092513 0.048828 0.048828
0 0.748201 0.139723 0.048828 0.048828
0 0.728323 0.086301 0.048828 0.048828
0 0.694779 0.122330 0.048828 0.048828
0 0.671174 0.150905 0.048828 0.048828
0 0.621478 0.164571 0.048828 0.048828
0 0.589177 0.208054 0.048828 0.048828
0 0.522088 0.227932 0.048828 0.048828
0 0.535754 0.176995 0.048828 0.048828
0 0.488544 0.180722 0.048828 0.048828
0 0.467423 0.216751 0.048828 0.048828
0 0.431394 0.217993 0.048828 0.048828
0 0.473635 0.258992 0.048828 0.048828
0 0.417728 0.297505 0.048828 0.048828
0 0.394123 0.251537 0.048828 0.048828
0 0.371760 0.288809 0.048828 0.048828
0 0.324550 0.283839 0.048828 0.048828
0 0.257461 0.293778 0.048828 0.048828
0 0.281066 0.239114 0.048828 0.048828
0 0.341943 0.219235 0.048828 0.048828
0 0.389153 0.191903 0.048828 0.048828
0 0.328277 0.175752 0.048828 0.048828
0 0.384184 0.142208 0.048828 0.048828
0 0.436364 0.174510 0.048828 0.048828
0 0.483574 0.148420 0.048828 0.048828
0 0.453757 0.113633 0.048828 0.048828
0 0.359336 0.103694 0.048828 0.048828
0 0.303429 0.113633 0.048828 0.048828
0 0.246280 0.132269 0.048828 0.048828
0 0.269885 0.088786 0.048828 0.048828
0 0.246280 0.047787 0.048828 0.048828
0 0.261188 0.011758 0.048828 0.048828
0 0.346912 0.032878 0.048828 0.048828
0 0.384184 0.067665 0.048828 0.048828
0 0.440091 0.077604 0.048828 0.048828
0 0.417728 0.019212 0.048828 0.048828
0 0.473635 0.030394 0.048828 0.048828
0 0.487301 0.085058 0.048828 0.048828
0 0.532027 0.119845 0.048828 0.048828
0 0.592904 0.123572 0.048828 0.048828
0 0.645084 0.111148 0.048828 0.048828
0 0.698506 0.049029 0.048828 0.048828
0 0.655023 0.050272 0.048828 0.048828
0 0.604085 0.041575 0.048828 0.048828
0 0.544451 0.062696 0.048828 0.048828
0 0.518361 0.016727 0.048828 0.048828
0 0.951952 0.426713 0.048828 0.048828
0 0.079801 0.265204 0.048828 0.048828
0 0.069862 0.226690 0.048828 0.048828
0 0.118314 0.224205 0.048828 0.048828
0 0.171737 0.227932 0.048828 0.048828
0 0.235098 0.221720 0.048828 0.048828
0 0.151859 0.281355 0.048828 0.048828
0 0.199069 0.286324 0.048828 0.048828
0 0.254976 0.190661 0.048828 0.048828
0 0.202796 0.163328 0.048828 0.048828
0 0.166767 0.165813 0.048828 0.048828
0 0.175464 0.128542 0.048828 0.048828
0 0.210251 0.075119 0.048828 0.048828
0 0.190372 0.037848 0.048828 0.048828
0 0.123284 0.134754 0.048828 0.048828
0 0.159313 0.077604 0.048828 0.048828
0 0.117072 0.061453 0.048828 0.048828
0 0.109618 0.015485 0.048828 0.048828
0 0.064892 0.052757 0.048828 0.048828
0 0.028863 0.065180 0.048828 0.048828
0 0.089740 0.103694 0.048828 0.048828
0 0.017682 0.029151 0.048828 0.048828
0 0.077316 0.178237 0.048828 0.048828
0 0.028863 0.123572 0.048828 0.048828
0 0.414001 0.950998 0.048828 0.048828
0 0.330761 0.941058 0.048828 0.048828
0 0.586692 0.999450 0.048828 0.048828
0 0.738262 0.994481 0.048828 0.048828
0 0.780503 0.993238 0.048828 0.048828
0 0.847592 0.952240 0.048828 0.048828
0 0.909711 0.979572 0.048828 0.048828
0 0.995435 0.882667 0.048828 0.048828
0 0.973072 0.841668 0.048828 0.048828
0 0.894802 0.909999 0.048828 0.048828
0 0.964375 0.783276 0.048828 0.048828
0 0.049983 0.552193 0.048828 0.048828
0 0.979284 0.005546 0.048828 0.048828
0 0.965618 0.244083 0.048828 0.048828