0 0.037560 0.991708 0.048828 0.048828
0 0.999162 0.919650 0.048828 0.048828
0 0.956921 0.894802 0.048828 0.048828
0 0.901014 0.871197 0.048828 0.048828
0 0.956921 0.959406 0.048828 0.048828
0 0.898529 0.971830 0.048828 0.048828
0 0.917165 0.920892 0.048828 0.048828
0 0.858773 0.919650 0.048828 0.048828
0 0.804108 0.940770 0.048828 0.048828
0 0.645084 0.984254 0.048828 0.048828
0 0.725838 0.983011 0.048828 0.048828
0 0.773049 0.971830 0.048828 0.048828
0 0.910953 0.806593 0.048828 0.048828
0 0.851319 0.867470 0.048828 0.048828
0 0.815290 0.847592 0.048828 0.048828
0 0.840137 0.799139 0.048828 0.048828
0 0.873682 0.776776 0.048828 0.048828
0 0.795412 0.770564 0.048828 0.048828
0 0.800381 0.692294 0.048828 0.048828
0 0.796654 0.616509 0.048828 0.048828
0 0.758140 0.636387 0.048828 0.048828
0 0.740747 0.698506 0.048828 0.048828
0 0.741989 0.760625 0.048828 0.048828
0 0.732050 0.811563 0.048828 0.048828
0 0.760625 0.840137 0.048828 0.048828
0 0.779261 0.892317 0.048828 0.048828
0 0.748201 0.939528 0.048828 0.048828
0 0.728323 0.886105 0.048828 0.048828
0 0.694779 0.922135 0.048828 0.048828
0 0.671174 0.950709 0.048828 0.048828
0 0.621478 0.964375 0.048828 0.048828
0 0.535754 0.976799 0.048828 0.048828
0 0.488544 0.980526 0.048828 0.048828
0 0.389153 0.991708 0.048828 0.048828
0 0.328277 0.975557 0.048828 0.048828
0 0.384184 0.942013 0.048828 0.048828
0 0.436364 0.974314 0.048828 0.048828
0 0.483574 0.948224 0.048828 0.048828
0 0.453757 0.913438 0.048828 0.048828
0 0.359336 0.903499 0.048828 0.048828
0 0.303429 0.913438 0.048828 0.048828
0 0.246280 0.932074 0.048828 0.048828
0 0.269885 0.888590 0.048828 0.048828
0 0.246280 0.847592 0.048828 0.048828
0 0.261188 0.811563 0.048828 0.048828
0 0.262431 0.759383 0.048828 0.048828
0 0.257461 0.698506 0.048828 0.048828
0 0.303429 0.682355 0.048828 0.048828
0 0.300944 0.739505 0.048828 0.048828
0 0.313368 0.786715 0.048828 0.048828
0 0.365548 0.779261 0.048828 0.048828
0 0.346912 0.832683 0.048828 0.048828
0 0.384184 0.867470 0.048828 0.048828
0 0.440091 0.877409 0.048828 0.048828
0 0.417728 0.819017 0.048828 0.048828
0 0.420213 0.746959 0.048828 0.048828
0 0.473635 0.776776 0.048828 0.048828
0 0.473635 0.830198 0.048828 0.048828
0 0.487301 0.884863 0.048828 0.048828
0 0.532027 0.919650 0.048828 0.048828
0 0.592904 0.923377 0.048828 0.048828
0 0.645084 0.910953 0.048828 0.048828
0 0.698506 0.848834 0.048828 0.048828
0 0.655023 0.850076 0.048828 0.048828
0 0.604085 0.841380 0.048828 0.048828
0 0.544451 0.862500 0.048828 0.048828
0 0.518361 0.816532 0.048828 0.048828
0 0.564329 0.792927 0.048828 0.048828
0 0.610297 0.779261 0.048828 0.048828
0 0.681113 0.799139 0.048828 0.048828
0 0.684840 0.764352 0.048828 0.048828
0 0.698506 0.700991 0.048828 0.048828
0 0.705960 0.653780 0.048828 0.048828
0 0.710930 0.606570 0.048828 0.048828
0 0.749444 0.573026 0.048828 0.048828
0 0.872439 0.349397 0.048828 0.048828
0 0.883621 0.415243 0.048828 0.048828
0 0.848834 0.458727 0.048828 0.048828
0 0.832683 0.522088 0.048828 0.048828
0 0.799139 0.524573 0.048828 0.048828
0 0.751928 0.528300 0.048828 0.048828
0 0.699748 0.549420 0.048828 0.048828
0 0.656265 0.574268 0.048828 0.048828
0 0.609055 0.541966 0.048828 0.048828
0 0.569298 0.565571 0.048828 0.048828
0 0.590419 0.612782 0.048828 0.048828
0 0.633902 0.618994 0.048828 0.048828
0 0.631417 0.681113 0.048828 0.048828
0 0.647568 0.724596 0.048828 0.048828
0 0.589177 0.715899 0.048828 0.048828
0 0.560602 0.745716 0.048828 0.048828
0 0.507179 0.732050 0.048828 0.048828
0 0.558117 0.686082 0.048828 0.048828
0 0.474878 0.692294 0.048828 0.048828
0 0.519603 0.648811 0.048828 0.048828
0 0.520846 0.589177 0.048828 0.048828
0 0.493513 0.599116 0.048828 0.048828
0 0.457484 0.641357 0.048828 0.048828
0 0.411516 0.678628 0.048828 0.048828
0 0.368033 0.700991 0.048828 0.048828
0 0.358094 0.653780 0.048828 0.048828
0 0.407789 0.622721 0.048828 0.048828
0 0.425182 0.576753 0.048828 0.048828
0 0.458727 0.558117 0.048828 0.048828
0 0.527058 0.538239 0.048828 0.048828
0 0.581722 0.494756 0.048828 0.048828
0 0.541966 0.474878 0.048828 0.048828
0 0.492271 0.456242 0.048828 0.048828
0 0.474878 0.493513 0.048828 0.048828
0 0.420213 0.528300 0.048828 0.048828
0 0.425182 0.452515 0.048828 0.048828
0 0.461211 0.416486 0.048828 0.048828
0 0.464939 0.369275 0.048828 0.048828
0 0.411516 0.386669 0.048828 0.048828
0 0.381699 0.452515 0.048828 0.048828
0 0.328277 0.436364 0.048828 0.048828
0 0.302187 0.498483 0.048828 0.048828
0 0.363063 0.573026 0.048828 0.048828
0 0.313368 0.554390 0.048828 0.048828
0 0.336973 0.607812 0.048828 0.048828
0 0.295975 0.631417 0.048828 0.048828
0 0.264915 0.586692 0.048828 0.048828
0 0.237583 0.554390 0.048828 0.048828
0 0.248764 0.514634 0.048828 0.048828
0 0.258703 0.466181 0.048828 0.048828
0 0.243795 0.420213 0.048828 0.048828
0 0.733293 0.461211 0.048828 0.048828
0 0.683597 0.494756 0.048828 0.048828
0 0.628933 0.479847 0.048828 0.048828
0 0.693537 0.421455 0.048828 0.048828
0 0.641357 0.392880 0.048828 0.048828
0 0.579238 0.401577 0.048828 0.048828
0 0.534512 0.365548 0.048828 0.048828
0 0.504695 0.402820 0.048828 0.048828
0 0.503452 0.343185 0.048828 0.048828
0 0.454999 0.338216 0.048828 0.048828
0 0.417728 0.291005 0.048828 0.048828
0 0.471150 0.283551 0.048828 0.048828
0 0.493513 0.248764 0.048828 0.048828
0 0.536997 0.302187 0.048828 0.048828
0 0.599116 0.315853 0.048828 0.048828
0 0.650053 0.348155 0.048828 0.048828
0 0.692294 0.330761 0.048828 0.048828
0 0.717142 0.376730 0.048828 0.048828
0 0.782988 0.369275 0.048828 0.048828
0 0.766837 0.418970 0.048828 0.048828
0 0.806593 0.425182 0.048828 0.048828
0 0.792927 0.464939 0.048828 0.048828
0 0.782988 0.283551 0.048828 0.048828
0 0.737020 0.305914 0.048828 0.048828
0 0.717142 0.271127 0.048828 0.048828
0 0.636387 0.292248 0.048828 0.048828
0 0.440091 0.221432 0.048828 0.048828
0 0.427667 0.189130 0.048828 0.048828
0 0.407789 0.059923 0.048828 0.048828
0 0.332004 0.038802 0.048828 0.048828
0 0.252491 0.016439 0.048828 0.048828
0 0.254976 0.990465 0.048828 0.048828
0 0.202796 0.963133 0.048828 0.048828
0 0.166767 0.965618 0.048828 0.048828
0 0.175464 0.928346 0.048828 0.048828
0 0.210251 0.874924 0.048828 0.048828
0 0.190372 0.837653 0.048828 0.048828
0 0.223917 0.785473 0.048828 0.048828
0 0.216462 0.733293 0.048828 0.048828
0 0.191615 0.693537 0.048828 0.048828
0 0.248764 0.650053 0.048828 0.048828
0 0.223917 0.656265 0.048828 0.048828
0 0.217705 0.614024 0.048828 0.048828
0 0.180433 0.642599 0.048828 0.048828
0 0.123284 0.934558 0.048828 0.048828
0 0.159313 0.877409 0.048828 0.048828
0 0.117072 0.861258 0.048828 0.048828
0 0.109618 0.815290 0.048828 0.048828
0 0.154343 0.769322 0.048828 0.048828
0 0.099679 0.770564 0.048828 0.048828
0 0.160555 0.725838 0.048828 0.048828
0 0.112103 0.673658 0.048828 0.048828
0 0.066134 0.676143 0.048828 0.048828
0 0.040044 0.715899 0.048828 0.048828
0 0.040044 0.764352 0.048828 0.048828
0 0.064892 0.852561 0.048828 0.048828
0 0.028863 0.864985 0.048828 0.048828
0 0.089740 0.903499 0.048828 0.048828
0 0.017682 0.828956 0.048828 0.048828
0 0.001531 0.659992 0.048828 0.048828
0 0.036317 0.626448 0.048828 0.048828
0 0.071104 0.623963 0.048828 0.048828
0 0.114587 0.615267 0.048828 0.048828
0 0.165525 0.587934 0.048828 0.048828
0 0.199069 0.517119 0.048828 0.048828
0 0.163040 0.527058 0.048828 0.048828
0 0.161798 0.467423 0.048828 0.048828
0 0.138192 0.489786 0.048828 0.048828
0 0.087255 0.502210 0.048828 0.048828
0 0.102163 0.555632 0.048828 0.048828
0 0.040044 0.556875 0.048828 0.048828
0 0.207766 0.469908 0.048828 0.048828
0 0.171737 0.431394 0.048828 0.048828
0 0.197827 0.390396 0.048828 0.048828
0 0.288521 0.371760 0.048828 0.048828
0 0.364306 0.300944 0.048828 0.048828
0 0.377972 0.253734 0.048828 0.048828
0 0.405304 0.235098 0.048828 0.048828
0 0.375487 0.205281 0.048828 0.048828
0 0.304671 0.319580 0.048828 0.048828
0 0.281066 0.277339 0.048828 0.048828
0 0.264915 0.327034 0.048828 0.048828
0 0.241310 0.284793 0.048828 0.048828
0 0.191615 0.281066 0.048828 0.048828
0 0.211493 0.319580 0.048828 0.048828
0 0.163040 0.269885 0.048828 0.048828
0 0.161798 0.205281 0.048828 0.048828
0 0.241310 0.247522 0.048828 0.048828
0 0.001531 0.568056 0.048828 0.048828
0 0.013954 0.458727 0.048828 0.048828
0 0.059923 0.476120 0.048828 0.048828
0 0.095952 0.181676 0.048828 0.048828
0 0.043772 0.186645 0.048828 0.048828
0 0.000288 0.136950 0.048828 0.048828
0 0.118314 0.227644 0.048828 0.048828
0 0.068619 0.240068 0.048828 0.048828
0 0.108375 0.271127 0.048828 0.048828
0 0.045014 0.282309 0.048828 0.048828
0 0.138192 0.329519 0.048828 0.048828
0 0.099679 0.317095 0.048828 0.048828
0 0.112103 0.373002 0.048828 0.048828
0 0.135708 0.425182 0.048828 0.048828
0 0.084770 0.423940 0.048828 0.048828
0 0.053711 0.380457 0.048828 0.048828
0 0.013954 0.416486 0.048828 0.048828
0 0.011470 0.323307 0.048828 0.048828
0 0.077316 0.978042 0.048828 0.048828
0 0.028863 0.923377 0.048828 0.048828
0 0.979284 0.805351 0.048828 0.048828
0 0.948224 0.760625 0.048828 0.048828
0 0.944497 0.715899 0.048828 0.048828
0 0.968103 0.650053 0.048828 0.048828
0 0.971830 0.597873 0.048828 0.048828
0 0.975557 0.546936 0.048828 0.048828
0 0.964375 0.482332 0.048828 0.048828
0 0.935801 0.595388 0.048828 0.048828
0 0.910953 0.534512 0.048828 0.048828
0 0.891075 0.586692 0.048828 0.048828
0 0.904741 0.638872 0.048828 0.048828
0 0.881136 0.669931 0.048828 0.048828
0 0.884863 0.738262 0.048828 0.048828
0 0.363063 0.509664 0.048828 0.048828
0 0.492271 0.196584 0.048828 0.048828
0 0.006500 0.509664 0.048828 0.048828
0 0.170494 0.023893 0.048828 0.048828