0 0.169357 0.160841 0.048828 0.048828
0 0.343091 0.092710 0.048828 0.048828
0 0.169357 0.068864 0.048828 0.048828
0 0.278367 0.053535 0.048828 0.048828
0 0.215346 0.266444 0.048828 0.048828
0 0.234082 0.506605 0.048828 0.048828
0 0.263037 0.469133 0.048828 0.048828
0 0.305619 0.446991 0.048828 0.048828
0 0.355014 0.440178 0.048828 0.048828
0 0.280070 0.402706 0.048828 0.048828
0 0.045019 0.697372 0.048828 0.048828
0 0.045019 0.659900 0.048828 0.048828
0 0.087600 0.673526 0.048828 0.048828
0 0.106336 0.634351 0.048828 0.048828
0 0.143808 0.608802 0.048828 0.048828
0 0.189797 0.603692 0.048828 0.048828
0 0.213643 0.586659 0.048828 0.048828
0 0.254521 0.601989 0.048828 0.048828
0 0.351608 0.516825 0.048828 0.048828
0 0.111446 0.736547 0.048828 0.048828
0 0.179577 0.714405 0.048828 0.048828
0 0.252818 0.726328 0.048828 0.048828
0 0.303916 0.688856 0.048828 0.048828
0 0.349904 0.704185 0.048828 0.048828
0 0.365234 0.656493 0.048828 0.048828
0 0.412925 0.666713 0.048828 0.048828
0 0.419739 0.629241 0.048828 0.048828
0 0.455507 0.656493 0.048828 0.048828
0 0.498089 0.641164 0.048828 0.048828
0 0.532155 0.641164 0.048828 0.048828
0 0.584956 0.617318 0.048828 0.048828
0 0.469133 0.554297 0.048828 0.048828
0 0.501496 0.538968 0.048828 0.048828
0 0.552594 0.513419 0.048828 0.048828
0 0.607099 0.513419 0.048828 0.048828
0 0.653087 0.484463 0.048828 0.048828
0 0.699075 0.457211 0.048828 0.048828
0 0.748470 0.450397 0.048828 0.048828
0 0.099523 0.937533 0.048828 0.048828
0 0.811491 0.009250 0.048828 0.048828
0 0.842150 0.000733 0.048828 0.048828
0 0.949456 0.021173 0.048828 0.048828
0 0.884732 0.077381 0.048828 0.048828
0 0.877919 0.119963 0.048828 0.048828
0 0.845557 0.104633 0.048828 0.048828
0 0.774019 0.217049 0.048828 0.048828
0 0.489573 0.351608 0.048828 0.048828
0 0.506605 0.320949 0.048828 0.048828
0 0.537264 0.353311 0.048828 0.048828
0 0.554297 0.320949 0.048828 0.048828
0 0.586659 0.309026 0.048828 0.048828
0 0.722921 0.285180 0.048828 0.048828
0 0.765503 0.314136 0.048828 0.048828
0 0.847260 0.326059 0.048828 0.048828
0 0.804678 0.295400 0.048828 0.048828
0 0.871106 0.297103 0.048828 0.048828
0 0.905171 0.285180 0.048828 0.048828
0 0.944347 0.271554 0.048828 0.048828
0 0.959676 0.246005 0.048828 0.048828
0 0.930720 0.419739 0.048828 0.048828
0 0.925611 0.472540 0.048828 0.048828
0 0.893248 0.453804 0.048828 0.048828
0 0.876216 0.487869 0.048828 0.048828
0 0.845557 0.501496 0.048828 0.048828
0 0.806381 0.501496 0.048828 0.048828
0 0.862589 0.542374 0.048828 0.048828
0 0.825117 0.542374 0.048828 0.048828
0 0.792755 0.544077 0.048828 0.048828
0 0.794459 0.573033 0.048828 0.048828
0 0.738251 0.544077 0.048828 0.048828
0 0.758690 0.586659 0.048828 0.048828
0 0.717811 0.573033 0.048828 0.048828
0 0.683746 0.566220 0.048828 0.048828
0 0.693965 0.610505 0.048828 0.048828
0 0.666713 0.634351 0.048828 0.048828
0 0.608802 0.651384 0.048828 0.048828
0 0.617318 0.683746 0.048828 0.048828
0 0.583253 0.673526 0.048828 0.048828
0 0.646274 0.692262 0.048828 0.048828
0 0.607099 0.710998 0.048828 0.048828
0 0.663307 0.719515 0.048828 0.048828
0 0.685449 0.700779 0.048828 0.048828
0 0.690559 0.646274 0.048828 0.048828
0 0.758690 0.670120 0.048828 0.048828
0 0.811491 0.690559 0.048828 0.048828
0 0.831931 0.695669 0.048828 0.048828
0 0.903468 0.695669 0.048828 0.048828
0 0.200016 0.850667 0.048828 0.048828
0 0.293696 0.779129 0.048828 0.048828
0 0.373750 0.748470 0.048828 0.048828
0 0.394189 0.770613 0.048828 0.048828
0 0.433365 0.741657 0.048828 0.048828
0 0.435068 0.789349 0.048828 0.048828
0 0.528748 0.751877 0.048828 0.048828
0 0.573033 0.755283 0.048828 0.048828
0 0.952863 0.929017 0.048828 0.048828
0 0.838744 0.957973 0.048828 0.048828
0 0.811491 0.985225 0.048828 0.048828
0 0.765503 0.993741 0.048828 0.048828
0 0.608802 0.833634 0.048828 0.048828
0 0.222159 0.056941 0.048828 0.048828
0 0.251115 0.125072 0.048828 0.048828
0 0.150621 0.266444 0.048828 0.048828
0 0.377157 0.201720 0.048828 0.048828
0 0.419739 0.266444 0.048828 0.048828
0 0.457211 0.254521 0.048828 0.048828
0 0.469133 0.281773 0.048828 0.048828
0 0.710998 0.140402 0.048828 0.048828
0 0.705888 0.102930 0.048828 0.048828
0 0.724624 0.102930 0.048828 0.048828
0 0.739954 0.135292 0.048828 0.048828
0 0.808085 0.159138 0.048828 0.048828
0 0.273257 0.574736 0.048828 0.048828
0 0.307323 0.579846 0.048828 0.048828
0 0.327762 0.552594 0.048828 0.048828
0 0.346498 0.552594 0.048828 0.048828
0 0.377157 0.544077 0.048828 0.048828
0 0.290290 0.622428 0.048828 0.048828
0 0.237488 0.894952 0.048828 0.048828
0 0.682043 0.777426 0.048828 0.048828
0 0.629241 0.775723 0.048828 0.048828
0 0.172764 0.980115 0.048828 0.048828
0 0.174467 0.932424 0.048828 0.048828
0 0.286883 0.910281 0.048828 0.048828
0 0.246005 0.949456 0.048828 0.048828
0 0.481056 0.860886 0.048828 0.048828
0 0.039909 0.344795 0.048828 0.048828
0 0.787645 0.257928 0.048828 0.048828
0 0.826821 0.213643 0.048828 0.048828
0 0.874512 0.247708 0.048828 0.048828
0 0.789349 0.372047 0.048828 0.048828
0 0.629241 0.319245 0.048828 0.048828
0 0.576440 0.373750 0.048828 0.048828
0 0.896655 0.605395 0.048828 0.048828
0 0.877919 0.704185 0.048828 0.048828
0 0.540671 0.586659 0.048828 0.048828
0 0.739954 0.492979 0.048828 0.048828
0 0.995445 0.491276 0.048828 0.048828
0 0.998851 0.341388 0.048828 0.048828
0 0.923907 0.877919 0.048828 0.048828
0 0.956269 0.854073 0.048828 0.048828
0 0.939237 0.717811 0.048828 0.048828
0 0.898358 0.763800 0.048828 0.048828