0 0.969162 0.160841 0.048828 0.048828
0 0.969162 0.068864 0.048828 0.048828
0 0.626804 0.675229 0.048828 0.048828
0 0.635321 0.636054 0.048828 0.048828
0 0.625101 0.586659 0.048828 0.048828
0 0.584223 0.601989 0.048828 0.048828
0 0.560377 0.620725 0.048828 0.048828
0 0.531421 0.612208 0.048828 0.048828
0 0.740924 0.794459 0.048828 0.048828
0 0.780099 0.799568 0.048828 0.048828
0 0.773286 0.760393 0.048828 0.048828
0 0.844823 0.697372 0.048828 0.048828
0 0.844823 0.659900 0.048828 0.048828
0 0.887405 0.673526 0.048828 0.048828
0 0.906141 0.634351 0.048828 0.048828
0 0.943613 0.608802 0.048828 0.048828
0 0.989601 0.603692 0.048828 0.048828
0 0.911251 0.736547 0.048828 0.048828
0 0.979382 0.714405 0.048828 0.048828
0 0.899328 0.937533 0.048828 0.048828
0 0.999821 0.850667 0.048828 0.048828
0 0.950426 0.266444 0.048828 0.048828
0 0.683012 0.797865 0.048828 0.048828
0 0.972569 0.980115 0.048828 0.048828
0 0.974272 0.932424 0.048828 0.048828
0 0.839713 0.344795 0.048828 0.048828