0 0.011687 0.009250 0.048828 0.048828
0 0.042345 0.000733 0.048828 0.048828
0 0.149652 0.021173 0.048828 0.048828
0 0.221189 0.060348 0.048828 0.048828
0 0.084927 0.077381 0.048828 0.048828
0 0.078114 0.119963 0.048828 0.048828
0 0.045752 0.104633 0.048828 0.048828
0 0.047455 0.326059 0.048828 0.048828
0 0.004873 0.295400 0.048828 0.048828
0 0.071301 0.297103 0.048828 0.048828
0 0.105367 0.285180 0.048828 0.048828
0 0.144542 0.271554 0.048828 0.048828
0 0.159871 0.246005 0.048828 0.048828
0 0.294430 0.312432 0.048828 0.048828
0 0.304649 0.355014 0.048828 0.048828
0 0.345528 0.337981 0.048828 0.048828
0 0.130916 0.419739 0.048828 0.048828
0 0.125806 0.472540 0.048828 0.048828
0 0.093444 0.453804 0.048828 0.048828
0 0.076411 0.487869 0.048828 0.048828
0 0.045752 0.501496 0.048828 0.048828
0 0.006577 0.501496 0.048828 0.048828
0 0.062785 0.542374 0.048828 0.048828
0 0.025313 0.542374 0.048828 0.048828
0 0.011687 0.690559 0.048828 0.048828
0 0.032126 0.695669 0.048828 0.048828
0 0.103663 0.695669 0.048828 0.048828
0 0.325089 0.787645 0.048828 0.048828
0 0.326792 0.820008 0.048828 0.048828
0 0.241628 0.802975 0.048828 0.048828
0 0.153058 0.929017 0.048828 0.048828
0 0.038939 0.957973 0.048828 0.048828
0 0.011687 0.985225 0.048828 0.048828
0 0.008280 0.159138 0.048828 0.048828
0 0.027016 0.213643 0.048828 0.048828
0 0.255255 0.164248 0.048828 0.048828
0 0.074708 0.247708 0.048828 0.048828
0 0.096850 0.605395 0.048828 0.048828
0 0.078114 0.704185 0.048828 0.048828
0 0.195640 0.491276 0.048828 0.048828
0 0.233112 0.378860 0.048828 0.048828
0 0.207563 0.411222 0.048828 0.048828
0 0.199047 0.341388 0.048828 0.048828
0 0.124103 0.877919 0.048828 0.048828
0 0.156465 0.854073 0.048828 0.048828
0 0.139432 0.717811 0.048828 0.048828
0 0.098553 0.763800 0.048828 0.048828