0 0.005546 0.148708 0.048828 0.048828
0 0.062696 0.202130 0.048828 0.048828
0 0.108664 0.148708 0.048828 0.048828
0 0.031636 0.081620 0.048828 0.048828
0 0.087543 0.076650 0.048828 0.048828
0 0.080089 0.002107 0.048828 0.048828
0 0.593192 0.735112 0.048828 0.048828
0 0.580768 0.689144 0.048828 0.048828
0 0.569587 0.653115 0.048828 0.048828
0 0.465227 0.511483 0.048828 0.048828
0 0.475166 0.466757 0.048828 0.048828
0 0.425471 0.456818 0.048828 0.048828
0 0.383230 0.404638 0.048828 0.048828
0 0.465227 0.418305 0.048828 0.048828
0 0.345958 0.376064 0.048828 0.048828
0 0.323595 0.348731 0.048828 0.048828
0 0.270173 0.328853 0.048828 0.048828
0 0.322353 0.295309 0.048828 0.048828
0 0.306202 0.258038 0.048828 0.048828
0 0.328565 0.248099 0.048828 0.048828
0 0.398138 0.347489 0.048828 0.048828
0 0.411804 0.317672 0.048828 0.048828
0 0.471439 0.332580 0.048828 0.048828
0 0.516164 0.378548 0.048828 0.048828
0 0.539770 0.320157 0.048828 0.048828
0 0.471439 0.245614 0.048828 0.048828
0 0.232902 0.284128 0.048828 0.048828
0 0.252780 0.223251 0.048828 0.048828
0 0.296263 0.138769 0.048828 0.048828
0 0.265204 0.105225 0.048828 0.048828
0 0.303717 0.091559 0.048828 0.048828
0 0.324838 0.069196 0.048828 0.048828
0 0.268931 0.058014 0.048828 0.048828
0 0.357140 0.021985 0.048828 0.048828
0 0.353413 0.125103 0.048828 0.048828
0 0.213024 0.189707 0.048828 0.048828
0 0.162086 0.207100 0.048828 0.048828
0 0.093755 0.223251 0.048828 0.048828
0 0.047787 0.152435 0.048828 0.048828
0 0.109906 0.179768 0.048828 0.048828
0 0.211781 0.120133 0.048828 0.048828
0 0.195630 0.082862 0.048828 0.048828
0 0.173267 0.041863 0.048828 0.048828
0 0.251537 0.019501 0.048828 0.048828
0 0.094997 0.110194 0.048828 0.048828