0 0.965330 0.796942 0.048828 0.048828
0 0.959118 0.748490 0.048828 0.048828
0 0.981480 0.677674 0.048828 0.048828
0 0.952906 0.631706 0.048828 0.048828
0 0.972784 0.619282 0.048828 0.048828
0 0.969057 0.461500 0.048828 0.048828
0 0.926816 0.696310 0.048828 0.048828
0 0.892029 0.661523 0.048828 0.048828
0 0.918119 0.644130 0.048828 0.048828
0 0.873393 0.619282 0.048828 0.048828
0 0.903211 0.608101 0.048828 0.048828
0 0.937997 0.589465 0.048828 0.048828
0 0.900726 0.563375 0.048828 0.048828
0 0.941724 0.506225 0.048828 0.048828
0 0.888302 0.498771 0.048828 0.048828
0 0.851031 0.466469 0.048828 0.048828
0 0.919361 0.445349 0.048828 0.048828
0 0.978996 0.425471 0.048828 0.048828
0 0.827425 0.596919 0.048828 0.048828
0 0.755367 0.558405 0.048828 0.048828
0 0.817486 0.491317 0.048828 0.048828
0 0.692006 0.580768 0.048828 0.048828
0 0.659704 0.582011 0.048828 0.048828
0 0.690763 0.531073 0.048828 0.048828
0 0.657219 0.550951 0.048828 0.048828
0 0.618705 0.547224 0.048828 0.048828
0 0.655977 0.524861 0.048828 0.048828
0 0.626160 0.497529 0.048828 0.048828
0 0.654734 0.475166 0.048828 0.048828
0 0.695733 0.490074 0.048828 0.048828
0 0.751640 0.480135 0.048828 0.048828
0 0.545405 0.486347 0.048828 0.048828
0 0.657219 0.440379 0.048828 0.048828
0 0.736732 0.427955 0.048828 0.048828
0 0.797608 0.444106 0.048828 0.048828
0 0.786427 0.388199 0.048828 0.048828
0 0.818729 0.403108 0.048828 0.048828
0 0.857242 0.410562 0.048828 0.048828
0 0.904453 0.385714 0.048828 0.048828
0 0.827425 0.350928 0.048828 0.048828
0 0.805062 0.323595 0.048828 0.048828
0 0.721823 0.348443 0.048828 0.048828
0 0.610009 0.411804 0.048828 0.048828
0 0.652250 0.311172 0.048828 0.048828
0 0.701945 0.292536 0.048828 0.048828
0 0.669643 0.245325 0.048828 0.048828
0 0.644795 0.261476 0.048828 0.048828
0 0.570253 0.252780 0.048828 0.048828
0 0.613736 0.219235 0.048828 0.048828
0 0.523042 0.190661 0.048828 0.048828
0 0.591373 0.184449 0.048828 0.048828
0 0.477074 0.135996 0.048828 0.048828
0 0.511861 0.118603 0.048828 0.048828
0 0.561556 0.142208 0.048828 0.048828
0 0.500679 0.044060 0.048828 0.048828
0 0.534224 0.065180 0.048828 0.048828
0 0.580192 0.076362 0.048828 0.048828
0 0.573980 0.031636 0.048828 0.048828
0 0.617463 0.026667 0.048828 0.048828
0 0.618705 0.116118 0.048828 0.048828
0 0.636099 0.078847 0.048828 0.048828
0 0.677097 0.046545 0.048828 0.048828
0 0.786427 0.291294 0.048828 0.048828
0 0.757852 0.242841 0.048828 0.048828
0 0.713126 0.206812 0.048828 0.048828
0 0.693248 0.164571 0.048828 0.048828
0 0.664673 0.118603 0.048828 0.048828
0 0.720581 0.134754 0.048828 0.048828
0 0.764064 0.165813 0.048828 0.048828
0 0.800093 0.208054 0.048828 0.048828
0 0.837364 0.191903 0.048828 0.048828
0 0.831152 0.251537 0.048828 0.048828
0 0.841092 0.297505 0.048828 0.048828
0 0.893271 0.312414 0.048828 0.048828
0 0.930543 0.337262 0.048828 0.048828
0 0.983965 0.338504 0.048828 0.048828
0 0.985208 0.378260 0.048828 0.048828
0 0.879605 0.265204 0.048828 0.048828
0 0.869666 0.226690 0.048828 0.048828
0 0.918119 0.224205 0.048828 0.048828
0 0.971541 0.227932 0.048828 0.048828
0 0.951663 0.281355 0.048828 0.048828
0 0.998874 0.286324 0.048828 0.048828
0 0.966572 0.165813 0.048828 0.048828
0 0.975269 0.128542 0.048828 0.048828
0 0.990177 0.037848 0.048828 0.048828
0 0.923089 0.134754 0.048828 0.048828
0 0.959118 0.077604 0.048828 0.048828
0 0.916877 0.061453 0.048828 0.048828
0 0.909422 0.015485 0.048828 0.048828
0 0.864697 0.052757 0.048828 0.048828
0 0.828668 0.065180 0.048828 0.048828
0 0.889544 0.103694 0.048828 0.048828
0 0.762822 0.094997 0.048828 0.048828
0 0.817486 0.029151 0.048828 0.048828
0 0.775245 0.030394 0.048828 0.048828
0 0.877121 0.178237 0.048828 0.048828
0 0.725550 0.037848 0.048828 0.048828
0 0.828668 0.123572 0.048828 0.048828
0 0.849788 0.552193 0.048828 0.048828