0 0.523042 0.990465 0.048828 0.048828
0 0.591373 0.984254 0.048828 0.048828
0 0.477074 0.935801 0.048828 0.048828
0 0.511861 0.918407 0.048828 0.048828
0 0.561556 0.942013 0.048828 0.048828
0 0.500679 0.843865 0.048828 0.048828
0 0.534224 0.864985 0.048828 0.048828
0 0.580192 0.876166 0.048828 0.048828
0 0.573980 0.831441 0.048828 0.048828
0 0.617463 0.826471 0.048828 0.048828
0 0.618705 0.915923 0.048828 0.048828
0 0.636099 0.878651 0.048828 0.048828
0 0.677097 0.846349 0.048828 0.048828
0 0.641068 0.784230 0.048828 0.048828
0 0.693248 0.964375 0.048828 0.048828
0 0.664673 0.918407 0.048828 0.048828
0 0.720581 0.934558 0.048828 0.048828
0 0.764064 0.965618 0.048828 0.048828
0 0.837364 0.991708 0.048828 0.048828
0 0.537951 0.792927 0.048828 0.048828
0 0.590131 0.790442 0.048828 0.048828
0 0.508134 0.737020 0.048828 0.048828
0 0.472105 0.693537 0.048828 0.048828
0 0.510618 0.667447 0.048828 0.048828
0 0.560314 0.662477 0.048828 0.048828
0 0.608766 0.647568 0.048828 0.048828
0 0.667158 0.645084 0.048828 0.048828
0 0.480801 0.621478 0.048828 0.048828
0 0.490740 0.544451 0.048828 0.048828
0 0.534224 0.580480 0.048828 0.048828
0 0.532981 0.617751 0.048828 0.048828
0 0.577707 0.617751 0.048828 0.048828
0 0.966572 0.965618 0.048828 0.048828
0 0.975269 0.928346 0.048828 0.048828
0 0.990177 0.837653 0.048828 0.048828
0 0.991420 0.693537 0.048828 0.048828
0 0.980238 0.642599 0.048828 0.048828
0 0.923089 0.934558 0.048828 0.048828
0 0.959118 0.877409 0.048828 0.048828
0 0.916877 0.861258 0.048828 0.048828
0 0.909422 0.815290 0.048828 0.048828
0 0.954148 0.769322 0.048828 0.048828
0 0.899483 0.770564 0.048828 0.048828
0 0.960360 0.725838 0.048828 0.048828
0 0.911907 0.673658 0.048828 0.048828
0 0.865939 0.676143 0.048828 0.048828
0 0.839849 0.715899 0.048828 0.048828
0 0.839849 0.764352 0.048828 0.048828
0 0.864697 0.852561 0.048828 0.048828
0 0.828668 0.864985 0.048828 0.048828
0 0.889544 0.903499 0.048828 0.048828
0 0.762822 0.894802 0.048828 0.048828
0 0.817486 0.828956 0.048828 0.048828
0 0.775245 0.830198 0.048828 0.048828
0 0.718096 0.792927 0.048828 0.048828
0 0.747913 0.763110 0.048828 0.048828
0 0.786427 0.787957 0.048828 0.048828
0 0.710642 0.740747 0.048828 0.048828
0 0.775245 0.717142 0.048828 0.048828
0 0.742943 0.674901 0.048828 0.048828
0 0.801335 0.659992 0.048828 0.048828
0 0.836122 0.626448 0.048828 0.048828
0 0.870909 0.623963 0.048828 0.048828
0 0.914392 0.615267 0.048828 0.048828
0 0.965330 0.587934 0.048828 0.048828
0 0.998874 0.517119 0.048828 0.048828
0 0.962845 0.527058 0.048828 0.048828
0 0.961602 0.467423 0.048828 0.048828
0 0.937997 0.489786 0.048828 0.048828
0 0.887060 0.502210 0.048828 0.048828
0 0.901968 0.555632 0.048828 0.048828
0 0.839849 0.556875 0.048828 0.048828
0 0.971541 0.431394 0.048828 0.048828
0 0.997631 0.390396 0.048828 0.048828
0 0.991420 0.281066 0.048828 0.048828
0 0.962845 0.269885 0.048828 0.048828
0 0.961602 0.205281 0.048828 0.048828
0 0.564041 0.756898 0.048828 0.048828
0 0.547890 0.698506 0.048828 0.048828
0 0.597585 0.700991 0.048828 0.048828
0 0.614978 0.756898 0.048828 0.048828
0 0.658462 0.730808 0.048828 0.048828
0 0.657219 0.683597 0.048828 0.048828
0 0.700703 0.696021 0.048828 0.048828
0 0.700703 0.652538 0.048828 0.048828
0 0.770276 0.605328 0.048828 0.048828
0 0.721823 0.602843 0.048828 0.048828
0 0.801335 0.568056 0.048828 0.048828
0 0.750398 0.545693 0.048828 0.048828
0 0.713126 0.508422 0.048828 0.048828
0 0.677097 0.515876 0.048828 0.048828
0 0.675855 0.591661 0.048828 0.048828
0 0.627402 0.602843 0.048828 0.048828
0 0.629887 0.538239 0.048828 0.048828
0 0.581434 0.560602 0.048828 0.048828
0 0.554102 0.515876 0.048828 0.048828
0 0.601312 0.497240 0.048828 0.048828
0 0.641068 0.500968 0.048828 0.048828
0 0.663431 0.477362 0.048828 0.048828
0 0.708157 0.462454 0.048828 0.048828
0 0.750398 0.466181 0.048828 0.048828
0 0.813759 0.458727 0.048828 0.048828
0 0.859727 0.476120 0.048828 0.048828
0 0.895756 0.181676 0.048828 0.048828
0 0.843576 0.186645 0.048828 0.048828
0 0.800093 0.136950 0.048828 0.048828
0 0.747913 0.112103 0.048828 0.048828
0 0.716853 0.164282 0.048828 0.048828
0 0.757852 0.190372 0.048828 0.048828
0 0.793881 0.210251 0.048828 0.048828
0 0.918119 0.227644 0.048828 0.048828
0 0.868424 0.240068 0.048828 0.048828
0 0.908180 0.271127 0.048828 0.048828
0 0.844819 0.282309 0.048828 0.048828
0 0.937997 0.329519 0.048828 0.048828
0 0.899483 0.317095 0.048828 0.048828
0 0.911907 0.373002 0.048828 0.048828
0 0.935512 0.425182 0.048828 0.048828
0 0.884575 0.423940 0.048828 0.048828
0 0.853515 0.380457 0.048828 0.048828
0 0.813759 0.416486 0.048828 0.048828
0 0.792639 0.370518 0.048828 0.048828
0 0.811274 0.323307 0.048828 0.048828
0 0.740459 0.354367 0.048828 0.048828
0 0.798851 0.287278 0.048828 0.048828
0 0.754125 0.299702 0.048828 0.048828
0 0.764064 0.257461 0.048828 0.048828
0 0.716853 0.227644 0.048828 0.048828
0 0.728035 0.269885 0.048828 0.048828
0 0.689521 0.267400 0.048828 0.048828
0 0.708157 0.334489 0.048828 0.048828
0 0.669643 0.317095 0.048828 0.048828
0 0.756610 0.415243 0.048828 0.048828
0 0.705672 0.422698 0.048828 0.048828
0 0.689521 0.376730 0.048828 0.048828
0 0.646038 0.386669 0.048828 0.048828
0 0.626160 0.441333 0.048828 0.048828
0 0.571495 0.471150 0.048828 0.048828
0 0.588888 0.407789 0.048828 0.048828
0 0.555344 0.384184 0.048828 0.048828
0 0.551617 0.430152 0.048828 0.048828
0 0.503164 0.436364 0.048828 0.048828
0 0.432348 0.399092 0.048828 0.048828
0 0.516830 0.361821 0.048828 0.048828
0 0.592615 0.346912 0.048828 0.048828
0 0.639826 0.334489 0.048828 0.048828
0 0.639826 0.293490 0.048828 0.048828
0 0.655977 0.241310 0.048828 0.048828
0 0.675855 0.207766 0.048828 0.048828
0 0.627402 0.200312 0.048828 0.048828
0 0.603797 0.248764 0.048828 0.048828
0 0.570253 0.192857 0.048828 0.048828
0 0.535466 0.232613 0.048828 0.048828
0 0.554102 0.279824 0.048828 0.048828
0 0.541678 0.317095 0.048828 0.048828
0 0.495710 0.277339 0.048828 0.048828
0 0.489498 0.376730 0.048828 0.048828
0 0.877121 0.978042 0.048828 0.048828
0 0.725550 0.837653 0.048828 0.048828
0 0.828668 0.923377 0.048828 0.048828
0 0.447257 0.643841 0.048828 0.048828
0 0.575222 0.139435 0.048828 0.048828
0 0.806305 0.509664 0.048828 0.048828
0 0.509376 0.504695 0.048828 0.048828
0 0.970299 0.023893 0.048828 0.048828