0 0.251654 0.640916 0.012729 0.013058
0 0.250035 0.627959 0.012729 0.013058
0 0.272059 0.649555 0.012729 0.013058
0 0.276269 0.632610 0.012729 0.013058
0 0.279508 0.645236 0.012729 0.013058
0 0.296349 0.632942 0.012729 0.013058
0 0.289872 0.652878 0.012729 0.013058
0 0.299264 0.647561 0.012729 0.013058
0 0.297321 0.659190 0.012729 0.013058
0 0.308333 0.655868 0.012729 0.013058
0 0.307685 0.671151 0.012729 0.013058
0 0.317078 0.667164 0.012729 0.013058
0 0.326794 0.673809 0.012729 0.013058
0 0.329385 0.661184 0.012729 0.013058
0 0.321288 0.649555 0.012729 0.013058
0 0.335539 0.641249 0.012729 0.013058
0 0.340397 0.674142 0.012729 0.013058
0 0.340073 0.683777 0.012729 0.013058
0 0.351085 0.687764 0.012729 0.013058
0 0.365012 0.686103 0.012729 0.013058
0 0.374080 0.679458 0.012729 0.013058
0 0.381854 0.674806 0.012729 0.013058
0 0.389951 0.668493 0.012729 0.013058
0 0.402258 0.681784 0.012729 0.013058
0 0.418452 0.681451 0.012729 0.013058
0 0.433350 0.695738 0.012729 0.013058
0 0.445334 0.681451 0.012729 0.013058
0 0.358210 0.671816 0.012729 0.013058
0 0.352381 0.666500 0.012729 0.013058
0 0.348170 0.651549 0.012729 0.013058
0 0.356915 0.639587 0.012729 0.013058
0 0.345903 0.632942 0.012729 0.013058
0 0.371166 0.647229 0.012729 0.013058
0 0.358534 0.658194 0.012729 0.013058
0 0.365983 0.667164 0.012729 0.013058
0 0.377967 0.659855 0.012729 0.013058
0 0.388331 0.656200 0.012729 0.013058
0 0.404201 0.661848 0.012729 0.013058
0 0.414565 0.658526 0.012729 0.013058
0 0.425253 0.663510 0.012729 0.013058
0 0.439828 0.662181 0.012729 0.013058
0 0.538611 0.608023 0.012729 0.013058
0 0.533429 0.620981 0.012729 0.013058
0 0.517559 0.612343 0.012729 0.013058
0 0.437885 0.642245 0.012729 0.013058
0 0.441771 0.621646 0.012729 0.013058
0 0.455374 0.619320 0.012729 0.013058
0 0.471244 0.626297 0.012729 0.013058
0 0.481284 0.619652 0.012729 0.013058
0 0.493592 0.615001 0.012729 0.013058
0 0.496831 0.603040 0.012729 0.013058
0 0.509138 0.602375 0.012729 0.013058
0 0.490677 0.578453 0.012729 0.013058
0 0.505575 0.551540 0.012729 0.013058
0 0.489705 0.552537 0.012729 0.013058
0 0.474483 0.572805 0.012729 0.013058
0 0.477074 0.545560 0.012729 0.013058
0 0.468005 0.558185 0.012729 0.013058
0 0.457965 0.552869 0.012729 0.013058
0 0.444686 0.558518 0.012729 0.013058
0 0.439180 0.564166 0.012729 0.013058
0 0.458937 0.572472 0.012729 0.013058
0 0.449544 0.577788 0.012729 0.013058
0 0.437237 0.583104 0.012729 0.013058
0 0.463795 0.587424 0.012729 0.013058
0 0.462823 0.600049 0.012729 0.013058
0 0.450192 0.608688 0.012729 0.013058
0 0.439180 0.603372 0.012729 0.013058
0 0.429788 0.616994 0.012729 0.013058
0 0.429140 0.599053 0.012729 0.013058
0 0.417156 0.604369 0.012729 0.013058
0 0.418776 0.628291 0.012729 0.013058
0 0.421043 0.639920 0.012729 0.013058
0 0.403553 0.613339 0.012729 0.013058
0 0.406145 0.626962 0.012729 0.013058
0 0.397724 0.632942 0.012729 0.013058
0 0.398695 0.645900 0.012729 0.013058
0 0.378615 0.635268 0.012729 0.013058
0 0.360801 0.624636 0.012729 0.013058
0 0.389303 0.622310 0.012729 0.013058
0 0.391570 0.609352 0.012729 0.013058
0 0.399343 0.601046 0.012729 0.013058
0 0.409707 0.594401 0.012729 0.013058
0 0.416833 0.584433 0.012729 0.013058
0 0.425577 0.576127 0.012729 0.013058
0 0.309305 0.639255 0.012729 0.013058
0 0.305418 0.625633 0.012729 0.013058
0 0.318373 0.635933 0.012729 0.013058
0 0.337158 0.628291 0.012729 0.013058
0 0.332300 0.621313 0.012729 0.013058
0 0.344284 0.615001 0.012729 0.013058
0 0.333272 0.611014 0.012729 0.013058
0 0.320964 0.612343 0.012729 0.013058
0 0.307037 0.608688 0.012729 0.013058
0 0.295702 0.613007 0.012729 0.013058
0 0.287281 0.621646 0.012729 0.013058
0 0.279184 0.615997 0.012729 0.013058
0 0.262666 0.618323 0.012729 0.013058
0 0.255865 0.609020 0.012729 0.013058
0 0.264933 0.605033 0.012729 0.013058
0 0.282099 0.603040 0.012729 0.013058
0 0.292463 0.600714 0.012729 0.013058
0 0.248415 0.596727 0.012729 0.013058
0 0.253597 0.593404 0.012729 0.013058
0 0.264609 0.590746 0.012729 0.013058
0 0.273678 0.591078 0.012729 0.013058
0 0.289224 0.588753 0.012729 0.013058
0 0.266876 0.580446 0.012729 0.013058
0 0.268496 0.566824 0.012729 0.013058
0 0.266876 0.556192 0.012729 0.013058
0 0.266553 0.549879 0.012729 0.013058
0 0.252626 0.551208 0.012729 0.013058
0 0.241614 0.614004 0.012729 0.013058
0 0.232545 0.604701 0.012729 0.013058
0 0.239347 0.600049 0.012729 0.013058
0 0.227687 0.593404 0.012729 0.013058
0 0.235460 0.590414 0.012729 0.013058
0 0.244529 0.585430 0.012729 0.013058
0 0.234812 0.578453 0.012729 0.013058
0 0.245500 0.563169 0.012729 0.013058
0 0.231574 0.561176 0.012729 0.013058
0 0.221857 0.552537 0.012729 0.013058
0 0.239671 0.546889 0.012729 0.013058
0 0.255217 0.541573 0.012729 0.013058
0 0.268820 0.537918 0.012729 0.013058
0 0.278536 0.541573 0.012729 0.013058
0 0.275945 0.528283 0.012729 0.013058
0 0.286957 0.531273 0.012729 0.013058
0 0.293435 0.543234 0.012729 0.013058
0 0.287281 0.553534 0.012729 0.013058
0 0.283070 0.569482 0.012729 0.013058
0 0.297969 0.573801 0.012729 0.013058
0 0.303151 0.592075 0.012729 0.013058
0 0.308657 0.577456 0.012729 0.013058
0 0.316106 0.586427 0.012729 0.013058
0 0.323879 0.602707 0.012729 0.013058
0 0.328414 0.592407 0.012729 0.013058
0 0.337482 0.591743 0.012729 0.013058
0 0.346551 0.599053 0.012729 0.013058
0 0.366631 0.600714 0.012729 0.013058
0 0.354972 0.608356 0.012729 0.013058
0 0.375376 0.611678 0.012729 0.013058
0 0.376348 0.600714 0.012729 0.013058
0 0.385416 0.587756 0.012729 0.013058
0 0.370194 0.586095 0.012729 0.013058
0 0.354324 0.588088 0.012729 0.013058
0 0.345903 0.576459 0.012729 0.013058
0 0.326146 0.578121 0.012729 0.013058
0 0.318373 0.564166 0.012729 0.013058
0 0.315458 0.553534 0.012729 0.013058
0 0.298941 0.555860 0.012729 0.013058
0 0.331328 0.565495 0.012729 0.013058
0 0.326146 0.544895 0.012729 0.013058
0 0.340397 0.555860 0.012729 0.013058
0 0.350113 0.563501 0.012729 0.013058
0 0.360478 0.569482 0.012729 0.013058
0 0.375052 0.568817 0.012729 0.013058
0 0.385092 0.571143 0.012729 0.013058
0 0.399343 0.580446 0.012729 0.013058
0 0.425577 0.558518 0.012729 0.013058
0 0.418776 0.566824 0.012729 0.013058
0 0.407116 0.567488 0.012729 0.013058
0 0.397076 0.562172 0.012729 0.013058
0 0.411327 0.551208 0.012729 0.013058
0 0.394485 0.549547 0.012729 0.013058
0 0.381530 0.552869 0.012729 0.013058
0 0.368898 0.556524 0.012729 0.013058
0 0.359830 0.553534 0.012729 0.013058
0 0.351085 0.545560 0.012729 0.013058
0 0.339425 0.539579 0.012729 0.013058
0 0.478046 0.591078 0.012729 0.013058
0 0.469301 0.614336 0.012729 0.013058
0 0.215704 0.587424 0.012729 0.013058
0 0.196919 0.577124 0.012729 0.013058
0 0.213113 0.559182 0.012729 0.013058
0 0.180401 0.583104 0.012729 0.013058
0 0.171980 0.583437 0.012729 0.013058
0 0.180077 0.569814 0.012729 0.013058
0 0.171332 0.575130 0.012729 0.013058
0 0.161292 0.574134 0.012729 0.013058
0 0.171008 0.568153 0.012729 0.013058
0 0.163235 0.560843 0.012729 0.013058
0 0.170684 0.554863 0.012729 0.013058
0 0.181372 0.558850 0.012729 0.013058
0 0.195947 0.556192 0.012729 0.013058
0 0.142183 0.557853 0.012729 0.013058
0 0.171332 0.545560 0.012729 0.013058
0 0.192060 0.542237 0.012729 0.013058
0 0.207930 0.546557 0.012729 0.013058
0 0.205016 0.531605 0.012729 0.013058
0 0.213436 0.535592 0.012729 0.013058
0 0.223477 0.537586 0.012729 0.013058
0 0.235784 0.530941 0.012729 0.013058
0 0.215704 0.521638 0.012729 0.013058
0 0.209874 0.514328 0.012729 0.013058
0 0.188174 0.520973 0.012729 0.013058
0 0.159025 0.537918 0.012729 0.013058
0 0.170037 0.511005 0.012729 0.013058
0 0.182992 0.506022 0.012729 0.013058
0 0.174571 0.493396 0.012729 0.013058
0 0.168093 0.497715 0.012729 0.013058
0 0.148661 0.495390 0.012729 0.013058
0 0.159996 0.486419 0.012729 0.013058
0 0.136353 0.478777 0.012729 0.013058
0 0.154166 0.477116 0.012729 0.013058
0 0.124370 0.464158 0.012729 0.013058
0 0.133438 0.459506 0.012729 0.013058
0 0.146393 0.465819 0.012729 0.013058
0 0.130523 0.439571 0.012729 0.013058
0 0.139268 0.445219 0.012729 0.013058
0 0.151252 0.448210 0.012729 0.013058
0 0.149632 0.436248 0.012729 0.013058
0 0.160968 0.434919 0.012729 0.013058
0 0.161292 0.458842 0.012729 0.013058
0 0.165826 0.448874 0.012729 0.013058
0 0.176514 0.440235 0.012729 0.013058
0 0.167122 0.423623 0.012729 0.013058
0 0.205016 0.505689 0.012729 0.013058
0 0.197566 0.492731 0.012729 0.013058
0 0.185907 0.483096 0.012729 0.013058
0 0.180725 0.471800 0.012729 0.013058
0 0.173275 0.459506 0.012729 0.013058
0 0.187850 0.463825 0.012729 0.013058
0 0.199186 0.472132 0.012729 0.013058
0 0.208578 0.483428 0.012729 0.013058
0 0.218295 0.479109 0.012729 0.013058
0 0.216675 0.495057 0.012729 0.013058
0 0.219266 0.507351 0.012729 0.013058
0 0.232869 0.511338 0.012729 0.013058
0 0.242586 0.517983 0.012729 0.013058
0 0.256512 0.518315 0.012729 0.013058
0 0.256836 0.528947 0.012729 0.013058
0 0.268496 0.515657 0.012729 0.013058
0 0.282423 0.516321 0.012729 0.013058
0 0.295702 0.517983 0.012729 0.013058
0 0.302179 0.523299 0.012729 0.013058
0 0.319345 0.531937 0.012729 0.013058
0 0.322584 0.521638 0.012729 0.013058
0 0.339102 0.525625 0.012729 0.013058
0 0.359506 0.531273 0.012729 0.013058
0 0.364688 0.544895 0.012729 0.013058
0 0.375376 0.533931 0.012729 0.013058
0 0.385092 0.537253 0.012729 0.013058
0 0.472540 0.534263 0.012729 0.013058
0 0.452783 0.528947 0.012729 0.013058
0 0.464119 0.512999 0.012729 0.013058
0 0.491001 0.508015 0.012729 0.013058
0 0.483228 0.492399 0.012729 0.013058
0 0.469301 0.482432 0.012729 0.013058
0 0.478370 0.467148 0.012729 0.013058
0 0.468977 0.459838 0.012729 0.013058
0 0.457965 0.453193 0.012729 0.013058
0 0.443391 0.446881 0.012729 0.013058
0 0.457965 0.470471 0.012729 0.013058
0 0.442743 0.473793 0.012729 0.013058
0 0.447601 0.460171 0.012729 0.013058
0 0.432379 0.459838 0.012729 0.013058
0 0.418128 0.465487 0.012729 0.013058
0 0.428492 0.481435 0.012729 0.013058
0 0.444038 0.489409 0.012729 0.013058
0 0.442743 0.502699 0.012729 0.013058
0 0.448573 0.515657 0.012729 0.013058
0 0.440800 0.521638 0.012729 0.013058
0 0.431083 0.511670 0.012729 0.013058
0 0.428492 0.495390 0.012729 0.013058
0 0.419100 0.487415 0.012729 0.013058
0 0.437561 0.534595 0.012729 0.013058
0 0.431083 0.547886 0.012729 0.013058
0 0.419747 0.539579 0.012729 0.013058
0 0.427197 0.525625 0.012729 0.013058
0 0.407116 0.533599 0.012729 0.013058
0 0.413594 0.523299 0.012729 0.013058
0 0.411327 0.508680 0.012729 0.013058
0 0.400315 0.516986 0.012729 0.013058
0 0.392542 0.529612 0.012729 0.013058
0 0.388979 0.516986 0.012729 0.013058
0 0.377643 0.524628 0.012729 0.013058
0 0.376024 0.510341 0.012729 0.013058
0 0.368251 0.519976 0.012729 0.013058
0 0.352381 0.514660 0.012729 0.013058
0 0.360478 0.510009 0.012729 0.013058
0 0.334567 0.511005 0.012729 0.013058
0 0.343312 0.503031 0.012729 0.013058
0 0.357887 0.496719 0.012729 0.013058
0 0.370842 0.494393 0.012729 0.013058
0 0.384768 0.502367 0.012729 0.013058
0 0.394161 0.506354 0.012729 0.013058
0 0.412946 0.499377 0.012729 0.013058
0 0.406792 0.487083 0.012729 0.013058
0 0.396428 0.488412 0.012729 0.013058
0 0.386712 0.486419 0.012729 0.013058
0 0.376672 0.477116 0.012729 0.013058
0 0.397724 0.476783 0.012729 0.013058
0 0.410031 0.473793 0.012729 0.013058
0 0.445982 0.429603 0.012729 0.013058
0 0.430435 0.445884 0.012729 0.013058
0 0.421043 0.440568 0.012729 0.013058
0 0.427521 0.427610 0.012729 0.013058
0 0.436265 0.421629 0.012729 0.013058
0 0.415861 0.419968 0.012729 0.013058
0 0.417156 0.399036 0.012729 0.013058
0 0.416185 0.378769 0.012729 0.013058
0 0.406145 0.384085 0.012729 0.013058
0 0.401610 0.400697 0.012729 0.013058
0 0.401934 0.417310 0.012729 0.013058
0 0.399343 0.430932 0.012729 0.013058
0 0.406792 0.438574 0.012729 0.013058
0 0.411650 0.452529 0.012729 0.013058
0 0.403553 0.465154 0.012729 0.013058
0 0.398371 0.450868 0.012729 0.013058
0 0.389627 0.460503 0.012729 0.013058
0 0.383473 0.468145 0.012729 0.013058
0 0.370518 0.471800 0.012729 0.013058
0 0.362097 0.483428 0.012729 0.013058
0 0.344607 0.488744 0.012729 0.013058
0 0.348170 0.475122 0.012729 0.013058
0 0.335863 0.476119 0.012729 0.013058
0 0.330357 0.485754 0.012729 0.013058
0 0.320964 0.486086 0.012729 0.013058
0 0.331976 0.497051 0.012729 0.013058
0 0.317402 0.507351 0.012729 0.013058
0 0.311248 0.495057 0.012729 0.013058
0 0.305418 0.505025 0.012729 0.013058
0 0.293111 0.503696 0.012729 0.013058
0 0.275621 0.506354 0.012729 0.013058
0 0.281775 0.491735 0.012729 0.013058
0 0.297645 0.486419 0.012729 0.013058
0 0.309952 0.479109 0.012729 0.013058
0 0.294082 0.474790 0.012729 0.013058
0 0.308657 0.465819 0.012729 0.013058
0 0.322260 0.474458 0.012729 0.013058
0 0.334567 0.467480 0.012729 0.013058
0 0.326794 0.458177 0.012729 0.013058
0 0.302179 0.455519 0.012729 0.013058
0 0.287605 0.458177 0.012729 0.013058
0 0.272706 0.463161 0.012729 0.013058
0 0.278860 0.451532 0.012729 0.013058
0 0.272706 0.440568 0.012729 0.013058
0 0.276593 0.430932 0.012729 0.013058
0 0.276917 0.416978 0.012729 0.013058
0 0.275621 0.400697 0.012729 0.013058
0 0.287605 0.396378 0.012729 0.013058
0 0.286957 0.411662 0.012729 0.013058
0 0.290196 0.424287 0.012729 0.013058
0 0.303799 0.422294 0.012729 0.013058
0 0.298941 0.436581 0.012729 0.013058
0 0.308657 0.445884 0.012729 0.013058
0 0.323231 0.448542 0.012729 0.013058
0 0.317402 0.432926 0.012729 0.013058
0 0.318049 0.413655 0.012729 0.013058
0 0.331976 0.421629 0.012729 0.013058
0 0.331976 0.435916 0.012729 0.013058
0 0.335539 0.450535 0.012729 0.013058
0 0.347199 0.459838 0.012729 0.013058
0 0.363069 0.460835 0.012729 0.013058
0 0.376672 0.457513 0.012729 0.013058
0 0.390598 0.440900 0.012729 0.013058
0 0.379263 0.441232 0.012729 0.013058
0 0.365983 0.438906 0.012729 0.013058
0 0.350437 0.444555 0.012729 0.013058
0 0.343636 0.432261 0.012729 0.013058
0 0.355619 0.425949 0.012729 0.013058
0 0.367603 0.422294 0.012729 0.013058
0 0.386064 0.427610 0.012729 0.013058
0 0.387036 0.418307 0.012729 0.013058
0 0.390598 0.401362 0.012729 0.013058
0 0.392542 0.388736 0.012729 0.013058
0 0.393837 0.376111 0.012729 0.013058
0 0.403877 0.367140 0.012729 0.013058
0 0.456670 0.541905 0.012729 0.013058
0 0.435941 0.307334 0.012729 0.013058
0 0.438856 0.324944 0.012729 0.013058
0 0.429788 0.336572 0.012729 0.013058
0 0.425577 0.353517 0.012729 0.013058
0 0.416833 0.354182 0.012729 0.013058
0 0.404525 0.355179 0.012729 0.013058
0 0.390922 0.360827 0.012729 0.013058
0 0.379586 0.367472 0.012729 0.013058
0 0.367279 0.358833 0.012729 0.013058
0 0.356915 0.365146 0.012729 0.013058
0 0.362421 0.377772 0.012729 0.013058
0 0.373757 0.379433 0.012729 0.013058
0 0.373109 0.396046 0.012729 0.013058
0 0.377319 0.407675 0.012729 0.013058
0 0.362097 0.405349 0.012729 0.013058
0 0.354648 0.413323 0.012729 0.013058
0 0.340721 0.409668 0.012729 0.013058
0 0.354000 0.397375 0.012729 0.013058
0 0.332300 0.399036 0.012729 0.013058
0 0.343960 0.387407 0.012729 0.013058
0 0.344284 0.371459 0.012729 0.013058
0 0.337158 0.374117 0.012729 0.013058
0 0.327766 0.385414 0.012729 0.013058
0 0.315782 0.395381 0.012729 0.013058
0 0.304446 0.401362 0.012729 0.013058
0 0.301855 0.388736 0.012729 0.013058
0 0.314811 0.380430 0.012729 0.013058
0 0.319345 0.368137 0.012729 0.013058
0 0.328090 0.363153 0.012729 0.013058
0 0.345903 0.357837 0.012729 0.013058
0 0.360154 0.346208 0.012729 0.013058
0 0.349790 0.340892 0.012729 0.013058
0 0.336834 0.335908 0.012729 0.013058
0 0.332300 0.345876 0.012729 0.013058
0 0.318049 0.355179 0.012729 0.013058
0 0.319345 0.334911 0.012729 0.013058
0 0.328737 0.325276 0.012729 0.013058
0 0.329709 0.312650 0.012729 0.013058
0 0.315782 0.317302 0.012729 0.013058
0 0.308009 0.334911 0.012729 0.013058
0 0.294082 0.330592 0.012729 0.013058
0 0.287281 0.347205 0.012729 0.013058
0 0.303151 0.367140 0.012729 0.013058
0 0.290196 0.362156 0.012729 0.013058
0 0.296349 0.376443 0.012729 0.013058
0 0.285661 0.382756 0.012729 0.013058
0 0.277564 0.370795 0.012729 0.013058
0 0.270439 0.362156 0.012729 0.013058
0 0.273354 0.351524 0.012729 0.013058
0 0.275945 0.338566 0.012729 0.013058
0 0.272059 0.326273 0.012729 0.013058
0 0.399667 0.337237 0.012729 0.013058
0 0.386712 0.346208 0.012729 0.013058
0 0.372461 0.342221 0.012729 0.013058
0 0.389303 0.326605 0.012729 0.013058
0 0.375700 0.318963 0.012729 0.013058
0 0.359506 0.321289 0.012729 0.013058
0 0.347846 0.311654 0.012729 0.013058
0 0.340073 0.321621 0.012729 0.013058
0 0.339749 0.305673 0.012729 0.013058
0 0.327118 0.304344 0.012729 0.013058
0 0.317402 0.291718 0.012729 0.013058
0 0.331328 0.289725 0.012729 0.013058
0 0.337158 0.280422 0.012729 0.013058
0 0.348494 0.294709 0.012729 0.013058
0 0.364688 0.298363 0.012729 0.013058
0 0.377967 0.307002 0.012729 0.013058
0 0.388979 0.302350 0.012729 0.013058
0 0.395457 0.314644 0.012729 0.013058
0 0.412622 0.312650 0.012729 0.013058
0 0.408412 0.325940 0.012729 0.013058
0 0.418776 0.327602 0.012729 0.013058
0 0.415213 0.338234 0.012729 0.013058
0 0.412622 0.289725 0.012729 0.013058
0 0.400639 0.295705 0.012729 0.013058
0 0.395457 0.286402 0.012729 0.013058
0 0.374404 0.292051 0.012729 0.013058
0 0.140240 0.425949 0.012729 0.013058
0 0.153843 0.425284 0.012729 0.013058
0 0.132467 0.410997 0.012729 0.013058
0 0.123074 0.399368 0.012729 0.013058
0 0.133114 0.392391 0.012729 0.013058
0 0.146070 0.391062 0.012729 0.013058
0 0.158701 0.387075 0.012729 0.013058
0 0.173923 0.386410 0.012729 0.013058
0 0.125341 0.380098 0.012729 0.013058
0 0.127932 0.359498 0.012729 0.013058
0 0.139268 0.369133 0.012729 0.013058
0 0.138944 0.379101 0.012729 0.013058
0 0.150604 0.379101 0.012729 0.013058
0 0.323231 0.273112 0.012729 0.013058
0 0.319993 0.264474 0.012729 0.013058
0 0.314811 0.229919 0.012729 0.013058
0 0.295054 0.224271 0.012729 0.013058
0 0.287929 0.213639 0.012729 0.013058
0 0.274326 0.218290 0.012729 0.013058
0 0.269467 0.205000 0.012729 0.013058
0 0.229306 0.498712 0.012729 0.013058
0 0.226715 0.488412 0.012729 0.013058
0 0.239347 0.487748 0.012729 0.013058
0 0.253274 0.488744 0.012729 0.013058
0 0.269791 0.487083 0.012729 0.013058
0 0.248091 0.503031 0.012729 0.013058
0 0.260399 0.504360 0.012729 0.013058
0 0.274973 0.478777 0.012729 0.013058
0 0.261371 0.471467 0.012729 0.013058
0 0.251978 0.472132 0.012729 0.013058
0 0.254245 0.462164 0.012729 0.013058
0 0.263314 0.447877 0.012729 0.013058
0 0.258132 0.437910 0.012729 0.013058
0 0.266876 0.423955 0.012729 0.013058
0 0.264933 0.410000 0.012729 0.013058
0 0.258456 0.399368 0.012729 0.013058
0 0.273354 0.387739 0.012729 0.013058
0 0.266876 0.389401 0.012729 0.013058
0 0.265257 0.378104 0.012729 0.013058
0 0.255541 0.385746 0.012729 0.013058
0 0.240642 0.463825 0.012729 0.013058
0 0.250035 0.448542 0.012729 0.013058
0 0.239023 0.444223 0.012729 0.013058
0 0.237080 0.431929 0.012729 0.013058
0 0.248739 0.419636 0.012729 0.013058
0 0.234489 0.419968 0.012729 0.013058
0 0.250359 0.408007 0.012729 0.013058
0 0.237727 0.394052 0.012729 0.013058
0 0.225744 0.394717 0.012729 0.013058
0 0.218942 0.405349 0.012729 0.013058
0 0.218942 0.418307 0.012729 0.013058
0 0.225420 0.441897 0.012729 0.013058
0 0.216027 0.445219 0.012729 0.013058
0 0.231898 0.455519 0.012729 0.013058
0 0.198862 0.453193 0.012729 0.013058
0 0.213113 0.435584 0.012729 0.013058
0 0.202101 0.435916 0.012729 0.013058
0 0.187202 0.425949 0.012729 0.013058
0 0.194975 0.417975 0.012729 0.013058
0 0.205016 0.424620 0.012729 0.013058
0 0.185259 0.411994 0.012729 0.013058
0 0.202101 0.405681 0.012729 0.013058
0 0.193680 0.394385 0.012729 0.013058
0 0.208902 0.390398 0.012729 0.013058
0 0.217971 0.381427 0.012729 0.013058
0 0.227039 0.380762 0.012729 0.013058
0 0.238375 0.378436 0.012729 0.013058
0 0.251654 0.371127 0.012729 0.013058
0 0.260399 0.352188 0.012729 0.013058
0 0.251006 0.354846 0.012729 0.013058
0 0.250683 0.338898 0.012729 0.013058
0 0.244529 0.344879 0.012729 0.013058
0 0.231250 0.348201 0.012729 0.013058
0 0.235136 0.362488 0.012729 0.013058
0 0.218942 0.362820 0.012729 0.013058
0 0.262666 0.339563 0.012729 0.013058
0 0.253274 0.329263 0.012729 0.013058
0 0.260075 0.318299 0.012729 0.013058
0 0.283718 0.313315 0.012729 0.013058
0 0.303475 0.294376 0.012729 0.013058
0 0.307037 0.281751 0.012729 0.013058
0 0.314163 0.276767 0.012729 0.013058
0 0.306390 0.268793 0.012729 0.013058
0 0.287929 0.299360 0.012729 0.013058
0 0.281775 0.288064 0.012729 0.013058
0 0.277564 0.301354 0.012729 0.013058
0 0.271411 0.290057 0.012729 0.013058
0 0.258456 0.289060 0.012729 0.013058
0 0.263638 0.299360 0.012729 0.013058
0 0.251006 0.286070 0.012729 0.013058
0 0.250683 0.268793 0.012729 0.013058
0 0.271411 0.280089 0.012729 0.013058
0 0.147041 0.416313 0.012729 0.013058
0 0.142831 0.400697 0.012729 0.013058
0 0.155786 0.401362 0.012729 0.013058
0 0.160320 0.416313 0.012729 0.013058
0 0.171656 0.409336 0.012729 0.013058
0 0.171332 0.396710 0.012729 0.013058
0 0.182668 0.400033 0.012729 0.013058
0 0.182668 0.388404 0.012729 0.013058
0 0.200805 0.375778 0.012729 0.013058
0 0.188174 0.375114 0.012729 0.013058
0 0.208902 0.365811 0.012729 0.013058
0 0.195623 0.359830 0.012729 0.013058
0 0.185907 0.349863 0.012729 0.013058
0 0.176514 0.351856 0.012729 0.013058
0 0.176190 0.372124 0.012729 0.013058
0 0.163559 0.375114 0.012729 0.013058
0 0.164207 0.357837 0.012729 0.013058
0 0.151575 0.363817 0.012729 0.013058
0 0.144450 0.351856 0.012729 0.013058
0 0.156758 0.346872 0.012729 0.013058
0 0.167122 0.347869 0.012729 0.013058
0 0.172951 0.341556 0.012729 0.013058
0 0.184611 0.337569 0.012729 0.013058
0 0.195623 0.338566 0.012729 0.013058
0 0.212141 0.336572 0.012729 0.013058
0 0.224124 0.341224 0.012729 0.013058
0 0.233517 0.262480 0.012729 0.013058
0 0.219914 0.263809 0.012729 0.013058
0 0.208578 0.250519 0.012729 0.013058
0 0.194975 0.243874 0.012729 0.013058
0 0.186878 0.257828 0.012729 0.013058
0 0.197566 0.264806 0.012729 0.013058
0 0.206959 0.270122 0.012729 0.013058
0 0.239347 0.274773 0.012729 0.013058
0 0.226392 0.278096 0.012729 0.013058
0 0.236756 0.286402 0.012729 0.013058
0 0.220238 0.289393 0.012729 0.013058
0 0.244529 0.302018 0.012729 0.013058
0 0.234489 0.298696 0.012729 0.013058
0 0.237727 0.313647 0.012729 0.013058
0 0.243881 0.327602 0.012729 0.013058
0 0.230602 0.327269 0.012729 0.013058
0 0.222505 0.315641 0.012729 0.013058
0 0.212141 0.325276 0.012729 0.013058
0 0.206635 0.312983 0.012729 0.013058
0 0.211493 0.300357 0.012729 0.013058
0 0.193032 0.308663 0.012729 0.013058
0 0.208254 0.290722 0.012729 0.013058
0 0.196595 0.294044 0.012729 0.013058
0 0.199186 0.282747 0.012729 0.013058
0 0.186878 0.274773 0.012729 0.013058
0 0.189793 0.286070 0.012729 0.013058
0 0.179753 0.285405 0.012729 0.013058
0 0.184611 0.303347 0.012729 0.013058
0 0.174571 0.298696 0.012729 0.013058
0 0.197242 0.324944 0.012729 0.013058
0 0.183963 0.326937 0.012729 0.013058
0 0.179753 0.314644 0.012729 0.013058
0 0.168417 0.317302 0.012729 0.013058
0 0.163235 0.331921 0.012729 0.013058
0 0.148984 0.339895 0.012729 0.013058
0 0.153519 0.322950 0.012729 0.013058
0 0.144774 0.316637 0.012729 0.013058
0 0.143802 0.328931 0.012729 0.013058
0 0.131171 0.330592 0.012729 0.013058
0 0.112710 0.320624 0.012729 0.013058
0 0.134734 0.310657 0.012729 0.013058
0 0.154490 0.306670 0.012729 0.013058
0 0.166798 0.303347 0.012729 0.013058
0 0.166798 0.292383 0.012729 0.013058
0 0.171008 0.278428 0.012729 0.013058
0 0.176190 0.269457 0.012729 0.013058
0 0.163559 0.267464 0.012729 0.013058
0 0.157405 0.280422 0.012729 0.013058
0 0.148661 0.265470 0.012729 0.013058
0 0.139592 0.276102 0.012729 0.013058
0 0.144450 0.288728 0.012729 0.013058
0 0.141211 0.298696 0.012729 0.013058
0 0.129228 0.288064 0.012729 0.013058
0 0.127608 0.314644 0.012729 0.013058
0 0.228659 0.475454 0.012729 0.013058
0 0.189145 0.437910 0.012729 0.013058
0 0.216027 0.460835 0.012729 0.013058
0 0.316430 0.682116 0.012729 0.013058
0 0.294730 0.679458 0.012729 0.013058
0 0.361449 0.695074 0.012729 0.013058
0 0.371166 0.698728 0.012729 0.013058
0 0.400962 0.693745 0.012729 0.013058
0 0.411974 0.693412 0.012729 0.013058
0 0.571647 0.838275 0.012729 0.013058
0 0.568408 0.825981 0.012729 0.013058
0 0.565493 0.816346 0.012729 0.013058
0 0.538287 0.778469 0.012729 0.013058
0 0.540878 0.766508 0.012729 0.013058
0 0.527923 0.763850 0.012729 0.013058
0 0.516911 0.749895 0.012729 0.013058
0 0.538287 0.753550 0.012729 0.013058
0 0.507195 0.742254 0.012729 0.013058
0 0.501365 0.734944 0.012729 0.013058
0 0.487438 0.729628 0.012729 0.013058
0 0.501041 0.720657 0.012729 0.013058
0 0.496831 0.710690 0.012729 0.013058
0 0.502661 0.708032 0.012729 0.013058
0 0.520798 0.734612 0.012729 0.013058
0 0.524360 0.726638 0.012729 0.013058
0 0.539907 0.730625 0.012729 0.013058
0 0.551566 0.742918 0.012729 0.013058
0 0.557720 0.727302 0.012729 0.013058
0 0.539907 0.707367 0.012729 0.013058
0 0.477722 0.717667 0.012729 0.013058
0 0.482904 0.701387 0.012729 0.013058
0 0.494240 0.678793 0.012729 0.013058
0 0.486143 0.669822 0.012729 0.013058
0 0.496183 0.666168 0.012729 0.013058
0 0.501689 0.660187 0.012729 0.013058
0 0.487114 0.657197 0.012729 0.013058
0 0.510110 0.647561 0.012729 0.013058
0 0.509138 0.675139 0.012729 0.013058
0 0.472540 0.692416 0.012729 0.013058
0 0.459261 0.697067 0.012729 0.013058
0 0.441447 0.701387 0.012729 0.013058
0 0.429464 0.682448 0.012729 0.013058
0 0.445658 0.689758 0.012729 0.013058
0 0.472216 0.673809 0.012729 0.013058
0 0.468005 0.663842 0.012729 0.013058
0 0.462176 0.652878 0.012729 0.013058
0 0.482580 0.646897 0.012729 0.013058
0 0.441771 0.671151 0.012729 0.013058
0 0.506223 0.638591 0.012729 0.013058
0 0.496831 0.625301 0.012729 0.013058
0 0.488086 0.627294 0.012729 0.013058
0 0.475779 0.636265 0.012729 0.013058
0 0.459908 0.637262 0.012729 0.013058
0 0.532134 0.535592 0.012729 0.013058
0 0.541850 0.531605 0.012729 0.013058
0 0.542174 0.518647 0.012729 0.013058
0 0.536992 0.509012 0.012729 0.013058
0 0.551890 0.505025 0.012729 0.013058
0 0.561607 0.484757 0.012729 0.013058
0 0.542822 0.479109 0.012729 0.013058
0 0.536020 0.463825 0.012729 0.013058
0 0.524684 0.460171 0.012729 0.013058
0 0.509462 0.466483 0.012729 0.013058
0 0.563550 0.468809 0.012729 0.013058
0 0.569056 0.459174 0.012729 0.013058
0 0.567436 0.451864 0.012729 0.013058
0 0.578772 0.445552 0.012729 0.013058
0 0.522093 0.599385 0.012729 0.013058
0 0.522741 0.584766 0.012729 0.013058
0 0.514320 0.569482 0.012729 0.013058
0 0.521446 0.555195 0.012729 0.013058
0 0.518531 0.547553 0.012729 0.013058
0 0.221533 0.575463 0.012729 0.013058
0 0.479989 0.521305 0.012729 0.013058
0 0.505899 0.460171 0.012729 0.013058
0 0.517235 0.454522 0.012729 0.013058
0 0.531486 0.449206 0.012729 0.013058
0 0.538935 0.453526 0.012729 0.013058
0 0.555777 0.449206 0.012729 0.013058
0 0.559015 0.438574 0.012729 0.013058
0 0.568408 0.436913 0.012729 0.013058
0 0.580068 0.428274 0.012729 0.013058
0 0.561283 0.404352 0.012729 0.013058
0 0.554481 0.396046 0.012729 0.013058
0 0.552538 0.381094 0.012729 0.013058
0 0.544117 0.394717 0.012729 0.013058
0 0.547680 0.416978 0.012729 0.013058
0 0.544117 0.426613 0.012729 0.013058
0 0.535372 0.420965 0.012729 0.013058
0 0.520798 0.421962 0.012729 0.013058
0 0.533429 0.402026 0.012729 0.013058
0 0.528571 0.383088 0.012729 0.013058
0 0.516911 0.383088 0.012729 0.013058
0 0.500393 0.378104 0.012729 0.013058
0 0.487438 0.373785 0.012729 0.013058
0 0.502337 0.395381 0.012729 0.013058
0 0.508166 0.403355 0.012729 0.013058
0 0.525008 0.410665 0.012729 0.013058
0 0.510434 0.413655 0.012729 0.013058
0 0.496183 0.412326 0.012729 0.013058
0 0.483228 0.397707 0.012729 0.013058
0 0.478046 0.411329 0.012729 0.013058
0 0.542498 0.442229 0.012729 0.013058
0 0.530190 0.438574 0.012729 0.013058
0 0.508490 0.437245 0.012729 0.013058
0 0.496183 0.434587 0.012729 0.013058
0 0.501689 0.449871 0.012729 0.013058
0 0.483228 0.441565 0.012729 0.013058
0 0.484199 0.417642 0.012729 0.013058
0 0.475779 0.428274 0.012729 0.013058
0 0.472540 0.443226 0.012729 0.013058
0 0.474159 0.449871 0.012729 0.013058
0 0.488734 0.461832 0.012729 0.013058
0 0.463795 0.429271 0.012729 0.013058
0 0.455698 0.417310 0.012729 0.013058
0 0.454726 0.405349 0.012729 0.013058
0 0.469625 0.405349 0.012729 0.013058
0 0.473835 0.387739 0.012729 0.013058
0 0.460880 0.387739 0.012729 0.013058
0 0.461852 0.373785 0.012729 0.013058
0 0.462823 0.360162 0.012729 0.013058
0 0.459908 0.342885 0.012729 0.013058
0 0.452459 0.373120 0.012729 0.013058
0 0.445982 0.356840 0.012729 0.013058
0 0.440800 0.370795 0.012729 0.013058
0 0.444362 0.384749 0.012729 0.013058
0 0.438209 0.393056 0.012729 0.013058
0 0.439180 0.411329 0.012729 0.013058
0 0.482904 0.477448 0.012729 0.013058
0 0.460232 0.493064 0.012729 0.013058
0 0.303151 0.350195 0.012729 0.013058
0 0.508814 0.508015 0.012729 0.013058
0 0.517559 0.517650 0.012729 0.013058
0 0.116597 0.386078 0.012729 0.013058
0 0.149956 0.251183 0.012729 0.013058
0 0.336834 0.266467 0.012729 0.013058
0 0.210198 0.350195 0.012729 0.013058
0 0.132790 0.348866 0.012729 0.013058
0 0.257808 0.208655 0.012729 0.013058
0 0.252950 0.220284 0.012729 0.013058
0 0.234812 0.207991 0.012729 0.013058