0 0.169357 0.960646 0.048828 0.048828
0 0.343091 0.892515 0.048828 0.048828
0 0.169357 0.868669 0.048828 0.048828
0 0.278367 0.853340 0.048828 0.048828
0 0.811491 0.809055 0.048828 0.048828
0 0.842150 0.800538 0.048828 0.048828
0 0.869403 0.795428 0.048828 0.048828
0 0.900061 0.781802 0.048828 0.048828
0 0.911984 0.706858 0.048828 0.048828
0 0.976709 0.715375 0.048828 0.048828
0 0.954566 0.691529 0.048828 0.048828
0 0.986928 0.613178 0.048828 0.048828
0 0.975005 0.783505 0.048828 0.048828
0 0.949456 0.820977 0.048828 0.048828
0 0.884732 0.877185 0.048828 0.048828
0 0.877919 0.919767 0.048828 0.048828
0 0.845557 0.904438 0.048828 0.048828
0 0.222159 0.856746 0.048828 0.048828
0 0.251115 0.924877 0.048828 0.048828
0 0.710998 0.940207 0.048828 0.048828
0 0.705888 0.902735 0.048828 0.048828
0 0.724624 0.902735 0.048828 0.048828
0 0.739954 0.935097 0.048828 0.048828
0 0.808085 0.958943 0.048828 0.048828
0 0.862589 0.722188 0.048828 0.048828
0 0.865996 0.698342 0.048828 0.048828
0 0.879622 0.667683 0.048828 0.048828
0 0.940940 0.611475 0.048828 0.048828