0 0.011687 0.809055 0.048828 0.048828
0 0.042345 0.800538 0.048828 0.048828
0 0.069598 0.795428 0.048828 0.048828
0 0.100257 0.781802 0.048828 0.048828
0 0.112180 0.706858 0.048828 0.048828
0 0.176904 0.715375 0.048828 0.048828
0 0.154761 0.691529 0.048828 0.048828
0 0.187124 0.613178 0.048828 0.048828
0 0.175201 0.783505 0.048828 0.048828
0 0.149652 0.820977 0.048828 0.048828
0 0.221189 0.860153 0.048828 0.048828
0 0.084927 0.877185 0.048828 0.048828
0 0.078114 0.919767 0.048828 0.048828
0 0.045752 0.904438 0.048828 0.048828
0 0.008280 0.958943 0.048828 0.048828
0 0.062785 0.722188 0.048828 0.048828
0 0.066191 0.698342 0.048828 0.048828
0 0.079817 0.667683 0.048828 0.048828
0 0.141135 0.611475 0.048828 0.048828
0 0.241628 0.602959 0.048828 0.048828
0 0.256958 0.631914 0.048828 0.048828
0 0.272287 0.681309 0.048828 0.048828
0 0.255255 0.964052 0.048828 0.048828