0 0.005546 0.948513 0.048828 0.048828
0 0.108664 0.948513 0.048828 0.048828
0 0.031636 0.881424 0.048828 0.048828
0 0.087543 0.876455 0.048828 0.048828
0 0.466469 0.673947 0.048828 0.048828
0 0.446591 0.722400 0.048828 0.048828
0 0.385714 0.690098 0.048828 0.048828
0 0.080089 0.801912 0.048828 0.048828
0 0.094997 0.724884 0.048828 0.048828
0 0.147177 0.716188 0.048828 0.048828
0 0.208054 0.742278 0.048828 0.048828
0 0.246568 0.717430 0.048828 0.048828
0 0.293778 0.700037 0.048828 0.048828
0 0.306202 0.655311 0.048828 0.048828
0 0.353413 0.652826 0.048828 0.048828
0 0.282597 0.563375 0.048828 0.048828
0 0.339746 0.462742 0.048828 0.048828
0 0.278870 0.466469 0.048828 0.048828
0 0.220478 0.542254 0.048828 0.048828
0 0.230417 0.440379 0.048828 0.048828
0 0.195630 0.487590 0.048828 0.048828
0 0.157116 0.467712 0.048828 0.048828
0 0.106179 0.488832 0.048828 0.048828
0 0.085058 0.509952 0.048828 0.048828
0 0.160844 0.541012 0.048828 0.048828
0 0.124815 0.560890 0.048828 0.048828
0 0.077604 0.580768 0.048828 0.048828
0 0.179479 0.596919 0.048828 0.048828
0 0.175752 0.644130 0.048828 0.048828
0 0.127299 0.676431 0.048828 0.048828
0 0.085058 0.656553 0.048828 0.048828
0 0.049029 0.707491 0.048828 0.048828
0 0.046545 0.640402 0.048828 0.048828
0 0.000577 0.660281 0.048828 0.048828
0 0.006788 0.749732 0.048828 0.048828
0 0.015485 0.793215 0.048828 0.048828
0 0.032878 0.554678 0.048828 0.048828
0 0.032878 0.488832 0.048828 0.048828
0 0.006788 0.519892 0.048828 0.048828
0 0.234144 0.610585 0.048828 0.048828
0 0.200600 0.697552 0.048828 0.048828
0 0.213024 0.398138 0.048828 0.048828
0 0.137238 0.378260 0.048828 0.048828
0 0.180722 0.318626 0.048828 0.048828
0 0.283839 0.299990 0.048828 0.048828
0 0.254022 0.241598 0.048828 0.048828
0 0.200600 0.204327 0.048828 0.048828
0 0.235386 0.147177 0.048828 0.048828
0 0.199357 0.119845 0.048828 0.048828
0 0.157116 0.094997 0.048828 0.048828
0 0.101209 0.071392 0.048828 0.048828
0 0.157116 0.159601 0.048828 0.048828
0 0.098725 0.172025 0.048828 0.048828
0 0.117360 0.121087 0.048828 0.048828
0 0.058968 0.119845 0.048828 0.048828
0 0.004304 0.140966 0.048828 0.048828
0 0.044060 0.200600 0.048828 0.048828
0 0.103694 0.230417 0.048828 0.048828
0 0.098725 0.280112 0.048828 0.048828
0 0.121087 0.328565 0.048828 0.048828
0 0.091270 0.350928 0.048828 0.048828
0 0.053999 0.313656 0.048828 0.048828
0 0.044060 0.252780 0.048828 0.048828
0 0.008031 0.222963 0.048828 0.048828
0 0.078847 0.399381 0.048828 0.048828
0 0.053999 0.449076 0.048828 0.048828
0 0.010516 0.418016 0.048828 0.048828
0 0.039090 0.365836 0.048828 0.048828
0 0.111148 0.006788 0.048828 0.048828
0 0.051514 0.067665 0.048828 0.048828
0 0.015485 0.047787 0.048828 0.048828
0 0.152147 0.426713 0.048828 0.048828
0 0.296263 0.938574 0.048828 0.048828
0 0.265204 0.905029 0.048828 0.048828
0 0.303717 0.891363 0.048828 0.048828
0 0.324838 0.869000 0.048828 0.048828
0 0.268931 0.857819 0.048828 0.048828
0 0.357140 0.821790 0.048828 0.048828
0 0.353413 0.924908 0.048828 0.048828
0 0.213024 0.989511 0.048828 0.048828
0 0.047787 0.952240 0.048828 0.048828
0 0.109906 0.979572 0.048828 0.048828
0 0.211781 0.919938 0.048828 0.048828
0 0.195630 0.882667 0.048828 0.048828
0 0.173267 0.841668 0.048828 0.048828
0 0.251537 0.819305 0.048828 0.048828
0 0.094997 0.909999 0.048828 0.048828
0 0.342231 0.788246 0.048828 0.048828
0 0.306202 0.738550 0.048828 0.048828
0 0.272658 0.746005 0.048828 0.048828
0 0.225447 0.779549 0.048828 0.048828
0 0.164571 0.783276 0.048828 0.048828
0 0.441622 0.403108 0.048828 0.048828
0 0.478893 0.388199 0.048828 0.048828
0 0.480135 0.339746 0.048828 0.048828
0 0.460257 0.303717 0.048828 0.048828
0 0.517407 0.288809 0.048828 0.048828
0 0.554678 0.213024 0.048828 0.048828
0 0.482620 0.191903 0.048828 0.048828
0 0.456530 0.134754 0.048828 0.048828
0 0.413047 0.121087 0.048828 0.048828
0 0.354655 0.144693 0.048828 0.048828
0 0.562132 0.153389 0.048828 0.048828
0 0.583253 0.117360 0.048828 0.048828
0 0.577041 0.090028 0.048828 0.048828
0 0.620524 0.066423 0.048828 0.048828
0 0.403108 0.641645 0.048828 0.048828
0 0.405593 0.586980 0.048828 0.048828
0 0.373291 0.529831 0.048828 0.048828
0 0.400623 0.476408 0.048828 0.048828
0 0.389442 0.447833 0.048828 0.048828
0 0.241598 0.349685 0.048828 0.048828
0 0.340989 0.121087 0.048828 0.048828
0 0.384472 0.099967 0.048828 0.048828
0 0.439137 0.080089 0.048828 0.048828
0 0.467712 0.096240 0.048828 0.048828
0 0.532315 0.080089 0.048828 0.048828
0 0.544739 0.040333 0.048828 0.048828
0 0.580768 0.034121 0.048828 0.048828
0 0.625494 0.001819 0.048828 0.048828
0 0.481378 0.053999 0.048828 0.048828
0 0.434167 0.040333 0.048828 0.048828
0 0.350928 0.035363 0.048828 0.048828
0 0.303717 0.025424 0.048828 0.048828
0 0.324838 0.082574 0.048828 0.048828
0 0.254022 0.051514 0.048828 0.048828
0 0.225447 0.001819 0.048828 0.048828
0 0.213024 0.057726 0.048828 0.048828
0 0.219235 0.082574 0.048828 0.048828
0 0.275143 0.127299 0.048828 0.048828
0 0.179479 0.005546 0.048828 0.048828
0 0.252780 0.185691 0.048828 0.048828
0 0.165813 0.244083 0.048828 0.048828
0 0.352170 0.299990 0.048828 0.048828
0 0.385714 0.336019 0.048828 0.048828