0 0.243795 0.029440 0.048828 0.048828
0 0.272370 0.013289 0.048828 0.048828
0 0.312126 0.041863 0.048828 0.048828
0 0.348155 0.021985 0.048828 0.048828
0 0.340700 0.065469 0.048828 0.048828
0 0.382941 0.053045 0.048828 0.048828
0 0.380457 0.110194 0.048828 0.048828
0 0.416486 0.095286 0.048828 0.048828
0 0.453757 0.120133 0.048828 0.048828
0 0.463696 0.072923 0.048828 0.048828
0 0.432637 0.029440 0.048828 0.048828
0 0.505937 0.121376 0.048828 0.048828
0 0.504695 0.157405 0.048828 0.048828
0 0.546936 0.172313 0.048828 0.048828
0 0.600358 0.166101 0.048828 0.048828
0 0.635145 0.141254 0.048828 0.048828
0 0.664962 0.123860 0.048828 0.048828
0 0.696021 0.100255 0.048828 0.048828
0 0.743232 0.149950 0.048828 0.048828
0 0.805351 0.148708 0.048828 0.048828
0 0.862500 0.202130 0.048828 0.048828
0 0.908468 0.148708 0.048828 0.048828
0 0.574268 0.112679 0.048828 0.048828
0 0.551905 0.092801 0.048828 0.048828
0 0.535754 0.036894 0.048828 0.048828
0 0.623963 0.020743 0.048828 0.048828
0 0.575510 0.061741 0.048828 0.048828
0 0.604085 0.095286 0.048828 0.048828
0 0.650053 0.067953 0.048828 0.048828
0 0.689809 0.054287 0.048828 0.048828
0 0.750686 0.075408 0.048828 0.048828
0 0.790442 0.062984 0.048828 0.048828
0 0.831441 0.081620 0.048828 0.048828
0 0.887348 0.076650 0.048828 0.048828
0 0.879894 0.002107 0.048828 0.048828
0 0.729566 0.015773 0.048828 0.048828
0 0.414001 0.151193 0.048828 0.048828
0 0.330761 0.141254 0.048828 0.048828
0 0.586692 0.199646 0.048828 0.048828
0 0.623963 0.213312 0.048828 0.048828
0 0.738262 0.194676 0.048828 0.048828
0 0.780503 0.193434 0.048828 0.048828
0 0.961891 0.207100 0.048828 0.048828
0 0.893560 0.223251 0.048828 0.048828
0 0.847592 0.152435 0.048828 0.048828
0 0.909711 0.179768 0.048828 0.048828
0 0.995435 0.082862 0.048828 0.048828
0 0.973072 0.041863 0.048828 0.048828
0 0.894802 0.110194 0.048828 0.048828