0 0.099523 0.137729 0.048828 0.048828
0 0.200016 0.050862 0.048828 0.048828
0 0.419739 0.210969 0.048828 0.048828
0 0.387376 0.221189 0.048828 0.048828
0 0.339685 0.229705 0.048828 0.048828
0 0.314136 0.260364 0.048828 0.048828
0 0.273257 0.277397 0.048828 0.048828
0 0.239192 0.280804 0.048828 0.048828
0 0.181280 0.289320 0.048828 0.048828
0 0.142105 0.258661 0.048828 0.048828
0 0.566220 0.255255 0.048828 0.048828
0 0.952863 0.129212 0.048828 0.048828
0 0.838744 0.158168 0.048828 0.048828
0 0.811491 0.185420 0.048828 0.048828
0 0.765503 0.193937 0.048828 0.048828
0 0.959676 0.340418 0.048828 0.048828
0 0.961379 0.408549 0.048828 0.048828
0 0.828524 0.364264 0.048828 0.048828
0 0.666713 0.451131 0.048828 0.048828
0 0.624131 0.449428 0.048828 0.048828
0 0.613912 0.488603 0.048828 0.048828
0 0.647977 0.503932 0.048828 0.048828
0 0.707592 0.497119 0.048828 0.048828
0 0.738251 0.553327 0.048828 0.048828
0 0.692262 0.553327 0.048828 0.048828
0 0.528748 0.577173 0.048828 0.048828
0 0.566220 0.493713 0.048828 0.048828
0 0.535561 0.507339 0.048828 0.048828
0 0.452101 0.478383 0.048828 0.048828
0 0.448694 0.718545 0.048828 0.048828
0 0.385673 0.718545 0.048828 0.048828
0 0.332872 0.759423 0.048828 0.048828
0 0.370344 0.774753 0.048828 0.048828
0 0.440178 0.778159 0.048828 0.048828
0 0.477650 0.771346 0.048828 0.048828
0 0.521935 0.750907 0.048828 0.048828
0 0.530451 0.778159 0.048828 0.048828
0 0.578143 0.788379 0.048828 0.048828
0 0.613912 0.757720 0.048828 0.048828
0 0.637757 0.737281 0.048828 0.048828
0 0.682043 0.744094 0.048828 0.048828
0 0.278367 0.778159 0.048828 0.048828
0 0.249411 0.796895 0.048828 0.048828
0 0.177874 0.791785 0.048828 0.048828
0 0.901765 0.379593 0.048828 0.048828
0 0.416332 0.885465 0.048828 0.048828
0 0.544077 0.876949 0.048828 0.048828
0 0.513419 0.893982 0.048828 0.048828
0 0.445288 0.965519 0.048828 0.048828
0 0.608802 0.033829 0.048828 0.048828
0 0.237488 0.095147 0.048828 0.048828
0 0.089304 0.209266 0.048828 0.048828
0 0.172764 0.180311 0.048828 0.048828
0 0.174467 0.132619 0.048828 0.048828
0 0.286883 0.110476 0.048828 0.048828
0 0.246005 0.149652 0.048828 0.048828
0 0.481056 0.061081 0.048828 0.048828
0 0.349904 0.273991 0.048828 0.048828
0 0.411222 0.284210 0.048828 0.048828
0 0.462320 0.263771 0.048828 0.048828
0 0.504902 0.265474 0.048828 0.048828
0 0.489573 0.231409 0.048828 0.048828
0 0.542374 0.229705 0.048828 0.048828
0 0.923907 0.078114 0.048828 0.048828
0 0.956269 0.054268 0.048828 0.048828
0 0.470837 0.861620 0.048828 0.048828
0 0.327762 0.817335 0.048828 0.048828
0 0.779129 0.500526 0.048828 0.048828
0 0.808085 0.498823 0.048828 0.048828
0 0.825117 0.466460 0.048828 0.048828
0 0.876216 0.408549 0.048828 0.048828
0 0.792755 0.413659 0.048828 0.048828
0 0.702482 0.422175 0.048828 0.048828
0 0.733141 0.444318 0.048828 0.048828
0 0.879622 0.306353 0.048828 0.048828
0 0.721218 0.222892 0.048828 0.048828
0 0.707592 0.262068 0.048828 0.048828