0 0.235386 0.946982 0.048828 0.048828
0 0.199357 0.919650 0.048828 0.048828
0 0.157116 0.894802 0.048828 0.048828
0 0.101209 0.871197 0.048828 0.048828
0 0.157116 0.959406 0.048828 0.048828
0 0.098725 0.971830 0.048828 0.048828
0 0.117360 0.920892 0.048828 0.048828
0 0.058968 0.919650 0.048828 0.048828
0 0.004304 0.940770 0.048828 0.048828
0 0.111148 0.806593 0.048828 0.048828
0 0.051514 0.867470 0.048828 0.048828
0 0.015485 0.847592 0.048828 0.048828
0 0.040333 0.799139 0.048828 0.048828
0 0.073877 0.776776 0.048828 0.048828
0 0.000577 0.692294 0.048828 0.048828
0 0.072635 0.349397 0.048828 0.048828
0 0.083816 0.415243 0.048828 0.048828
0 0.049029 0.458727 0.048828 0.048828
0 0.032878 0.522088 0.048828 0.048828
0 0.006788 0.425182 0.048828 0.048828
0 0.482620 0.991708 0.048828 0.048828
0 0.456530 0.934558 0.048828 0.048828
0 0.413047 0.920892 0.048828 0.048828
0 0.354655 0.944497 0.048828 0.048828
0 0.562132 0.953194 0.048828 0.048828
0 0.583253 0.917165 0.048828 0.048828
0 0.577041 0.889833 0.048828 0.048828
0 0.620524 0.866227 0.048828 0.048828
0 0.340989 0.920892 0.048828 0.048828
0 0.384472 0.899772 0.048828 0.048828
0 0.439137 0.879894 0.048828 0.048828
0 0.467712 0.896045 0.048828 0.048828
0 0.532315 0.879894 0.048828 0.048828
0 0.544739 0.840137 0.048828 0.048828
0 0.580768 0.833925 0.048828 0.048828
0 0.625494 0.801624 0.048828 0.048828
0 0.553436 0.712172 0.048828 0.048828
0 0.527346 0.681113 0.048828 0.048828
0 0.519892 0.625206 0.048828 0.048828
0 0.487590 0.676143 0.048828 0.048828
0 0.501256 0.759383 0.048828 0.048828
0 0.487590 0.795412 0.048828 0.048828
0 0.454045 0.774291 0.048828 0.048828
0 0.398138 0.778018 0.048828 0.048828
0 0.446591 0.703476 0.048828 0.048828
0 0.427955 0.632660 0.048828 0.048828
0 0.383230 0.632660 0.048828 0.048828
0 0.319868 0.614024 0.048828 0.048828
0 0.270173 0.597873 0.048828 0.048828
0 0.327323 0.678628 0.048828 0.048828
0 0.349685 0.708445 0.048828 0.048828
0 0.414289 0.735777 0.048828 0.048828
0 0.358382 0.746959 0.048828 0.048828
0 0.303717 0.741989 0.048828 0.048828
0 0.254022 0.687325 0.048828 0.048828
0 0.234144 0.738262 0.048828 0.048828
0 0.481378 0.853804 0.048828 0.048828
0 0.434167 0.840137 0.048828 0.048828
0 0.350928 0.835168 0.048828 0.048828
0 0.303717 0.825229 0.048828 0.048828
0 0.324838 0.882378 0.048828 0.048828
0 0.254022 0.851319 0.048828 0.048828
0 0.257749 0.761867 0.048828 0.048828
0 0.225447 0.801624 0.048828 0.048828
0 0.213024 0.857531 0.048828 0.048828
0 0.219235 0.882378 0.048828 0.048828
0 0.275143 0.927104 0.048828 0.048828
0 0.179479 0.805351 0.048828 0.048828
0 0.148420 0.760625 0.048828 0.048828
0 0.144693 0.715899 0.048828 0.048828
0 0.201842 0.715899 0.048828 0.048828
0 0.217993 0.650053 0.048828 0.048828
0 0.168298 0.650053 0.048828 0.048828
0 0.172025 0.597873 0.048828 0.048828
0 0.175752 0.546936 0.048828 0.048828
0 0.164571 0.482332 0.048828 0.048828
0 0.135996 0.595388 0.048828 0.048828
0 0.111148 0.534512 0.048828 0.048828
0 0.091270 0.586692 0.048828 0.048828
0 0.104936 0.638872 0.048828 0.048828
0 0.081331 0.669931 0.048828 0.048828
0 0.085058 0.738262 0.048828 0.048828
0 0.252780 0.985496 0.048828 0.048828