0 0.326792 0.020203 0.048828 0.048828
0 0.241628 0.003170 0.048828 0.048828
0 0.153058 0.129212 0.048828 0.048828
0 0.038939 0.158168 0.048828 0.048828
0 0.011687 0.185420 0.048828 0.048828
0 0.159871 0.340418 0.048828 0.048828
0 0.161575 0.408549 0.048828 0.048828
0 0.028719 0.364264 0.048828 0.048828
0 0.101960 0.379593 0.048828 0.048828
0 0.124103 0.078114 0.048828 0.048828
0 0.156465 0.054268 0.048828 0.048828
0 0.008280 0.498823 0.048828 0.048828
0 0.025313 0.466460 0.048828 0.048828
0 0.076411 0.408549 0.048828 0.048828
0 0.079817 0.306353 0.048828 0.048828