0 0.270148 0.008475 0.048828 0.048828
0 0.313582 0.033899 0.048828 0.048828
0 0.336888 0.082630 0.048828 0.048828
0 0.311463 0.100639 0.048828 0.048828
0 0.344303 0.147250 0.048828 0.048828
0 0.307226 0.170556 0.048828 0.048828
0 0.324175 0.235176 0.048828 0.048828
0 0.389855 0.254245 0.048828 0.048828
0 0.424814 0.156784 0.048828 0.048828
0 0.464010 0.195980 0.048828 0.048828
0 0.496850 0.255304 0.048828 0.048828
0 0.554055 0.343230 0.048828 0.048828
0 0.523334 0.357002 0.048828 0.048828
0 0.491553 0.377130 0.048828 0.048828
0 0.426933 0.399376 0.048828 0.048828
0 0.431170 0.315687 0.048828 0.048828
0 0.516978 0.304034 0.048828 0.048828
0 0.426933 0.358061 0.048828 0.048828
0 0.385618 0.333696 0.048828 0.048828
0 0.350659 0.298738 0.048828 0.048828
0 0.331591 0.337934 0.048828 0.048828
0 0.306166 0.449166 0.048828 0.048828
0 0.301929 0.484124 0.048828 0.048828
0 0.346422 0.457640 0.048828 0.048828
0 0.375024 0.433275 0.048828 0.048828
0 0.427992 0.440691 0.048828 0.048828
0 0.452357 0.461878 0.048828 0.048828
0 0.473544 0.480946 0.048828 0.048828
0 0.422695 0.511667 0.048828 0.048828
0 0.537105 0.544507 0.048828 0.048828
0 0.501087 0.546626 0.048828 0.048828
0 0.501087 0.613365 0.048828 0.048828
0 0.427992 0.607009 0.048828 0.048828
0 0.376084 0.592178 0.048828 0.048828
0 0.425873 0.559338 0.048828 0.048828
0 0.419517 0.685401 0.048828 0.048828
0 0.451298 0.699173 0.048828 0.048828
0 0.400449 0.714004 0.048828 0.048828
0 0.361253 0.726716 0.048828 0.048828
0 0.401508 0.765912 0.048828 0.048828
0 0.401508 0.848542 0.048828 0.048828
0 0.367609 0.854898 0.048828 0.048828
0 0.436467 0.877144 0.048828 0.048828
0 0.391974 0.912103 0.048828 0.048828
0 0.448120 0.943883 0.048828 0.048828
0 0.363372 0.965070 0.048828 0.048828
0 0.411042 0.971427 0.048828 0.048828