0 0.401508 0.048737 0.048828 0.048828
0 0.367609 0.055093 0.048828 0.048828
0 0.436467 0.077340 0.048828 0.048828
0 0.391974 0.112298 0.048828 0.048828
0 0.448120 0.144079 0.048828 0.048828
0 0.363372 0.165266 0.048828 0.048828
0 0.411042 0.171622 0.048828 0.048828
0 0.366508 0.201634 0.048828 0.048828
0 0.445598 0.201634 0.048828 0.048828
0 0.406610 0.223913 0.048828 0.048828
0 0.367622 0.255104 0.048828 0.048828
0 0.313038 0.276269 0.048828 0.048828
0 0.402154 0.284066 0.048828 0.048828
0 0.468991 0.252876 0.048828 0.048828
0 0.485700 0.278496 0.048828 0.048828
0 0.480130 0.303003 0.048828 0.048828
0 0.501295 0.337536 0.048828 0.048828
0 0.518005 0.370954 0.048828 0.048828
0 0.425547 0.296320 0.048828 0.048828
0 0.464535 0.349789 0.048828 0.048828
0 0.417749 0.344219 0.048828 0.048828
0 0.375419 0.316371 0.048828 0.048828
0 0.397698 0.369840 0.048828 0.048828
0 0.366508 0.346447 0.048828 0.048828
0 0.385445 0.405486 0.048828 0.048828
0 0.380989 0.452272 0.048828 0.048828
0 0.416635 0.436677 0.048828 0.048828
0 0.445598 0.405486 0.048828 0.048828
0 0.465649 0.428879 0.048828 0.048828
0 0.493498 0.409942 0.048828 0.048828
0 0.501295 0.492374 0.048828 0.048828
0 0.487928 0.560325 0.048828 0.048828
0 0.526916 0.599313 0.048828 0.048828
0 0.569246 0.616022 0.048828 0.048828
0 0.529144 0.642757 0.048828 0.048828
0 0.583728 0.662808 0.048828 0.048828
0 0.503523 0.711822 0.048828 0.048828
0 0.422205 0.700682 0.048828 0.048828
0 0.423319 0.777545 0.048828 0.048828
0 0.567018 0.737443 0.048828 0.048828
0 0.549195 0.845496 0.048828 0.048828
0 0.513549 0.820989 0.048828 0.048828
0 0.504637 0.931270 0.048828 0.048828
0 0.470105 0.875572 0.048828 0.048828
0 0.450054 0.907877 0.048828 0.048828
0 0.452282 0.945751 0.048828 0.048828