0 0.509211 0.001701 0.013298 0.009800
0 0.521039 0.006804 0.013298 0.009800
0 0.527386 0.016584 0.013298 0.009800
0 0.520462 0.020199 0.013298 0.009800
0 0.529406 0.029554 0.013298 0.009800
0 0.519308 0.034232 0.013298 0.009800
0 0.523924 0.047201 0.013298 0.009800
0 0.541812 0.051028 0.013298 0.009800
0 0.551332 0.031467 0.013298 0.009800
0 0.562007 0.039334 0.013298 0.009800
0 0.570951 0.051241 0.013298 0.009800
0 0.586530 0.068888 0.013298 0.009800
0 0.578163 0.071652 0.013298 0.009800
0 0.569508 0.075692 0.013298 0.009800
0 0.551909 0.080157 0.013298 0.009800
0 0.553063 0.063360 0.013298 0.009800
0 0.576432 0.061021 0.013298 0.009800
0 0.551909 0.071865 0.013298 0.009800
0 0.540658 0.066975 0.013298 0.009800
0 0.531137 0.059958 0.013298 0.009800
0 0.525944 0.067825 0.013298 0.009800
0 0.519020 0.090150 0.013298 0.009800
0 0.517866 0.097166 0.013298 0.009800
0 0.529983 0.091851 0.013298 0.009800
0 0.537773 0.086961 0.013298 0.009800
0 0.552198 0.088449 0.013298 0.009800
0 0.558833 0.092701 0.013298 0.009800
0 0.564604 0.096529 0.013298 0.009800
0 0.550755 0.102695 0.013298 0.009800
0 0.581914 0.109286 0.013298 0.009800
0 0.572105 0.109711 0.013298 0.009800
0 0.572105 0.123106 0.013298 0.009800
0 0.552198 0.121830 0.013298 0.009800
0 0.538061 0.118853 0.013298 0.009800
0 0.551621 0.112262 0.013298 0.009800
0 0.549890 0.137564 0.013298 0.009800
0 0.558545 0.140328 0.013298 0.009800
0 0.544697 0.143305 0.013298 0.009800
0 0.534022 0.145856 0.013298 0.009800
0 0.544985 0.153723 0.013298 0.009800
0 0.544985 0.170307 0.013298 0.009800
0 0.535753 0.171583 0.013298 0.009800
0 0.554506 0.176048 0.013298 0.009800
0 0.542389 0.183064 0.013298 0.009800
0 0.557679 0.189443 0.013298 0.009800
0 0.534599 0.193695 0.013298 0.009800
0 0.547582 0.194971 0.013298 0.009800
0 0.535453 0.200994 0.013298 0.009800
0 0.556993 0.200994 0.013298 0.009800
0 0.546375 0.205466 0.013298 0.009800
0 0.535757 0.211726 0.013298 0.009800
0 0.520891 0.215974 0.013298 0.009800
0 0.545161 0.217539 0.013298 0.009800
0 0.563363 0.211279 0.013298 0.009800
0 0.567914 0.216421 0.013298 0.009800
0 0.566397 0.221340 0.013298 0.009800
0 0.572161 0.228271 0.013298 0.009800
0 0.576712 0.234978 0.013298 0.009800
0 0.551532 0.219998 0.013298 0.009800
0 0.562150 0.230730 0.013298 0.009800
0 0.549408 0.229612 0.013298 0.009800
0 0.537880 0.224023 0.013298 0.009800
0 0.543948 0.234754 0.013298 0.009800
0 0.535453 0.230059 0.013298 0.009800
0 0.540611 0.241909 0.013298 0.009800
0 0.539397 0.251299 0.013298 0.009800
0 0.549105 0.248169 0.013298 0.009800
0 0.556993 0.241909 0.013298 0.009800
0 0.562453 0.246604 0.013298 0.009800
0 0.570038 0.242803 0.013298 0.009800
0 0.572161 0.259348 0.013298 0.009800
0 0.568521 0.272986 0.013298 0.009800
0 0.579139 0.280811 0.013298 0.009800
0 0.590667 0.284164 0.013298 0.009800
0 0.579746 0.289530 0.013298 0.009800
0 0.594611 0.293555 0.013298 0.009800
0 0.572768 0.303392 0.013298 0.009800
0 0.550622 0.301156 0.013298 0.009800
0 0.550925 0.316583 0.013298 0.009800
0 0.590060 0.308534 0.013298 0.009800
0 0.585206 0.330221 0.013298 0.009800
0 0.575498 0.325302 0.013298 0.009800
0 0.573071 0.347436 0.013298 0.009800
0 0.563667 0.336258 0.013298 0.009800
0 0.558206 0.342741 0.013298 0.009800
0 0.558813 0.350343 0.013298 0.009800
0 0.587330 0.377172 0.013298 0.009800
0 0.537880 0.371135 0.013298 0.009800
0 0.546071 0.362639 0.013298 0.009800