0 0.925302 0.979515 0.048828 0.048828
0 0.882133 0.985539 0.048828 0.048828
0 0.795794 0.984535 0.048828 0.048828
0 0.758648 0.951405 0.048828 0.048828
0 0.843983 0.935342 0.048828 0.048828
0 0.889160 0.953413 0.048828 0.048828
0 0.945381 0.917271 0.048828 0.048828
0 0.987547 0.941365 0.048828 0.048828
0 0.910243 0.880125 0.048828 0.048828
0 0.946385 0.874101 0.048828 0.048828
0 0.932330 0.837959 0.048828 0.048828
0 0.927310 0.779731 0.048828 0.048828
0 0.946385 0.729534 0.048828 0.048828
0 0.934338 0.687368 0.048828 0.048828
0 0.987547 0.664278 0.048828 0.048828
0 0.926306 0.625124 0.048828 0.048828
0 0.871089 0.621108 0.048828 0.048828
0 0.857034 0.663274 0.048828 0.048828
0 0.903216 0.680341 0.048828 0.048828
0 0.868078 0.725518 0.048828 0.048828
0 0.888156 0.774711 0.048828 0.048828
0 0.808845 0.781739 0.048828 0.048828
0 0.865066 0.817881 0.048828 0.048828
0 0.850007 0.874101 0.048828 0.048828
0 0.773707 0.857034 0.048828 0.048828
0 0.749613 0.899200 0.048828 0.048828
0 0.708451 0.909239 0.048828 0.048828
0 0.677329 0.964456 0.048828 0.048828
0 0.630144 0.926306 0.048828 0.048828
0 0.591994 0.882133 0.048828 0.048828
0 0.563883 0.922290 0.048828 0.048828
0 0.634159 0.872093 0.048828 0.048828
0 0.638175 0.828924 0.048828 0.048828
0 0.681345 0.867074 0.048828 0.048828
0 0.702427 0.824908 0.048828 0.048828
0 0.750617 0.800814 0.048828 0.048828
0 0.744593 0.738569 0.048828 0.048828
0 0.809849 0.733550 0.048828 0.048828
0 0.791778 0.675321 0.048828 0.048828
0 0.733550 0.674317 0.048828 0.048828
0 0.684356 0.669297 0.048828 0.048828
0 0.652230 0.641187 0.048828 0.048828
0 0.600025 0.673313 0.048828 0.048828
0 0.625124 0.729534 0.048828 0.048828
0 0.588982 0.723510 0.048828 0.048828
0 0.616088 0.791778 0.048828 0.048828
0 0.577939 0.777723 0.048828 0.048828
0 0.525734 0.733550 0.048828 0.048828
0 0.530753 0.784751 0.048828 0.048828
0 0.514690 0.826916 0.048828 0.048828
0 0.573923 0.832940 0.048828 0.048828
0 0.512682 0.936346 0.048828 0.048828
0 0.624120 0.998590 0.048828 0.048828
0 0.579947 0.967468 0.048828 0.048828
0 0.492604 0.995578 0.048828 0.048828
0 0.455458 0.966464 0.048828 0.048828
0 0.407269 0.962448 0.048828 0.048828
0 0.446422 0.916267 0.048828 0.048828
0 0.437387 0.870085 0.048828 0.048828
0 0.464493 0.813865 0.048828 0.048828
0 0.423332 0.820892 0.048828 0.048828
0 0.373135 0.842979 0.048828 0.048828
0 0.352052 0.780735 0.048828 0.048828
0 0.416304 0.769691 0.048828 0.048828
0 0.463489 0.773707 0.048828 0.048828
0 0.407269 0.725518 0.048828 0.048828
0 0.465497 0.714475 0.048828 0.048828
0 0.546816 0.688372 0.048828 0.048828
0 0.493608 0.649218 0.048828 0.048828
0 0.541797 0.634159 0.048828 0.048828
0 0.633155 0.601029 0.048828 0.048828
0 0.454454 0.604041 0.048828 0.048828
0 0.519710 0.604041 0.048828 0.048828
0 0.418312 0.677329 0.048828 0.048828
0 0.379158 0.684356 0.048828 0.048828
0 0.336993 0.727526 0.048828 0.048828
0 0.291815 0.785754 0.048828 0.048828
0 0.302859 0.841975 0.048828 0.048828
0 0.320930 0.877113 0.048828 0.048828
0 0.384178 0.889160 0.048828 0.048828
0 0.352052 0.948393 0.048828 0.048828
0 0.317918 0.971484 0.048828 0.048828
0 0.312898 0.931326 0.048828 0.048828
0 0.287800 0.900204 0.048828 0.048828
0 0.242622 0.926306 0.048828 0.048828
0 0.271737 0.960440 0.048828 0.048828
0 0.192425 0.984535 0.048828 0.048828
0 0.183390 0.939357 0.048828 0.048828
0 0.130181 0.945381 0.048828 0.048828
0 0.938353 0.502643 0.048828 0.048828
0 0.878117 0.511679 0.048828 0.048828
0 0.928314 0.559868 0.048828 0.048828
0 0.865066 0.583962 0.048828 0.048828
0 0.823904 0.571915 0.048828 0.048828
0 0.775715 0.524730 0.048828 0.048828
0 0.719494 0.541797 0.048828 0.048828
0 0.689376 0.560872 0.048828 0.048828
0 0.634159 0.561876 0.048828 0.048828
0 0.830932 0.450438 0.048828 0.048828
0 0.752624 0.481560 0.048828 0.048828
0 0.673313 0.508667 0.048828 0.048828
0 0.616088 0.521718 0.048828 0.048828
0 0.564887 0.511679 0.048828 0.048828
0 0.547820 0.548824 0.048828 0.048828
0 0.443411 0.564887 0.048828 0.048828
0 0.469513 0.526738 0.048828 0.048828
0 0.506659 0.498627 0.048828 0.048828
0 0.449434 0.477545 0.048828 0.048828
0 0.399237 0.520714 0.048828 0.048828
0 0.400241 0.468509 0.048828 0.048828
0 0.379158 0.577939 0.048828 0.048828
0 0.340005 0.609061 0.048828 0.048828
0 0.334985 0.565891 0.048828 0.048828
0 0.335989 0.521718 0.048828 0.048828
0 0.322938 0.476541 0.048828 0.048828
0 0.298843 0.435379 0.048828 0.048828
0 0.273745 0.465497 0.048828 0.048828
0 0.271737 0.528746 0.048828 0.048828
0 0.290812 0.583962 0.048828 0.048828
0 0.256678 0.561876 0.048828 0.048828
0 0.251658 0.610065 0.048828 0.048828
0 0.272741 0.645203 0.048828 0.048828
0 0.236599 0.654238 0.048828 0.048828
0 0.313902 0.688372 0.048828 0.048828
0 0.284788 0.748609 0.048828 0.048828
0 0.227563 0.726522 0.048828 0.048828
0 0.236599 0.782743 0.048828 0.048828
0 0.265713 0.846995 0.048828 0.048828
0 0.189413 0.882133 0.048828 0.048828
0 0.208488 0.854022 0.048828 0.048828
0 0.205477 0.817881 0.048828 0.048828
0 0.191421 0.750617 0.048828 0.048828
0 0.213508 0.707447 0.048828 0.048828
0 0.185398 0.685360 0.048828 0.048828
0 0.184394 0.636167 0.048828 0.048828
0 0.199453 0.585970 0.048828 0.048828
0 0.210496 0.530753 0.048828 0.048828
0 0.141224 0.527742 0.048828 0.048828
0 0.149256 0.592998 0.048828 0.048828
0 0.127169 0.653234 0.048828 0.048828
0 0.088015 0.681345 0.048828 0.048828
0 0.118134 0.734553 0.048828 0.048828
0 0.144236 0.784751 0.048828 0.048828
0 0.143232 0.850007 0.048828 0.048828
0 0.130181 0.914259 0.048828 0.048828
0 0.882133 0.406265 0.048828 0.048828
0 0.849003 0.360083 0.048828 0.048828
0 0.837959 0.397229 0.048828 0.048828
0 0.787762 0.376147 0.048828 0.048828
0 0.831936 0.318922 0.048828 0.048828
0 0.821896 0.277760 0.048828 0.048828
0 0.806837 0.299847 0.048828 0.048828
0 0.757644 0.300851 0.048828 0.048828
0 0.801818 0.238607 0.048828 0.048828
0 0.740577 0.268725 0.048828 0.048828
0 0.682349 0.278764 0.048828 0.048828
0 0.687368 0.322938 0.048828 0.048828
0 0.719494 0.347032 0.048828 0.048828
0 0.673313 0.404257 0.048828 0.048828
0 0.715479 0.423332 0.048828 0.048828
0 0.757644 0.427348 0.048828 0.048828
0 0.704435 0.473529 0.048828 0.048828
0 0.670301 0.436383 0.048828 0.048828
0 0.630144 0.385182 0.048828 0.048828
0 0.623116 0.425340 0.048828 0.048828
0 0.582958 0.457466 0.048828 0.048828
0 0.633155 0.471521 0.048828 0.048828
0 0.512682 0.436383 0.048828 0.048828
0 0.570911 0.392210 0.048828 0.048828
0 0.578943 0.331973 0.048828 0.048828
0 0.616088 0.279768 0.048828 0.048828
0 0.665282 0.362091 0.048828 0.048828
0 0.539789 0.360083 0.048828 0.048828
0 0.525734 0.287800 0.048828 0.048828
0 0.461482 0.300851 0.048828 0.048828
0 0.443411 0.345024 0.048828 0.048828
0 0.478549 0.403253 0.048828 0.048828
0 0.435379 0.427348 0.048828 0.048828
0 0.378154 0.385182 0.048828 0.048828
0 0.315910 0.367111 0.048828 0.048828
0 0.388194 0.320930 0.048828 0.048828
0 0.327957 0.319926 0.048828 0.048828
0 0.273745 0.307879 0.048828 0.048828
0 0.252662 0.347032 0.048828 0.048828
0 0.232583 0.377150 0.048828 0.048828
0 0.259689 0.403253 0.048828 0.048828
0 0.230575 0.423332 0.048828 0.048828
0 0.177366 0.376147 0.048828 0.048828
0 0.112110 0.396225 0.048828 0.048828
0 0.102071 0.430359 0.048828 0.048828
0 0.166323 0.432367 0.048828 0.048828
0 0.209492 0.481560 0.048828 0.048828
0 0.141224 0.475537 0.048828 0.048828
0 0.075968 0.489592 0.048828 0.048828
0 0.035811 0.454454 0.048828 0.048828
0 0.039826 0.399237 0.048828 0.048828
0 0.052878 0.342013 0.048828 0.048828
0 0.117130 0.341009 0.048828 0.048828
0 0.007700 0.285792 0.048828 0.048828
0 0.020751 0.259689 0.048828 0.048828
0 0.063921 0.298843 0.048828 0.048828
0 0.157287 0.301855 0.048828 0.048828
0 0.236599 0.289808 0.048828 0.048828
0 0.300851 0.263705 0.048828 0.048828
0 0.376147 0.276756 0.048828 0.048828
0 0.379158 0.234591 0.048828 0.048828
0 0.336993 0.234591 0.048828 0.048828
0 0.322938 0.190417 0.048828 0.048828
0 0.245634 0.231579 0.048828 0.048828
0 0.172346 0.254670 0.048828 0.048828
0 0.133193 0.250654 0.048828 0.048828
0 0.016736 0.204473 0.048828 0.048828
0 0.071952 0.216520 0.048828 0.048828
0 0.028783 0.159295 0.048828 0.048828
0 0.079984 0.160299 0.048828 0.048828
0 0.055889 0.110102 0.048828 0.048828
0 0.114118 0.110102 0.048828 0.048828
0 0.141224 0.180378 0.048828 0.048828
0 0.174354 0.155280 0.048828 0.048828
0 0.222544 0.172346 0.048828 0.048828
0 0.267721 0.169335 0.048828 0.048828
0 0.320930 0.144236 0.048828 0.048828
0 0.381166 0.153272 0.048828 0.048828
0 0.413292 0.182386 0.048828 0.048828
0 0.448430 0.210496 0.048828 0.048828
0 0.478549 0.259689 0.048828 0.048828
0 0.548824 0.249650 0.048828 0.048828
0 0.539789 0.203469 0.048828 0.048828
0 0.619100 0.229571 0.048828 0.048828
0 0.682349 0.214512 0.048828 0.048828
0 0.738569 0.207484 0.048828 0.048828
0 0.786758 0.171343 0.048828 0.048828
0 0.735557 0.159295 0.048828 0.048828
0 0.685360 0.145240 0.048828 0.048828
0 0.639179 0.141224 0.048828 0.048828
0 0.588982 0.160299 0.048828 0.048828
0 0.526738 0.143232 0.048828 0.048828
0 0.467505 0.168331 0.048828 0.048828
0 0.438391 0.127169 0.048828 0.048828
0 0.432367 0.089019 0.048828 0.048828
0 0.503647 0.097051 0.048828 0.048828
0 0.551836 0.075968 0.048828 0.048828
0 0.567899 0.120142 0.048828 0.048828
0 0.631148 0.085004 0.048828 0.048828
0 0.693392 0.096047 0.048828 0.048828
0 0.748609 0.105082 0.048828 0.048828
0 0.300851 0.078980 0.048828 0.048828
0 0.238607 0.072956 0.048828 0.048828
0 0.166323 0.072956 0.048828 0.048828
0 0.051874 0.070948 0.048828 0.048828
0 0.696404 0.053881 0.048828 0.048828
0 0.739573 0.010712 0.048828 0.048828
0 0.624120 0.043842 0.048828 0.048828
0 0.552840 0.023763 0.048828 0.048828
0 0.473529 0.022759 0.048828 0.048828
0 0.424336 0.037818 0.048828 0.048828
0 0.386186 0.024767 0.048828 0.048828
0 0.159295 0.008704 0.048828 0.048828
0 0.077976 0.002680 0.048828 0.048828
0 0.105082 0.055889 0.048828 0.048828
0 0.064925 0.992566 0.048828 0.048828
0 0.035811 0.960440 0.048828 0.048828
0 0.071952 0.933334 0.048828 0.048828
0 0.071952 0.889160 0.048828 0.048828
0 0.018744 0.911247 0.048828 0.048828
0 0.011716 0.862054 0.048828 0.048828
0 0.089019 0.852015 0.048828 0.048828
0 0.024767 0.806837 0.048828 0.048828
0 0.089019 0.792782 0.048828 0.048828
0 0.066933 0.752624 0.048828 0.048828
0 0.026775 0.768687 0.048828 0.048828
0 0.019747 0.708451 0.048828 0.048828
0 0.027779 0.666285 0.048828 0.048828
0 0.072956 0.625124 0.048828 0.048828
0 0.096047 0.583962 0.048828 0.048828
0 0.084000 0.539789 0.048828 0.048828
0 0.038822 0.598017 0.048828 0.048828
0 0.030791 0.558864 0.048828 0.048828
0 0.024767 0.510675 0.048828 0.048828