0 0.416806 0.789036 0.012261 0.008646
0 0.416806 0.796642 0.012261 0.008646
0 0.411413 0.811311 0.012261 0.008646
0 0.418860 0.808413 0.012261 0.008646
0 0.430160 0.805335 0.012261 0.008646
0 0.428876 0.798272 0.012261 0.008646
0 0.443771 0.789941 0.012261 0.008646
0 0.443514 0.795736 0.012261 0.008646
0 0.441973 0.805878 0.012261 0.008646
0 0.459180 0.810586 0.012261 0.008646
0 0.454300 0.802437 0.012261 0.008646
0 0.464830 0.800988 0.012261 0.008646
0 0.473048 0.808413 0.012261 0.008646
0 0.480752 0.808051 0.012261 0.008646
0 0.488199 0.811130 0.012261 0.008646
0 0.475359 0.815114 0.012261 0.008646
0 0.463032 0.817649 0.012261 0.008646
0 0.474588 0.822177 0.012261 0.008646
0 0.485118 0.818917 0.012261 0.008646
0 0.489997 0.862742 0.012261 0.008646
0 0.483834 0.858215 0.012261 0.008646
0 0.477670 0.850246 0.012261 0.008646
0 0.502067 0.849703 0.012261 0.008646
0 0.490254 0.842821 0.012261 0.008646
0 0.482806 0.835759 0.012261 0.008646
0 0.506176 0.842821 0.012261 0.008646
0 0.499756 0.836121 0.012261 0.008646
0 0.494620 0.831956 0.012261 0.008646
0 0.494363 0.824350 0.012261 0.008646
0 0.514394 0.834491 0.012261 0.008646
0 0.508231 0.828696 0.012261 0.008646
0 0.504379 0.821090 0.012261 0.008646
0 0.500013 0.815657 0.012261 0.008646
0 0.575002 0.867269 0.012261 0.008646
0 0.570379 0.860026 0.012261 0.008646
0 0.578597 0.852057 0.012261 0.008646
0 0.580138 0.844089 0.012261 0.008646
0 0.587329 0.834672 0.012261 0.008646
0 0.594776 0.836483 0.012261 0.008646
0 0.596574 0.844270 0.012261 0.008646
0 0.561904 0.853868 0.012261 0.008646
0 0.549834 0.847711 0.012261 0.008646
0 0.537507 0.841735 0.012261 0.008646
0 0.520301 0.828515 0.012261 0.008646
0 0.535710 0.830869 0.012261 0.008646
0 0.551118 0.833042 0.012261 0.008646
0 0.564729 0.832318 0.012261 0.008646
0 0.577313 0.829239 0.012261 0.008646
0 0.597601 0.825798 0.012261 0.008646
0 0.615321 0.822720 0.012261 0.008646
0 0.612753 0.829420 0.012261 0.008646
0 0.623283 0.830326 0.012261 0.008646
0 0.608387 0.839562 0.012261 0.008646
0 0.596574 0.851514 0.012261 0.008646
0 0.590411 0.853868 0.012261 0.008646
0 0.596831 0.861837 0.012261 0.008646
0 0.605049 0.850065 0.012261 0.008646
0 0.618660 0.853325 0.012261 0.008646
0 0.622255 0.860931 0.012261 0.008646
0 0.629446 0.858939 0.012261 0.008646
0 0.638178 0.843546 0.012261 0.008646
0 0.633812 0.838294 0.012261 0.008646
0 0.587842 0.873608 0.012261 0.008646
0 0.681322 0.854049 0.012261 0.008646
0 0.661548 0.781611 0.012261 0.008646
0 0.672077 0.787768 0.012261 0.008646
0 0.697758 0.786319 0.012261 0.008646
0 0.696217 0.777989 0.012261 0.008646
0 0.707260 0.781430 0.012261 0.008646
0 0.714708 0.787044 0.012261 0.008646
0 0.717533 0.774910 0.012261 0.008646
0 0.729089 0.777989 0.012261 0.008646
0 0.674131 0.797004 0.012261 0.008646
0 0.674645 0.773099 0.012261 0.008646
0 0.671563 0.765131 0.012261 0.008646
0 0.646396 0.778895 0.012261 0.008646
0 0.641773 0.771470 0.012261 0.008646
0 0.633555 0.763139 0.012261 0.008646
0 0.692365 0.772013 0.012261 0.008646
0 0.700326 0.768210 0.012261 0.008646
0 0.711112 0.766218 0.012261 0.008646
0 0.666684 0.755352 0.012261 0.008646
0 0.663088 0.747022 0.012261 0.008646
0 0.643827 0.750644 0.012261 0.008646
0 0.648707 0.822720 0.012261 0.008646
0 0.645112 0.813122 0.012261 0.008646
0 0.638691 0.800988 0.012261 0.008646
0 0.625594 0.804067 0.012261 0.008646
0 0.627392 0.797366 0.012261 0.008646
0 0.628419 0.789941 0.012261 0.008646
0 0.629703 0.778351 0.012261 0.008646
0 0.619174 0.775997 0.012261 0.008646
0 0.618660 0.767485 0.012261 0.008646
0 0.617119 0.759155 0.012261 0.008646
0 0.606076 0.760966 0.012261 0.008646
0 0.619687 0.816744 0.012261 0.008646
0 0.601454 0.816200 0.012261 0.008646
0 0.613524 0.809138 0.012261 0.008646
0 0.606076 0.804248 0.012261 0.008646
0 0.595033 0.806964 0.012261 0.008646
0 0.584761 0.812035 0.012261 0.008646
0 0.569866 0.813484 0.012261 0.008646
0 0.580395 0.804972 0.012261 0.008646
0 0.561134 0.807327 0.012261 0.008646
0 0.559080 0.821814 0.012261 0.008646
0 0.545212 0.821633 0.012261 0.008646
0 0.533398 0.823625 0.012261 0.008646
0 0.528262 0.818011 0.012261 0.008646
0 0.521071 0.814570 0.012261 0.008646
0 0.539562 0.814752 0.012261 0.008646
0 0.545725 0.808594 0.012261 0.008646
0 0.509258 0.803886 0.012261 0.008646
0 0.523640 0.804067 0.012261 0.008646
0 0.536480 0.802256 0.012261 0.008646
0 0.556768 0.799902 0.012261 0.008646
0 0.571663 0.798996 0.012261 0.008646
0 0.582449 0.795012 0.012261 0.008646
0 0.592465 0.795193 0.012261 0.008646
0 0.599913 0.799539 0.012261 0.008646
0 0.610699 0.799539 0.012261 0.008646
0 0.602994 0.792115 0.012261 0.008646
0 0.617119 0.791571 0.012261 0.008646
0 0.602738 0.785957 0.012261 0.008646
0 0.610699 0.785776 0.012261 0.008646
0 0.619430 0.781792 0.012261 0.008646
0 0.599913 0.778895 0.012261 0.008646
0 0.604278 0.768029 0.012261 0.008646
0 0.595804 0.771288 0.012261 0.008646
0 0.585018 0.774186 0.012261 0.008646
0 0.583477 0.786863 0.012261 0.008646
0 0.575259 0.778713 0.012261 0.008646
0 0.570122 0.789760 0.012261 0.008646
0 0.554200 0.790122 0.012261 0.008646
0 0.563189 0.781792 0.012261 0.008646
0 0.553943 0.781792 0.012261 0.008646
0 0.535710 0.792477 0.012261 0.008646
0 0.536994 0.784871 0.012261 0.008646
0 0.537507 0.774729 0.012261 0.008646
0 0.548550 0.775635 0.012261 0.008646
0 0.558566 0.774186 0.012261 0.008646
0 0.570636 0.773824 0.012261 0.008646
0 0.586302 0.765131 0.012261 0.008646
0 0.576286 0.764226 0.012261 0.008646
0 0.563959 0.762777 0.012261 0.008646
0 0.544441 0.763501 0.012261 0.008646
0 0.553173 0.756258 0.012261 0.008646
0 0.567041 0.756076 0.012261 0.008646
0 0.584247 0.758793 0.012261 0.008646
0 0.593492 0.759336 0.012261 0.008646
0 0.603765 0.751911 0.012261 0.008646
0 0.611983 0.755171 0.012261 0.008646
0 0.609158 0.747022 0.012261 0.008646
0 0.602738 0.739959 0.012261 0.008646
0 0.594776 0.743400 0.012261 0.008646
0 0.584504 0.743581 0.012261 0.008646
0 0.572691 0.745211 0.012261 0.008646
0 0.558823 0.749557 0.012261 0.008646
0 0.561648 0.745211 0.012261 0.008646
0 0.546239 0.748289 0.012261 0.008646
0 0.534169 0.755533 0.012261 0.008646
0 0.527748 0.761690 0.012261 0.008646
0 0.532371 0.767485 0.012261 0.008646
0 0.522612 0.772375 0.012261 0.008646
0 0.516706 0.791028 0.012261 0.008646
0 0.517733 0.783060 0.012261 0.008646
0 0.510028 0.775816 0.012261 0.008646
0 0.510285 0.765856 0.012261 0.008646
0 0.518760 0.764588 0.012261 0.008646
0 0.522099 0.754990 0.012261 0.008646
0 0.510028 0.753360 0.012261 0.008646
0 0.505149 0.759517 0.012261 0.008646
0 0.505919 0.795555 0.012261 0.008646
0 0.507204 0.787587 0.012261 0.008646
0 0.502324 0.780524 0.012261 0.008646
0 0.503095 0.745392 0.012261 0.008646
0 0.512083 0.742494 0.012261 0.008646
0 0.511826 0.735794 0.012261 0.008646
0 0.503865 0.728731 0.012261 0.008646
0 0.515422 0.724747 0.012261 0.008646
0 0.506690 0.719133 0.012261 0.008646
0 0.511313 0.712613 0.012261 0.008646
0 0.506176 0.707543 0.012261 0.008646
0 0.525180 0.708448 0.012261 0.008646
0 0.524153 0.717503 0.012261 0.008646
0 0.539562 0.711527 0.012261 0.008646
0 0.549578 0.712794 0.012261 0.008646
0 0.538791 0.718046 0.012261 0.008646
0 0.548550 0.720038 0.012261 0.008646
0 0.556255 0.721306 0.012261 0.008646
0 0.567298 0.718408 0.012261 0.008646
0 0.575772 0.722936 0.012261 0.008646
0 0.583990 0.736337 0.012261 0.008646
0 0.566013 0.740864 0.012261 0.008646
0 0.562418 0.733802 0.012261 0.008646
0 0.566784 0.725652 0.012261 0.008646
0 0.543928 0.727644 0.012261 0.008646
0 0.552402 0.739234 0.012261 0.008646
0 0.540589 0.738329 0.012261 0.008646
0 0.531344 0.727282 0.012261 0.008646
0 0.529033 0.736337 0.012261 0.008646
0 0.523640 0.737605 0.012261 0.008646
0 0.529803 0.745211 0.012261 0.008646
0 0.596317 0.735250 0.012261 0.008646
0 0.609928 0.734345 0.012261 0.008646
0 0.591951 0.728912 0.012261 0.008646
0 0.605049 0.726377 0.012261 0.008646
0 0.606076 0.717503 0.012261 0.008646
0 0.598372 0.712251 0.012261 0.008646
0 0.587329 0.715330 0.012261 0.008646
0 0.576286 0.714786 0.012261 0.008646
0 0.577313 0.706999 0.012261 0.008646
0 0.590667 0.706999 0.012261 0.008646
0 0.603508 0.707724 0.012261 0.008646
0 0.626621 0.714786 0.012261 0.008646
0 0.645625 0.723841 0.012261 0.008646
0 0.649477 0.740502 0.012261 0.008646
0 0.648707 0.731447 0.012261 0.008646
0 0.664886 0.734888 0.012261 0.008646
0 0.675929 0.737605 0.012261 0.008646
0 0.490511 0.778351 0.012261 0.008646
0 0.476900 0.777084 0.012261 0.008646
0 0.484861 0.769840 0.012261 0.008646
0 0.496674 0.770745 0.012261 0.008646
0 0.488199 0.759879 0.012261 0.008646
0 0.499499 0.754628 0.012261 0.008646
0 0.488456 0.748108 0.012261 0.008646
0 0.476900 0.748470 0.012261 0.008646
0 0.474845 0.756076 0.012261 0.008646
0 0.467655 0.751368 0.012261 0.008646
0 0.454814 0.759155 0.012261 0.008646
0 0.452759 0.752998 0.012261 0.008646
0 0.447110 0.747565 0.012261 0.008646
0 0.440689 0.743581 0.012261 0.008646
0 0.443514 0.735975 0.012261 0.008646
0 0.455328 0.741227 0.012261 0.008646
0 0.450962 0.732353 0.012261 0.008646
0 0.459180 0.728550 0.012261 0.008646
0 0.470993 0.732353 0.012261 0.008646
0 0.475359 0.741227 0.012261 0.008646
0 0.481522 0.735975 0.012261 0.008646
0 0.478697 0.727825 0.012261 0.008646
0 0.472020 0.719495 0.012261 0.008646
0 0.492565 0.723117 0.012261 0.008646
0 0.490254 0.733802 0.012261 0.008646
0 0.496417 0.738510 0.012261 0.008646
0 0.485375 0.741408 0.012261 0.008646
0 0.462775 0.712794 0.012261 0.008646
0 0.475102 0.710802 0.012261 0.008646
0 0.479981 0.716960 0.012261 0.008646
0 0.493079 0.710983 0.012261 0.008646
0 0.489227 0.705369 0.012261 0.008646
0 0.477157 0.703740 0.012261 0.008646
0 0.466627 0.697945 0.012261 0.008646
0 0.472020 0.688890 0.012261 0.008646
0 0.489227 0.697945 0.012261 0.008646
0 0.503351 0.698850 0.012261 0.008646
0 0.505663 0.689795 0.012261 0.008646
0 0.608131 0.690520 0.012261 0.008646
0 0.596317 0.691244 0.012261 0.008646
0 0.598372 0.699574 0.012261 0.008646
0 0.586302 0.699393 0.012261 0.008646
0 0.584761 0.690882 0.012261 0.008646
0 0.574231 0.697039 0.012261 0.008646
0 0.567811 0.704464 0.012261 0.008646
0 0.554457 0.703196 0.012261 0.008646
0 0.542900 0.701023 0.012261 0.008646
0 0.532114 0.699212 0.012261 0.008646
0 0.569609 0.688709 0.012261 0.008646
0 0.602481 0.679654 0.012261 0.008646
0 0.587072 0.679473 0.012261 0.008646
0 0.575772 0.668788 0.012261 0.008646
0 0.571150 0.661725 0.012261 0.008646
0 0.562418 0.660458 0.012261 0.008646
0 0.553943 0.676032 0.012261 0.008646
0 0.551375 0.667701 0.012261 0.008646
0 0.550605 0.661182 0.012261 0.008646
0 0.540589 0.661725 0.012261 0.008646
0 0.483834 0.667701 0.012261 0.008646
0 0.485118 0.661363 0.012261 0.008646
0 0.495904 0.679292 0.012261 0.008646
0 0.494106 0.670780 0.012261 0.008646
0 0.506176 0.670780 0.012261 0.008646
0 0.528005 0.668064 0.012261 0.008646
0 0.525951 0.677300 0.012261 0.008646
0 0.541103 0.678205 0.012261 0.008646
0 0.536223 0.687441 0.012261 0.008646
0 0.522099 0.689252 0.012261 0.008646
0 0.481779 0.686173 0.012261 0.008646
0 0.441621 0.649508 0.012261 0.008646
0 0.446221 0.628963 0.012261 0.008646
0 0.448266 0.622115 0.012261 0.008646
0 0.454910 0.602291 0.012261 0.008646
0 0.463855 0.593640 0.012261 0.008646
0 0.472033 0.575618 0.012261 0.008646
0 0.484301 0.592199 0.012261 0.008646
0 0.484301 0.583728 0.012261 0.008646
0 0.489412 0.582106 0.012261 0.008646
0 0.496823 0.581746 0.012261 0.008646
0 0.516758 0.594361 0.012261 0.008646
0 0.486090 0.608598 0.012261 0.008646
0 0.495290 0.597425 0.012261 0.008646
0 0.497334 0.589675 0.012261 0.008646
0 0.506279 0.587152 0.012261 0.008646
0 0.519569 0.583908 0.012261 0.008646
0 0.501424 0.570392 0.012261 0.008646
0 0.545867 0.585000 0.012261 0.008646
0 0.545540 0.574859 0.012261 0.008646
0 0.537042 0.567483 0.012261 0.008646
0 0.548155 0.562181 0.012261 0.008646
0 0.562864 0.558493 0.012261 0.008646
0 0.562537 0.567713 0.012261 0.008646
0 0.563191 0.575781 0.012261 0.008646
0 0.555673 0.576472 0.012261 0.008646
0 0.551751 0.569096 0.012261 0.008646
0 0.563845 0.551348 0.012261 0.008646
0 0.559922 0.544894 0.012261 0.008646
0 0.565479 0.534522 0.012261 0.008646
0 0.573324 0.528529 0.012261 0.008646
0 0.585418 0.528529 0.012261 0.008646
0 0.594897 0.530373 0.012261 0.008646
0 0.580515 0.536596 0.012261 0.008646
0 0.599473 0.549965 0.012261 0.008646
0 0.600454 0.540745 0.012261 0.008646
0 0.589667 0.547199 0.012261 0.008646
0 0.584764 0.539823 0.012261 0.008646
0 0.572017 0.546507 0.012261 0.008646
0 0.610587 0.531064 0.012261 0.008646
0 0.609933 0.525993 0.012261 0.008646
0 0.617124 0.525302 0.012261 0.008646
0 0.617778 0.533139 0.012261 0.008646
0 0.601434 0.517234 0.012261 0.008646
0 0.587706 0.520922 0.012261 0.008646
0 0.575612 0.520692 0.012261 0.008646
0 0.589340 0.512624 0.012261 0.008646
0 0.610260 0.512624 0.012261 0.008646
0 0.595878 0.501100 0.012261 0.008646
0 0.599800 0.507554 0.012261 0.008646
0 0.606337 0.496720 0.012261 0.008646
0 0.583130 0.493032 0.012261 0.008646
0 0.596205 0.486578 0.012261 0.008646
0 0.571363 0.512394 0.012261 0.008646
0 0.564499 0.525993 0.012261 0.008646
0 0.556000 0.532678 0.012261 0.008646
0 0.552078 0.519309 0.012261 0.008646
0 0.590321 0.562412 0.012261 0.008646
0 0.639024 0.543281 0.012261 0.008646
0 0.623988 0.542128 0.012261 0.008646
0 0.633794 0.533139 0.012261 0.008646
0 0.607972 0.475745 0.012261 0.008646
0 0.672038 0.609664 0.012261 0.008646
0 0.674326 0.601596 0.012261 0.008646
0 0.635755 0.590071 0.012261 0.008646
0 0.653079 0.566561 0.012261 0.008646
0 0.625623 0.600213 0.012261 0.008646
0 0.610689 0.483126 0.012261 0.008646
0 0.590960 0.476170 0.012261 0.008646
0 0.599480 0.469530 0.012261 0.008646
0 0.581096 0.468582 0.012261 0.008646
0 0.561816 0.475221 0.012261 0.008646
0 0.578406 0.480596 0.012261 0.008646
0 0.567196 0.488501 0.012261 0.008646
0 0.573474 0.458148 0.012261 0.008646
0 0.562713 0.464787 0.012261 0.008646
0 0.370359 0.539723 0.012261 0.008646
0 0.365875 0.523913 0.012261 0.008646
0 0.366772 0.513479 0.012261 0.008646
0 0.354666 0.515060 0.012261 0.008646
0 0.360046 0.504310 0.012261 0.008646
0 0.361392 0.492928 0.012261 0.008646
0 0.341215 0.486288 0.012261 0.008646
0 0.321038 0.406610 0.012261 0.008646
0 0.335834 0.420206 0.012261 0.008646
0 0.337179 0.429691 0.012261 0.008646
0 0.347492 0.436647 0.012261 0.008646
0 0.346147 0.444236 0.012261 0.008646
0 0.351976 0.487552 0.012261 0.008646
0 0.356011 0.482494 0.012261 0.008646
0 0.354666 0.476486 0.012261 0.008646
0 0.350631 0.471743 0.012261 0.008646
0 0.347940 0.462258 0.012261 0.008646
0 0.346595 0.453721 0.012261 0.008646
0 0.343457 0.479332 0.012261 0.008646
0 0.392409 0.772013 0.012261 0.008646
0 0.439919 0.723660 0.012261 0.008646
0 0.604278 0.871254 0.012261 0.008646
0 0.607874 0.878316 0.012261 0.008646
0 0.624567 0.869624 0.012261 0.008646
0 0.638178 0.867813 0.012261 0.008646
0 0.639462 0.881033 0.012261 0.008646
0 0.652045 0.885017 0.012261 0.008646
0 0.653073 0.872883 0.012261 0.008646
0 0.665656 0.870348 0.012261 0.008646
0 0.649734 0.854774 0.012261 0.008646
0 0.652559 0.851333 0.012261 0.008646
0 0.647423 0.833404 0.012261 0.008646
0 0.667197 0.829058 0.012261 0.008646
0 0.698015 0.858758 0.012261 0.008646
0 0.667968 0.801894 0.012261 0.008646
0 0.675159 0.810224 0.012261 0.008646
0 0.715221 0.807870 0.012261 0.008646
0 0.711883 0.794831 0.012261 0.008646
0 0.738591 0.784327 0.012261 0.008646
0 0.745525 0.779076 0.012261 0.008646
0 0.738591 0.774005 0.012261 0.008646
0 0.726521 0.823625 0.012261 0.008646
0 0.720614 0.830326 0.012261 0.008646
0 0.680552 0.841011 0.012261 0.008646
0 0.628676 0.736518 0.012261 0.008646
0 0.651789 0.714605 0.012261 0.008646
0 0.656411 0.724203 0.012261 0.008646
0 0.645625 0.706637 0.012261 0.008646
0 0.660520 0.709173 0.012261 0.008646
0 0.672077 0.716779 0.012261 0.008646
0 0.681065 0.724928 0.012261 0.008646
0 0.689540 0.729999 0.012261 0.008646
0 0.706233 0.744486 0.012261 0.008646
0 0.712139 0.749738 0.012261 0.008646
0 0.697244 0.759879 0.012261 0.008646
0 0.725494 0.742856 0.012261 0.008646
0 0.710855 0.735613 0.012261 0.008646
0 0.688513 0.716960 0.012261 0.008646
0 0.722669 0.769478 0.012261 0.008646
0 0.734739 0.770021 0.012261 0.008646
0 0.732684 0.759336 0.012261 0.008646
0 0.729089 0.753360 0.012261 0.008646
0 0.716248 0.755895 0.012261 0.008646
0 0.629189 0.691787 0.012261 0.008646
0 0.650505 0.694685 0.012261 0.008646
0 0.646139 0.689252 0.012261 0.008646
0 0.639205 0.682732 0.012261 0.008646
0 0.620201 0.676394 0.012261 0.008646
0 0.479211 0.675851 0.012261 0.008646
0 0.465086 0.683457 0.012261 0.008646
0 0.456612 0.681827 0.012261 0.008646
0 0.451732 0.674040 0.012261 0.008646
0 0.460207 0.664804 0.012261 0.008646
0 0.444541 0.661544 0.012261 0.008646
0 0.461044 0.641939 0.012261 0.008646
0 0.471267 0.646805 0.012261 0.008646
0 0.470755 0.634009 0.012261 0.008646
0 0.468200 0.622836 0.012261 0.008646
0 0.475356 0.628963 0.012261 0.008646
0 0.501168 0.638335 0.012261 0.008646
0 0.509602 0.641939 0.012261 0.008646
0 0.519313 0.647706 0.012261 0.008646
0 0.537970 0.654554 0.012261 0.008646
0 0.530558 0.647706 0.012261 0.008646
0 0.527236 0.640317 0.012261 0.008646
0 0.532858 0.632928 0.012261 0.008646
0 0.492223 0.626981 0.012261 0.008646
0 0.506790 0.624638 0.012261 0.008646
0 0.498868 0.614185 0.012261 0.008646
0 0.504746 0.603913 0.012261 0.008646
0 0.517757 0.617731 0.012261 0.008646
0 0.529197 0.617500 0.012261 0.008646
0 0.535081 0.614734 0.012261 0.008646
0 0.541618 0.614734 0.012261 0.008646
0 0.542272 0.627642 0.012261 0.008646
0 0.593263 0.634788 0.012261 0.008646
0 0.589667 0.625107 0.012261 0.008646
0 0.586725 0.611047 0.012261 0.008646
0 0.568421 0.626259 0.012261 0.008646
0 0.565479 0.623263 0.012261 0.008646
0 0.600127 0.621880 0.012261 0.008646
0 0.616143 0.609433 0.012261 0.008646
0 0.637063 0.622110 0.012261 0.008646
0 0.647196 0.615426 0.012261 0.008646
0 0.650464 0.626490 0.012261 0.008646
0 0.685439 0.610355 0.012261 0.008646
0 0.695245 0.604132 0.012261 0.008646
0 0.697860 0.593529 0.012261 0.008646
0 0.680863 0.591224 0.012261 0.008646
0 0.662559 0.559646 0.012261 0.008646
0 0.662232 0.568174 0.012261 0.008646
0 0.652099 0.575320 0.012261 0.008646
0 0.650791 0.596064 0.012261 0.008646
0 0.665173 0.589610 0.012261 0.008646