0 0.394381 0.042583 0.048828 0.048828
0 0.425982 0.118015 0.048828 0.048828
0 0.311813 0.143499 0.048828 0.048828
0 0.336278 0.095589 0.048828 0.048828
0 0.301620 0.044621 0.048828 0.048828
0 0.169103 0.008944 0.048828 0.048828
0 0.229245 0.036466 0.048828 0.048828
0 0.077360 0.013021 0.048828 0.048828
0 0.135464 0.046660 0.048828 0.048828
0 0.217013 0.078260 0.048828 0.048828
0 0.256768 0.141461 0.048828 0.048828
0 0.204780 0.143499 0.048828 0.048828
0 0.144638 0.172041 0.048828 0.048828
0 0.071244 0.164906 0.048828 0.048828
0 0.081437 0.246455 0.048828 0.048828
0 0.075321 0.208739 0.048828 0.048828
0 0.030469 0.189371 0.048828 0.048828
0 0.031489 0.292326 0.048828 0.048828
0 0.033527 0.362662 0.048828 0.048828
0 0.063089 0.405475 0.048828 0.048828
0 0.196625 0.410572 0.048828 0.048828
0 0.166044 0.376933 0.048828 0.048828
0 0.266961 0.348391 0.048828 0.048828
0 0.253710 0.314752 0.048828 0.048828
0 0.272058 0.264803 0.048828 0.048828
0 0.256768 0.195487 0.048828 0.048828
0 0.229245 0.175100 0.048828 0.048828
0 0.325065 0.212816 0.048828 0.048828
0 0.364820 0.183254 0.048828 0.048828
0 0.371956 0.235242 0.048828 0.048828
0 0.437195 0.225048 0.048828 0.048828
0 0.400498 0.283152 0.048828 0.048828
0 0.468795 0.268881 0.048828 0.048828
0 0.503453 0.321888 0.048828 0.048828
0 0.547286 0.370817 0.048828 0.048828
0 0.412730 0.355527 0.048828 0.048828
0 0.430059 0.302520 0.048828 0.048828
0 0.432098 0.416688 0.048828 0.048828
0 0.389285 0.404456 0.048828 0.048828
0 0.311813 0.403437 0.048828 0.048828
0 0.341375 0.464598 0.048828 0.048828
0 0.276135 0.457463 0.048828 0.048828
0 0.440253 0.475811 0.048828 0.048828
0 0.540150 0.444211 0.048828 0.048828
0 0.585002 0.464598 0.048828 0.048828
0 0.628835 0.515566 0.048828 0.048828
0 0.538111 0.503334 0.048828 0.048828
0 0.502434 0.555322 0.048828 0.048828
0 0.445350 0.528818 0.048828 0.048828
0 0.139541 0.124131 0.048828 0.048828
0 0.084495 0.096609 0.048828 0.048828
0 0.033527 0.142480 0.048828 0.048828
0 0.029450 0.057873 0.048828 0.048828
0 0.028431 0.004866 0.048828 0.048828
0 0.175219 0.969182 0.048828 0.048828
0 0.241477 0.911079 0.048828 0.048828
0 0.166044 0.821375 0.048828 0.048828
0 0.207838 0.877440 0.048828 0.048828
0 0.263903 0.809143 0.048828 0.048828
0 0.068186 0.966124 0.048828 0.048828
0 0.011101 0.991608 0.048828 0.048828
0 0.006005 0.939621 0.048828 0.048828
0 0.040663 0.907001 0.048828 0.048828
0 0.016198 0.892730 0.048828 0.048828
0 0.087554 0.871324 0.048828 0.048828
0 0.034547 0.804046 0.048828 0.048828
0 0.022314 0.746962 0.048828 0.048828
0 0.097747 0.761233 0.048828 0.048828
0 0.219051 0.789775 0.048828 0.048828
0 0.239438 0.745942 0.048828 0.048828
0 0.192548 0.743903 0.048828 0.048828
0 0.182354 0.702110 0.048828 0.048828
0 0.228225 0.701090 0.048828 0.048828
0 0.286329 0.688858 0.048828 0.048828
0 0.206819 0.656238 0.048828 0.048828
0 0.236380 0.610367 0.048828 0.048828
0 0.181335 0.608328 0.048828 0.048828
0 0.204780 0.550225 0.048828 0.048828
0 0.254729 0.563476 0.048828 0.048828
0 0.251671 0.518625 0.048828 0.048828
0 0.105902 0.633812 0.048828 0.048828
0 0.035566 0.686819 0.048828 0.048828
0 0.091631 0.705168 0.048828 0.048828
0 0.022314 0.613425 0.048828 0.048828
0 0.074302 0.540031 0.048828 0.048828
0 0.131386 0.515566 0.048828 0.048828
0 0.048818 0.454405 0.048828 0.048828
0 0.040663 0.421785 0.048828 0.048828
0 0.633932 0.575709 0.048828 0.048828
0 0.589080 0.580806 0.048828 0.048828
0 0.644125 0.636870 0.048828 0.048828
0 0.610486 0.632793 0.048828 0.048828
0 0.586021 0.632793 0.048828 0.048828
0 0.510589 0.639929 0.048828 0.048828
0 0.555441 0.693955 0.048828 0.048828
0 0.494279 0.675606 0.048828 0.048828
0 0.414769 0.682742 0.048828 0.048828
0 0.402536 0.629735 0.048828 0.048828
0 0.407633 0.581825 0.048828 0.048828
0 0.340355 0.597115 0.048828 0.048828
0 0.376033 0.517605 0.048828 0.048828
0 0.311813 0.549205 0.048828 0.048828
0 0.326084 0.637890 0.048828 0.048828
0 0.357684 0.695993 0.048828 0.048828
0 0.616602 0.762252 0.048828 0.048828
0 0.555441 0.754097 0.048828 0.048828
0 0.506511 0.742884 0.048828 0.048828
0 0.460640 0.732690 0.048828 0.048828
0 0.391323 0.750020 0.048828 0.048828
0 0.369917 0.787736 0.048828 0.048828
0 0.431078 0.807104 0.048828 0.048828
0 0.534034 0.819336 0.048828 0.048828
0 0.444330 0.837685 0.048828 0.048828
0 0.497337 0.862149 0.048828 0.048828
0 0.400498 0.873362 0.048828 0.048828
0 0.372975 0.904963 0.048828 0.048828
0 0.399478 0.933505 0.048828 0.048828
0 0.461659 0.947776 0.048828 0.048828
0 0.521802 0.920253 0.048828 0.048828
0 0.533015 0.865208 0.048828 0.048828
0 0.582963 0.883556 0.048828 0.048828
0 0.602331 0.927389 0.048828 0.048828
0 0.534034 0.948795 0.048828 0.048828
0 0.580925 0.984473 0.048828 0.048828
0 0.393362 0.993647 0.048828 0.048828
0 0.273077 0.977337 0.048828 0.048828
0 0.301620 0.877440 0.048828 0.048828
0 0.348510 0.826472 0.048828 0.048828
0 0.738926 0.069086 0.048828 0.048828
0 0.656357 0.124131 0.048828 0.048828
0 0.575828 0.079280 0.048828 0.048828
0 0.627815 0.031370 0.048828 0.048828
0 0.538111 0.202622 0.048828 0.048828
0 0.578886 0.232184 0.048828 0.048828
0 0.614564 0.265823 0.048828 0.048828
0 0.688977 0.358585 0.048828 0.048828
0 0.705287 0.408533 0.048828 0.048828
0 0.776642 0.527799 0.048828 0.048828
0 0.662126 0.962984 0.048828 0.048828
0 0.660207 0.922704 0.048828 0.048828
0 0.742686 0.932295 0.048828 0.048828
0 0.698570 0.834471 0.048828 0.048828
0 0.687061 0.751992 0.048828 0.048828
0 0.710078 0.686777 0.048828 0.048828
0 0.850100 0.636906 0.048828 0.048828
0 0.823247 0.564018 0.048828 0.048828