0 0.747936 0.624456 0.048828 0.048828
0 0.664609 0.407605 0.048828 0.048828
0 0.956756 0.073293 0.048828 0.048828
0 0.995909 0.030123 0.048828 0.048828
0 0.910574 0.885481 0.048828 0.048828
0 0.871421 0.684693 0.048828 0.048828
0 0.747936 0.553176 0.048828 0.048828
0 0.944708 0.634496 0.048828 0.048828
0 0.726853 0.488924 0.048828 0.048828
0 0.686696 0.487920 0.048828 0.048828
0 0.710790 0.454790 0.048828 0.048828
0 0.624451 0.415637 0.048828 0.048828
0 0.662601 0.176699 0.048828 0.048828
0 0.948724 0.493944 0.048828 0.048828
0 0.944708 0.445755 0.048828 0.048828
0 0.963783 0.242959 0.048828 0.048828
0 0.963783 0.213844 0.048828 0.048828
0 0.991894 0.179710 0.048828 0.048828
0 0.973823 0.127505 0.048828 0.048828
0 0.915594 0.129513 0.048828 0.048828
0 0.875437 0.114454 0.048828 0.048828
0 0.932661 0.310223 0.048828 0.048828
0 0.874433 0.321266 0.048828 0.048828