0 0.032200 0.599750 0.048828 0.048828
0 0.029597 0.571112 0.048828 0.048828
0 0.058234 0.567207 0.048828 0.048828
0 0.060838 0.611466 0.048828 0.048828
0 0.030898 0.495613 0.048828 0.048828
0 0.015278 0.405794 0.048828 0.048828
0 0.145450 0.668741 0.048828 0.048828
0 0.085571 0.662233 0.048828 0.048828
0 0.124622 0.611466 0.048828 0.048828
0 0.021786 0.287337 0.048828 0.048828
0 0.286036 0.998077 0.048828 0.048828
0 0.132432 0.932991 0.048828 0.048828
0 0.201424 0.800215 0.048828 0.048828
0 0.092079 0.990266 0.048828 0.048828
0 0.032607 0.329021 0.048828 0.048828
0 0.379759 0.952516 0.048828 0.048828
0 0.312070 0.939499 0.048828 0.048828
0 0.239174 0.761164 0.048828 0.048828
0 0.237872 0.809327 0.048828 0.048828
0 0.197519 0.849681 0.048828 0.048828
0 0.192312 0.966835 0.048828 0.048828
0 0.249587 0.930387 0.048828 0.048828