0 0.849047 0.267521 0.048828 0.048828
0 0.854339 0.229157 0.048828 0.048828
0 0.847724 0.182856 0.048828 0.048828
0 0.846401 0.124649 0.048828 0.048828
0 0.814652 0.107452 0.048828 0.048828
0 0.800100 0.038662 0.048828 0.048828
0 0.740571 0.235771 0.048828 0.048828
0 0.788194 0.193439 0.048828 0.048828
0 0.733956 0.141847 0.048828 0.048828
0 0.733956 0.070411 0.048828 0.048828
0 0.678395 0.137878 0.048828 0.048828
0 0.690301 0.087609 0.048828 0.048828
0 0.650615 0.071734 0.048828 0.048828
0 0.714113 0.039985 0.048828 0.048828
0 0.653260 0.034693 0.048828 0.048828
0 0.622834 0.013527 0.048828 0.048828
0 0.587116 0.045276 0.048828 0.048828
0 0.540815 0.034693 0.048828 0.048828
0 0.441599 0.013527 0.048828 0.048828
0 0.542138 0.145815 0.048828 0.048828
0 0.601668 0.193439 0.048828 0.048828
0 0.440276 0.321759 0.048828 0.048828
0 0.427047 0.293978 0.048828 0.048828
0 0.397944 0.252969 0.048828 0.048828
0 0.375273 0.322203 0.048828 0.048828
0 0.368316 0.299343 0.048828 0.048828
0 0.367322 0.268532 0.048828 0.048828
0 0.360365 0.224801 0.048828 0.048828