0 0.272397 0.962448 0.048828 0.048828
0 0.224542 0.899869 0.048828 0.048828
0 0.190185 0.947724 0.048828 0.048828
0 0.136196 0.936680 0.048828 0.048828
0 0.130060 0.877782 0.048828 0.048828
0 0.127606 0.838517 0.048828 0.048828
0 0.182823 0.838517 0.048828 0.048828
0 0.245402 0.848333 0.048828 0.048828
0 0.257672 0.885145 0.048828 0.048828
0 0.290802 0.860604 0.048828 0.048828
0 0.284667 0.796798 0.048828 0.048828
0 0.305527 0.740354 0.048828 0.048828
0 0.245402 0.768576 0.048828 0.048828
0 0.240494 0.718267 0.048828 0.048828
0 0.223315 0.789436 0.048828 0.048828
0 0.174234 0.746489 0.048828 0.048828
0 0.192639 0.698635 0.048828 0.048828
0 0.331295 0.977173 0.048828 0.048828
0 0.311662 0.914594 0.048828 0.048828
0 0.035578 0.983308 0.048828 0.048828
0 0.034351 0.958767 0.048828 0.048828
0 0.035578 0.921956 0.048828 0.048828
0 0.003675 0.898642 0.048828 0.048828
0 0.033124 0.874101 0.048828 0.048828
0 0.035578 0.813976 0.048828 0.048828
0 0.050303 0.777165 0.048828 0.048828
0 0.008583 0.783300 0.048828 0.048828
0 0.003675 0.834836 0.048828 0.048828
0 0.030162 0.020330 0.048828 0.048828
0 0.067345 0.050076 0.048828 0.048828
0 0.046275 0.081062 0.048828 0.048828
0 0.030162 0.144273 0.048828 0.048828
0 0.016528 0.243428 0.048828 0.048828
0 0.000416 0.288048 0.048828 0.048828
0 0.014049 0.623934 0.048828 0.048828
0 0.054951 0.632610 0.048828 0.048828
0 0.089655 0.651202 0.048828 0.048828
0 0.046275 0.674751 0.048828 0.048828
0 0.113204 0.687145 0.048828 0.048828