0 0.000789 0.052776 0.048828 0.048828
0 0.075202 0.034428 0.048828 0.048828
0 0.108841 0.045641 0.048828 0.048828
0 0.163887 0.017098 0.048828 0.048828
0 0.050737 0.085396 0.048828 0.048828
0 0.081318 0.094570 0.048828 0.048828
0 0.042583 0.113938 0.048828 0.048828
0 0.070105 0.134325 0.048828 0.048828
0 0.115977 0.144519 0.048828 0.048828
0 0.129228 0.099667 0.048828 0.048828
0 0.178158 0.061950 0.048828 0.048828
0 0.220971 0.060931 0.048828 0.048828
0 0.242377 0.079280 0.048828 0.048828
0 0.229126 0.120054 0.048828 0.048828
0 0.164906 0.150635 0.048828 0.048828
0 0.177138 0.095589 0.048828 0.048828
0 0.229126 0.196506 0.048828 0.048828
0 0.155732 0.195487 0.048828 0.048828
0 0.114957 0.197526 0.048828 0.048828
0 0.070105 0.183254 0.048828 0.048828
0 0.056854 0.209758 0.048828 0.048828
0 0.024234 0.171022 0.048828 0.048828
0 0.002827 0.125151 0.048828 0.048828
0 0.020157 0.241358 0.048828 0.048828
0 0.016079 0.476831 0.048828 0.048828
0 0.019137 0.437076 0.048828 0.048828
0 0.048699 0.419746 0.048828 0.048828
0 0.028311 0.375914 0.048828 0.048828
0 0.032389 0.324946 0.048828 0.048828
0 0.045641 0.288249 0.048828 0.048828
0 0.068067 0.320868 0.048828 0.048828
0 0.098647 0.290287 0.048828 0.048828
0 0.109860 0.245436 0.048828 0.048828
0 0.126170 0.320868 0.048828 0.048828
0 0.108841 0.363682 0.048828 0.048828
0 0.068067 0.364701 0.048828 0.048828
0 0.086415 0.410572 0.048828 0.048828
0 0.075202 0.457463 0.048828 0.048828
0 0.143499 0.372856 0.048828 0.048828
0 0.097628 0.493140 0.048828 0.048828
0 0.035447 0.509450 0.048828 0.048828
0 0.052776 0.548186 0.048828 0.048828
0 0.009963 0.661335 0.048828 0.048828
0 0.024234 0.615464 0.048828 0.048828
0 0.069086 0.587941 0.048828 0.048828
0 0.075202 0.630754 0.048828 0.048828
0 0.134325 0.581825 0.048828 0.048828
0 0.099667 0.543089 0.048828 0.048828
0 0.132286 0.511489 0.048828 0.048828
0 0.391204 0.004866 0.048828 0.048828
0 0.438095 0.015060 0.048828 0.048828
0 0.258687 0.026273 0.048828 0.048828
0 0.291307 0.036466 0.048828 0.048828
0 0.344314 0.044621 0.048828 0.048828
0 0.378972 0.047679 0.048828 0.048828
0 0.412611 0.067047 0.048828 0.048828
0 0.489063 0.077241 0.048828 0.048828
0 0.516586 0.013021 0.048828 0.048828
0 0.432998 0.111899 0.048828 0.048828
0 0.381011 0.092531 0.048828 0.048828
0 0.308636 0.089473 0.048828 0.048828
0 0.299462 0.140441 0.048828 0.048828
0 0.357565 0.135344 0.048828 0.048828
0 0.409553 0.157770 0.048828 0.048828
0 0.471734 0.188351 0.048828 0.048828
0 0.356546 0.189371 0.048828 0.048828
0 0.312713 0.182235 0.048828 0.048828
0 0.256649 0.216893 0.048828 0.048828
0 0.264803 0.155732 0.048828 0.048828
0 0.330043 0.243397 0.048828 0.048828
0 0.386107 0.226068 0.048828 0.048828
0 0.426882 0.245436 0.048828 0.048828
0 0.499257 0.255629 0.048828 0.048828
0 0.526779 0.226068 0.048828 0.048828
0 0.547167 0.250532 0.048828 0.048828
0 0.531876 0.293346 0.048828 0.048828
0 0.490082 0.293346 0.048828 0.048828
0 0.411592 0.303539 0.048828 0.048828
0 0.394262 0.277036 0.048828 0.048828
0 0.347372 0.293346 0.048828 0.048828
0 0.317810 0.285191 0.048828 0.048828
0 0.278055 0.277036 0.048828 0.048828
0 0.258687 0.301500 0.048828 0.048828
0 0.201603 0.255629 0.048828 0.048828
0 0.211797 0.285191 0.048828 0.048828
0 0.615464 0.276016 0.048828 0.048828
0 0.604251 0.215874 0.048828 0.048828
0 0.654200 0.236261 0.048828 0.048828
0 0.671529 0.284171 0.048828 0.048828
0 0.728613 0.233203 0.048828 0.048828
0 0.689877 0.207719 0.048828 0.048828
0 0.764291 0.183254 0.048828 0.048828
0 0.667451 0.161848 0.048828 0.048828
0 0.601193 0.170003 0.048828 0.048828
0 0.508431 0.155732 0.048828 0.048828
0 0.547167 0.121073 0.048828 0.048828
0 0.519644 0.089473 0.048828 0.048828
0 0.601193 0.076221 0.048828 0.048828
0 0.658277 0.094570 0.048828 0.048828
0 0.736768 0.108841 0.048828 0.048828
0 0.788755 0.100686 0.048828 0.048828
0 0.776523 0.049718 0.048828 0.048828
0 0.717400 0.007924 0.048828 0.048828
0 0.651142 0.021176 0.048828 0.048828
0 0.592019 0.016079 0.048828 0.048828
0 0.852975 0.046660 0.048828 0.048828
0 0.938602 0.010982 0.048828 0.048828
0 0.955931 0.056854 0.048828 0.048828
0 0.999763 0.071125 0.048828 0.048828
0 0.915156 0.081318 0.048828 0.048828
0 0.865208 0.094570 0.048828 0.048828
0 0.836665 0.165925 0.048828 0.048828
0 0.882537 0.147577 0.048828 0.048828
0 0.955931 0.149616 0.048828 0.048828
0 0.834627 0.212816 0.048828 0.048828
0 0.754097 0.295384 0.048828 0.048828
0 0.794872 0.267861 0.048828 0.048828
0 0.876421 0.238300 0.048828 0.048828
0 0.927389 0.231164 0.048828 0.048828
0 0.964086 0.207719 0.048828 0.048828
0 0.940640 0.265823 0.048828 0.048828
0 0.867246 0.300481 0.048828 0.048828
0 0.217913 0.370817 0.048828 0.048828
0 0.276016 0.341256 0.048828 0.048828
0 0.315772 0.350430 0.048828 0.048828
0 0.367759 0.338197 0.048828 0.048828
0 0.413630 0.356546 0.048828 0.048828
0 0.472753 0.361643 0.048828 0.048828
0 0.509450 0.333101 0.048828 0.048828
0 0.530857 0.353488 0.048828 0.048828
0 0.545128 0.390185 0.048828 0.048828
0 0.498237 0.401398 0.048828 0.048828
0 0.490082 0.447269 0.048828 0.048828
0 0.443192 0.417708 0.048828 0.048828
0 0.548186 0.441153 0.048828 0.048828
0 0.584883 0.411592 0.048828 0.048828
0 0.584883 0.369798 0.048828 0.048828
0 0.566535 0.328004 0.048828 0.048828
0 0.629735 0.336159 0.048828 0.048828
0 0.627696 0.379991 0.048828 0.048828
0 0.624638 0.441153 0.048828 0.048828
0 0.639929 0.497218 0.048828 0.048828
0 0.678664 0.481927 0.048828 0.048828
0 0.587941 0.488044 0.048828 0.048828
0 0.639929 0.534934 0.048828 0.048828
0 0.673568 0.571631 0.048828 0.048828
0 0.595077 0.529837 0.048828 0.048828
0 0.537992 0.516586 0.048828 0.048828
0 0.627696 0.588960 0.048828 0.048828
0 0.570612 0.564496 0.048828 0.048828
0 0.555322 0.618522 0.048828 0.048828
0 0.526779 0.573670 0.048828 0.048828
0 0.616483 0.639929 0.048828 0.048828
0 0.689877 0.621580 0.048828 0.048828
0 0.719439 0.679684 0.048828 0.048828
0 0.684780 0.672548 0.048828 0.048828
0 0.640948 0.681722 0.048828 0.048828
0 0.585902 0.687839 0.048828 0.048828
0 0.557360 0.657258 0.048828 0.048828
0 0.520663 0.700071 0.048828 0.048828
0 0.552263 0.725555 0.048828 0.048828
0 0.490082 0.720458 0.048828 0.048828
0 0.443192 0.735749 0.048828 0.048828
0 0.468676 0.769388 0.048828 0.048828
0 0.472753 0.811181 0.048828 0.048828
0 0.486005 0.840743 0.048828 0.048828
0 0.428921 0.845840 0.048828 0.048828
0 0.544109 0.829530 0.048828 0.048828
0 0.540031 0.769388 0.048828 0.048828
0 0.613425 0.755116 0.048828 0.048828
0 0.662355 0.730652 0.048828 0.048828
0 0.706187 0.727594 0.048828 0.048828
0 0.752058 0.709245 0.048828 0.048828
0 0.783659 0.692935 0.048828 0.048828
0 0.798949 0.734729 0.048828 0.048828
0 0.730652 0.767349 0.048828 0.048828
0 0.798949 0.779581 0.048828 0.048828
0 0.762252 0.797930 0.048828 0.048828
0 0.716381 0.831569 0.048828 0.048828
0 0.678664 0.810162 0.048828 0.048828
0 0.619541 0.803026 0.048828 0.048828
0 0.835646 0.816278 0.048828 0.048828
0 0.803026 0.841762 0.048828 0.048828
0 0.870304 0.860111 0.048828 0.048828
0 0.839723 0.871324 0.048828 0.048828
0 0.740845 0.863169 0.048828 0.048828
0 0.719439 0.895788 0.048828 0.048828
0 0.677645 0.859091 0.048828 0.048828
0 0.665413 0.907001 0.048828 0.048828
0 0.608328 0.865208 0.048828 0.048828
0 0.626677 0.915156 0.048828 0.048828
0 0.571631 0.888653 0.048828 0.048828
0 0.583864 0.957969 0.048828 0.048828
0 0.537992 0.899866 0.048828 0.048828
0 0.491102 0.877440 0.048828 0.048828
0 0.535954 0.972241 0.048828 0.048828
0 0.494160 0.942679 0.048828 0.048828
0 0.454405 0.923311 0.048828 0.048828
0 0.408533 0.899866 0.048828 0.048828
0 0.363682 0.871324 0.048828 0.048828
0 0.340236 0.836665 0.048828 0.048828
0 0.395282 0.806085 0.048828 0.048828
0 0.367759 0.790794 0.048828 0.048828
0 0.393243 0.752058 0.048828 0.048828
0 0.298442 0.841762 0.048828 0.048828
0 0.308636 0.872343 0.048828 0.048828
0 0.445230 0.963066 0.048828 0.048828
0 0.387127 0.962047 0.048828 0.048828
0 0.354507 0.942679 0.048828 0.048828
0 0.307617 0.911079 0.048828 0.048828
0 0.271939 0.930447 0.048828 0.048828
0 0.302520 0.971221 0.048828 0.048828
0 0.361643 0.998744 0.048828 0.048828
0 0.227087 0.958989 0.048828 0.048828
0 0.227087 0.885595 0.048828 0.048828
0 0.183254 0.991608 0.048828 0.048828
0 0.162867 0.948795 0.048828 0.048828
0 0.124131 0.944718 0.048828 0.048828
0 0.147577 0.911079 0.048828 0.048828
0 0.107822 0.878459 0.048828 0.048828
0 0.146557 0.874382 0.048828 0.048828
0 0.183254 0.846859 0.048828 0.048828
0 0.067047 0.936563 0.048828 0.048828
0 0.105783 0.984473 0.048828 0.048828
0 0.495179 0.993647 0.048828 0.048828
0 0.457463 0.992628 0.048828 0.048828
0 0.850936 0.990589 0.048828 0.048828
0 0.882537 0.945737 0.048828 0.048828
0 0.848898 0.953892 0.048828 0.048828
0 0.804046 0.954911 0.048828 0.048828
0 0.770407 0.966124 0.048828 0.048828
0 0.712303 0.977337 0.048828 0.048828
0 0.665413 0.975299 0.048828 0.048828
0 0.622599 0.967144 0.048828 0.048828
0 0.679684 0.941660 0.048828 0.048828
0 0.723516 0.936563 0.048828 0.048828
0 0.779581 0.929427 0.048828 0.048828
0 0.813220 0.913118 0.048828 0.048828
0 0.875401 0.905982 0.048828 0.048828
0 0.857053 0.756136 0.048828 0.048828
0 0.834627 0.701090 0.048828 0.048828
0 0.869285 0.666432 0.048828 0.048828
0 0.756136 0.645025 0.048828 0.048828
0 0.795891 0.638909 0.048828 0.048828
0 0.873362 0.640948 0.048828 0.048828
0 0.862149 0.626677 0.048828 0.048828
0 0.847878 0.593038 0.048828 0.048828
0 0.786717 0.594057 0.048828 0.048828
0 0.856033 0.537992 0.048828 0.048828
0 0.820356 0.556341 0.048828 0.048828
0 0.736768 0.554302 0.048828 0.048828
0 0.767349 0.532896 0.048828 0.048828
0 0.718419 0.519644 0.048828 0.048828
0 0.784678 0.495179 0.048828 0.048828
0 0.844820 0.497218 0.048828 0.048828
0 0.845840 0.447269 0.048828 0.048828
0 0.763271 0.448289 0.048828 0.048828
0 0.706187 0.440134 0.048828 0.048828
0 0.700071 0.388146 0.048828 0.048828
0 0.747981 0.396301 0.048828 0.048828
0 0.853995 0.406495 0.048828 0.048828
0 0.836665 0.373875 0.048828 0.048828
0 0.803026 0.338197 0.048828 0.048828
0 0.736768 0.347372 0.048828 0.048828
0 0.692935 0.319849 0.048828 0.048828
0 0.010982 0.979376 0.048828 0.048828
0 0.036466 0.911079 0.048828 0.048828
0 0.021176 0.843801 0.048828 0.048828
0 0.049718 0.815259 0.048828 0.048828
0 0.103744 0.820356 0.048828 0.048828
0 0.000789 0.731671 0.048828 0.048828
0 0.052776 0.683761 0.048828 0.048828
0 0.056854 0.734729 0.048828 0.048828
0 0.093551 0.770407 0.048828 0.048828
0 0.159809 0.793852 0.048828 0.048828
0 0.212816 0.799968 0.048828 0.048828
0 0.282133 0.784678 0.048828 0.048828
0 0.334120 0.755116 0.048828 0.048828
0 0.365720 0.724536 0.048828 0.048828
0 0.357565 0.687839 0.048828 0.048828
0 0.400379 0.677645 0.048828 0.048828
0 0.382030 0.642987 0.048828 0.048828
0 0.455424 0.663374 0.048828 0.048828
0 0.432998 0.631774 0.048828 0.048828
0 0.500276 0.619541 0.048828 0.048828
0 0.465618 0.587941 0.048828 0.048828
0 0.466637 0.551244 0.048828 0.048828
0 0.495179 0.495179 0.048828 0.048828
0 0.430959 0.501295 0.048828 0.048828
0 0.423824 0.466637 0.048828 0.048828
0 0.374894 0.437076 0.048828 0.048828
0 0.369798 0.373875 0.048828 0.048828
0 0.330043 0.410572 0.048828 0.048828
0 0.291307 0.446250 0.048828 0.048828
0 0.247474 0.409553 0.048828 0.048828
0 0.214855 0.432998 0.048828 0.048828
0 0.246455 0.467656 0.048828 0.048828
0 0.207719 0.481927 0.048828 0.048828
0 0.171022 0.459502 0.048828 0.048828
0 0.177138 0.516586 0.048828 0.048828
0 0.205680 0.557360 0.048828 0.048828
0 0.252571 0.532896 0.048828 0.048828
0 0.298442 0.494160 0.048828 0.048828
0 0.331062 0.481927 0.048828 0.048828
0 0.354507 0.501295 0.048828 0.048828
0 0.309655 0.520663 0.048828 0.048828
0 0.333101 0.564496 0.048828 0.048828
0 0.387127 0.532896 0.048828 0.048828
0 0.279074 0.574689 0.048828 0.048828
0 0.243397 0.572651 0.048828 0.048828
0 0.424843 0.596096 0.048828 0.048828
0 0.376933 0.594057 0.048828 0.048828
0 0.310675 0.589980 0.048828 0.048828
0 0.244416 0.601193 0.048828 0.048828
0 0.221990 0.628716 0.048828 0.048828
0 0.187332 0.599154 0.048828 0.048828
0 0.186313 0.665413 0.048828 0.048828
0 0.249513 0.661335 0.048828 0.048828
0 0.301500 0.640948 0.048828 0.048828
0 0.278055 0.685800 0.048828 0.048828
0 0.216893 0.714342 0.048828 0.048828
0 0.132286 0.733710 0.048828 0.048828
0 0.121073 0.693955 0.048828 0.048828
0 0.246455 0.736768 0.048828 0.048828
0 0.987531 0.982434 0.048828 0.048828
0 0.936563 0.973260 0.048828 0.048828
0 0.984473 0.902924 0.048828 0.048828
0 0.932485 0.937582 0.048828 0.048828
0 0.930447 0.901905 0.048828 0.048828
0 0.894769 0.884575 0.048828 0.048828
0 0.929427 0.852975 0.048828 0.048828
0 0.891711 0.812201 0.048828 0.048828
0 0.929427 0.758175 0.048828 0.048828
0 0.957969 0.735749 0.048828 0.048828
0 0.903943 0.713323 0.048828 0.048828
0 0.938602 0.663374 0.048828 0.048828
0 0.965105 0.566535 0.048828 0.048828
0 0.900885 0.525760 0.048828 0.048828
0 0.968163 0.491102 0.048828 0.048828
0 0.905982 0.467656 0.048828 0.048828
0 0.927389 0.608328 0.048828 0.048828
0 0.897827 0.582844 0.048828 0.048828
0 0.904963 0.425863 0.048828 0.048828
0 0.976318 0.430959 0.048828 0.048828
0 0.895851 0.347271 0.048828 0.048828
0 0.945721 0.379879 0.048828 0.048828
0 0.961066 0.328090 0.048828 0.048828