0 0.043174 0.932666 0.048828 0.048828
0 0.050202 0.786091 0.048828 0.048828
0 0.223884 0.901544 0.048828 0.048828
0 0.287132 0.702764 0.048828 0.048828
0 0.267053 0.637507 0.048828 0.048828
0 0.251994 0.958769 0.048828 0.048828
0 0.311227 0.561208 0.048828 0.048828
0 0.272073 0.532094 0.048828 0.048828
0 0.331305 0.499968 0.048828 0.048828
0 0.376483 0.521050 0.048828 0.048828
0 0.366443 0.405597 0.048828 0.048828
0 0.379495 0.354396 0.048828 0.048828
0 0.084336 0.465834 0.048828 0.048828
0 0.090360 0.420656 0.048828 0.048828
0 0.062249 0.391542 0.048828 0.048828
0 0.075301 0.343353 0.048828 0.048828
0 0.131521 0.294160 0.048828 0.048828
0 0.083332 0.284120 0.048828 0.048828
0 0.022092 0.316246 0.048828 0.048828
0 0.054218 0.440735 0.048828 0.048828
0 0.036147 0.481897 0.048828 0.048828
0 0.038155 0.539121 0.048828 0.048828
0 0.004021 0.587310 0.048828 0.048828
0 0.003017 0.635500 0.048828 0.048828
0 0.042170 0.237939 0.048828 0.048828
0 0.096383 0.238943 0.048828 0.048828
0 0.150596 0.244967 0.048828 0.048828
0 0.125498 0.179710 0.048828 0.048828
0 0.082328 0.185734 0.048828 0.048828
0 0.044178 0.135537 0.048828 0.048828
0 0.089356 0.153608 0.048828 0.048828
0 0.145576 0.117466 0.048828 0.048828
0 0.187742 0.141561 0.048828 0.048828
0 0.110438 0.080320 0.048828 0.048828
0 0.146580 0.074297 0.048828 0.048828
0 0.132525 0.038155 0.048828 0.048828
0 0.065261 0.018076 0.048828 0.048828
0 0.050202 0.074297 0.048828 0.048828