0 0.184281 0.978624 0.048828 0.048828
0 0.179372 0.925862 0.048828 0.048828
0 0.191643 0.885369 0.048828 0.048828
0 0.180599 0.855920 0.048828 0.048828
0 0.180599 0.816655 0.048828 0.048828
0 0.170783 0.782298 0.048828 0.048828
0 0.167102 0.740579 0.048828 0.048828
0 0.169556 0.703768 0.048828 0.048828
0 0.170783 0.659594 0.048828 0.048828
0 0.178145 0.611740 0.048828 0.048828
0 0.141334 0.632599 0.048828 0.048828
0 0.178145 0.577383 0.048828 0.048828
0 0.157286 0.563885 0.048828 0.048828
0 0.180599 0.534436 0.048828 0.048828
0 0.147469 0.507441 0.048828 0.048828
0 0.181827 0.485355 0.048828 0.048828
0 0.167102 0.443635 0.048828 0.048828
0 0.156059 0.406824 0.048828 0.048828
0 0.185508 0.368786 0.048828 0.048828
0 0.148696 0.356516 0.048828 0.048828
0 0.167102 0.333202 0.048828 0.048828
0 0.146242 0.304980 0.048828 0.048828
0 0.181827 0.296391 0.048828 0.048828
0 0.162194 0.277985 0.048828 0.048828
0 0.164648 0.243628 0.048828 0.048828
0 0.175691 0.214179 0.048828 0.048828
0 0.169556 0.177368 0.048828 0.048828
0 0.160967 0.146692 0.048828 0.048828
0 0.143788 0.109881 0.048828 0.048828
0 0.034582 0.011718 0.048828 0.048828
0 0.057896 0.020307 0.048828 0.048828
0 0.089799 0.027669 0.048828 0.048828
0 0.045625 0.049756 0.048828 0.048828
0 0.000225 0.047302 0.048828 0.048828
0 0.072620 0.069388 0.048828 0.048828
0 0.027220 0.071842 0.048828 0.048828
0 0.021084 0.120924 0.048828 0.048828
0 0.057896 0.107427 0.048828 0.048828
0 0.084890 0.123378 0.048828 0.048828
0 0.060350 0.138103 0.048828 0.048828
0 0.082436 0.163870 0.048828 0.048828
0 0.049306 0.172460 0.048828 0.048828
0 0.023538 0.201909 0.048828 0.048828
0 0.059123 0.208044 0.048828 0.048828
0 0.016176 0.248536 0.048828 0.048828
0 0.013722 0.279212 0.048828 0.048828
0 0.001452 0.318477 0.048828 0.048828
0 0.038263 0.327067 0.048828 0.048828
0 0.052987 0.362651 0.048828 0.048828
0 0.005133 0.361424 0.048828 0.048828
0 0.025993 0.393327 0.048828 0.048828
0 0.056669 0.398235 0.048828 0.048828
0 0.038263 0.438727 0.048828 0.048828
0 0.057896 0.465722 0.048828 0.048828
0 0.017403 0.493944 0.048828 0.048828
0 0.054214 0.511122 0.048828 0.048828
0 0.027220 0.540571 0.048828 0.048828
0 0.055441 0.552842 0.048828 0.048828
0 0.050533 0.583518 0.048828 0.048828
0 0.014949 0.585972 0.048828 0.048828
0 0.044398 0.631372 0.048828 0.048828
0 0.018630 0.628918 0.048828 0.048828
0 0.019857 0.663275 0.048828 0.048828
0 0.050533 0.670638 0.048828 0.048828
0 0.022311 0.697632 0.048828 0.048828
0 0.028447 0.730762 0.048828 0.048828
0 0.029674 0.776163 0.048828 0.048828
0 0.109431 0.869418 0.048828 0.048828
0 0.124156 0.908683 0.048828 0.048828
0 0.095934 0.951629 0.048828 0.048828
0 0.050533 0.862056 0.048828 0.048828
0 0.034582 0.820336 0.048828 0.048828
0 0.014949 0.797023 0.048828 0.048828
0 0.001452 0.837515 0.048828 0.048828
0 0.017403 0.876780 0.048828 0.048828
0 0.023538 0.922181 0.048828 0.048828
0 0.030901 0.960219 0.048828 0.048828
0 0.306984 0.005582 0.048828 0.048828
0 0.276309 0.015399 0.048828 0.048828
0 0.464045 0.042394 0.048828 0.048828
0 0.417418 0.042394 0.048828 0.048828
0 0.414964 0.016626 0.048828 0.048828
0 0.391650 0.076751 0.048828 0.048828
0 0.358520 0.111108 0.048828 0.048828
0 0.315574 0.141784 0.048828 0.048828
0 0.239497 0.128286 0.048828 0.048828
0 0.320482 0.074297 0.048828 0.048828
0 0.342569 0.022761 0.048828 0.048828
0 0.266492 0.075524 0.048828 0.048828
0 0.311893 0.168779 0.048828 0.048828
0 0.318028 0.203136 0.048828 0.048828
0 0.372018 0.178595 0.048828 0.048828
0 0.372018 0.221541 0.048828 0.048828
0 0.410056 0.199455 0.048828 0.048828
0 0.510673 0.171233 0.048828 0.048828
0 0.482451 0.152827 0.048828 0.048828
0 0.451775 0.113562 0.048828 0.048828
0 0.477543 0.111108 0.048828 0.048828
0 0.584295 0.168779 0.048828 0.048828
0 0.560982 0.133194 0.048828 0.048828
0 0.541349 0.097610 0.048828 0.048828
0 0.570798 0.081659 0.048828 0.048828
0 0.535214 0.032577 0.048828 0.048828
0 0.603928 0.038712 0.048828 0.048828
0 0.611290 0.093929 0.048828 0.048828
0 0.632150 0.160189 0.048828 0.048828
0 0.540122 0.209271 0.048828 0.048828
0 0.487359 0.235039 0.048828 0.048828
0 0.418645 0.243628 0.048828 0.048828
0 0.368336 0.276758 0.048828 0.048828
0 0.324163 0.264488 0.048828 0.048828
0 0.313120 0.306207 0.048828 0.048828
0 0.383061 0.308661 0.048828 0.048828
0 0.441959 0.301299 0.048828 0.048828
0 0.492267 0.280439 0.048828 0.048828
0 0.547484 0.281666 0.048828 0.048828
0 0.575706 0.243628 0.048828 0.048828
0 0.579387 0.215406 0.048828 0.048828
0 0.611290 0.252217 0.048828 0.048828
0 0.583068 0.300072 0.048828 0.048828
0 0.660372 0.276758 0.048828 0.048828
0 0.664053 0.235039 0.048828 0.048828
0 0.671415 0.190865 0.048828 0.048828
0 0.709453 0.168779 0.048828 0.048828
0 0.693502 0.277985 0.048828 0.048828
0 0.722951 0.260807 0.048828 0.048828
0 0.733994 0.307434 0.048828 0.048828
0 0.726632 0.219087 0.048828 0.048828
0 0.682458 0.141784 0.048828 0.048828
0 0.655464 0.118470 0.048828 0.048828
0 0.639512 0.060799 0.048828 0.048828
0 0.670188 0.017853 0.048828 0.048828
0 0.687367 0.058345 0.048828 0.048828
0 0.697183 0.101291 0.048828 0.048828
0 0.725405 0.070615 0.048828 0.048828
0 0.753627 0.086567 0.048828 0.048828
0 0.763443 0.125832 0.048828 0.048828
0 0.799027 0.141784 0.048828 0.048828
0 0.787984 0.179822 0.048828 0.048828
0 0.829703 0.168779 0.048828 0.048828
0 0.790438 0.225222 0.048828 0.048828
0 0.828476 0.222768 0.048828 0.048828
0 0.785530 0.268169 0.048828 0.048828
0 0.827249 0.265715 0.048828 0.048828
0 0.865287 0.265715 0.048828 0.048828
0 0.883693 0.304980 0.048828 0.048828
0 0.926639 0.307434 0.048828 0.048828
0 0.839519 0.318477 0.048828 0.048828
0 0.792892 0.307434 0.048828 0.048828
0 0.986764 0.279212 0.048828 0.048828
0 0.941364 0.255898 0.048828 0.048828
0 0.940137 0.231358 0.048828 0.048828
0 0.983083 0.232585 0.048828 0.048828
0 0.984310 0.192092 0.048828 0.048828
0 0.934001 0.185957 0.048828 0.048828
0 0.876331 0.217860 0.048828 0.048828
0 0.897190 0.141784 0.048828 0.048828
0 0.983083 0.147919 0.048828 0.048828
0 0.962223 0.103746 0.048828 0.048828
0 0.957315 0.065707 0.048828 0.048828
0 0.883693 0.096383 0.048828 0.048828
0 0.837065 0.112335 0.048828 0.048828
0 0.787984 0.102518 0.048828 0.048828
0 0.823568 0.082886 0.048828 0.048828
0 0.878785 0.064480 0.048828 0.048828
0 0.920504 0.030123 0.048828 0.048828
0 0.854244 0.026442 0.048828 0.048828
0 0.773259 0.050983 0.048828 0.048828
0 0.718043 0.032577 0.048828 0.048828
0 0.802708 0.014172 0.048828 0.048828
0 0.952407 0.000674 0.048828 0.048828
0 0.981856 0.021534 0.048828 0.048828
0 0.811459 0.981985 0.048828 0.048828
0 0.845261 0.975225 0.048828 0.048828
0 0.980472 0.988746 0.048828 0.048828
0 0.934275 0.961704 0.048828 0.048828
0 0.992867 0.901986 0.048828 0.048828
0 0.941036 0.905366 0.048828 0.048828
0 0.883571 0.915507 0.048828 0.048828
0 0.823853 0.914380 0.048828 0.048828
0 0.768642 0.917760 0.048828 0.048828
0 0.722445 0.905366 0.048828 0.048828
0 0.730332 0.952690 0.048828 0.048828
0 0.758501 0.994380 0.048828 0.048828
0 0.717938 0.986492 0.048828 0.048828
0 0.570333 0.959450 0.048828 0.048828
0 0.609769 0.947056 0.048828 0.048828
0 0.653713 0.950436 0.048828 0.048828
0 0.693149 0.960577 0.048828 0.048828
0 0.689769 0.909873 0.048828 0.048828
0 0.694276 0.868183 0.048828 0.048828
0 0.747233 0.862549 0.048828 0.048828
0 0.720191 0.820859 0.048828 0.048828
0 0.792304 0.871563 0.048828 0.048828
0 0.767515 0.807338 0.048828 0.048828
0 0.809205 0.821986 0.048828 0.048828
0 0.829487 0.869310 0.048828 0.048828
0 0.873430 0.829873 0.048828 0.048828
0 0.891458 0.871563 0.048828 0.048828
0 0.942163 0.854662 0.048828 0.048828
0 0.988360 0.855789 0.048828 0.048828
0 0.963571 0.796070 0.048828 0.048828
0 0.923008 0.796070 0.048828 0.048828
0 0.902726 0.776916 0.048828 0.048828
0 0.977092 0.756634 0.048828 0.048828
0 0.987233 0.710437 0.048828 0.048828
0 0.941036 0.704803 0.048828 0.048828
0 0.947796 0.666493 0.048828 0.048828
0 0.927515 0.736352 0.048828 0.048828
0 0.897092 0.730718 0.048828 0.048828
0 0.894839 0.698043 0.048828 0.048828
0 0.854275 0.694662 0.048828 0.048828
0 0.844135 0.726211 0.048828 0.048828
0 0.841881 0.784803 0.048828 0.048828
0 0.802445 0.779169 0.048828 0.048828
0 0.778783 0.744240 0.048828 0.048828
0 0.731459 0.710437 0.048828 0.048828
0 0.805825 0.684521 0.048828 0.048828
0 0.710050 0.674381 0.048828 0.048828
0 0.667234 0.691282 0.048828 0.048828
0 0.683008 0.746493 0.048828 0.048828
0 0.737093 0.765648 0.048828 0.048828
0 0.681882 0.803958 0.048828 0.048828
0 0.651459 0.772409 0.048828 0.048828
0 0.609769 0.749873 0.048828 0.048828
0 0.642445 0.738606 0.048828 0.048828
0 0.588361 0.727338 0.048828 0.048828
0 0.552304 0.690155 0.048828 0.048828
0 0.571459 0.678888 0.048828 0.048828
0 0.637938 0.648465 0.048828 0.048828
0 0.683008 0.629310 0.048828 0.048828
0 0.767515 0.639451 0.048828 0.048828
0 0.845261 0.649592 0.048828 0.048828
0 0.900473 0.624803 0.048828 0.048828
0 0.962444 0.627057 0.048828 0.048828
0 0.996247 0.553818 0.048828 0.048828
0 0.960191 0.591001 0.048828 0.048828
0 0.916247 0.576353 0.048828 0.048828
0 0.901599 0.551564 0.048828 0.048828
0 0.839628 0.591001 0.048828 0.048828
0 0.821599 0.619169 0.048828 0.048828
0 0.778783 0.585367 0.048828 0.048828
0 0.758501 0.556071 0.048828 0.048828
0 0.748360 0.606775 0.048828 0.048828
0 0.695403 0.562832 0.048828 0.048828
0 0.661600 0.600015 0.048828 0.048828
0 0.618783 0.611282 0.048828 0.048828
0 0.577093 0.629310 0.048828 0.048828
0 0.597375 0.577479 0.048828 0.048828
0 0.566952 0.602268 0.048828 0.048828
0 0.560192 0.552691 0.048828 0.048828
0 0.529769 0.601141 0.048828 0.048828
0 0.463291 0.585367 0.048828 0.048828
0 0.467798 0.639451 0.048828 0.048828
0 0.484699 0.658606 0.048828 0.048828
0 0.458784 0.671000 0.048828 0.048828
0 0.417094 0.711564 0.048828 0.048828
0 0.484699 0.695789 0.048828 0.048828
0 0.526389 0.746493 0.048828 0.048828
0 0.546671 0.785930 0.048828 0.048828
0 0.578220 0.816352 0.048828 0.048828
0 0.639065 0.810718 0.048828 0.048828
0 0.660473 0.847901 0.048828 0.048828
0 0.605262 0.855789 0.048828 0.048828
0 0.625544 0.895225 0.048828 0.048828
0 0.579347 0.897479 0.048828 0.048828
0 0.526389 0.836634 0.048828 0.048828
0 0.539910 0.939169 0.048828 0.048828
0 0.501600 0.903112 0.048828 0.048828
0 0.483572 0.854662 0.048828 0.048828
0 0.481319 0.803958 0.048828 0.048828
0 0.490333 0.771282 0.048828 0.048828
0 0.388925 0.720578 0.048828 0.048828
0 0.383291 0.752127 0.048828 0.048828
0 0.391178 0.787056 0.048828 0.048828
0 0.420474 0.818606 0.048828 0.048828
0 0.436248 0.845648 0.048828 0.048828
0 0.452023 0.896352 0.048828 0.048828
0 0.404699 0.898605 0.048828 0.048828
0 0.366389 0.991000 0.048828 0.048828
0 0.385544 0.951563 0.048828 0.048828
0 0.347235 0.924521 0.048828 0.048828
0 0.358502 0.878324 0.048828 0.048828
0 0.378784 0.827620 0.048828 0.048828
0 0.288643 0.844521 0.048828 0.048828
0 0.315685 0.807338 0.048828 0.048828
0 0.298784 0.781423 0.048828 0.048828
0 0.331460 0.725085 0.048828 0.048828
0 0.312305 0.686775 0.048828 0.048828
0 0.351742 0.685648 0.048828 0.048828
0 0.412586 0.669874 0.048828 0.048828
0 0.387798 0.656352 0.048828 0.048828
0 0.353995 0.637198 0.048828 0.048828
0 0.290897 0.621423 0.048828 0.048828
0 0.340474 0.589874 0.048828 0.048828
0 0.379911 0.612409 0.048828 0.048828
0 0.414840 0.571846 0.048828 0.048828
0 0.376530 0.556071 0.048828 0.048828
0 0.447516 0.540296 0.048828 0.048828
0 0.534276 0.516635 0.048828 0.048828
0 0.621037 0.530156 0.048828 0.048828
0 0.737093 0.523395 0.048828 0.048828
0 0.768642 0.521142 0.048828 0.048828
0 0.809205 0.531282 0.048828 0.048828
0 0.880191 0.534663 0.048828 0.048828
0 0.933148 0.496353 0.048828 0.048828
0 0.973712 0.469311 0.048828 0.048828
0 0.998500 0.434381 0.048828 0.048828
0 0.982726 0.327339 0.048828 0.048828
0 0.964698 0.390438 0.048828 0.048828
0 0.928641 0.365649 0.048828 0.048828
0 0.904980 0.335227 0.048828 0.048828
0 0.855402 0.348748 0.048828 0.048828
0 0.880191 0.389311 0.048828 0.048828
0 0.921881 0.420860 0.048828 0.048828
0 0.924134 0.458043 0.048828 0.048828
0 0.895965 0.470437 0.048828 0.048828
0 0.862163 0.442269 0.048828 0.048828
0 0.826107 0.431001 0.048828 0.048828
0 0.833994 0.390438 0.048828 0.048828
0 0.784416 0.383677 0.048828 0.048828
0 0.781036 0.345367 0.048828 0.048828
0 0.721318 0.354381 0.048828 0.048828
0 0.668360 0.354381 0.048828 0.048828
0 0.725825 0.406212 0.048828 0.048828
0 0.695403 0.394945 0.048828 0.048828
0 0.639065 0.435508 0.048828 0.048828
0 0.681882 0.456916 0.048828 0.048828
0 0.710050 0.472691 0.048828 0.048828
0 0.748360 0.440015 0.048828 0.048828
0 0.774276 0.473818 0.048828 0.048828
0 0.850895 0.494099 0.048828 0.048828
0 0.664980 0.489592 0.048828 0.048828
0 0.610896 0.474945 0.048828 0.048828
0 0.603009 0.417480 0.048828 0.048828
0 0.607516 0.393818 0.048828 0.048828
0 0.667234 0.322832 0.048828 0.048828
0 0.626670 0.320579 0.048828 0.048828
0 0.581600 0.371283 0.048828 0.048828
0 0.542164 0.356635 0.048828 0.048828
0 0.507234 0.393818 0.048828 0.048828
0 0.545544 0.423114 0.048828 0.048828
0 0.543290 0.464804 0.048828 0.048828
0 0.502727 0.447902 0.048828 0.048828
0 0.439629 0.455790 0.048828 0.048828
0 0.457657 0.408466 0.048828 0.048828
0 0.428361 0.426494 0.048828 0.048828
0 0.401319 0.499733 0.048828 0.048828
0 0.347235 0.416353 0.048828 0.048828
0 0.313432 0.401705 0.048828 0.048828
0 0.322446 0.348748 0.048828 0.048828
0 0.359629 0.371283 0.048828 0.048828
0 0.399065 0.347621 0.048828 0.048828
0 0.444136 0.351001 0.048828 0.048828
0 0.490333 0.326213 0.048828 0.048828
0 0.261601 0.202269 0.048828 0.048828
0 0.084890 0.806839 0.048828 0.048828
0 0.082436 0.651005 0.048828 0.048828
0 0.075074 0.517258 0.048828 0.048828
0 0.317939 0.894098 0.048828 0.048828
0 0.321319 0.985366 0.048828 0.048828
0 0.296530 0.553818 0.048828 0.048828