0 0.038712 0.756306 0.048828 0.048828
0 0.085340 0.771030 0.048828 0.048828
0 0.155281 0.771030 0.048828 0.048828
0 0.199455 0.775938 0.048828 0.048828
0 0.268169 0.786981 0.048828 0.048828
0 0.232585 0.815203 0.048828 0.048828
0 0.291482 0.806614 0.048828 0.048828
0 0.265715 0.849560 0.048828 0.048828
0 0.255898 0.886372 0.048828 0.048828
0 0.206817 0.925637 0.048828 0.048828
0 0.184730 0.952632 0.048828 0.048828
0 0.179822 0.864285 0.048828 0.048828
0 0.170006 0.893734 0.048828 0.048828
0 0.143011 0.939134 0.048828 0.048828
0 0.028896 0.809068 0.048828 0.048828
0 0.075524 0.812749 0.048828 0.048828
0 0.163870 0.816430 0.048828 0.048828
0 0.140557 0.832382 0.048828 0.048828
0 0.082886 0.856923 0.048828 0.048828
0 0.109881 0.890053 0.048828 0.048828
0 0.070615 0.904777 0.048828 0.048828
0 0.028896 0.852015 0.048828 0.048828
0 0.100064 0.932999 0.048828 0.048828
0 0.057118 0.936680 0.048828 0.048828
0 0.102518 0.975945 0.048828 0.048828
0 0.049756 0.961221 0.048828 0.048828
0 0.031350 0.990670 0.048828 0.048828
0 0.226449 0.977173 0.048828 0.048828
0 0.260807 0.928091 0.048828 0.048828
0 0.093086 0.719370 0.048828 0.048828
0 0.018720 0.706976 0.048828 0.048828
0 0.003847 0.632610 0.048828 0.048828
0 0.080692 0.635089 0.048828 0.048828
0 0.103002 0.614019 0.048828 0.048828
0 0.068298 0.591709 0.048828 0.048828
0 0.188523 0.596667 0.048828 0.048828
0 0.105481 0.492554 0.048828 0.048828
0 0.114157 0.457850 0.048828 0.048828
0 0.075734 0.538413 0.048828 0.048828
0 0.034833 0.514864 0.048828 0.048828
0 0.068298 0.490075 0.048828 0.048828
0 0.067058 0.446695 0.048828 0.048828
0 0.078213 0.399597 0.048828 0.048828
0 0.002608 0.405794 0.048828 0.048828
0 0.024918 0.377287 0.048828 0.048828
0 0.053425 0.345062 0.048828 0.048828
0 0.065819 0.296724 0.048828 0.048828
0 0.160016 0.263259 0.048828 0.048828
0 0.186044 0.205006 0.048828 0.048828
0 0.194720 0.146752 0.048828 0.048828
0 0.157537 0.120724 0.048828 0.048828
0 0.129030 0.150471 0.048828 0.048828
0 0.105481 0.193851 0.048828 0.048828
0 0.068298 0.233513 0.048828 0.048828
0 0.053425 0.198808 0.048828 0.048828
0 0.028636 0.271935 0.048828 0.048828
0 0.001368 0.315315 0.048828 0.048828
0 0.004369 0.209058 0.048828 0.048828
0 0.005233 0.468179 0.048828 0.048828
0 0.033736 0.146005 0.048828 0.048828
0 0.038055 0.107137 0.048828 0.048828
0 0.108017 0.108001 0.048828 0.048828
0 0.097653 0.082089 0.048828 0.048828
0 0.142567 0.069133 0.048828 0.048828
0 0.219440 0.086407 0.048828 0.048828
0 0.223758 0.046675 0.048828 0.048828
0 0.190073 0.019899 0.048828 0.048828
0 0.145158 0.013853 0.048828 0.048828
0 0.095061 0.022491 0.048828 0.048828
0 0.042373 0.033719 0.048828 0.048828
0 0.032872 0.074315 0.048828 0.048828
0 0.004369 0.055313 0.048828 0.048828
0 0.614194 0.962448 0.048828 0.048828
0 0.566339 0.899869 0.048828 0.048828
0 0.531982 0.947724 0.048828 0.048828
0 0.477992 0.936680 0.048828 0.048828
0 0.471857 0.877782 0.048828 0.048828
0 0.469403 0.838517 0.048828 0.048828
0 0.524620 0.838517 0.048828 0.048828
0 0.587199 0.848333 0.048828 0.048828
0 0.599469 0.885145 0.048828 0.048828
0 0.632599 0.860604 0.048828 0.048828
0 0.626464 0.796798 0.048828 0.048828
0 0.647324 0.740354 0.048828 0.048828
0 0.587199 0.768576 0.048828 0.048828
0 0.582291 0.718267 0.048828 0.048828
0 0.565112 0.789436 0.048828 0.048828
0 0.516031 0.746489 0.048828 0.048828
0 0.534436 0.698635 0.048828 0.048828
0 0.673092 0.977173 0.048828 0.048828
0 0.653459 0.914594 0.048828 0.048828
0 0.377375 0.983308 0.048828 0.048828
0 0.376148 0.958767 0.048828 0.048828
0 0.377375 0.921956 0.048828 0.048828
0 0.345472 0.898642 0.048828 0.048828
0 0.374921 0.874101 0.048828 0.048828
0 0.377375 0.813976 0.048828 0.048828
0 0.392100 0.777165 0.048828 0.048828
0 0.350380 0.783300 0.048828 0.048828
0 0.345472 0.834836 0.048828 0.048828
0 0.318477 0.860604 0.048828 0.048828
0 0.318477 0.953859 0.048828 0.048828
0 0.276523 0.002978 0.048828 0.048828
0 0.307508 0.036443 0.048828 0.048828
0 0.272804 0.050076 0.048828 0.048828
0 0.329818 0.069907 0.048828 0.048828
0 0.371959 0.020330 0.048828 0.048828
0 0.409142 0.050076 0.048828 0.048828
0 0.388072 0.081062 0.048828 0.048828
0 0.339734 0.107090 0.048828 0.048828
0 0.371959 0.144273 0.048828 0.048828
0 0.323621 0.178977 0.048828 0.048828
0 0.276523 0.182696 0.048828 0.048828
0 0.274044 0.118245 0.048828 0.048828
0 0.257931 0.234752 0.048828 0.048828
0 0.306269 0.234752 0.048828 0.048828
0 0.358325 0.243428 0.048828 0.048828
0 0.283959 0.284329 0.048828 0.048828
0 0.342212 0.288048 0.048828 0.048828
0 0.229424 0.280611 0.048828 0.048828
0 0.174889 0.289287 0.048828 0.048828
0 0.224466 0.343822 0.048828 0.048828
0 0.288917 0.321512 0.048828 0.048828
0 0.267846 0.342583 0.048828 0.048828
0 0.272804 0.399597 0.048828 0.048828
0 0.236861 0.420667 0.048828 0.048828
0 0.245537 0.450413 0.048828 0.048828
0 0.251734 0.486357 0.048828 0.048828
0 0.292635 0.491315 0.048828 0.048828
0 0.281480 0.516103 0.048828 0.048828
0 0.300072 0.540892 0.048828 0.048828
0 0.308748 0.560723 0.048828 0.048828
0 0.243058 0.542131 0.048828 0.048828
0 0.333536 0.597906 0.048828 0.048828
0 0.355846 0.623934 0.048828 0.048828
0 0.396748 0.632610 0.048828 0.048828
0 0.431452 0.651202 0.048828 0.048828
0 0.388072 0.674751 0.048828 0.048828
0 0.455001 0.687145 0.048828 0.048828
0 0.323621 0.750356 0.048828 0.048828
0 0.261649 0.666075 0.048828 0.048828
0 0.254213 0.708216 0.048828 0.048828
0 0.210833 0.643765 0.048828 0.048828