0 0.088341 0.360197 0.048828 0.048828
0 0.127606 0.360197 0.048828 0.048828
0 0.247856 0.378602 0.048828 0.048828
0 0.096930 0.400689 0.048828 0.048828
0 0.132514 0.401916 0.048828 0.048828
0 0.186504 0.411732 0.048828 0.048828
0 0.253991 0.425230 0.048828 0.048828
0 0.298165 0.416640 0.048828 0.048828
0 0.150920 0.449771 0.048828 0.048828
0 0.188958 0.455906 0.048828 0.048828
0 0.101838 0.452225 0.048828 0.048828
0 0.249083 0.350380 0.048828 0.048828
0 0.230678 0.897640 0.048828 0.048828
0 0.177915 0.916045 0.048828 0.048828
0 0.179142 0.852239 0.048828 0.048828
0 0.161963 0.793341 0.048828 0.048828
0 0.085887 0.934451 0.048828 0.048828
0 0.093249 0.889050 0.048828 0.048828
0 0.104293 0.833834 0.048828 0.048828
0 0.050303 0.893959 0.048828 0.048828
0 0.061346 0.859602 0.048828 0.048828
0 0.019627 0.863283 0.048828 0.048828
0 0.013492 0.801931 0.048828 0.048828
0 0.045395 0.803158 0.048828 0.048828
0 0.090795 0.785979 0.048828 0.048828
0 0.133741 0.734444 0.048828 0.048828
0 0.171780 0.692724 0.048828 0.048828
0 0.209818 0.723400 0.048828 0.048828
0 0.229450 0.768801 0.048828 0.048828
0 0.244175 0.811747 0.048828 0.048828
0 0.209818 0.669410 0.048828 0.048828
0 0.182823 0.646097 0.048828 0.048828
0 0.171780 0.601923 0.048828 0.048828
0 0.111655 0.625237 0.048828 0.048828
0 0.087114 0.680454 0.048828 0.048828
0 0.072390 0.722173 0.048828 0.048828
0 0.026989 0.752849 0.048828 0.048828
0 0.035578 0.678000 0.048828 0.048828
0 0.022081 0.614194 0.048828 0.048828
0 0.265035 0.955311 0.048828 0.048828
0 0.181596 0.952857 0.048828 0.048828
0 0.215953 0.966354 0.048828 0.048828
0 0.173007 0.995803 0.048828 0.048828
0 0.074844 0.995803 0.048828 0.048828
0 0.117790 0.956538 0.048828 0.048828
0 0.287121 0.328294 0.048828 0.048828
0 0.192639 0.330748 0.048828 0.048828
0 0.114109 0.309888 0.048828 0.048828
0 0.138650 0.277985 0.048828 0.048828
0 0.192639 0.281666 0.048828 0.048828
0 0.272397 0.233812 0.048828 0.048828
0 0.196320 0.212952 0.048828 0.048828
0 0.272397 0.162643 0.048828 0.048828
0 0.224542 0.100064 0.048828 0.048828
0 0.190185 0.147919 0.048828 0.048828
0 0.136196 0.136876 0.048828 0.048828
0 0.130060 0.077978 0.048828 0.048828
0 0.127606 0.038712 0.048828 0.048828
0 0.182823 0.038712 0.048828 0.048828
0 0.245402 0.048529 0.048828 0.048828
0 0.257672 0.085340 0.048828 0.048828
0 0.290802 0.060799 0.048828 0.048828
0 0.358290 0.327067 0.048828 0.048828
0 0.453999 0.411732 0.048828 0.048828
0 0.479766 0.444862 0.048828 0.048828
0 0.374241 0.442408 0.048828 0.048828
0 0.415960 0.468176 0.048828 0.048828
0 0.532529 0.588426 0.048828 0.048828
0 0.559524 0.630145 0.048828 0.048828
0 0.715358 0.646097 0.048828 0.048828
0 0.733764 0.589653 0.048828 0.048828
0 0.391420 0.604377 0.048828 0.048828
0 0.390193 0.530755 0.048828 0.048828
0 0.334976 0.574928 0.048828 0.048828
0 0.326387 0.527074 0.048828 0.048828
0 0.342338 0.471857 0.048828 0.048828
0 0.289575 0.479219 0.048828 0.048828
0 0.282213 0.514804 0.048828 0.048828
0 0.273624 0.573701 0.048828 0.048828
0 0.430685 0.717265 0.048828 0.048828
0 0.417187 0.779844 0.048828 0.048828
0 0.379149 0.862056 0.048828 0.048828
0 0.290802 0.857147 0.048828 0.048828
0 0.319024 0.827699 0.048828 0.048828
0 0.352154 0.749168 0.048828 0.048828
0 0.442955 0.651005 0.048828 0.048828
0 0.468723 0.657140 0.048828 0.048828
0 0.495718 0.698859 0.048828 0.048828
0 0.549708 0.700086 0.048828 0.048828
0 0.564432 0.740579 0.048828 0.048828
0 0.642963 0.751622 0.048828 0.048828
0 0.603697 0.778617 0.048828 0.048828
0 0.212272 0.583518 0.048828 0.048828
0 0.133741 0.571247 0.048828 0.048828
0 0.352154 0.801931 0.048828 0.048828
0 0.330068 0.674319 0.048828 0.048828
0 0.336203 0.619102 0.048828 0.048828
0 0.322705 0.287801 0.048828 0.048828
0 0.336203 0.219087 0.048828 0.048828
0 0.331295 0.177368 0.048828 0.048828
0 0.311662 0.114789 0.048828 0.048828
0 0.238040 0.504987 0.048828 0.048828
0 0.245402 0.611740 0.048828 0.048828
0 0.271170 0.649778 0.048828 0.048828
0 0.274851 0.690270 0.048828 0.048828
0 0.285894 0.727081 0.048828 0.048828
0 0.304300 0.747941 0.048828 0.048828
0 0.292029 0.789660 0.048828 0.048828
0 0.343565 0.903775 0.048828 0.048828
0 0.354608 0.947948 0.048828 0.048828
0 0.402463 0.916045 0.048828 0.048828
0 0.446636 0.880461 0.048828 0.048828
0 0.438047 0.946721 0.048828 0.048828
0 0.489583 0.933224 0.048828 0.048828
0 0.468723 0.987214 0.048828 0.048828
0 0.537437 0.994576 0.048828 0.048828
0 0.320251 0.992122 0.048828 0.048828
0 0.026989 0.255898 0.048828 0.048828
0 0.035578 0.183503 0.048828 0.048828
0 0.034351 0.158962 0.048828 0.048828
0 0.035578 0.122151 0.048828 0.048828
0 0.003675 0.098837 0.048828 0.048828
0 0.033124 0.074297 0.048828 0.048828
0 0.035578 0.014172 0.048828 0.048828
0 0.003675 0.035031 0.048828 0.048828
0 0.015946 0.475538 0.048828 0.048828
0 0.015946 0.534436 0.048828 0.048828