0 0.675122 0.648648 0.048828 0.048828
0 0.657265 0.559366 0.048828 0.048828
0 0.660837 0.500441 0.048828 0.048828
0 0.612625 0.509369 0.048828 0.048828
0 0.634052 0.448658 0.048828 0.048828
0 0.639409 0.384375 0.048828 0.048828
0 0.559056 0.346877 0.048828 0.048828
0 0.542985 0.027250 0.048828 0.048828
0 0.584055 0.066534 0.048828 0.048828
0 0.578698 0.109389 0.048828 0.048828
0 0.601911 0.354020 0.048828 0.048828
0 0.617982 0.325450 0.048828 0.048828
0 0.612625 0.291523 0.048828 0.048828
0 0.596554 0.264738 0.048828 0.048828
0 0.585840 0.211170 0.048828 0.048828
0 0.580483 0.162958 0.048828 0.048828
0 0.567984 0.307593 0.048828 0.048828