0 0.362211 0.993516 0.048828 0.048828
0 0.035841 0.016473 0.048828 0.048828
0 0.003222 0.041958 0.048828 0.048828
0 0.070500 0.060306 0.048828 0.048828
0 0.039919 0.071519 0.048828 0.048828
0 0.011377 0.367134 0.048828 0.048828
0 0.063364 0.369173 0.048828 0.048828
0 0.046035 0.336553 0.048828 0.048828
0 0.016473 0.293740 0.048828 0.048828
0 0.054190 0.268256 0.048828 0.048828
0 0.060306 0.230539 0.048828 0.048828
0 0.051132 0.190784 0.048828 0.048828
0 0.082732 0.145932 0.048828 0.048828
0 0.049093 0.154087 0.048828 0.048828
0 0.004241 0.155107 0.048828 0.048828
0 0.013415 0.113313 0.048828 0.048828
0 0.075596 0.106177 0.048828 0.048828
0 0.246849 0.958364 0.048828 0.048828
0 0.235636 0.906376 0.048828 0.048828
0 0.296798 0.914531 0.048828 0.048828
0 0.343689 0.936957 0.048828 0.048828
0 0.313108 0.930841 0.048828 0.048828
0 0.350824 0.892105 0.048828 0.048828
0 0.167339 0.899241 0.048828 0.048828
0 0.141855 0.952248 0.048828 0.048828
0 0.090887 0.876815 0.048828 0.048828
0 0.241752 0.830944 0.048828 0.048828
0 0.050112 0.924725 0.048828 0.048828
0 0.088848 0.779975 0.048828 0.048828
0 0.040938 0.620955 0.048828 0.048828
0 0.038899 0.514941 0.048828 0.048828
0 0.073558 0.477225 0.048828 0.048828
0 0.033803 0.461935 0.048828 0.048828
0 0.050112 0.420141 0.048828 0.048828
0 0.106177 0.419121 0.048828 0.048828
0 0.144913 0.372231 0.048828 0.048828
0 0.120448 0.342669 0.048828 0.048828
0 0.156126 0.325340 0.048828 0.048828
0 0.107197 0.288643 0.048828 0.048828
0 0.173455 0.290682 0.048828 0.048828
0 0.165300 0.258062 0.048828 0.048828
0 0.108216 0.248888 0.048828 0.048828
0 0.104139 0.210152 0.048828 0.048828
0 0.150010 0.210152 0.048828 0.048828
0 0.201997 0.218307 0.048828 0.048828
0 0.246849 0.242772 0.048828 0.048828
0 0.320243 0.257043 0.048828 0.048828
0 0.305972 0.219326 0.048828 0.048828
0 0.236656 0.193842 0.048828 0.048828
0 0.187726 0.182629 0.048828 0.048828
0 0.136758 0.173455 0.048828 0.048828
0 0.430334 0.926764 0.048828 0.048828
0 0.447664 0.865602 0.048828 0.048828
0 0.406889 0.879873 0.048828 0.048828
0 0.448683 0.812595 0.048828 0.048828
0 0.502709 0.825847 0.048828 0.048828
0 0.484361 0.785072 0.048828 0.048828
0 0.517999 0.790169 0.048828 0.048828
0 0.575084 0.784053 0.048828 0.048828
0 0.629110 0.726969 0.048828 0.048828
0 0.606684 0.696388 0.048828 0.048828
0 0.637265 0.660710 0.048828 0.048828
0 0.585277 0.631149 0.048828 0.048828
0 0.608723 0.600568 0.048828 0.048828
0 0.564890 0.580181 0.048828 0.048828
0 0.520038 0.601587 0.048828 0.048828
0 0.524116 0.674981 0.048828 0.048828
0 0.475186 0.699446 0.048828 0.048828
0 0.456838 0.753472 0.048828 0.048828
0 0.400773 0.762646 0.048828 0.048828
0 0.408928 0.718814 0.048828 0.048828
0 0.433392 0.670904 0.048828 0.048828
0 0.443586 0.648478 0.048828 0.048828
0 0.467031 0.631149 0.048828 0.048828
0 0.462954 0.579161 0.048828 0.048828
0 0.501690 0.563871 0.048828 0.048828
0 0.552658 0.530232 0.048828 0.048828
0 0.612800 0.545522 0.048828 0.048828
0 0.667846 0.504748 0.048828 0.048828
0 0.721872 0.528193 0.048828 0.048828
0 0.692310 0.557755 0.048828 0.048828
0 0.730027 0.573045 0.048828 0.048828
0 0.773859 0.555716 0.048828 0.048828
0 0.778956 0.608723 0.048828 0.048828
0 0.758569 0.668865 0.048828 0.048828
0 0.737162 0.707601 0.048828 0.048828
0 0.686194 0.680078 0.048828 0.048828
0 0.802401 0.725949 0.048828 0.048828
0 0.844195 0.752453 0.048828 0.048828
0 0.783034 0.697407 0.048828 0.048828
0 0.829924 0.647458 0.048828 0.048828
0 0.879873 0.644400 0.048828 0.048828
0 0.889047 0.590374 0.048828 0.048828
0 0.827885 0.574064 0.048828 0.048828
0 0.873757 0.533290 0.048828 0.048828
0 0.916570 0.536348 0.048828 0.048828
0 0.927783 0.485380 0.048828 0.048828
0 0.708620 0.760608 0.048828 0.048828
0 0.345727 0.793227 0.048828 0.048828
0 0.302914 0.829924 0.048828 0.048828
0 0.308011 0.762646 0.048828 0.048828
0 0.339611 0.719833 0.048828 0.048828
0 0.372231 0.691291 0.048828 0.048828
0 0.392618 0.630129 0.048828 0.048828
0 0.346747 0.635226 0.048828 0.048828
0 0.298837 0.654594 0.048828 0.048828
0 0.289662 0.708620 0.048828 0.048828
0 0.252965 0.666826 0.048828 0.048828
0 0.241752 0.718814 0.048828 0.048828
0 0.236656 0.780995 0.048828 0.048828
0 0.148991 0.795266 0.048828 0.048828
0 0.178552 0.739201 0.048828 0.048828
0 0.180591 0.679059 0.048828 0.048828
0 0.134719 0.695368 0.048828 0.048828
0 0.189765 0.646439 0.048828 0.048828
0 0.258062 0.617897 0.048828 0.048828
0 0.125545 0.557755 0.048828 0.048828
0 0.208113 0.582219 0.048828 0.048828
0 0.190784 0.545522 0.048828 0.048828
0 0.255004 0.563871 0.048828 0.048828
0 0.261120 0.531251 0.048828 0.048828
0 0.325340 0.566929 0.048828 0.048828
0 0.363056 0.599548 0.048828 0.048828
0 0.455818 0.533290 0.048828 0.048828
0 0.387521 0.523096 0.048828 0.048828
0 0.349805 0.511883 0.048828 0.048828
0 0.416063 0.491496 0.048828 0.048828
0 0.379366 0.463973 0.048828 0.048828
0 0.344708 0.447664 0.048828 0.048828
0 0.274372 0.468051 0.048828 0.048828
0 0.161223 0.457857 0.048828 0.048828
0 0.175494 0.490477 0.048828 0.048828
0 0.216268 0.484361 0.048828 0.048828
0 0.244811 0.451741 0.048828 0.048828
0 0.208113 0.413005 0.048828 0.048828
0 0.281508 0.417083 0.048828 0.048828
0 0.262140 0.376308 0.048828 0.048828
0 0.236656 0.332476 0.048828 0.048828
0 0.240733 0.294759 0.048828 0.048828
0 0.645420 0.775898 0.048828 0.048828
0 0.619936 0.796285 0.048828 0.048828
0 0.903318 0.709640 0.048828 0.048828
0 0.976712 0.690272 0.048828 0.048828
0 0.985887 0.627071 0.048828 0.048828
0 0.922686 0.639304 0.048828 0.048828
0 0.942054 0.599548 0.048828 0.048828
0 0.986906 0.512903 0.048828 0.048828
0 0.943073 0.410967 0.048828 0.048828
0 0.848273 0.356940 0.048828 0.048828
0 0.762646 0.361018 0.048828 0.048828
0 0.752453 0.315146 0.048828 0.048828
0 0.750414 0.169378 0.048828 0.048828
0 0.816673 0.111274 0.048828 0.048828
0 0.741240 0.021570 0.048828 0.048828
0 0.783034 0.077635 0.048828 0.048828
0 0.839098 0.009338 0.048828 0.048828
0 0.797305 0.427276 0.048828 0.048828
0 0.741240 0.425238 0.048828 0.048828
0 0.750414 0.467031 0.048828 0.048828
0 0.677020 0.466012 0.048828 0.048828
0 0.652555 0.439509 0.048828 0.048828
0 0.685175 0.402812 0.048828 0.048828
0 0.707601 0.350824 0.048828 0.048828
0 0.636245 0.371211 0.048828 0.048828
0 0.609742 0.421160 0.048828 0.048828
0 0.582219 0.376308 0.048828 0.048828
0 0.590374 0.485380 0.048828 0.048828
0 0.559793 0.456838 0.048828 0.048828
0 0.544503 0.388541 0.048828 0.048828
0 0.486399 0.505767 0.048828 0.048828
0 0.491496 0.445625 0.048828 0.048828
0 0.460915 0.404850 0.048828 0.048828
0 0.413005 0.422179 0.048828 0.048828
0 0.356940 0.396695 0.048828 0.048828
0 0.323301 0.353882 0.048828 0.048828
0 0.302914 0.316166 0.048828 0.048828
0 0.330437 0.278449 0.048828 0.048828
0 0.389560 0.271314 0.048828 0.048828
0 0.373250 0.316166 0.048828 0.048828
0 0.386502 0.375289 0.048828 0.048828
0 0.472128 0.364076 0.048828 0.048828
0 0.529212 0.348785 0.048828 0.048828
0 0.603626 0.333495 0.048828 0.048828
0 0.650517 0.328398 0.048828 0.048828
0 0.732065 0.270295 0.048828 0.048828
0 0.697407 0.276411 0.048828 0.048828
0 0.634207 0.279469 0.048828 0.048828
0 0.681097 0.231559 0.048828 0.048828
0 0.643381 0.166320 0.048828 0.048828
0 0.625032 0.227481 0.048828 0.048828
0 0.589355 0.265198 0.048828 0.048828
0 0.550619 0.304953 0.048828 0.048828
0 0.492515 0.323301 0.048828 0.048828
0 0.496593 0.269275 0.048828 0.048828
0 0.550619 0.248888 0.048828 0.048828
0 0.586297 0.191804 0.048828 0.048828
0 0.553677 0.135739 0.048828 0.048828
0 0.581200 0.139816 0.048828 0.048828
0 0.615858 0.107197 0.048828 0.048828
0 0.591394 0.092926 0.048828 0.048828
0 0.549600 0.092926 0.048828 0.048828
0 0.489457 0.154087 0.048828 0.048828
0 0.429315 0.301895 0.048828 0.048828
0 0.423199 0.253985 0.048828 0.048828
0 0.438489 0.206075 0.048828 0.048828
0 0.399754 0.177533 0.048828 0.048828
0 0.486399 0.104139 0.048828 0.048828
0 0.398734 0.124526 0.048828 0.048828
0 0.355921 0.110255 0.048828 0.048828
0 0.448683 0.089868 0.048828 0.048828
0 0.497612 0.070500 0.048828 0.048828
0 0.466012 0.057248 0.048828 0.048828
0 0.435431 0.036861 0.048828 0.048828
0 0.473148 0.002202 0.048828 0.048828
0 0.374269 0.060306 0.048828 0.048828
0 0.331456 0.012396 0.048828 0.048828
0 0.305972 0.093945 0.048828 0.048828
0 0.295779 0.036861 0.048828 0.048828
0 0.256024 0.088848 0.048828 0.048828
0 0.280488 0.138797 0.048828 0.048828
0 0.321263 0.172436 0.048828 0.048828
0 0.283546 0.173455 0.048828 0.048828
0 0.226462 0.145932 0.048828 0.048828
0 0.213210 0.102100 0.048828 0.048828
0 0.216268 0.048074 0.048828 0.048828
0 0.210152 0.010357 0.048828 0.048828
0 0.184668 0.103119 0.048828 0.048828
0 0.132681 0.137778 0.048828 0.048828
0 0.130642 0.102100 0.048828 0.048828
0 0.094964 0.084771 0.048828 0.048828
0 0.129623 0.053170 0.048828 0.048828
0 0.091906 0.012396 0.048828 0.048828
0 0.662749 0.071519 0.048828 0.048828
0 0.557755 0.042977 0.048828 0.048828
0 0.609742 0.004241 0.048828 0.048828
0 0.975693 0.073558 0.048828 0.048828
0 0.948170 0.105158 0.048828 0.048828
0 0.974674 0.133700 0.048828 0.048828
0 0.968557 0.193842 0.048828 0.048828
0 0.969577 0.245830 0.048828 0.048828
0 0.897202 0.240733 0.048828 0.048828
0 0.941035 0.321263 0.048828 0.048828
0 0.888028 0.308011 0.048828 0.048828
0 0.848273 0.177533 0.048828 0.048828
0 0.876815 0.077635 0.048828 0.048828
0 0.923706 0.026667 0.048828 0.048828
0 0.402943 0.978376 0.048828 0.048828
0 0.466241 0.982212 0.048828 0.048828
0 0.456650 0.924669 0.048828 0.048828
0 0.531457 0.857535 0.048828 0.048828
0 0.564065 0.821091 0.048828 0.048828
0 0.592836 0.846027 0.048828 0.048828
0 0.617772 0.886307 0.048828 0.048828
0 0.544883 0.903570 0.048828 0.048828
0 0.512276 0.970704 0.048828 0.048828
0 0.583246 0.949604 0.048828 0.048828
0 0.656134 0.940014 0.048828 0.048828
0 0.665724 0.876716 0.048828 0.048828
0 0.669561 0.819173 0.048828 0.048828
0 0.694496 0.805746 0.048828 0.048828
0 0.742449 0.794238 0.048828 0.048828
0 0.723268 0.844108 0.048828 0.048828
0 0.771220 0.842190 0.048828 0.048828
0 0.776975 0.794238 0.048828 0.048828
0 0.824927 0.801910 0.048828 0.048828
0 0.907406 0.805746 0.048828 0.048828
0 0.915078 0.763548 0.048828 0.048828
0 0.947686 0.746285 0.048828 0.048828
0 0.987967 0.771220 0.048828 0.048828
0 0.999475 0.604345 0.048828 0.048828
0 0.974540 0.552556 0.048828 0.048828