0 0.842979 0.932666 0.048828 0.048828
0 0.850007 0.786091 0.048828 0.048828
0 0.780735 0.973828 0.048828 0.048828
0 0.775715 0.931662 0.048828 0.048828
0 0.755636 0.887489 0.048828 0.048828
0 0.735557 0.944713 0.048828 0.048828
0 0.726522 0.977843 0.048828 0.048828
0 0.258685 0.993907 0.048828 0.048828
0 0.317918 0.998926 0.048828 0.048828
0 0.232583 0.963788 0.048828 0.048828
0 0.177366 0.898532 0.048828 0.048828
0 0.217524 0.899536 0.048828 0.048828
0 0.283784 0.895520 0.048828 0.048828
0 0.341009 0.876445 0.048828 0.048828
0 0.374139 0.967804 0.048828 0.048828
0 0.430359 0.996918 0.048828 0.048828
0 0.451442 0.954753 0.048828 0.048828
0 0.480556 0.977843 0.048828 0.048828
0 0.426344 0.902548 0.048828 0.048828
0 0.400241 0.873434 0.048828 0.048828
0 0.448430 0.860382 0.048828 0.048828
0 0.492604 0.887489 0.048828 0.048828
0 0.513686 0.928650 0.048828 0.048828
0 0.560872 0.922627 0.048828 0.048828
0 0.549828 0.975836 0.048828 0.048828
0 0.598017 0.995914 0.048828 0.048828
0 0.689376 0.969812 0.048828 0.048828
0 0.627132 0.961780 0.048828 0.048828
0 0.681345 0.930658 0.048828 0.048828
0 0.618096 0.919615 0.048828 0.048828
0 0.584966 0.878453 0.048828 0.048828
0 0.545813 0.866406 0.048828 0.048828
0 0.489592 0.844319 0.048828 0.048828
0 0.536777 0.843315 0.048828 0.048828
0 0.582958 0.843315 0.048828 0.048828
0 0.649218 0.847331 0.048828 0.048828
0 0.657250 0.875441 0.048828 0.048828
0 0.698412 0.849339 0.048828 0.048828
0 0.721502 0.904556 0.048828 0.048828
0 0.884141 0.465834 0.048828 0.048828
0 0.890164 0.420656 0.048828 0.048828
0 0.862054 0.391542 0.048828 0.048828
0 0.875105 0.343353 0.048828 0.048828
0 0.931326 0.294160 0.048828 0.048828
0 0.883137 0.284120 0.048828 0.048828
0 0.821896 0.316246 0.048828 0.048828
0 0.778727 0.352388 0.048828 0.048828
0 0.765676 0.310223 0.048828 0.048828
0 0.730538 0.271069 0.048828 0.048828
0 0.854022 0.440735 0.048828 0.048828
0 0.788766 0.448767 0.048828 0.048828
0 0.786758 0.431700 0.048828 0.048828
0 0.788766 0.398570 0.048828 0.048828
0 0.726522 0.405597 0.048828 0.048828
0 0.743589 0.365439 0.048828 0.048828
0 0.736561 0.328294 0.048828 0.048828
0 0.697408 0.347369 0.048828 0.048828
0 0.670301 0.412625 0.048828 0.048828
0 0.749613 0.463826 0.048828 0.048828
0 0.835952 0.481897 0.048828 0.048828
0 0.837959 0.539121 0.048828 0.048828
0 0.803825 0.587310 0.048828 0.048828
0 0.758648 0.617429 0.048828 0.048828
0 0.802821 0.635500 0.048828 0.048828
0 0.769691 0.643531 0.048828 0.048828
0 0.787762 0.693728 0.048828 0.048828
0 0.758648 0.713807 0.048828 0.048828
0 0.770695 0.786091 0.048828 0.048828
0 0.754632 0.833276 0.048828 0.048828
0 0.712467 0.790107 0.048828 0.048828
0 0.679337 0.795126 0.048828 0.048828
0 0.706443 0.742921 0.048828 0.048828
0 0.715479 0.687705 0.048828 0.048828
0 0.676325 0.688708 0.048828 0.048828
0 0.662270 0.647547 0.048828 0.048828
0 0.673313 0.610401 0.048828 0.048828
0 0.738569 0.581287 0.048828 0.048828
0 0.790774 0.550165 0.048828 0.048828
0 0.773707 0.512015 0.048828 0.048828
0 0.698412 0.496956 0.048828 0.048828
0 0.707447 0.533098 0.048828 0.048828
0 0.669297 0.531090 0.048828 0.048828
0 0.661266 0.576267 0.048828 0.048828
0 0.605045 0.608393 0.048828 0.048828
0 0.560872 0.621444 0.048828 0.048828
0 0.632151 0.506995 0.048828 0.048828
0 0.652230 0.453786 0.048828 0.048828
0 0.583962 0.449771 0.048828 0.048828
0 0.649218 0.323274 0.048828 0.048828
0 0.594002 0.317250 0.048828 0.048828
0 0.618096 0.373471 0.048828 0.048828
0 0.552840 0.378491 0.048828 0.048828
0 0.504651 0.409613 0.048828 0.048828
0 0.522722 0.449771 0.048828 0.048828
0 0.555852 0.411621 0.048828 0.048828
0 0.542801 0.496956 0.048828 0.048828
0 0.474533 0.502979 0.048828 0.048828
0 0.440399 0.510007 0.048828 0.048828
0 0.451442 0.416640 0.048828 0.048828
0 0.414296 0.468845 0.048828 0.048828
0 0.405261 0.420656 0.048828 0.048828
0 0.356068 0.468845 0.048828 0.048828
0 0.345024 0.424672 0.048828 0.048828
0 0.366107 0.509003 0.048828 0.048828
0 0.407269 0.530086 0.048828 0.048828
0 0.464493 0.536109 0.048828 0.048828
0 0.582958 0.548157 0.048828 0.048828
0 0.560872 0.576267 0.048828 0.048828
0 0.523726 0.610401 0.048828 0.048828
0 0.445418 0.651563 0.048828 0.048828
0 0.393214 0.635500 0.048828 0.048828
0 0.389198 0.590322 0.048828 0.048828
0 0.424336 0.576267 0.048828 0.048828
0 0.463489 0.600362 0.048828 0.048828
0 0.520714 0.545145 0.048828 0.048828
0 0.334985 0.631484 0.048828 0.048828
0 0.355064 0.672645 0.048828 0.048828
0 0.409277 0.694732 0.048828 0.048828
0 0.491600 0.689712 0.048828 0.048828
0 0.537781 0.669634 0.048828 0.048828
0 0.554848 0.711799 0.048828 0.048828
0 0.572919 0.758984 0.048828 0.048828
0 0.621108 0.798138 0.048828 0.048828
0 0.648215 0.751957 0.048828 0.048828
0 0.620104 0.720835 0.048828 0.048828
0 0.522722 0.774043 0.048828 0.048828
0 0.466501 0.793118 0.048828 0.048828
0 0.415300 0.787095 0.048828 0.048828
0 0.435379 0.747941 0.048828 0.048828
0 0.383174 0.743925 0.048828 0.048828
0 0.363095 0.818217 0.048828 0.048828
0 0.324946 0.788099 0.048828 0.048828
0 0.317918 0.719831 0.048828 0.048828
0 0.334985 0.560204 0.048828 0.048828
0 0.342013 0.372467 0.048828 0.048828
0 0.379158 0.369455 0.048828 0.048828
0 0.420320 0.329298 0.048828 0.048828
0 0.441403 0.344357 0.048828 0.048828
0 0.495616 0.360420 0.048828 0.048828
0 0.484572 0.316246 0.048828 0.048828
0 0.535773 0.341345 0.048828 0.048828
0 0.534769 0.288136 0.048828 0.048828
0 0.438391 0.276089 0.048828 0.048828
0 0.378154 0.298175 0.048828 0.048828
0 0.322938 0.312231 0.048828 0.048828
0 0.301855 0.690716 0.048828 0.048828
0 0.282780 0.626464 0.048828 0.048828
0 0.300851 0.563216 0.048828 0.048828
0 0.272741 0.540125 0.048828 0.048828
0 0.294827 0.496956 0.048828 0.048828
0 0.224551 0.502979 0.048828 0.048828
0 0.256678 0.462822 0.048828 0.048828
0 0.299847 0.397566 0.048828 0.048828
0 0.252662 0.378491 0.048828 0.048828
0 0.250654 0.326286 0.048828 0.048828
0 0.278764 0.287132 0.048828 0.048828
0 0.482564 0.263037 0.048828 0.048828
0 0.507663 0.236935 0.048828 0.048828
0 0.597014 0.244967 0.048828 0.048828
0 0.695400 0.268057 0.048828 0.048828
0 0.706443 0.220872 0.048828 0.048828
0 0.763668 0.239947 0.048828 0.048828
0 0.841975 0.237939 0.048828 0.048828
0 0.896188 0.238943 0.048828 0.048828
0 0.950401 0.244967 0.048828 0.048828
0 0.925302 0.179710 0.048828 0.048828
0 0.882133 0.185734 0.048828 0.048828
0 0.795794 0.184730 0.048828 0.048828
0 0.758648 0.151600 0.048828 0.048828
0 0.843983 0.135537 0.048828 0.048828
0 0.889160 0.153608 0.048828 0.048828
0 0.945381 0.117466 0.048828 0.048828
0 0.987547 0.141561 0.048828 0.048828
0 0.910243 0.080320 0.048828 0.048828
0 0.946385 0.074297 0.048828 0.048828
0 0.932330 0.038155 0.048828 0.048828
0 0.865066 0.018076 0.048828 0.048828
0 0.850007 0.074297 0.048828 0.048828
0 0.773707 0.057230 0.048828 0.048828
0 0.749613 0.099395 0.048828 0.048828
0 0.708451 0.109435 0.048828 0.048828
0 0.677329 0.164651 0.048828 0.048828
0 0.630144 0.126502 0.048828 0.048828
0 0.591994 0.082328 0.048828 0.048828
0 0.563883 0.122486 0.048828 0.048828
0 0.634159 0.072289 0.048828 0.048828
0 0.638175 0.029119 0.048828 0.048828
0 0.681345 0.067269 0.048828 0.048828
0 0.702427 0.025103 0.048828 0.048828
0 0.750617 0.001009 0.048828 0.048828
0 0.514690 0.027111 0.048828 0.048828
0 0.573923 0.033135 0.048828 0.048828
0 0.512682 0.136541 0.048828 0.048828
0 0.624120 0.198785 0.048828 0.048828
0 0.579947 0.167663 0.048828 0.048828
0 0.535773 0.224888 0.048828 0.048828
0 0.492604 0.195773 0.048828 0.048828
0 0.408273 0.216856 0.048828 0.048828
0 0.455458 0.166659 0.048828 0.048828
0 0.407269 0.162643 0.048828 0.048828
0 0.446422 0.116462 0.048828 0.048828
0 0.437387 0.070281 0.048828 0.048828
0 0.464493 0.014060 0.048828 0.048828
0 0.423332 0.021088 0.048828 0.048828
0 0.373135 0.043174 0.048828 0.048828
0 0.302859 0.042170 0.048828 0.048828
0 0.320930 0.077308 0.048828 0.048828
0 0.384178 0.089356 0.048828 0.048828
0 0.352052 0.148588 0.048828 0.048828
0 0.369119 0.210833 0.048828 0.048828
0 0.317918 0.171679 0.048828 0.048828
0 0.312898 0.131521 0.048828 0.048828
0 0.287800 0.100399 0.048828 0.048828
0 0.242622 0.126502 0.048828 0.048828
0 0.271737 0.160636 0.048828 0.048828
0 0.299847 0.213844 0.048828 0.048828
0 0.260693 0.256010 0.048828 0.048828
0 0.222544 0.294160 0.048828 0.048828
0 0.199453 0.249986 0.048828 0.048828
0 0.224551 0.204809 0.048828 0.048828
0 0.192425 0.184730 0.048828 0.048828
0 0.183390 0.139553 0.048828 0.048828
0 0.130181 0.145576 0.048828 0.048828
0 0.123153 0.217860 0.048828 0.048828
0 0.118134 0.279101 0.048828 0.048828
0 0.074964 0.282112 0.048828 0.048828
0 0.176362 0.297171 0.048828 0.048828
0 0.114118 0.333313 0.048828 0.048828
0 0.064925 0.350380 0.048828 0.048828
0 0.066933 0.392546 0.048828 0.048828
0 0.131185 0.373471 0.048828 0.048828
0 0.172346 0.356404 0.048828 0.048828
0 0.192425 0.405597 0.048828 0.048828
0 0.157287 0.419652 0.048828 0.048828
0 0.119138 0.419652 0.048828 0.048828
0 0.096047 0.420656 0.048828 0.048828
0 0.196441 0.455794 0.048828 0.048828
0 0.167327 0.507999 0.048828 0.048828
0 0.148252 0.550165 0.048828 0.048828
0 0.224551 0.552172 0.048828 0.048828
0 0.246638 0.595342 0.048828 0.048828
0 0.231579 0.640519 0.048828 0.048828
0 0.183390 0.615421 0.048828 0.048828
0 0.150260 0.591326 0.048828 0.048828
0 0.263705 0.709791 0.048828 0.048828
0 0.218528 0.695736 0.048828 0.048828
0 0.166323 0.715815 0.048828 0.048828
0 0.106086 0.727862 0.048828 0.048828
0 0.133193 0.676661 0.048828 0.048828
0 0.074964 0.730874 0.048828 0.048828
0 0.061913 0.672645 0.048828 0.048828
0 0.100063 0.642527 0.048828 0.048828
0 0.091027 0.574259 0.048828 0.048828
0 0.078980 0.522054 0.048828 0.048828
0 0.104079 0.490932 0.048828 0.048828
0 0.132189 0.444751 0.048828 0.048828
0 0.265713 0.047190 0.048828 0.048828
0 0.189413 0.082328 0.048828 0.048828
0 0.208488 0.054218 0.048828 0.048828
0 0.205477 0.018076 0.048828 0.048828
0 0.143232 0.050202 0.048828 0.048828
0 0.130181 0.114454 0.048828 0.048828
0 0.167327 0.843315 0.048828 0.048828
0 0.150260 0.822233 0.048828 0.048828
0 0.151264 0.778059 0.048828 0.048828
0 0.110102 0.777055 0.048828 0.048828
0 0.199453 0.749949 0.048828 0.048828
0 0.260693 0.749949 0.048828 0.048828
0 0.234591 0.773040 0.048828 0.048828
0 0.223547 0.817213 0.048828 0.048828
0 0.268725 0.803158 0.048828 0.048828
0 0.294827 0.837292 0.048828 0.048828
0 0.234591 0.847331 0.048828 0.048828
0 0.135201 0.914595 0.048828 0.048828
0 0.125161 0.871426 0.048828 0.048828
0 0.074964 0.852351 0.048828 0.048828
0 0.049866 0.804162 0.048828 0.048828
0 0.061913 0.898532 0.048828 0.048828
0 0.096047 0.962784 0.048828 0.048828
0 0.095043 0.996918 0.048828 0.048828
0 0.020751 0.977843 0.048828 0.048828
0 0.015732 0.723846 0.048828 0.048828
0 0.038822 0.624456 0.048828 0.048828
0 0.006696 0.649555 0.048828 0.048828
0 0.028783 0.543137 0.048828 0.048828
0 0.022759 0.513019 0.048828 0.048828
0 0.047858 0.472861 0.048828 0.048828
0 0.022759 0.424672 0.048828 0.048828
0 0.018744 0.308215 0.048828 0.048828
0 0.063921 0.222880 0.048828 0.048828
0 0.064925 0.192762 0.048828 0.048828
0 0.035811 0.160636 0.048828 0.048828
0 0.071952 0.133529 0.048828 0.048828
0 0.071952 0.089356 0.048828 0.048828
0 0.018744 0.111442 0.048828 0.048828
0 0.011716 0.062249 0.048828 0.048828
0 0.089019 0.052210 0.048828 0.048828
0 0.024767 0.007033 0.048828 0.048828