0 0.572474 0.097835 0.048828 0.048828
0 0.519712 0.116241 0.048828 0.048828
0 0.520939 0.052435 0.048828 0.048828
0 0.427684 0.134646 0.048828 0.048828
0 0.435046 0.089246 0.048828 0.048828
0 0.446089 0.034029 0.048828 0.048828
0 0.392100 0.094154 0.048828 0.048828
0 0.403143 0.059797 0.048828 0.048828
0 0.361424 0.063478 0.048828 0.048828
0 0.355289 0.002126 0.048828 0.048828
0 0.387192 0.003353 0.048828 0.048828
0 0.585972 0.011942 0.048828 0.048828
0 0.260807 0.015623 0.048828 0.048828
0 0.266942 0.086792 0.048828 0.048828
0 0.334429 0.126057 0.048828 0.048828
0 0.209271 0.085565 0.048828 0.048828
0 0.214179 0.013169 0.048828 0.048828
0 0.103746 0.002126 0.048828 0.048828
0 0.103746 0.034029 0.048828 0.048828
0 0.122151 0.080657 0.048828 0.048828
0 0.129513 0.119922 0.048828 0.048828
0 0.084113 0.096608 0.048828 0.048828
0 0.039939 0.089246 0.048828 0.048828
0 0.055891 0.064705 0.048828 0.048828
0 0.606832 0.155506 0.048828 0.048828
0 0.523393 0.153052 0.048828 0.048828
0 0.557750 0.166549 0.048828 0.048828
0 0.585972 0.210723 0.048828 0.048828
0 0.583518 0.243853 0.048828 0.048828
0 0.536890 0.265939 0.048828 0.048828
0 0.514804 0.195998 0.048828 0.048828
0 0.482901 0.221766 0.048828 0.048828
0 0.460814 0.273302 0.048828 0.048828
0 0.426457 0.236490 0.048828 0.048828
0 0.416640 0.195998 0.048828 0.048828
0 0.459587 0.156733 0.048828 0.048828
0 0.327067 0.178820 0.048828 0.048828
0 0.382283 0.226674 0.048828 0.048828
0 0.399462 0.279437 0.048828 0.048828
0 0.437500 0.316248 0.048828 0.048828
0 0.382283 0.333427 0.048828 0.048828
0 0.400689 0.380054 0.048828 0.048828
0 0.302526 0.326064 0.048828 0.048828
0 0.318477 0.364103 0.048828 0.048828
0 0.311115 0.400914 0.048828 0.048828
0 0.255898 0.414411 0.048828 0.048828
0 0.268169 0.357967 0.048828 0.048828
0 0.222768 0.323610 0.048828 0.048828
0 0.281666 0.294161 0.048828 0.048828
0 0.290255 0.215631 0.048828 0.048828
0 0.290255 0.146917 0.048828 0.048828
0 0.248536 0.173911 0.048828 0.048828
0 0.217860 0.205814 0.048828 0.048828
0 0.183503 0.146917 0.048828 0.048828
0 0.144238 0.197225 0.048828 0.048828
0 0.097610 0.253669 0.048828 0.048828
0 0.145465 0.316248 0.048828 0.048828
0 0.139330 0.377600 0.048828 0.048828
0 0.204363 0.377600 0.048828 0.048828
0 0.187184 0.413184 0.048828 0.048828
0 0.344245 0.478217 0.048828 0.048828
0 0.484128 0.465947 0.048828 0.048828
0 0.512349 0.529753 0.048828 0.048828
0 0.279212 0.521164 0.048828 0.048828
0 0.254671 0.465947 0.048828 0.048828
0 0.184730 0.551839 0.048828 0.048828
0 0.135649 0.499077 0.048828 0.048828
0 0.095156 0.506439 0.048828 0.048828
0 0.084113 0.435271 0.048828 0.048828
0 0.044848 0.324837 0.048828 0.048828
0 0.044848 0.194771 0.048828 0.048828
0 0.084113 0.153052 0.048828 0.048828
0 0.015399 0.241399 0.048828 0.048828
0 0.003128 0.396006 0.048828 0.048828
0 0.004355 0.435271 0.048828 0.048828
0 0.033804 0.489261 0.048828 0.048828
0 0.026442 0.564110 0.048828 0.048828
0 0.017853 0.608283 0.048828 0.048828
0 0.111108 0.603375 0.048828 0.048828
0 0.000674 0.804610 0.048828 0.048828
0 0.073070 0.773934 0.048828 0.048828
0 0.129513 0.788658 0.048828 0.048828
0 0.060799 0.702765 0.048828 0.048828
0 0.089021 0.700311 0.048828 0.048828
0 0.123378 0.688041 0.048828 0.048828
0 0.122151 0.635278 0.048828 0.048828
0 0.192092 0.694176 0.048828 0.048828
0 0.279212 0.648776 0.048828 0.048828
0 0.259579 0.734668 0.048828 0.048828
0 0.303753 0.750620 0.048828 0.048828
0 0.225222 0.781296 0.048828 0.048828
0 0.273077 0.848783 0.048828 0.048828
0 0.211725 0.848783 0.048828 0.048828
0 0.167552 0.919951 0.048828 0.048828
0 0.152827 0.976395 0.048828 0.048828
0 0.087794 0.994801 0.048828 0.048828
0 0.031350 0.957989 0.048828 0.048828
0 0.042394 0.912589 0.048828 0.048828
0 0.086567 0.859826 0.048828 0.048828
0 0.050983 0.863507 0.048828 0.048828
0 0.008036 0.856145 0.048828 0.048828
0 0.720946 0.062251 0.048828 0.048828
0 0.632599 0.057343 0.048828 0.048828
0 0.660821 0.027894 0.048828 0.048828
0 0.693951 0.002126 0.048828 0.048828
0 0.685362 0.103970 0.048828 0.048828
0 0.696405 0.148144 0.048828 0.048828
0 0.744260 0.116241 0.048828 0.048828
0 0.788433 0.080657 0.048828 0.048828
0 0.779844 0.146917 0.048828 0.048828
0 0.831380 0.133419 0.048828 0.048828
0 0.810520 0.187409 0.048828 0.048828
0 0.879234 0.194771 0.048828 0.048828
0 0.752849 0.241399 0.048828 0.048828
0 0.846104 0.224220 0.048828 0.048828
0 0.819109 0.247534 0.048828 0.048828
0 0.794568 0.296615 0.048828 0.048828
0 0.662048 0.192317 0.048828 0.048828
0 0.664502 0.226674 0.048828 0.048828
0 0.658367 0.334654 0.048828 0.048828
0 0.745487 0.332200 0.048828 0.048828
0 0.731989 0.281891 0.048828 0.048828
0 0.785979 0.407049 0.048828 0.048828
0 0.851012 0.365330 0.048828 0.048828
0 0.696405 0.446314 0.048828 0.048828
0 0.641189 0.421773 0.048828 0.048828
0 0.609286 0.334654 0.048828 0.048828
0 0.578610 0.289253 0.048828 0.048828
0 0.519712 0.369011 0.048828 0.048828
0 0.574928 0.388643 0.048828 0.048828
0 0.610513 0.391097 0.048828 0.048828
0 0.566339 0.328518 0.048828 0.048828
0 0.482901 0.329745 0.048828 0.048828
0 0.462041 0.372692 0.048828 0.048828
0 0.443635 0.425454 0.048828 0.048828
0 0.531982 0.440179 0.048828 0.048828
0 0.610513 0.472082 0.048828 0.048828
0 0.663275 0.507666 0.048828 0.048828
0 0.689043 0.532207 0.048828 0.048828
0 0.735671 0.556748 0.048828 0.048828
0 0.731989 0.478217 0.048828 0.048828
0 0.801931 0.486806 0.048828 0.048828
0 0.781071 0.560429 0.048828 0.048828
0 0.828926 0.588651 0.048828 0.048828
0 0.881688 0.597240 0.048828 0.048828
0 0.785979 0.678225 0.048828 0.048828
0 0.731989 0.630370 0.048828 0.048828
0 0.689043 0.625462 0.048828 0.048828
0 0.653459 0.570245 0.048828 0.048828
0 0.620329 0.542023 0.048828 0.048828
0 0.626464 0.518709 0.048828 0.048828
0 0.637507 0.626689 0.048828 0.048828
0 0.541798 0.615646 0.048828 0.048828
0 0.497625 0.615646 0.048828 0.048828
0 0.484128 0.634051 0.048828 0.048828
0 0.450998 0.604602 0.048828 0.048828
0 0.574928 0.604602 0.048828 0.048828
0 0.660821 0.586197 0.048828 0.048828
0 0.590880 0.510120 0.048828 0.048828
0 0.462041 0.674543 0.048828 0.048828
0 0.509895 0.723625 0.048828 0.048828
0 0.563885 0.750620 0.048828 0.048828
0 0.598242 0.783750 0.048828 0.048828
0 0.583518 0.832831 0.048828 0.048828
0 0.625237 0.820561 0.048828 0.048828
0 0.643643 0.761663 0.048828 0.048828
0 0.673092 0.782523 0.048828 0.048828
0 0.675546 0.827923 0.048828 0.048828
0 0.665729 0.861053 0.048828 0.048828
0 0.631372 0.890502 0.048828 0.048828
0 0.595788 0.905227 0.048828 0.048828
0 0.570020 0.901546 0.048828 0.048828
0 0.469403 0.884367 0.048828 0.048828
0 0.436273 0.875778 0.048828 0.048828
0 0.453452 0.823015 0.048828 0.048828
0 0.466949 0.756755 0.048828 0.048828
0 0.495171 0.966579 0.048828 0.048828
0 0.231358 0.994801 0.048828 0.048828
0 0.403143 0.791112 0.048828 0.048828
0 0.424003 0.718717 0.048828 0.048828
0 0.393327 0.632824 0.048828 0.048828
0 0.347926 0.683133 0.048828 0.048828