0 0.177143 0.352610 0.048828 0.048828
0 0.137878 0.366107 0.048828 0.048828
0 0.093704 0.383286 0.048828 0.048828
0 0.082661 0.351383 0.048828 0.048828
0 0.037261 0.369788 0.048828 0.048828
0 0.048304 0.323161 0.048828 0.048828
0 0.032353 0.296166 0.048828 0.048828
0 0.016401 0.275306 0.048828 0.048828
0 0.005358 0.243403 0.048828 0.048828
0 0.015174 0.364880 0.048828 0.048828
0 0.009039 0.466724 0.048828 0.048828
0 0.034807 0.439729 0.048828 0.048828
0 0.049531 0.492492 0.048828 0.048828
0 0.067937 0.469178 0.048828 0.048828
0 0.107202 0.454454 0.048828 0.048828
0 0.139105 0.444638 0.048828 0.048828
0 0.148921 0.471632 0.048828 0.048828
0 0.069164 0.422551 0.048828 0.048828
0 0.179597 0.433594 0.048828 0.048828
0 0.213954 0.475314 0.048828 0.048828
0 0.247084 0.503535 0.048828 0.048828
0 0.278987 0.502308 0.048828 0.048828
0 0.297393 0.512125 0.048828 0.048828
0 0.298620 0.545255 0.048828 0.048828
0 0.329296 0.583293 0.048828 0.048828
0 0.369788 0.607834 0.048828 0.048828
0 0.402918 0.604153 0.048828 0.048828
0 0.438502 0.591882 0.048828 0.048828
0 0.456908 0.618877 0.048828 0.048828
0 0.487584 0.652007 0.048828 0.048828
0 0.540347 0.652007 0.048828 0.048828
0 0.577158 0.669186 0.048828 0.048828
0 0.600472 0.660596 0.048828 0.048828
0 0.643418 0.675321 0.048828 0.048828
0 0.667959 0.690045 0.048828 0.048828
0 0.645872 0.715813 0.048828 0.048828
0 0.698635 0.740354 0.048828 0.048828
0 0.719494 0.709678 0.048828 0.048828
0 0.774711 0.718267 0.048828 0.048828
0 0.761214 0.777165 0.048828 0.048828
0 0.838517 0.756306 0.048828 0.048828
0 0.885145 0.771030 0.048828 0.048828
0 0.955086 0.771030 0.048828 0.048828
0 0.999259 0.775938 0.048828 0.048828
0 0.984535 0.952632 0.048828 0.048828
0 0.979627 0.864285 0.048828 0.048828
0 0.969810 0.893734 0.048828 0.048828
0 0.942815 0.939134 0.048828 0.048828
0 0.029898 0.968583 0.048828 0.048828
0 0.304755 0.977173 0.048828 0.048828
0 0.237268 0.980854 0.048828 0.048828
0 0.184505 0.991897 0.048828 0.048828
0 0.134197 0.985762 0.048828 0.048828
0 0.097386 0.941588 0.048828 0.048828
0 0.183278 0.947724 0.048828 0.048828
0 0.226225 0.929318 0.048828 0.048828
0 0.261809 0.918275 0.048828 0.048828
0 0.325615 0.917048 0.048828 0.048828
0 0.321934 0.874101 0.048828 0.048828
0 0.263036 0.871647 0.048828 0.048828
0 0.200457 0.871647 0.048828 0.048828
0 0.162419 0.903550 0.048828 0.048828
0 0.157510 0.865512 0.048828 0.048828
0 0.083888 0.896188 0.048828 0.048828
0 0.037261 0.912139 0.048828 0.048828
0 0.023763 0.882691 0.048828 0.048828
0 0.078980 0.864285 0.048828 0.048828
0 0.120699 0.829928 0.048828 0.048828
0 0.054439 0.826247 0.048828 0.048828
0 0.002904 0.813976 0.048828 0.048828
0 0.000449 0.773484 0.048828 0.048828
0 0.065483 0.791890 0.048828 0.048828
0 0.110883 0.798025 0.048828 0.048828
0 0.152602 0.800479 0.048828 0.048828
0 0.182051 0.821339 0.048828 0.048828
0 0.188186 0.784527 0.048828 0.048828
0 0.255674 0.810295 0.048828 0.048828
0 0.320707 0.812749 0.048828 0.048828
0 0.328069 0.774711 0.048828 0.048828
0 0.274079 0.771030 0.048828 0.048828
0 0.318253 0.740354 0.048828 0.048828
0 0.280214 0.732992 0.048828 0.048828
0 0.224998 0.740354 0.048828 0.048828
0 0.182051 0.751397 0.048828 0.048828
0 0.132970 0.757533 0.048828 0.048828
0 0.075299 0.766122 0.048828 0.048828
0 0.031125 0.767349 0.048828 0.048828
0 0.005358 0.699862 0.048828 0.048828
0 0.055666 0.723175 0.048828 0.048828
0 0.039715 0.671640 0.048828 0.048828
0 0.012720 0.540347 0.048828 0.048828
0 0.055666 0.593109 0.048828 0.048828
0 0.074072 0.561206 0.048828 0.048828
0 0.078980 0.528076 0.048828 0.048828
0 0.123153 0.553844 0.048828 0.048828
0 0.178370 0.518260 0.048828 0.048828
0 0.202911 0.542801 0.048828 0.048828
0 0.172235 0.573477 0.048828 0.048828
0 0.086342 0.610288 0.048828 0.048828
0 0.058120 0.645872 0.048828 0.048828
0 0.081434 0.680229 0.048828 0.048828
0 0.105975 0.718267 0.048828 0.048828
0 0.164873 0.704770 0.048828 0.048828
0 0.126835 0.672867 0.048828 0.048828
0 0.125607 0.640964 0.048828 0.048828
0 0.148921 0.613969 0.048828 0.048828
0 0.166100 0.650780 0.048828 0.048828
0 0.207819 0.688818 0.048828 0.048828
0 0.277760 0.694954 0.048828 0.048828
0 0.320707 0.707224 0.048828 0.048828
0 0.325615 0.676548 0.048828 0.048828
0 0.304755 0.658142 0.048828 0.048828
0 0.301074 0.615196 0.048828 0.048828
0 0.261809 0.639737 0.048828 0.048828
0 0.209046 0.622558 0.048828 0.048828
0 0.236041 0.591882 0.048828 0.048828
0 0.278987 0.580839 0.048828 0.048828
0 0.340339 0.634829 0.048828 0.048828
0 0.383286 0.639737 0.048828 0.048828
0 0.427459 0.664278 0.048828 0.048828
0 0.378378 0.690045 0.048828 0.048828
0 0.417643 0.698635 0.048828 0.048828
0 0.486357 0.707224 0.048828 0.048828
0 0.379605 0.735446 0.048828 0.048828
0 0.400464 0.745262 0.048828 0.048828
0 0.453227 0.757533 0.048828 0.048828
0 0.409053 0.775938 0.048828 0.048828
0 0.375923 0.777165 0.048828 0.048828
0 0.380832 0.812749 0.048828 0.048828
0 0.357518 0.843425 0.048828 0.048828
0 0.356291 0.885145 0.048828 0.048828
0 0.367334 0.915821 0.048828 0.048828
0 0.436048 0.935453 0.048828 0.048828
0 0.471632 0.957540 0.048828 0.048828
0 0.458135 0.901096 0.048828 0.048828
0 0.412735 0.861831 0.048828 0.048828
0 0.427459 0.807841 0.048828 0.048828
0 0.553844 0.892507 0.048828 0.048828
0 0.536666 0.886372 0.048828 0.048828
0 0.504763 0.854469 0.048828 0.048828
0 0.537893 0.850788 0.048828 0.048828
0 0.567342 0.806614 0.048828 0.048828
0 0.521941 0.805387 0.048828 0.048828
0 0.550163 0.759987 0.048828 0.048828
0 0.515806 0.748943 0.048828 0.048828
0 0.514579 0.729311 0.048828 0.048828
0 0.523168 0.686364 0.048828 0.048828
0 0.561206 0.710905 0.048828 0.048828
0 0.583293 0.731765 0.048828 0.048828
0 0.629920 0.761214 0.048828 0.048828
0 0.707224 0.786981 0.048828 0.048828
0 0.617650 0.798025 0.048828 0.048828
0 0.599245 0.837290 0.048828 0.048828
0 0.654461 0.837290 0.048828 0.048828
0 0.699862 0.855696 0.048828 0.048828
0 0.736673 0.820112 0.048828 0.048828
0 0.775938 0.817657 0.048828 0.048828
0 0.828701 0.809068 0.048828 0.048828
0 0.875328 0.812749 0.048828 0.048828
0 0.963675 0.816430 0.048828 0.048828
0 0.940361 0.832382 0.048828 0.048828
0 0.882691 0.856923 0.048828 0.048828
0 0.909685 0.890053 0.048828 0.048828
0 0.870420 0.904777 0.048828 0.048828
0 0.828701 0.852015 0.048828 0.048828
0 0.772257 0.843425 0.048828 0.048828
0 0.785754 0.881463 0.048828 0.048828
0 0.899869 0.932999 0.048828 0.048828
0 0.856923 0.936680 0.048828 0.048828
0 0.773484 0.941588 0.048828 0.048828
0 0.902323 0.975945 0.048828 0.048828
0 0.849560 0.961221 0.048828 0.048828
0 0.831155 0.990670 0.048828 0.048828
0 0.767349 0.985762 0.048828 0.048828
0 0.728084 0.948951 0.048828 0.048828
0 0.681456 0.974718 0.048828 0.048828
0 0.710905 0.896188 0.048828 0.048828
0 0.676548 0.912139 0.048828 0.048828
0 0.658142 0.871647 0.048828 0.048828
0 0.660596 0.934226 0.048828 0.048828
0 0.594336 0.893734 0.048828 0.048828
0 0.604153 0.945270 0.048828 0.048828
0 0.548936 0.936680 0.048828 0.048828
0 0.588201 0.986989 0.048828 0.048828
0 0.510898 0.995578 0.048828 0.048828
0 0.404145 0.980854 0.048828 0.048828
0 0.356291 0.959994 0.048828 0.048828
0 0.892891 0.719370 0.048828 0.048828
0 0.818525 0.706976 0.048828 0.048828
0 0.766469 0.673511 0.048828 0.048828
0 0.698300 0.663596 0.048828 0.048828
0 0.647483 0.630131 0.048828 0.048828
0 0.592948 0.609061 0.048828 0.048828
0 0.535934 0.614019 0.048828 0.048828
0 0.469005 0.573117 0.048828 0.048828
0 0.425625 0.564441 0.048828 0.048828
0 0.373569 0.559484 0.048828 0.048828
0 0.330188 0.516103 0.048828 0.048828
0 0.343822 0.485118 0.048828 0.048828
0 0.389681 0.514864 0.048828 0.048828
0 0.450413 0.524779 0.048828 0.048828
0 0.544610 0.557005 0.048828 0.048828
0 0.606582 0.561962 0.048828 0.048828
0 0.652441 0.540892 0.048828 0.048828
0 0.700779 0.586751 0.048828 0.048828
0 0.750356 0.597906 0.048828 0.048828
0 0.803652 0.632610 0.048828 0.048828
0 0.880497 0.635089 0.048828 0.048828
0 0.902807 0.614019 0.048828 0.048828
0 0.868102 0.591709 0.048828 0.048828
0 0.988327 0.596667 0.048828 0.048828
0 0.905285 0.492554 0.048828 0.048828
0 0.913961 0.457850 0.048828 0.048828
0 0.875539 0.538413 0.048828 0.048828
0 0.834638 0.514864 0.048828 0.048828
0 0.868102 0.490075 0.048828 0.048828
0 0.866863 0.446695 0.048828 0.048828
0 0.878018 0.399597 0.048828 0.048828
0 0.802412 0.405794 0.048828 0.048828
0 0.824722 0.377287 0.048828 0.048828
0 0.853229 0.345062 0.048828 0.048828
0 0.865624 0.296724 0.048828 0.048828
0 0.959820 0.263259 0.048828 0.048828
0 0.985849 0.205006 0.048828 0.048828
0 0.994525 0.146752 0.048828 0.048828
0 0.957342 0.120724 0.048828 0.048828
0 0.928835 0.150471 0.048828 0.048828
0 0.905285 0.193851 0.048828 0.048828
0 0.868102 0.233513 0.048828 0.048828
0 0.853229 0.198808 0.048828 0.048828
0 0.828441 0.271935 0.048828 0.048828
0 0.801173 0.315315 0.048828 0.048828
0 0.763990 0.358695 0.048828 0.048828
0 0.804174 0.209058 0.048828 0.048828
0 0.757532 0.226333 0.048828 0.048828
0 0.753213 0.273838 0.048828 0.048828
0 0.737666 0.317025 0.048828 0.048828
0 0.712617 0.293704 0.048828 0.048828
0 0.692751 0.281612 0.048828 0.048828
0 0.668567 0.241016 0.048828 0.048828
0 0.700525 0.194375 0.048828 0.048828
0 0.646973 0.285931 0.048828 0.048828
0 0.623652 0.233243 0.048828 0.048828
0 0.596876 0.275566 0.048828 0.048828
0 0.576147 0.268656 0.048828 0.048828
0 0.598604 0.325663 0.048828 0.048828
0 0.636608 0.307524 0.048828 0.048828
0 0.641791 0.356757 0.048828 0.048828
0 0.708299 0.344665 0.048828 0.048828
0 0.684978 0.385261 0.048828 0.048828
0 0.729028 0.395625 0.048828 0.048828
0 0.714345 0.413764 0.048828 0.048828
0 0.760987 0.453496 0.048828 0.048828
0 0.805037 0.468179 0.048828 0.048828
0 0.788626 0.510503 0.048828 0.048828
0 0.731620 0.515685 0.048828 0.048828
0 0.680659 0.509639 0.048828 0.048828
0 0.674613 0.451768 0.048828 0.048828
0 0.610696 0.459542 0.048828 0.048828
0 0.590830 0.499274 0.048828 0.048828
0 0.560599 0.505320 0.048828 0.048828
0 0.544188 0.460406 0.048828 0.048828
0 0.509639 0.508775 0.048828 0.048828
0 0.467316 0.481136 0.048828 0.048828
0 0.396489 0.455223 0.048828 0.048828
0 0.493228 0.443995 0.048828 0.048828
0 0.469907 0.411173 0.048828 0.048828
0 0.507911 0.387852 0.048828 0.048828
0 0.512230 0.340346 0.048828 0.048828
0 0.552826 0.355894 0.048828 0.048828
0 0.546780 0.309252 0.048828 0.048828
0 0.465588 0.307524 0.048828 0.048828
0 0.504456 0.289386 0.048828 0.048828
0 0.430175 0.268656 0.048828 0.048828
0 0.418083 0.369713 0.048828 0.048828
0 0.384397 0.310115 0.048828 0.048828
0 0.388716 0.245335 0.048828 0.048828
0 0.416355 0.203876 0.048828 0.048828
0 0.445722 0.181418 0.048828 0.048828
0 0.397353 0.140823 0.048828 0.048828
0 0.439676 0.135640 0.048828 0.048828
0 0.494092 0.158098 0.048828 0.048828
0 0.561463 0.170190 0.048828 0.048828
0 0.553690 0.222878 0.048828 0.048828
0 0.583920 0.235834 0.048828 0.048828
0 0.593421 0.190920 0.048828 0.048828
0 0.653019 0.194375 0.048828 0.048828
0 0.655611 0.139959 0.048828 0.048828
0 0.697070 0.138232 0.048828 0.048828
0 0.732483 0.138232 0.048828 0.048828
0 0.755804 0.178827 0.048828 0.048828
0 0.794672 0.127003 0.048828 0.048828
0 0.833541 0.146005 0.048828 0.048828
0 0.837859 0.107137 0.048828 0.048828
0 0.907822 0.108001 0.048828 0.048828
0 0.897457 0.082089 0.048828 0.048828
0 0.942372 0.069133 0.048828 0.048828
0 0.989877 0.019899 0.048828 0.048828
0 0.944963 0.013853 0.048828 0.048828
0 0.894866 0.022491 0.048828 0.048828
0 0.842178 0.033719 0.048828 0.048828
0 0.832677 0.074315 0.048828 0.048828
0 0.767033 0.082952 0.048828 0.048828
0 0.708299 0.084680 0.048828 0.048828
0 0.671158 0.101955 0.048828 0.048828
0 0.589103 0.107137 0.048828 0.048828
0 0.544188 0.118366 0.048828 0.048828
0 0.422401 0.101955 0.048828 0.048828
0 0.451768 0.075179 0.048828 0.048828
0 0.423265 0.049267 0.048828 0.048828
0 0.477681 0.056176 0.048828 0.048828
0 0.561463 0.058768 0.048828 0.048828
0 0.636608 0.065678 0.048828 0.048828
0 0.605514 0.032856 0.048828 0.048828
0 0.641791 0.021627 0.048828 0.048828
0 0.712617 0.035447 0.048828 0.048828
0 0.772215 0.038902 0.048828 0.048828
0 0.804174 0.055313 0.048828 0.048828
0 0.546780 0.012126 0.048828 0.048828
0 0.478544 0.014717 0.048828 0.048828
0 0.362559 0.006594 0.048828 0.048828
0 0.376519 0.031023 0.048828 0.048828
0 0.375646 0.054580 0.048828 0.048828
0 0.366921 0.092968 0.048828 0.048828
0 0.339003 0.137464 0.048828 0.048828
0 0.291017 0.069412 0.048828 0.048828
0 0.284038 0.016191 0.048828 0.048828
0 0.243904 0.113035 0.048828 0.048828
0 0.229945 0.058942 0.048828 0.048828
0 0.153168 0.106928 0.048828 0.048828
0 0.154913 0.054580 0.048828 0.048828
0 0.204643 0.022299 0.048828 0.048828
0 0.490811 0.203771 0.048828 0.048828
0 0.459403 0.231690 0.048828 0.048828
0 0.342493 0.271823 0.048828 0.048828
0 0.357324 0.206388 0.048828 0.048828
0 0.315446 0.222093 0.048828 0.048828
0 0.311956 0.157530 0.048828 0.048828
0 0.208133 0.162765 0.048828 0.048828
0 0.223838 0.207261 0.048828 0.048828
0 0.228200 0.250884 0.048828 0.048828
0 0.268333 0.275313 0.048828 0.048828
0 0.305849 0.344237 0.048828 0.048828
0 0.351217 0.352962 0.048828 0.048828
0 0.340748 0.381753 0.048828 0.048828
0 0.319808 0.420142 0.048828 0.048828
0 0.368666 0.419269 0.048828 0.048828
0 0.300614 0.462892 0.048828 0.048828
0 0.261353 0.463765 0.048828 0.048828
0 0.254374 0.393968 0.048828 0.048828
0 0.229945 0.413162 0.048828 0.048828
0 0.246522 0.353835 0.048828 0.048828
0 0.240414 0.308466 0.048828 0.048828
0 0.198536 0.298869 0.048828 0.048828
0 0.176725 0.265716 0.048828 0.048828
0 0.163638 0.217730 0.048828 0.048828
0 0.162765 0.310211 0.048828 0.048828
0 0.134846 0.257864 0.048828 0.048828
0 0.096458 0.233435 0.048828 0.048828
0 0.070284 0.268333 0.048828 0.048828
0 0.063304 0.195046 0.048828 0.048828
0 0.117397 0.194174 0.048828 0.048828
0 0.168872 0.140954 0.048828 0.048828
0 0.107800 0.134846 0.048828 0.048828
0 0.085988 0.111290 0.048828 0.048828
0 0.034513 0.137464 0.048828 0.048828
0 0.021426 0.200281 0.048828 0.048828
0 0.038003 0.224710 0.048828 0.048828
0 0.001360 0.083371 0.048828 0.048828
0 0.063304 0.064177 0.048828 0.048828
0 0.109545 0.069412 0.048828 0.048828
0 0.114780 0.027533 0.048828 0.048828
0 0.974694 0.289287 0.048828 0.048828