0 0.321915 0.917698 0.048828 0.048828
0 0.256098 0.945905 0.048828 0.048828
0 0.269530 0.874716 0.048828 0.048828
0 0.307140 0.825017 0.048828 0.048828
0 0.268187 0.799496 0.048828 0.048828
0 0.214459 0.803526 0.048828 0.048828
0 0.229234 0.775319 0.048828 0.048828
0 0.257441 0.735023 0.048828 0.048828
0 0.206400 0.741739 0.048828 0.048828
0 0.205056 0.717561 0.048828 0.048828
0 0.253412 0.681294 0.048828 0.048828
0 0.191624 0.628909 0.048828 0.048828
0 0.363554 0.593986 0.048828 0.048828
0 0.417282 0.538915 0.048828 0.048828
0 0.480413 0.440861 0.048828 0.048828
0 0.500561 0.365642 0.048828 0.048828
0 0.453549 0.372358 0.048828 0.048828
0 0.409223 0.345494 0.048828 0.048828
0 0.378330 0.400565 0.048828 0.048828
0 0.305797 0.419370 0.048828 0.048828
0 0.266844 0.576525 0.048828 0.048828
0 0.221175 0.517424 0.048828 0.048828
0 0.213116 0.474441 0.048828 0.048828
0 0.198340 0.444891 0.048828 0.048828
0 0.159387 0.422056 0.048828 0.048828
0 0.159387 0.482500 0.048828 0.048828
0 0.082825 0.396535 0.048828 0.048828
0 0.082825 0.497276 0.048828 0.048828
0 0.137896 0.740395 0.048828 0.048828
0 0.160731 0.833076 0.048828 0.048828
0 0.167447 0.865313 0.048828 0.048828
0 0.166103 0.921728 0.048828 0.048828
0 0.098943 0.892177 0.048828 0.048828
0 0.073422 0.841136 0.048828 0.048828
0 0.115062 0.792780 0.048828 0.048828
0 0.026410 0.894864 0.048828 0.048828
0 0.057304 0.970083 0.048828 0.048828
0 0.011635 0.949935 0.048828 0.048828
0 0.008949 0.776662 0.048828 0.048828
0 0.058647 0.776662 0.048828 0.048828
0 0.026410 0.716218 0.048828 0.048828
0 0.047902 0.686667 0.048828 0.048828
0 0.092227 0.651744 0.048828 0.048828
0 0.089541 0.701442 0.048828 0.048828
0 0.031783 0.653087 0.048828 0.048828
0 0.053274 0.623537 0.048828 0.048828
0 0.203713 0.667862 0.048828 0.048828
0 0.465638 0.314600 0.048828 0.048828
0 0.325945 0.303854 0.048828 0.048828
0 0.285649 0.358926 0.048828 0.048828
0 0.265500 0.340121 0.048828 0.048828
0 0.192968 0.342807 0.048828 0.048828
0 0.385046 0.272961 0.048828 0.048828
0 0.331317 0.212517 0.048828 0.048828
0 0.362211 0.193712 0.048828 0.048828
0 0.381016 0.662490 0.048828 0.048828
0 0.265198 0.217682 0.048828 0.048828
0 0.221365 0.201372 0.048828 0.048828
0 0.246849 0.158559 0.048828 0.048828
0 0.235636 0.106572 0.048828 0.048828
0 0.296798 0.114727 0.048828 0.048828
0 0.343689 0.137153 0.048828 0.048828
0 0.313108 0.131036 0.048828 0.048828
0 0.350824 0.092301 0.048828 0.048828
0 0.167339 0.099436 0.048828 0.048828
0 0.141855 0.152443 0.048828 0.048828
0 0.090887 0.077010 0.048828 0.048828
0 0.241752 0.031139 0.048828 0.048828
0 0.050112 0.124920 0.048828 0.048828
0 0.421160 0.297192 0.048828 0.048828
0 0.430334 0.126959 0.048828 0.048828
0 0.447664 0.065797 0.048828 0.048828
0 0.406889 0.080068 0.048828 0.048828
0 0.448683 0.012790 0.048828 0.048828
0 0.502709 0.026042 0.048828 0.048828
0 0.302914 0.030120 0.048828 0.048828
0 0.475040 0.966053 0.048828 0.048828
0 0.442803 0.906952 0.048828 0.048828
0 0.393105 0.917698 0.048828 0.048828
0 0.375643 0.850538 0.048828 0.048828
0 0.390418 0.816958 0.048828 0.048828
0 0.363554 0.816958 0.048828 0.048828
0 0.405194 0.708158 0.048828 0.048828
0 0.331317 0.647714 0.048828 0.048828
0 0.320572 0.696070 0.048828 0.048828
0 0.334004 0.745768 0.048828 0.048828
0 0.518023 0.520110 0.048828 0.048828
0 0.569064 0.478471 0.048828 0.048828
0 0.550259 0.466382 0.048828 0.048828
0 0.518023 0.419370 0.048828 0.048828
0 0.570408 0.366985 0.048828 0.048828
0 0.402943 0.178571 0.048828 0.048828
0 0.424043 0.216934 0.048828 0.048828
0 0.466241 0.182408 0.048828 0.048828
0 0.456650 0.124864 0.048828 0.048828
0 0.531457 0.057731 0.048828 0.048828
0 0.564065 0.021286 0.048828 0.048828
0 0.592836 0.046222 0.048828 0.048828
0 0.617772 0.086502 0.048828 0.048828
0 0.544883 0.103765 0.048828 0.048828
0 0.512276 0.170899 0.048828 0.048828
0 0.583246 0.149800 0.048828 0.048828
0 0.656134 0.140209 0.048828 0.048828
0 0.665724 0.076912 0.048828 0.048828
0 0.669561 0.019368 0.048828 0.048828
0 0.694496 0.005942 0.048828 0.048828
0 0.723268 0.044304 0.048828 0.048828
0 0.771220 0.042386 0.048828 0.048828
0 0.824927 0.002105 0.048828 0.048828
0 0.907406 0.005942 0.048828 0.048828