0 0.957092 0.955089 0.048828 0.048828
0 0.963116 0.908908 0.048828 0.048828
0 0.995242 0.862727 0.048828 0.048828
0 0.992230 0.735226 0.048828 0.048828
0 0.954080 0.752293 0.048828 0.048828
0 0.960104 0.818553 0.048828 0.048828
0 0.912919 0.830600 0.048828 0.048828
0 0.893844 0.766348 0.048828 0.048828
0 0.889828 0.916939 0.048828 0.048828
0 0.916934 0.951073 0.048828 0.048828
0 0.979179 0.659930 0.048828 0.048828
0 0.993234 0.589655 0.048828 0.048828
0 0.996246 0.413965 0.048828 0.048828
0 0.982191 0.472194 0.048828 0.048828
0 0.961108 0.295500 0.048828 0.048828
0 0.987210 0.327626 0.048828 0.048828
0 0.988214 0.252330 0.048828 0.048828
0 0.977171 0.098727 0.048828 0.048828
0 0.847663 0.956093 0.048828 0.048828
0 0.795458 0.968140 0.048828 0.048828
0 0.755300 0.979184 0.048828 0.048828
0 0.573587 0.996251 0.048828 0.048828
0 0.208152 0.993239 0.048828 0.048828
0 0.263369 0.963121 0.048828 0.048828
0 0.316578 0.959105 0.048828 0.048828
0 0.355731 0.958101 0.048828 0.048828
0 0.410948 0.958101 0.048828 0.048828
0 0.457129 0.976172 0.048828 0.048828
0 0.032462 0.926979 0.048828 0.048828
0 0.036478 0.978180 0.048828 0.048828
0 0.161971 0.979184 0.048828 0.048828
0 0.176026 0.952077 0.048828 0.048828
0 0.168998 0.876782 0.048828 0.048828
0 0.197109 0.848671 0.048828 0.048828
0 0.218191 0.917943 0.048828 0.048828
0 0.223211 0.887825 0.048828 0.048828
0 0.261361 0.919951 0.048828 0.048828
0 0.272404 0.891841 0.048828 0.048828
0 0.318586 0.903888 0.048828 0.048828
0 0.315574 0.859715 0.048828 0.048828
0 0.342680 0.877786 0.048828 0.048828
0 0.388861 0.910916 0.048828 0.048828
0 0.417976 0.869754 0.048828 0.048828
0 0.431027 0.911920 0.048828 0.048828
0 0.470181 0.896861 0.048828 0.048828
0 0.515358 0.882805 0.048828 0.048828
0 0.543468 0.904892 0.048828 0.048828
0 0.558527 0.856703 0.048828 0.048828
0 0.597681 0.899872 0.048828 0.048828
0 0.584630 0.940030 0.048828 0.048828
0 0.520378 0.936014 0.048828 0.048828
0 0.664945 0.905896 0.048828 0.048828
0 0.693056 0.897864 0.048828 0.048828
0 0.702091 0.923967 0.048828 0.048828
0 0.702091 0.962117 0.048828 0.048828
0 0.758312 0.911920 0.048828 0.048828
0 0.739237 0.896861 0.048828 0.048828
0 0.757308 0.854695 0.048828 0.048828
0 0.751284 0.821565 0.048828 0.048828
0 0.709119 0.851683 0.048828 0.048828
0 0.638843 0.854695 0.048828 0.048828
0 0.660929 0.833612 0.048828 0.048828
0 0.679000 0.801486 0.048828 0.048828
0 0.598685 0.807510 0.048828 0.048828
0 0.527405 0.813533 0.048828 0.048828
0 0.483232 0.834616 0.048828 0.048828
0 0.440062 0.827589 0.048828 0.048828
0 0.379826 0.821565 0.048828 0.048828
0 0.336657 0.819557 0.048828 0.048828
0 0.249314 0.833612 0.048828 0.048828
0 0.796462 0.902884 0.048828 0.048828
0 0.793450 0.854695 0.048828 0.048828
0 0.843647 0.830600 0.048828 0.048828
0 0.841639 0.874774 0.048828 0.048828
0 0.798469 0.804498 0.048828 0.048828
0 0.837623 0.781407 0.048828 0.048828
0 0.766343 0.773376 0.048828 0.048828
0 0.695063 0.764340 0.048828 0.048828
0 0.611736 0.763336 0.048828 0.048828
0 0.676993 0.726191 0.048828 0.048828
0 0.727190 0.728198 0.048828 0.048828
0 0.795458 0.740246 0.048828 0.048828
0 0.858706 0.739242 0.048828 0.048828
0 0.858706 0.695068 0.048828 0.048828
0 0.920950 0.717155 0.048828 0.048828
0 0.928982 0.647883 0.048828 0.048828
0 0.946049 0.604714 0.048828 0.048828
0 0.927978 0.568572 0.048828 0.048828
0 0.877781 0.585639 0.048828 0.048828
0 0.870753 0.654911 0.048828 0.048828
0 0.793450 0.619773 0.048828 0.048828
0 0.779395 0.704104 0.048828 0.048828
0 0.748272 0.678001 0.048828 0.048828
0 0.723174 0.644871 0.048828 0.048828
0 0.663941 0.670974 0.048828 0.048828
0 0.626795 0.709124 0.048828 0.048828
0 0.563547 0.747273 0.048828 0.048828
0 0.480220 0.768356 0.048828 0.048828
0 0.263369 0.774380 0.048828 0.048828
0 0.316578 0.777392 0.048828 0.048828
0 0.363763 0.767352 0.048828 0.048828
0 0.417976 0.775384 0.048828 0.048828
0 0.455122 0.735226 0.048828 0.048828
0 0.497287 0.728198 0.048828 0.048828
0 0.539453 0.698080 0.048828 0.048828
0 0.610732 0.647883 0.048828 0.048828
0 0.606717 0.594674 0.048828 0.048828
0 0.663941 0.593670 0.048828 0.048828
0 0.704099 0.587647 0.048828 0.048828
0 0.785418 0.553513 0.048828 0.048828
0 0.824572 0.527410 0.048828 0.048828
0 0.868745 0.543473 0.048828 0.048828
0 0.929986 0.526406 0.048828 0.048828
0 0.774375 0.507331 0.048828 0.048828
0 0.681008 0.525402 0.048828 0.048828
0 0.633823 0.515363 0.048828 0.048828
0 0.627799 0.546485 0.048828 0.048828
0 0.535437 0.514359 0.048828 0.048828
0 0.535437 0.561544 0.048828 0.048828
0 0.538449 0.610737 0.048828 0.048828
0 0.547484 0.656919 0.048828 0.048828
0 0.495279 0.658927 0.048828 0.048828
0 0.491263 0.618769 0.048828 0.048828
0 0.487248 0.538454 0.048828 0.048828
0 0.455122 0.576603 0.048828 0.048828
0 0.445082 0.499300 0.048828 0.048828
0 0.415968 0.536446 0.048828 0.048828
0 0.432031 0.620777 0.048828 0.048828
0 0.385850 0.621781 0.048828 0.048828
0 0.365771 0.583631 0.048828 0.048828
0 0.375810 0.524398 0.048828 0.048828
0 0.405928 0.499300 0.048828 0.048828
0 0.330633 0.504320 0.048828 0.048828
0 0.337660 0.550501 0.048828 0.048828
0 0.283448 0.592666 0.048828 0.048828
0 0.281440 0.537450 0.048828 0.048828
0 0.233251 0.529418 0.048828 0.048828
0 0.242286 0.584635 0.048828 0.048828
0 0.321597 0.626800 0.048828 0.048828
0 0.297503 0.645875 0.048828 0.048828
0 0.344688 0.673986 0.048828 0.048828
0 0.362759 0.722175 0.048828 0.048828
0 0.395889 0.702096 0.048828 0.048828
0 0.450102 0.665954 0.048828 0.048828
0 0.472189 0.692057 0.048828 0.048828
0 0.301519 0.718159 0.048828 0.048828
0 0.256341 0.671978 0.048828 0.048828
0 0.244294 0.727195 0.048828 0.048828
0 0.236262 0.650895 0.048828 0.048828
0 0.139884 0.821565 0.048828 0.048828
0 0.201124 0.789439 0.048828 0.048828
0 0.191085 0.743258 0.048828 0.048828
0 0.220199 0.680009 0.048828 0.048828
0 0.202128 0.627804 0.048828 0.048828
0 0.176026 0.674990 0.048828 0.048828
0 0.125829 0.692057 0.048828 0.048828
0 0.105750 0.639852 0.048828 0.048828
0 0.143900 0.623789 0.048828 0.048828
0 0.107758 0.597686 0.048828 0.048828
0 0.135868 0.574595 0.048828 0.048828
0 0.173014 0.605718 0.048828 0.048828
0 0.188073 0.540461 0.048828 0.048828
0 0.207148 0.496288 0.048828 0.048828
0 0.143900 0.470186 0.048828 0.048828
0 0.265377 0.491268 0.048828 0.048828
0 0.288467 0.475205 0.048828 0.048828
0 0.333645 0.465166 0.048828 0.048828
0 0.389865 0.448099 0.048828 0.048828
0 0.422995 0.468178 0.048828 0.048828
0 0.502307 0.482233 0.048828 0.048828
0 0.557524 0.453119 0.048828 0.048828
0 0.619768 0.464162 0.048828 0.048828
0 0.693056 0.470186 0.048828 0.048828
0 0.732209 0.474201 0.048828 0.048828
0 0.790438 0.470186 0.048828 0.048828
0 0.852682 0.482233 0.048828 0.048828
0 0.881796 0.449103 0.048828 0.048828
0 0.828588 0.439063 0.048828 0.048828
0 0.064589 0.511347 0.048828 0.048828
0 0.080652 0.536446 0.048828 0.048828
0 0.058565 0.566564 0.048828 0.048828
0 0.055553 0.589655 0.048828 0.048828
0 0.064589 0.637844 0.048828 0.048828
0 0.039490 0.694064 0.048828 0.048828
0 0.014391 0.683021 0.048828 0.048828
0 0.009372 0.609733 0.048828 0.048828
0 0.059569 0.738238 0.048828 0.048828
0 0.021419 0.734222 0.048828 0.048828
0 0.011380 0.776388 0.048828 0.048828
0 0.036478 0.809518 0.048828 0.048828
0 0.125829 0.781407 0.048828 0.048828
0 0.967131 0.043511 0.048828 0.048828
0 0.950064 0.022428 0.048828 0.048828
0 0.935005 0.114791 0.048828 0.048828
0 0.924966 0.071621 0.048828 0.048828
0 0.874769 0.052546 0.048828 0.048828
0 0.849670 0.004357 0.048828 0.048828
0 0.861718 0.098727 0.048828 0.048828
0 0.895852 0.162980 0.048828 0.048828
0 0.952072 0.209161 0.048828 0.048828
0 0.894848 0.197114 0.048828 0.048828
0 0.940025 0.251326 0.048828 0.048828
0 0.850674 0.227232 0.048828 0.048828
0 0.862722 0.286464 0.048828 0.048828
0 0.829592 0.283453 0.048828 0.048828
0 0.792446 0.324614 0.048828 0.048828
0 0.802485 0.384851 0.048828 0.048828
0 0.842643 0.349713 0.048828 0.048828
0 0.869749 0.399910 0.048828 0.048828
0 0.909907 0.356740 0.048828 0.048828
0 0.919946 0.412961 0.048828 0.048828
0 0.945045 0.379831 0.048828 0.048828
0 0.934001 0.318591 0.048828 0.048828
0 0.761324 0.265382 0.048828 0.048828
0 0.785418 0.221208 0.048828 0.048828
0 0.820556 0.178039 0.048828 0.048828
0 0.793450 0.079653 0.048828 0.048828
0 0.773371 0.145913 0.048828 0.048828
0 0.731205 0.247311 0.048828 0.048828
0 0.705103 0.314575 0.048828 0.048828
0 0.740241 0.340677 0.048828 0.048828
0 0.760320 0.383847 0.048828 0.048828
0 0.705103 0.355736 0.048828 0.048828
0 0.762328 0.428020 0.048828 0.048828
0 0.722170 0.417981 0.048828 0.048828
0 0.656914 0.376819 0.048828 0.048828
0 0.677996 0.442075 0.048828 0.048828
0 0.614748 0.381839 0.048828 0.048828
0 0.636835 0.340677 0.048828 0.048828
0 0.635831 0.289476 0.048828 0.048828
0 0.647878 0.228236 0.048828 0.048828
0 0.691048 0.211169 0.048828 0.048828
0 0.697071 0.155952 0.048828 0.048828
0 0.745261 0.098727 0.048828 0.048828
0 0.643862 0.105755 0.048828 0.048828
0 0.691048 0.106759 0.048828 0.048828
0 0.665949 0.076641 0.048828 0.048828
0 0.634827 0.059574 0.048828 0.048828
0 0.721166 0.065597 0.048828 0.048828
0 0.788430 0.031463 0.048828 0.048828
0 0.747268 0.003353 0.048828 0.048828
0 0.645870 0.027448 0.048828 0.048828
0 0.581618 0.034475 0.048828 0.048828
0 0.375810 0.007369 0.048828 0.048828
0 0.374806 0.046523 0.048828 0.048828
0 0.457129 0.033471 0.048828 0.048828
0 0.427011 0.078649 0.048828 0.048828
0 0.485240 0.061582 0.048828 0.048828
0 0.536441 0.048530 0.048828 0.048828
0 0.551500 0.104751 0.048828 0.048828
0 0.512346 0.104751 0.048828 0.048828
0 0.475200 0.104751 0.048828 0.048828
0 0.417976 0.135873 0.048828 0.048828
0 0.447090 0.145913 0.048828 0.048828
0 0.470181 0.174023 0.048828 0.048828
0 0.522386 0.162980 0.048828 0.048828
0 0.591658 0.160972 0.048828 0.048828
0 0.634827 0.184062 0.048828 0.048828
0 0.544472 0.207153 0.048828 0.048828
0 0.500299 0.212173 0.048828 0.048828
0 0.425003 0.192094 0.048828 0.048828
0 0.385850 0.201129 0.048828 0.048828
0 0.423999 0.239279 0.048828 0.048828
0 0.365771 0.262370 0.048828 0.048828
0 0.479216 0.260362 0.048828 0.048828
0 0.422995 0.282449 0.048828 0.048828
0 0.387858 0.298512 0.048828 0.048828
0 0.370791 0.355736 0.048828 0.048828
0 0.417976 0.348709 0.048828 0.048828
0 0.468173 0.304535 0.048828 0.048828
0 0.528409 0.317587 0.048828 0.048828
0 0.601697 0.269397 0.048828 0.048828
0 0.556520 0.263374 0.048828 0.048828
0 0.576598 0.317587 0.048828 0.048828
0 0.565555 0.366780 0.048828 0.048828
0 0.515358 0.386859 0.048828 0.048828
0 0.474196 0.354732 0.048828 0.048828
0 0.450102 0.409949 0.048828 0.048828
0 0.486244 0.429024 0.048828 0.048828
0 0.190081 0.463158 0.048828 0.048828
0 0.237266 0.456130 0.048828 0.048828
0 0.357739 0.431032 0.048828 0.048828
0 0.323605 0.402922 0.048828 0.048828
0 0.260357 0.396898 0.048828 0.048828
0 0.215180 0.359752 0.048828 0.048828
0 0.214176 0.323610 0.048828 0.048828
0 0.273408 0.348709 0.048828 0.048828
0 0.264373 0.315579 0.048828 0.048828
0 0.330633 0.300520 0.048828 0.048828
0 0.335653 0.082664 0.048828 0.048828
0 0.302523 0.095716 0.048828 0.048828
0 0.368783 0.143905 0.048828 0.048828
0 0.312562 0.141897 0.048828 0.048828
0 0.303526 0.051542 0.048828 0.048828
0 0.011380 0.433040 0.048828 0.048828
0 0.066596 0.389870 0.048828 0.048828
0 0.037482 0.352725 0.048828 0.048828
0 0.071616 0.300520 0.048828 0.048828
0 0.071616 0.253334 0.048828 0.048828
0 0.110770 0.085676 0.048828 0.048828
0 0.224215 0.021424 0.048828 0.048828
0 0.251322 0.051542 0.048828 0.048828
0 0.262365 0.015400 0.048828 0.048828
0 0.327621 0.012389 0.048828 0.048828
0 0.204136 0.200125 0.048828 0.048828
0 0.248310 0.185066 0.048828 0.048828
0 0.276420 0.162980 0.048828 0.048828
0 0.331637 0.201129 0.048828 0.048828
0 0.340672 0.222212 0.048828 0.048828
0 0.318586 0.257350 0.048828 0.048828
0 0.300515 0.250323 0.048828 0.048828
0 0.278428 0.254338 0.048828 0.048828
0 0.277424 0.207153 0.048828 0.048828
0 0.220199 0.229240 0.048828 0.048828