0 0.920279 0.991672 0.048828 0.048828
0 0.920279 0.956088 0.048828 0.048828
0 0.925187 0.894736 0.048828 0.048828
0 0.948501 0.860379 0.048828 0.048828
0 0.867517 0.905780 0.048828 0.048828
0 0.855246 0.936456 0.048828 0.048828
0 0.856473 0.975721 0.048828 0.048828
0 0.782851 0.973267 0.048828 0.048828
0 0.759537 0.972040 0.048828 0.048828
0 0.765672 0.940137 0.048828 0.048828
0 0.815981 0.932774 0.048828 0.048828
0 0.822116 0.905780 0.048828 0.048828
0 0.992675 0.862833 0.048828 0.048828
0 0.964453 0.841974 0.048828 0.048828
0 0.984085 0.911915 0.048828 0.048828
0 0.976723 0.952407 0.048828 0.048828
0 0.957090 0.997807 0.048828 0.048828
0 0.980648 0.702576 0.048828 0.048828
0 0.994607 0.776735 0.048828 0.048828
0 0.908234 0.669422 0.048828 0.048828
0 0.927428 0.635396 0.048828 0.048828
0 0.903871 0.609223 0.048828 0.048828
0 0.928300 0.578686 0.048828 0.048828
0 0.974541 0.583921 0.048828 0.048828
0 0.977158 0.549023 0.048828 0.048828
0 0.972796 0.505399 0.048828 0.048828
0 0.971923 0.467011 0.048828 0.048828
0 0.897764 0.543788 0.048828 0.048828
0 0.910851 0.496675 0.048828 0.048828
0 0.896019 0.461776 0.048828 0.048828
0 0.943132 0.445200 0.048828 0.048828
0 0.894274 0.428623 0.048828 0.048828
0 0.894274 0.401576 0.048828 0.048828
0 0.866355 0.378892 0.048828 0.048828
0 0.889912 0.371040 0.048828 0.048828
0 0.875080 0.344866 0.048828 0.048828
0 0.934408 0.339632 0.048828 0.048828
0 0.925683 0.305606 0.048828 0.048828
0 0.950112 0.277687 0.048828 0.048828
0 0.902999 0.282921 0.048828 0.048828
0 0.905616 0.253258 0.048828 0.048828
0 0.931790 0.242788 0.048828 0.048828
0 0.909106 0.227956 0.048828 0.048828
0 0.944005 0.200910 0.048828 0.048828
0 0.908234 0.179971 0.048828 0.048828
0 0.950984 0.164267 0.048828 0.048828
0 0.834947 0.025545 0.048828 0.048828
0 0.873335 0.041249 0.048828 0.048828
0 0.895147 0.010713 0.048828 0.048828
0 0.918703 0.029907 0.048828 0.048828
0 0.937897 0.052591 0.048828 0.048828
0 0.937897 0.088362 0.048828 0.048828
0 0.905616 0.081383 0.048828 0.048828
0 0.863738 0.077020 0.048828 0.048828
0 0.861993 0.129368 0.048828 0.048828
0 0.909106 0.118026 0.048828 0.048828
0 0.934408 0.122388 0.048828 0.048828
0 0.917831 0.160777 0.048828 0.048828