0 0.044426 0.734709 0.048828 0.048828
0 0.059984 0.742488 0.048828 0.048828
0 0.107957 0.748971 0.048828 0.048828
0 0.142964 0.746378 0.048828 0.048828
0 0.180564 0.743784 0.048828 0.048828
0 0.027570 0.778792 0.048828 0.048828
0 0.120923 0.795647 0.048828 0.048828
0 0.157226 0.783978 0.048828 0.048828
0 0.205199 0.716557 0.048828 0.048828
0 0.240206 0.665991 0.048828 0.048828
0 0.158523 0.698405 0.048828 0.048828
0 0.163709 0.646543 0.048828 0.048828
0 0.098881 0.654322 0.048828 0.048828
0 0.063874 0.700998 0.048828 0.048828
0 0.022384 0.694515 0.048828 0.048828
0 0.048315 0.615425 0.048828 0.048828
0 0.094991 0.588198 0.048828 0.048828
0 0.129999 0.615425 0.048828 0.048828
0 0.030164 0.575232 0.048828 0.048828
0 0.028867 0.654322 0.048828 0.048828
0 0.170192 0.583011 0.048828 0.048828
0 0.114440 0.570046 0.048828 0.048828
0 0.076840 0.544115 0.048828 0.048828
0 0.039239 0.524666 0.048828 0.048828
0 0.014605 0.490956 0.048828 0.048828
0 0.047019 0.462431 0.048828 0.048828
0 0.078136 0.502625 0.048828 0.048828
0 0.126109 0.527259 0.048828 0.048828
0 0.209089 0.546708 0.048828 0.048828
0 0.240206 0.570046 0.048828 0.048828
0 0.206495 0.630984 0.048828 0.048828
0 0.277806 0.598570 0.048828 0.048828
0 0.277806 0.551894 0.048828 0.048828
0 0.266137 0.505218 0.048828 0.048828
0 0.245392 0.457245 0.048828 0.048828
0 0.214275 0.418348 0.048828 0.048828
0 0.353006 0.479287 0.048828 0.048828
0 0.312813 0.426128 0.048828 0.048828
0 0.356896 0.426128 0.048828 0.048828
0 0.340041 0.385935 0.048828 0.048828
0 0.315406 0.375562 0.048828 0.048828
0 0.201309 0.363893 0.048828 0.048828
0 0.290772 0.306845 0.048828 0.048828
0 0.286882 0.262762 0.048828 0.048828
0 0.247985 0.235534 0.048828 0.048828
0 0.205199 0.238127 0.048828 0.048828
0 0.210385 0.296472 0.048828 0.048828
0 0.161116 0.319810 0.048828 0.048828
0 0.159819 0.271837 0.048828 0.048828
0 0.176675 0.213492 0.048828 0.048828
0 0.145557 0.235534 0.048828 0.048828
0 0.082026 0.232941 0.048828 0.048828
0 0.022384 0.230348 0.048828 0.048828
0 0.114440 0.277024 0.048828 0.048828
0 0.059984 0.269244 0.048828 0.048828
0 0.014605 0.273134 0.048828 0.048828
0 0.008122 0.319810 0.048828 0.048828
0 0.066467 0.335369 0.048828 0.048828
0 0.102771 0.354817 0.048828 0.048828
0 0.146854 0.369079 0.048828 0.048828
0 0.080729 0.384638 0.048828 0.048828
0 0.062578 0.415755 0.048828 0.048828
0 0.028867 0.396307 0.048828 0.048828
0 0.039239 0.358707 0.048828 0.048828
0 0.131295 0.474100 0.048828 0.048828
0 0.185751 0.474100 0.048828 0.048828
0 0.267434 0.407976 0.048828 0.048828
0 0.406165 0.448169 0.048828 0.048828
0 0.426910 0.420942 0.048828 0.048828
0 0.464510 0.413162 0.048828 0.048828
0 0.454138 0.458542 0.048828 0.048828
0 0.468400 0.334072 0.048828 0.048828
0 0.415241 0.331479 0.048828 0.048828
0 0.371158 0.345741 0.048828 0.048828
0 0.371158 0.309438 0.048828 0.048828
0 0.429503 0.274431 0.048828 0.048828
0 0.359489 0.227755 0.048828 0.048828
0 0.328372 0.205713 0.048828 0.048828
0 0.345227 0.152554 0.048828 0.048828
0 0.430800 0.181078 0.048828 0.048828
0 0.960535 0.033272 0.048828 0.048828
0 0.967251 0.065509 0.048828 0.048828
0 0.965908 0.121923 0.048828 0.048828
0 0.898748 0.092373 0.048828 0.048828
0 0.873227 0.041331 0.048828 0.048828
0 0.826215 0.095059 0.048828 0.048828
0 0.857109 0.170278 0.048828 0.048828
0 0.890689 0.213261 0.048828 0.048828
0 0.948447 0.214604 0.048828 0.048828
0 0.877257 0.250871 0.048828 0.048828
0 0.746966 0.327433 0.048828 0.048828
0 0.750996 0.293853 0.048828 0.048828
0 0.780546 0.258930 0.048828 0.048828
0 0.835617 0.211918 0.048828 0.048828
0 0.811440 0.150130 0.048828 0.048828
0 0.761741 0.154160 0.048828 0.048828
0 0.745623 0.214604 0.048828 0.048828
0 0.724132 0.241468 0.048828 0.048828
0 0.716072 0.283107 0.048828 0.048828
0 0.673090 0.269675 0.048828 0.048828
0 0.572350 0.300569 0.048828 0.048828
0 0.529367 0.316687 0.048828 0.048828
0 0.545486 0.266989 0.048828 0.048828
0 0.593841 0.266989 0.048828 0.048828
0 0.585782 0.194456 0.048828 0.048828
0 0.622048 0.167592 0.048828 0.048828
0 0.714729 0.158190 0.048828 0.048828
0 0.777860 0.108491 0.048828 0.048828
0 0.713386 0.105805 0.048828 0.048828
0 0.600557 0.115207 0.048828 0.048828
0 0.540113 0.164906 0.048828 0.048828
0 0.509219 0.198486 0.048828 0.048828
0 0.489071 0.186397 0.048828 0.048828
0 0.448775 0.119237 0.048828 0.048828
0 0.552202 0.111177 0.048828 0.048828
0 0.545486 0.072225 0.048828 0.048828
0 0.569663 0.025212 0.048828 0.048828
0 0.655628 0.033272 0.048828 0.048828
0 0.714729 0.027899 0.048828 0.048828
0 0.759055 0.049390 0.048828 0.048828
0 0.798008 0.013124 0.048828 0.048828
0 0.498474 0.082970 0.048828 0.048828
0 0.462207 0.058792 0.048828 0.048828
0 0.474296 0.013124 0.048828 0.048828
0 0.451461 0.019840 0.048828 0.048828
0 0.384301 0.096402 0.048828 0.048828
0 0.346692 0.077597 0.048828 0.048828
0 0.317141 0.060136 0.048828 0.048828
0 0.263413 0.088343 0.048828 0.048828
0 0.255354 0.046704 0.048828 0.048828
0 0.275502 0.014467 0.048828 0.048828
0 0.231176 0.013124 0.048828 0.048828
0 0.006905 0.193612 0.048828 0.048828
0 0.051757 0.195650 0.048828 0.048828
0 0.070105 0.157934 0.048828 0.048828
0 0.112918 0.158953 0.048828 0.048828
0 0.161848 0.166089 0.048828 0.048828
0 0.203642 0.122256 0.048828 0.048828
0 0.151654 0.120218 0.048828 0.048828
0 0.116996 0.118179 0.048828 0.048828
0 0.097628 0.084540 0.048828 0.048828
0 0.126170 0.063133 0.048828 0.048828
0 0.175100 0.057017 0.048828 0.048828
0 0.135344 0.028475 0.048828 0.048828
0 0.066028 0.051920 0.048828 0.048828
0 0.053796 0.002991 0.048828 0.048828
0 0.061281 0.806019 0.048828 0.048828
0 0.211682 0.768419 0.048828 0.048828
0 0.288179 0.761936 0.048828 0.048828
0 0.279103 0.793054 0.048828 0.048828
0 0.236316 0.803426 0.048828 0.048828
0 0.232427 0.833247 0.048828 0.048828
0 0.253172 0.898075 0.048828 0.048828
0 0.214275 0.886406 0.048828 0.048828
0 0.166302 0.857882 0.048828 0.048828
0 0.140371 0.829357 0.048828 0.048828
0 0.079433 0.896778 0.048828 0.048828
0 0.137778 0.926599 0.048828 0.048828
0 0.185751 0.936972 0.048828 0.048828
0 0.109254 0.975868 0.048828 0.048828
0 0.054798 0.942158 0.048828 0.048828
0 0.019791 0.918820 0.048828 0.048828
0 0.087212 0.853992 0.048828 0.048828
0 0.041833 0.878626 0.048828 0.048828
0 0.368565 0.813799 0.048828 0.048828
0 0.408758 0.800833 0.048828 0.048828
0 0.411352 0.748971 0.048828 0.048828
0 0.386717 0.647839 0.048828 0.048828
0 0.433393 0.599867 0.048828 0.048828
0 0.327075 0.831950 0.048828 0.048828
0 0.358193 0.699701 0.048828 0.048828
0 0.458028 0.700998 0.048828 0.048828
0 0.509219 0.594730 0.048828 0.048828
0 0.478325 0.575926 0.048828 0.048828
0 0.585782 0.554434 0.048828 0.048828
0 0.655628 0.428173 0.048828 0.048828
0 0.601900 0.420114 0.048828 0.048828
0 0.905464 0.301912 0.048828 0.048828