0 0.849047 0.924747 0.048828 0.048828
0 0.854339 0.886384 0.048828 0.048828
0 0.847724 0.840083 0.048828 0.048828
0 0.846401 0.781876 0.048828 0.048828
0 0.814652 0.764678 0.048828 0.048828
0 0.800100 0.695888 0.048828 0.048828
0 0.740571 0.892998 0.048828 0.048828
0 0.788194 0.850666 0.048828 0.048828
0 0.733956 0.799073 0.048828 0.048828
0 0.733956 0.727638 0.048828 0.048828
0 0.699561 0.633713 0.048828 0.048828
0 0.670458 0.623130 0.048828 0.048828
0 0.624157 0.594026 0.048828 0.048828
0 0.678395 0.795105 0.048828 0.048828
0 0.690301 0.744835 0.048828 0.048828
0 0.650615 0.728960 0.048828 0.048828
0 0.714113 0.697211 0.048828 0.048828
0 0.653260 0.691920 0.048828 0.048828
0 0.622834 0.670754 0.048828 0.048828
0 0.587116 0.702503 0.048828 0.048828
0 0.540815 0.691920 0.048828 0.048828
0 0.485254 0.639004 0.048828 0.048828
0 0.441599 0.670754 0.048828 0.048828
0 0.542138 0.803042 0.048828 0.048828
0 0.601668 0.850666 0.048828 0.048828
0 0.440276 0.978985 0.048828 0.048828
0 0.427047 0.951205 0.048828 0.048828
0 0.397944 0.910195 0.048828 0.048828
0 0.375273 0.979430 0.048828 0.048828
0 0.368316 0.956570 0.048828 0.048828
0 0.367322 0.925759 0.048828 0.048828
0 0.360365 0.882027 0.048828 0.048828