0 0.994525 0.946557 0.048828 0.048828
0 0.957342 0.920529 0.048828 0.048828
0 0.928835 0.950275 0.048828 0.048828
0 0.905285 0.993655 0.048828 0.048828
0 0.853229 0.998613 0.048828 0.048828
0 0.700525 0.994179 0.048828 0.048828
0 0.445722 0.981223 0.048828 0.048828
0 0.397353 0.940627 0.048828 0.048828
0 0.439676 0.935445 0.048828 0.048828
0 0.494092 0.957902 0.048828 0.048828
0 0.561463 0.969995 0.048828 0.048828
0 0.593421 0.990724 0.048828 0.048828
0 0.653019 0.994179 0.048828 0.048828
0 0.655611 0.939764 0.048828 0.048828
0 0.697070 0.938036 0.048828 0.048828
0 0.732483 0.938036 0.048828 0.048828
0 0.755804 0.978632 0.048828 0.048828
0 0.794672 0.926808 0.048828 0.048828
0 0.833541 0.945810 0.048828 0.048828
0 0.837859 0.906942 0.048828 0.048828
0 0.907822 0.907805 0.048828 0.048828
0 0.897457 0.881893 0.048828 0.048828
0 0.942372 0.868937 0.048828 0.048828
0 0.989877 0.819704 0.048828 0.048828
0 0.944963 0.813658 0.048828 0.048828
0 0.894866 0.822295 0.048828 0.048828
0 0.842178 0.833524 0.048828 0.048828
0 0.832677 0.874120 0.048828 0.048828
0 0.767033 0.882757 0.048828 0.048828
0 0.708299 0.884484 0.048828 0.048828
0 0.671158 0.901759 0.048828 0.048828
0 0.589103 0.906942 0.048828 0.048828
0 0.544188 0.918170 0.048828 0.048828
0 0.422401 0.901759 0.048828 0.048828
0 0.451768 0.874983 0.048828 0.048828
0 0.423265 0.849071 0.048828 0.048828
0 0.477681 0.855981 0.048828 0.048828
0 0.561463 0.858572 0.048828 0.048828
0 0.636608 0.865482 0.048828 0.048828
0 0.605514 0.832660 0.048828 0.048828
0 0.641791 0.821432 0.048828 0.048828
0 0.712617 0.835251 0.048828 0.048828
0 0.772215 0.838706 0.048828 0.048828
0 0.804174 0.855117 0.048828 0.048828
0 0.842178 0.787746 0.048828 0.048828
0 0.770488 0.794656 0.048828 0.048828
0 0.765305 0.766152 0.048828 0.048828
0 0.751486 0.732467 0.048828 0.048828
0 0.717800 0.739376 0.048828 0.048828
0 0.722118 0.787746 0.048828 0.048828
0 0.660793 0.769607 0.048828 0.048828
0 0.596013 0.798111 0.048828 0.048828
0 0.564918 0.769607 0.048828 0.048828
0 0.626244 0.734194 0.048828 0.048828
0 0.573556 0.722965 0.048828 0.048828
0 0.533824 0.749741 0.048828 0.048828
0 0.453496 0.766152 0.048828 0.048828
0 0.546780 0.811930 0.048828 0.048828
0 0.478544 0.814522 0.048828 0.048828
0 0.429311 0.734194 0.048828 0.048828
0 0.825767 0.735922 0.048828 0.048828
0 0.871545 0.753196 0.048828 0.048828
0 0.910413 0.786018 0.048828 0.048828
0 0.967420 0.768744 0.048828 0.048828
0 0.921642 0.737649 0.048828 0.048828
0 0.818857 0.697053 0.048828 0.048828
0 0.749758 0.695326 0.048828 0.048828
0 0.767033 0.678915 0.048828 0.048828
0 0.841314 0.638319 0.048828 0.048828
0 0.798127 0.593405 0.048828 0.048828
0 0.859453 0.545035 0.048828 0.048828
0 0.817993 0.546763 0.048828 0.048828
0 0.771352 0.547627 0.048828 0.048828
0 0.785171 0.513941 0.048828 0.048828
0 0.806765 0.469890 0.048828 0.048828
0 0.748031 0.479391 0.048828 0.048828
0 0.749758 0.445706 0.048828 0.048828
0 0.734211 0.403382 0.048828 0.048828
0 0.699661 0.432749 0.048828 0.048828
0 0.665975 0.385244 0.048828 0.048828
0 0.624516 0.431886 0.048828 0.048828
0 0.653019 0.468163 0.048828 0.048828
0 0.692751 0.483710 0.048828 0.048828
0 0.661657 0.522578 0.048828 0.048828
0 0.723846 0.531216 0.048828 0.048828
0 0.671158 0.544172 0.048828 0.048828
0 0.755804 0.603770 0.048828 0.048828
0 0.784308 0.635728 0.048828 0.048828
0 0.744576 0.651275 0.048828 0.048828
0 0.711754 0.635728 0.048828 0.048828
0 0.707435 0.583040 0.048828 0.048828
0 0.651292 0.601178 0.048828 0.048828
0 0.674613 0.706554 0.048828 0.048828
0 0.634881 0.646957 0.048828 0.048828
0 0.613287 0.682370 0.048828 0.048828
0 0.537279 0.670277 0.048828 0.048828
0 0.546780 0.630545 0.048828 0.048828
0 0.577874 0.585631 0.048828 0.048828
0 0.607241 0.570948 0.048828 0.048828
0 0.604650 0.535534 0.048828 0.048828
0 0.563191 0.540717 0.048828 0.048828
0 0.572692 0.490620 0.048828 0.048828
0 0.578738 0.445706 0.048828 0.048828
0 0.596876 0.412020 0.048828 0.048828
0 0.569237 0.372288 0.048828 0.048828
0 0.573695 0.337014 0.048828 0.048828
0 0.542286 0.378892 0.048828 0.048828
0 0.490811 0.351846 0.048828 0.048828
0 0.448933 0.353591 0.048828 0.048828
0 0.488194 0.390234 0.048828 0.048828
0 0.429739 0.385000 0.048828 0.048828
0 0.449805 0.289901 0.048828 0.048828
0 0.413162 0.317820 0.048828 0.048828
0 0.384371 0.348356 0.048828 0.048828
0 0.344237 0.391979 0.048828 0.048828
0 0.284910 0.385872 0.048828 0.048828
0 0.309339 0.421643 0.048828 0.048828
0 0.301487 0.328290 0.048828 0.048828
0 0.234307 0.424260 0.048828 0.048828
0 0.200281 0.378892 0.048828 0.048828
0 0.157530 0.347484 0.048828 0.048828
0 0.170617 0.392852 0.048828 0.048828
0 0.175852 0.439092 0.048828 0.048828
0 0.181087 0.522849 0.048828 0.048828
0 0.219475 0.481843 0.048828 0.048828
0 0.291017 0.455669 0.048828 0.048828
0 0.436718 0.428623 0.048828 0.048828
0 0.385243 0.446944 0.048828 0.048828
0 0.494301 0.436475 0.048828 0.048828
0 0.552756 0.428623 0.048828 0.048828
0 0.497791 0.475736 0.048828 0.048828
0 0.516985 0.503655 0.048828 0.048828
0 0.487321 0.518486 0.048828 0.048828
0 0.441953 0.488823 0.048828 0.048828
0 0.388733 0.481843 0.048828 0.048828
0 0.410545 0.526339 0.048828 0.048828
0 0.448933 0.565599 0.048828 0.048828
0 0.483831 0.574324 0.048828 0.048828
0 0.512623 0.586538 0.048828 0.048828
0 0.514368 0.624054 0.048828 0.048828
0 0.438463 0.607478 0.048828 0.048828
0 0.446316 0.658080 0.048828 0.048828
0 0.478597 0.677275 0.048828 0.048828
0 0.416652 0.704321 0.048828 0.048828
0 0.413162 0.672040 0.048828 0.048828
0 0.407055 0.593518 0.048828 0.048828
0 0.372156 0.536808 0.048828 0.048828
0 0.335513 0.563854 0.048828 0.048828
0 0.308466 0.488823 0.048828 0.048828
0 0.267461 0.533318 0.048828 0.048828
0 0.243032 0.528956 0.048828 0.048828
0 0.201154 0.559492 0.048828 0.048828
0 0.259609 0.568217 0.048828 0.048828
0 0.146188 0.603988 0.048828 0.048828
0 0.205516 0.610095 0.048828 0.048828
0 0.246522 0.613585 0.048828 0.048828
0 0.306722 0.627544 0.048828 0.048828
0 0.344237 0.610095 0.048828 0.048828
0 0.347727 0.672912 0.048828 0.048828
0 0.321553 0.705193 0.048828 0.048828
0 0.357324 0.728750 0.048828 0.048828
0 0.367794 0.775863 0.048828 0.048828
0 0.362559 0.806399 0.048828 0.048828
0 0.376519 0.830828 0.048828 0.048828
0 0.375646 0.854385 0.048828 0.048828
0 0.366921 0.892773 0.048828 0.048828
0 0.339003 0.937268 0.048828 0.048828
0 0.291017 0.869216 0.048828 0.048828
0 0.284038 0.815996 0.048828 0.048828
0 0.243904 0.912840 0.048828 0.048828
0 0.229945 0.858747 0.048828 0.048828
0 0.153168 0.906732 0.048828 0.048828
0 0.154913 0.854385 0.048828 0.048828
0 0.204643 0.822103 0.048828 0.048828
0 0.177597 0.796802 0.048828 0.048828
0 0.202026 0.772373 0.048828 0.048828
0 0.287527 0.760159 0.048828 0.048828
0 0.265716 0.683382 0.048828 0.048828
0 0.226455 0.657208 0.048828 0.048828
0 0.205516 0.706938 0.048828 0.048828
0 0.152296 0.753179 0.048828 0.048828
0 0.142699 0.706938 0.048828 0.048828
0 0.147933 0.659825 0.048828 0.048828
0 0.311956 0.957335 0.048828 0.048828
0 0.208133 0.962570 0.048828 0.048828
0 0.063304 0.994851 0.048828 0.048828
0 0.117397 0.993979 0.048828 0.048828
0 0.168872 0.940758 0.048828 0.048828
0 0.107800 0.934651 0.048828 0.048828
0 0.085988 0.911095 0.048828 0.048828
0 0.034513 0.937268 0.048828 0.048828
0 0.001360 0.883176 0.048828 0.048828
0 0.063304 0.863982 0.048828 0.048828
0 0.109545 0.869216 0.048828 0.048828
0 0.114780 0.827338 0.048828 0.048828
0 0.109545 0.794185 0.048828 0.048828
0 0.097331 0.761903 0.048828 0.048828
0 0.020554 0.775863 0.048828 0.048828
0 0.073774 0.687744 0.048828 0.048828
0 0.075519 0.739219 0.048828 0.048828
0 0.073774 0.647611 0.048828 0.048828
0 0.033641 0.597008 0.048828 0.048828
0 0.133101 0.448689 0.048828 0.048828
0 0.114780 0.361443 0.048828 0.048828
0 0.130484 0.320437 0.048828 0.048828
0 0.096458 0.283794 0.048828 0.048828
0 0.024044 0.001988 0.048828 0.048828
0 0.065049 0.034270 0.048828 0.048828
0 0.061560 0.069168 0.048828 0.048828
0 0.094713 0.084872 0.048828 0.048828
0 0.072902 0.123261 0.048828 0.048828
0 0.112162 0.177353 0.048828 0.048828
0 0.081626 0.179971 0.048828 0.048828
0 0.017936 0.185206 0.048828 0.048828
0 0.126994 0.209635 0.048828 0.048828
0 0.079009 0.235808 0.048828 0.048828
0 0.014447 0.290774 0.048828 0.048828
0 0.215113 0.010713 0.048828 0.048828
0 0.236052 0.030780 0.048828 0.048828
0 0.203771 0.053464 0.048828 0.048828
0 0.236052 0.063061 0.048828 0.048828
0 0.219475 0.079638 0.048828 0.048828
0 0.047600 0.366678 0.048828 0.048828
0 0.112162 0.400704 0.048828 0.048828
0 0.074646 0.398959 0.048828 0.048828
0 0.074646 0.432113 0.048828 0.048828
0 0.031896 0.443455 0.048828 0.048828
0 0.106055 0.494930 0.048828 0.048828
0 0.095586 0.534191 0.048828 0.048828
0 0.078136 0.486205 0.048828 0.048828
0 0.041493 0.485333 0.048828 0.048828
0 0.016191 0.547278 0.048828 0.048828
0 0.345062 0.016982 0.048828 0.048828
0 0.306639 0.007066 0.048828 0.048828
0 0.321512 0.067799 0.048828 0.048828
0 0.319033 0.100024 0.048828 0.048828
0 0.317794 0.145883 0.048828 0.048828
0 0.351259 0.116137 0.048828 0.048828
0 0.368611 0.061601 0.048828 0.048828
0 0.425625 0.046728 0.048828 0.048828
0 0.416949 0.028137 0.048828 0.048828
0 0.452892 0.015742 0.048828 0.048828
0 0.475202 0.047968 0.048828 0.048828
0 0.477681 0.078954 0.048828 0.048828
0 0.421906 0.131010 0.048828 0.048828
0 0.372329 0.168193 0.048828 0.048828
0 0.330188 0.181827 0.048828 0.048828
0 0.294245 0.202897 0.048828 0.048828
0 0.254583 0.221488 0.048828 0.048828
0 0.247146 0.263629 0.048828 0.048828
0 0.306639 0.292136 0.048828 0.048828
0 0.247146 0.325601 0.048828 0.048828
0 0.402075 0.258671 0.048828 0.048828
0 0.434301 0.254953 0.048828 0.048828
0 0.398357 0.232643 0.048828 0.048828
0 0.350019 0.238840 0.048828 0.048828
0 0.394639 0.195460 0.048828 0.048828
0 0.429343 0.214052 0.048828 0.048828
0 0.481399 0.223967 0.048828 0.048828
0 0.507427 0.287178 0.048828 0.048828
0 0.571878 0.290897 0.048828 0.048828
0 0.615258 0.294615 0.048828 0.048828
0 0.597906 0.261150 0.048828 0.048828
0 0.540892 0.230164 0.048828 0.048828
0 0.527258 0.307009 0.048828 0.048828
0 0.615258 0.350389 0.048828 0.048828
0 0.689624 0.340474 0.048828 0.048828
0 0.757793 0.364023 0.048828 0.048828
0 0.809849 0.413601 0.048828 0.048828
0 0.847032 0.440868 0.048828 0.048828
0 0.895370 0.486727 0.048828 0.048828
0 0.927595 0.504079 0.048828 0.048828
0 0.920159 0.542502 0.048828 0.048828
0 0.968497 0.568530 0.048828 0.048828
0 0.977173 0.556135 0.048828 0.048828
0 0.856948 0.595797 0.048828 0.048828
0 0.838356 0.509037 0.048828 0.048828
0 0.895370 0.647853 0.048828 0.048828
0 0.923877 0.613149 0.048828 0.048828
0 0.922637 0.678839 0.048828 0.048828
0 0.901567 0.711065 0.048828 0.048828
0 0.959820 0.706107 0.048828 0.048828
0 0.977173 0.680079 0.048828 0.048828
0 0.963539 0.625544 0.048828 0.048828
0 0.200281 0.252385 0.048828 0.048828
0 0.196791 0.212252 0.048828 0.048828
0 0.234307 0.165139 0.048828 0.048828
0 0.225583 0.108429 0.048828 0.048828