0 0.995989 0.894066 0.048828 0.048828
0 0.985056 0.813162 0.048828 0.048828
0 0.973030 0.923584 0.048828 0.048828
0 0.927111 0.944357 0.048828 0.048828
0 0.904152 0.923584 0.048828 0.048828
0 0.895406 0.866733 0.048828 0.048828
0 0.923832 0.874386 0.048828 0.048828
0 0.923832 0.825188 0.048828 0.048828
0 0.926018 0.790203 0.048828 0.048828
0 0.910712 0.770524 0.048828 0.048828
0 0.944604 0.749751 0.048828 0.048828
0 0.909619 0.676501 0.048828 0.048828
0 0.924925 0.643702 0.048828 0.048828
0 0.915085 0.590130 0.048828 0.048828
0 0.966470 0.599970 0.048828 0.048828
0 0.999269 0.416297 0.048828 0.048828
0 0.990522 0.449096 0.048828 0.048828
0 0.935858 0.427230 0.048828 0.048828
0 0.950071 0.454562 0.048828 0.048828
0 0.951164 0.495014 0.048828 0.048828
0 0.900872 0.491734 0.048828 0.048828
0 0.896499 0.426137 0.048828 0.048828
0 0.827622 0.617463 0.048828 0.048828
0 0.850581 0.668847 0.048828 0.048828
0 0.774051 0.671034 0.048828 0.048828
0 0.789357 0.704926 0.048828 0.048828
0 0.786077 0.745378 0.048828 0.048828
0 0.800290 0.763964 0.048828 0.048828
0 0.826529 0.797856 0.048828 0.048828
0 0.792637 0.792389 0.048828 0.048828
0 0.824342 0.839401 0.048828 0.048828
0 0.866980 0.879853 0.048828 0.048828
0 0.992675 0.384962 0.048828 0.048828
0 0.920279 0.397233 0.048828 0.048828
0 0.879787 0.397233 0.048828 0.048828
0 0.878560 0.370238 0.048828 0.048828
0 0.868744 0.330972 0.048828 0.048828
0 0.888376 0.337108 0.048828 0.048828
0 0.908009 0.308886 0.048828 0.048828
0 0.954636 0.357967 0.048828 0.048828
0 0.952182 0.311340 0.048828 0.048828
0 0.937458 0.267166 0.048828 0.048828
0 0.992675 0.279437 0.048828 0.048828
0 0.992675 0.214404 0.048828 0.048828
0 0.984085 0.178820 0.048828 0.048828
0 0.979177 0.126057 0.048828 0.048828
0 0.991448 0.085565 0.048828 0.048828
0 0.980404 0.056116 0.048828 0.048828
0 0.980404 0.016850 0.048828 0.048828
0 0.909236 0.069613 0.048828 0.048828
0 0.923960 0.108878 0.048828 0.048828
0 0.908009 0.224220 0.048828 0.048828
0 0.899420 0.200906 0.048828 0.048828
0 0.895738 0.151825 0.048828 0.048828
0 0.850338 0.062251 0.048828 0.048828
0 0.834387 0.020532 0.048828 0.048828
0 0.782851 0.000899 0.048828 0.048828
0 0.801256 0.037710 0.048828 0.048828
0 0.817208 0.076975 0.048828 0.048828
0 0.823343 0.122376 0.048828 0.048828
0 0.830705 0.160414 0.048828 0.048828
0 0.839295 0.205814 0.048828 0.048828
0 0.850338 0.269621 0.048828 0.048828
0 0.802484 0.252442 0.048828 0.048828
0 0.790213 0.203360 0.048828 0.048828
0 0.787759 0.177593 0.048828 0.048828
0 0.782851 0.140781 0.048828 0.048828
0 0.775489 0.105197 0.048828 0.048828
0 0.768126 0.072067 0.048828 0.048828
0 0.764445 0.027894 0.048828 0.048828
0 0.897593 0.977156 0.048828 0.048828
0 0.884695 0.007034 0.048828 0.048828