0 0.345227 0.952359 0.048828 0.048828
0 0.430800 0.980883 0.048828 0.048828
0 0.991429 0.628909 0.048828 0.048828
0 0.998145 0.444891 0.048828 0.048828
0 0.959192 0.422056 0.048828 0.048828
0 0.959192 0.482500 0.048828 0.048828
0 0.882630 0.396535 0.048828 0.048828
0 0.882630 0.497276 0.048828 0.048828
0 0.791292 0.478471 0.048828 0.048828
0 0.937701 0.740395 0.048828 0.048828
0 0.960535 0.833076 0.048828 0.048828
0 0.967251 0.865313 0.048828 0.048828
0 0.965908 0.921728 0.048828 0.048828
0 0.898748 0.892177 0.048828 0.048828
0 0.873227 0.841136 0.048828 0.048828
0 0.914866 0.792780 0.048828 0.048828
0 0.826215 0.894864 0.048828 0.048828
0 0.857109 0.970083 0.048828 0.048828
0 0.811440 0.949935 0.048828 0.048828
0 0.761741 0.953965 0.048828 0.048828
0 0.585782 0.994261 0.048828 0.048828
0 0.622048 0.967397 0.048828 0.048828
0 0.714729 0.957994 0.048828 0.048828
0 0.777860 0.908296 0.048828 0.048828
0 0.713386 0.905609 0.048828 0.048828
0 0.600557 0.915012 0.048828 0.048828
0 0.540113 0.964710 0.048828 0.048828
0 0.509219 0.998290 0.048828 0.048828
0 0.489071 0.986201 0.048828 0.048828
0 0.448775 0.919041 0.048828 0.048828
0 0.552202 0.910982 0.048828 0.048828
0 0.545486 0.872029 0.048828 0.048828
0 0.569663 0.825017 0.048828 0.048828
0 0.655628 0.833076 0.048828 0.048828
0 0.714729 0.827704 0.048828 0.048828
0 0.759055 0.849195 0.048828 0.048828
0 0.798008 0.812928 0.048828 0.048828
0 0.808753 0.776662 0.048828 0.048828
0 0.858452 0.776662 0.048828 0.048828
0 0.826215 0.716218 0.048828 0.048828
0 0.798008 0.706815 0.048828 0.048828
0 0.847706 0.686667 0.048828 0.048828
0 0.892032 0.651744 0.048828 0.048828
0 0.889346 0.701442 0.048828 0.048828
0 0.831588 0.653087 0.048828 0.048828
0 0.853079 0.623537 0.048828 0.048828
0 0.799351 0.585927 0.048828 0.048828
0 0.763085 0.528169 0.048828 0.048828
0 0.710700 0.564436 0.048828 0.048828
0 0.753682 0.634282 0.048828 0.048828
0 0.738907 0.692040 0.048828 0.048828
0 0.734877 0.740395 0.048828 0.048828
0 0.644883 0.769946 0.048828 0.048828
0 0.683836 0.718904 0.048828 0.048828
0 0.674433 0.647714 0.048828 0.048828
0 0.651599 0.599359 0.048828 0.048828
0 0.604587 0.593986 0.048828 0.048828
0 0.579066 0.645028 0.048828 0.048828
0 0.556231 0.771289 0.048828 0.048828
0 0.506533 0.675922 0.048828 0.048828
0 0.464893 0.702786 0.048828 0.048828
0 0.495787 0.737709 0.048828 0.048828
0 0.498474 0.882775 0.048828 0.048828
0 0.462207 0.858597 0.048828 0.048828
0 0.474296 0.812928 0.048828 0.048828
0 0.451461 0.819644 0.048828 0.048828
0 0.451461 0.778005 0.048828 0.048828
0 0.403106 0.761887 0.048828 0.048828
0 0.384301 0.896207 0.048828 0.048828
0 0.346692 0.877402 0.048828 0.048828
0 0.317141 0.859940 0.048828 0.048828
0 0.263413 0.888148 0.048828 0.048828
0 0.255354 0.846508 0.048828 0.048828
0 0.275502 0.814271 0.048828 0.048828
0 0.231176 0.812928 0.048828 0.048828
0 0.225803 0.780691 0.048828 0.048828
0 0.259383 0.767259 0.048828 0.048828
0 0.216401 0.756514 0.048828 0.048828
0 0.248638 0.712188 0.048828 0.048828
0 0.321171 0.728306 0.048828 0.048828
0 0.333260 0.799496 0.048828 0.048828
0 0.992772 0.342807 0.048828 0.048828
0 0.006905 0.993416 0.048828 0.048828
0 0.051757 0.995455 0.048828 0.048828
0 0.070105 0.957739 0.048828 0.048828
0 0.112918 0.958758 0.048828 0.048828
0 0.161848 0.965894 0.048828 0.048828
0 0.203642 0.922061 0.048828 0.048828
0 0.151654 0.920022 0.048828 0.048828
0 0.116996 0.917984 0.048828 0.048828
0 0.097628 0.884345 0.048828 0.048828
0 0.126170 0.862938 0.048828 0.048828
0 0.175100 0.856822 0.048828 0.048828
0 0.135344 0.828280 0.048828 0.048828
0 0.066028 0.851725 0.048828 0.048828
0 0.053796 0.802796 0.048828 0.048828
0 0.112918 0.782409 0.048828 0.048828
0 0.148596 0.767118 0.048828 0.048828
0 0.201603 0.730421 0.048828 0.048828
0 0.139422 0.720227 0.048828 0.048828
0 0.090493 0.697802 0.048828 0.048828
0 0.027292 0.747750 0.048828 0.048828
0 0.015060 0.709015 0.048828 0.048828
0 0.031370 0.576497 0.048828 0.048828
0 0.045641 0.513297 0.048828 0.048828
0 0.012002 0.505142 0.048828 0.048828
0 0.000789 0.462329 0.048828 0.048828
0 0.063989 0.449077 0.048828 0.048828
0 0.090493 0.480677 0.048828 0.048828
0 0.146557 0.484755 0.048828 0.048828
0 0.114957 0.524510 0.048828 0.048828
0 0.160829 0.530626 0.048828 0.048828
0 0.057873 0.643775 0.048828 0.048828
0 0.127190 0.664163 0.048828 0.048828
0 0.144519 0.636640 0.048828 0.048828
0 0.215874 0.646833 0.048828 0.048828
0 0.246455 0.672317 0.048828 0.048828
0 0.361643 0.664163 0.048828 0.048828
0 0.405475 0.685569 0.048828 0.048828
0 0.408533 0.620330 0.048828 0.048828
0 0.357565 0.603001 0.048828 0.048828
0 0.372856 0.554072 0.048828 0.048828
0 0.414650 0.542859 0.048828 0.048828
0 0.378972 0.493929 0.048828 0.048828
0 0.304559 0.580575 0.048828 0.048828
0 0.245436 0.591788 0.048828 0.048828
0 0.278055 0.556110 0.048828 0.048828
0 0.244416 0.519413 0.048828 0.048828
0 0.290287 0.509220 0.048828 0.048828
0 0.317810 0.455193 0.048828 0.048828
0 0.274997 0.453155 0.048828 0.048828
0 0.293346 0.409322 0.048828 0.048828
0 0.334120 0.391993 0.048828 0.048828
0 0.219951 0.452135 0.048828 0.048828
0 0.187332 0.430729 0.048828 0.048828
0 0.133306 0.427671 0.048828 0.048828
0 0.024234 0.404225 0.048828 0.048828
0 0.097628 0.417477 0.048828 0.048828
0 0.090493 0.380780 0.048828 0.048828
0 0.145538 0.386896 0.048828 0.048828
0 0.200584 0.388935 0.048828 0.048828
0 0.231164 0.393012 0.048828 0.048828
0 0.392224 0.377722 0.048828 0.048828
0 0.265823 0.015848 0.048828 0.048828
0 0.038505 0.004635 0.048828 0.048828
0 0.171022 0.020945 0.048828 0.048828
0 0.125151 0.041333 0.048828 0.048828
0 0.083357 0.030120 0.048828 0.048828
0 0.022195 0.029100 0.048828 0.048828
0 0.034428 0.072933 0.048828 0.048828
0 0.053796 0.122881 0.048828 0.048828
0 0.093551 0.082107 0.048828 0.048828
0 0.106802 0.147346 0.048828 0.048828
0 0.073163 0.188121 0.048828 0.048828
0 0.048699 0.219721 0.048828 0.048828
0 0.069086 0.252340 0.048828 0.048828
0 0.108841 0.256418 0.048828 0.048828
0 0.105783 0.308405 0.048828 0.048828
0 0.062970 0.324715 0.048828 0.048828
0 0.133306 0.357335 0.048828 0.048828
0 0.014040 0.364470 0.048828 0.048828
0 0.013021 0.304328 0.048828 0.048828
0 0.032389 0.277824 0.048828 0.048828
0 0.726574 0.039294 0.048828 0.048828
0 0.604251 0.033178 0.048828 0.048828
0 0.545128 0.009732 0.048828 0.048828
0 0.489063 0.040313 0.048828 0.048828
0 0.446250 0.038274 0.048828 0.048828
0 0.401398 0.021965 0.048828 0.048828
0 0.320868 0.031139 0.048828 0.048828
0 0.669490 0.085165 0.048828 0.048828
0 0.610367 0.081088 0.048828 0.048828
0 0.533915 0.057642 0.048828 0.048828
0 0.506392 0.095359 0.048828 0.048828
0 0.507412 0.128998 0.048828 0.048828
0 0.553283 0.150404 0.048828 0.048828
0 0.593038 0.121862 0.048828 0.048828
0 0.636870 0.122881 0.048828 0.048828
0 0.655219 0.140211 0.048828 0.048828
0 0.668471 0.173850 0.048828 0.048828
0 0.615464 0.164675 0.048828 0.048828
0 0.518625 0.179966 0.048828 0.048828
0 0.580806 0.214624 0.048828 0.048828
0 0.650122 0.205450 0.048828 0.048828
0 0.521683 0.215643 0.048828 0.048828
0 0.430959 0.201372 0.048828 0.048828
0 0.459502 0.225837 0.048828 0.048828
0 0.464598 0.269670 0.048828 0.048828
0 0.386107 0.270689 0.048828 0.048828
0 0.345333 0.247244 0.048828 0.048828
0 0.359604 0.201372 0.048828 0.048828
0 0.347372 0.159578 0.048828 0.048828
0 0.375914 0.150404 0.048828 0.048828
0 0.436056 0.122881 0.048828 0.048828
0 0.461540 0.085165 0.048828 0.048828
0 0.401398 0.075991 0.048828 0.048828
0 0.323926 0.083126 0.048828 0.048828
0 0.268881 0.069875 0.048828 0.048828
0 0.281113 0.131036 0.048828 0.048828
0 0.261745 0.149385 0.048828 0.048828
0 0.234223 0.097397 0.048828 0.048828
0 0.219951 0.134094 0.048828 0.048828
0 0.203642 0.070894 0.048828 0.048828
0 0.177138 0.099436 0.048828 0.048828
0 0.174080 0.149385 0.048828 0.048828
0 0.223010 0.172830 0.048828 0.048828
0 0.164906 0.175888 0.048828 0.048828
0 0.123112 0.207488 0.048828 0.048828
0 0.196506 0.211566 0.048828 0.048828
0 0.175100 0.258457 0.048828 0.048828
0 0.237281 0.247244 0.048828 0.048828
0 0.263784 0.210547 0.048828 0.048828
0 0.287229 0.250302 0.048828 0.048828
0 0.359604 0.316560 0.048828 0.048828
0 0.301500 0.299231 0.048828 0.048828
0 0.256649 0.281902 0.048828 0.048828
0 0.246455 0.325734 0.048828 0.048828
0 0.202622 0.289037 0.048828 0.048828
0 0.171022 0.338986 0.048828 0.048828
0 0.312713 0.363451 0.048828 0.048828
0 0.393243 0.334909 0.048828 0.048828
0 0.437076 0.306367 0.048828 0.048828
0 0.529837 0.499026 0.048828 0.048828
0 0.483966 0.486794 0.048828 0.048828
0 0.466637 0.451116 0.048828 0.048828
0 0.504353 0.440922 0.048828 0.048828
0 0.494160 0.409322 0.048828 0.048828
0 0.476831 0.361412 0.048828 0.048828
0 0.522702 0.361412 0.048828 0.048828
0 0.569593 0.380780 0.048828 0.048828
0 0.636870 0.425632 0.048828 0.048828
0 0.661335 0.462329 0.048828 0.048828
0 0.684780 0.507181 0.048828 0.048828
0 0.558380 0.338986 0.048828 0.048828
0 0.504353 0.314521 0.048828 0.048828
0 0.518625 0.278844 0.048828 0.048828
0 0.576728 0.296173 0.048828 0.048828
0 0.552263 0.262534 0.048828 0.048828
0 0.606290 0.271708 0.048828 0.048828
0 0.607309 0.327773 0.048828 0.048828
0 0.638909 0.316560 0.048828 0.048828
0 0.762252 0.353257 0.048828 0.048828
0 0.722497 0.358354 0.048828 0.048828
0 0.706187 0.330831 0.048828 0.048828
0 0.729632 0.305347 0.048828 0.048828
0 0.699052 0.294134 0.048828 0.048828
0 0.651142 0.254379 0.048828 0.048828
0 0.736768 0.248263 0.048828 0.048828
0 0.788755 0.220740 0.048828 0.048828
0 0.752058 0.150404 0.048828 0.048828
0 0.705168 0.399129 0.048828 0.048828
0 0.459502 0.663143 0.048828 0.048828
0 0.478869 0.625427 0.048828 0.048828
0 0.455424 0.579556 0.048828 0.048828
0 0.514547 0.552033 0.048828 0.048828
0 0.565515 0.541839 0.048828 0.048828
0 0.608328 0.541839 0.048828 0.048828
0 0.967144 0.099436 0.048828 0.048828
0 0.941660 0.152443 0.048828 0.048828
0 0.890692 0.077010 0.048828 0.048828
0 0.849917 0.124920 0.048828 0.048828