0 0.814896 0.821015 0.048828 0.048828
0 0.743593 0.946160 0.048828 0.048828
0 0.641731 0.956346 0.048828 0.048828
0 0.622813 0.915601 0.048828 0.048828
0 0.584979 0.912691 0.048828 0.048828
0 0.669379 0.870491 0.048828 0.048828
0 0.689751 0.847208 0.048828 0.048828
0 0.523862 0.844298 0.048828 0.048828
0 0.523862 0.799187 0.048828 0.048828
0 0.509310 0.751167 0.048828 0.048828
0 0.474386 0.781725 0.048828 0.048828
0 0.480207 0.838477 0.048828 0.048828
0 0.491848 0.874856 0.048828 0.048828
0 0.550055 0.946160 0.048828 0.048828
0 0.516586 0.943249 0.048828 0.048828
0 0.643186 0.701691 0.048828 0.048828
0 0.686841 0.658036 0.048828 0.048828
0 0.518041 0.691505 0.048828 0.048828
0 0.534048 0.659491 0.048828 0.048828
0 0.544234 0.534346 0.048828 0.048828
0 0.526772 0.583822 0.048828 0.048828
0 0.458379 0.559084 0.048828 0.048828
0 0.884744 0.559084 0.048828 0.048828
0 0.912392 0.557629 0.048828 0.048828
0 0.983696 0.585277 0.048828 0.048828
0 0.957503 0.531436 0.048828 0.048828
0 0.910937 0.518339 0.048828 0.048828
0 0.948772 0.502332 0.048828 0.048828
0 0.896386 0.487781 0.048828 0.048828
0 0.846910 0.479050 0.048828 0.048828
0 0.870192 0.452857 0.048828 0.048828
0 0.938586 0.420843 0.048828 0.048828
0 0.934220 0.391739 0.048828 0.048828
0 0.912392 0.358270 0.048828 0.048828
0 0.899296 0.393194 0.048828 0.048828
0 0.865827 0.401926 0.048828 0.048828
0 0.857096 0.266595 0.048828 0.048828
0 0.873103 0.110891 0.048828 0.048828
0 0.997325 0.250200 0.048828 0.048828
0 0.968171 0.217402 0.048828 0.048828
0 0.946305 0.170026 0.048828 0.048828
0 0.946305 0.095925 0.048828 0.048828
0 0.994895 0.064341 0.048828 0.048828
0 0.953593 0.027898 0.048828 0.048828
0 0.917150 0.054623 0.048828 0.048828
0 0.911076 0.025468 0.048828 0.048828
0 0.778517 0.134174 0.048828 0.048828
0 0.702848 0.126898 0.048828 0.048828
0 0.673744 0.036678 0.048828 0.048828