0 0.034548 0.518581 0.048828 0.048828
0 0.100031 0.509850 0.048828 0.048828
0 0.150962 0.502574 0.048828 0.048828
0 0.193162 0.482201 0.048828 0.048828
0 0.248458 0.490932 0.048828 0.048828
0 0.290658 0.474925 0.048828 0.048828
0 0.345955 0.442912 0.048828 0.048828
0 0.427444 0.419629 0.048828 0.048828
0 0.490017 0.426905 0.048828 0.048828
0 0.554044 0.428360 0.048828 0.048828
0 0.610796 0.422539 0.048828 0.048828
0 0.661727 0.384705 0.048828 0.048828
0 0.712658 0.359967 0.048828 0.048828
0 0.718479 0.413808 0.048828 0.048828
0 0.727210 0.451643 0.048828 0.048828
0 0.776685 0.477836 0.048828 0.048828
0 0.795603 0.527312 0.048828 0.048828
0 0.717023 0.533132 0.048828 0.048828
0 0.685010 0.508394 0.048828 0.048828
0 0.648630 0.450187 0.048828 0.048828
0 0.610796 0.489477 0.048828 0.048828
0 0.561320 0.495298 0.048828 0.048828
0 0.529306 0.469105 0.048828 0.048828
0 0.475465 0.460374 0.048828 0.048828
0 0.472555 0.493843 0.048828 0.048828
0 0.427444 0.479291 0.048828 0.048828
0 0.396886 0.512760 0.048828 0.048828
0 0.430355 0.537498 0.048828 0.048828
0 0.340134 0.488022 0.048828 0.048828
0 0.361962 0.547684 0.048828 0.048828
0 0.322672 0.553505 0.048828 0.048828
0 0.284837 0.509850 0.048828 0.048828
0 0.239727 0.547684 0.048828 0.048828
0 0.322938 0.990222 0.048828 0.048828
0 0.028783 0.959100 0.048828 0.048828
0 0.079984 0.960104 0.048828 0.048828
0 0.055889 0.909907 0.048828 0.048828
0 0.114118 0.909907 0.048828 0.048828
0 0.141224 0.980183 0.048828 0.048828
0 0.174354 0.955084 0.048828 0.048828
0 0.222544 0.972151 0.048828 0.048828
0 0.267721 0.969139 0.048828 0.048828
0 0.320930 0.944041 0.048828 0.048828
0 0.381166 0.953076 0.048828 0.048828
0 0.413292 0.982191 0.048828 0.048828
0 0.786758 0.971147 0.048828 0.048828
0 0.735557 0.959100 0.048828 0.048828
0 0.685360 0.945045 0.048828 0.048828
0 0.639179 0.941029 0.048828 0.048828
0 0.588982 0.960104 0.048828 0.048828
0 0.526738 0.943037 0.048828 0.048828
0 0.467505 0.968135 0.048828 0.048828
0 0.438391 0.926974 0.048828 0.048828
0 0.432367 0.888824 0.048828 0.048828
0 0.503647 0.896856 0.048828 0.048828
0 0.551836 0.875773 0.048828 0.048828
0 0.567899 0.919946 0.048828 0.048828
0 0.631148 0.884808 0.048828 0.048828
0 0.693392 0.895852 0.048828 0.048828
0 0.748609 0.904887 0.048828 0.048828
0 0.300851 0.878785 0.048828 0.048828
0 0.238607 0.872761 0.048828 0.048828
0 0.166323 0.872761 0.048828 0.048828
0 0.051874 0.870753 0.048828 0.048828
0 0.696404 0.853686 0.048828 0.048828
0 0.739573 0.810517 0.048828 0.048828
0 0.714475 0.763331 0.048828 0.048828
0 0.763668 0.674985 0.048828 0.048828
0 0.714475 0.700083 0.048828 0.048828
0 0.738569 0.650890 0.048828 0.048828
0 0.783747 0.595673 0.048828 0.048828
0 0.730538 0.609728 0.048828 0.048828
0 0.741581 0.561539 0.048828 0.048828
0 0.662270 0.552504 0.048828 0.048828
0 0.612073 0.546480 0.048828 0.048828
0 0.568903 0.546480 0.048828 0.048828
0 0.651226 0.595673 0.048828 0.048828
0 0.640183 0.633823 0.048828 0.048828
0 0.677329 0.619768 0.048828 0.048828
0 0.589986 0.668961 0.048828 0.048828
0 0.579947 0.645870 0.048828 0.048828
0 0.535773 0.636835 0.048828 0.048828
0 0.535773 0.609728 0.048828 0.048828
0 0.530753 0.569571 0.048828 0.048828
0 0.658254 0.793450 0.048828 0.048828
0 0.604041 0.789434 0.048828 0.048828
0 0.624120 0.843647 0.048828 0.048828
0 0.552840 0.823568 0.048828 0.048828
0 0.531757 0.775379 0.048828 0.048828
0 0.473529 0.822564 0.048828 0.048828
0 0.424336 0.837623 0.048828 0.048828
0 0.386186 0.824572 0.048828 0.048828
0 0.404257 0.762328 0.048828 0.048828
0 0.471521 0.768351 0.048828 0.048828
0 0.491600 0.676993 0.048828 0.048828
0 0.426344 0.683016 0.048828 0.048828
0 0.450438 0.642859 0.048828 0.048828
0 0.372131 0.646874 0.048828 0.048828
0 0.361087 0.602701 0.048828 0.048828
0 0.399237 0.566559 0.048828 0.048828
0 0.460478 0.571579 0.048828 0.048828
0 0.520714 0.529413 0.048828 0.048828
0 0.312898 0.642859 0.048828 0.048828
0 0.274748 0.612740 0.048828 0.048828
0 0.219532 0.604709 0.048828 0.048828
0 0.174354 0.601697 0.048828 0.048828
0 0.493608 0.697071 0.048828 0.048828
0 0.320930 0.771363 0.048828 0.048828
0 0.268725 0.785418 0.048828 0.048828
0 0.228567 0.739237 0.048828 0.048828
0 0.287800 0.719158 0.048828 0.048828
0 0.237603 0.695063 0.048828 0.048828
0 0.245634 0.652898 0.048828 0.048828
0 0.188410 0.698075 0.048828 0.048828
0 0.110102 0.756304 0.048828 0.048828
0 0.135201 0.701087 0.048828 0.048828
0 0.099059 0.695063 0.048828 0.048828
0 0.156283 0.647878 0.048828 0.048828
0 0.115122 0.657918 0.048828 0.048828
0 0.124157 0.609728 0.048828 0.048828
0 0.072956 0.599689 0.048828 0.048828
0 0.066933 0.661933 0.048828 0.048828
0 0.199453 0.528409 0.048828 0.048828
0 0.124157 0.536441 0.048828 0.048828
0 0.082996 0.548488 0.048828 0.048828
0 0.027779 0.586638 0.048828 0.048828
0 0.002680 0.648882 0.048828 0.048828
0 0.007700 0.700083 0.048828 0.048828
0 0.059905 0.719158 0.048828 0.048828
0 0.070948 0.768351 0.048828 0.048828
0 0.021755 0.769355 0.048828 0.048828
0 0.159295 0.808509 0.048828 0.048828
0 0.077976 0.802485 0.048828 0.048828
0 0.105082 0.855694 0.048828 0.048828
0 0.549828 0.700083 0.048828 0.048828
0 0.621108 0.716146 0.048828 0.048828
0 0.655242 0.737229 0.048828 0.048828
0 0.661266 0.668961 0.048828 0.048828
0 0.410281 0.717150 0.048828 0.048828
0 0.920283 0.306538 0.048828 0.048828
0 0.859042 0.300515 0.048828 0.048828
0 0.816877 0.269392 0.048828 0.048828
0 0.855026 0.228231 0.048828 0.048828
0 0.766680 0.388861 0.048828 0.048828
0 0.755636 0.297503 0.048828 0.048828
0 0.798806 0.444078 0.048828 0.048828