0 0.321915 0.117893 0.048828 0.048828
0 0.256098 0.146101 0.048828 0.048828
0 0.269530 0.074911 0.048828 0.048828
0 0.307140 0.025212 0.048828 0.048828
0 0.214459 0.003721 0.048828 0.048828
0 0.160731 0.033272 0.048828 0.048828
0 0.167447 0.065509 0.048828 0.048828
0 0.166103 0.121923 0.048828 0.048828
0 0.098943 0.092373 0.048828 0.048828
0 0.073422 0.041331 0.048828 0.048828
0 0.026410 0.095059 0.048828 0.048828
0 0.057304 0.170278 0.048828 0.048828
0 0.090884 0.213261 0.048828 0.048828
0 0.148642 0.214604 0.048828 0.048828
0 0.077452 0.250871 0.048828 0.048828
0 0.035813 0.211918 0.048828 0.048828
0 0.011635 0.150130 0.048828 0.048828
0 0.105659 0.301912 0.048828 0.048828
0 0.327288 0.260273 0.048828 0.048828
0 0.475040 0.166249 0.048828 0.048828
0 0.442803 0.107148 0.048828 0.048828
0 0.393105 0.117893 0.048828 0.048828
0 0.375643 0.050733 0.048828 0.048828
0 0.390418 0.017153 0.048828 0.048828
0 0.363554 0.017153 0.048828 0.048828