0 0.393244 0.016148 0.048828 0.048828
0 0.358979 0.043989 0.048828 0.048828
0 0.294730 0.071830 0.048828 0.048828
0 0.258323 0.058981 0.048828 0.048828
0 0.159809 0.133937 0.048828 0.048828
0 0.048445 0.138220 0.048828 0.048828
0 0.003472 0.193902 0.048828 0.048828
0 0.072003 0.163919 0.048828 0.048828
0 0.044162 0.204610 0.048828 0.048828
0 0.123402 0.208893 0.048828 0.048828
0 0.181225 0.183194 0.048828 0.048828
0 0.243332 0.172486 0.048828 0.048828
0 0.322282 0.187957 0.048828 0.048828
0 0.384463 0.199170 0.048828 0.048828
0 0.367134 0.150241 0.048828 0.048828
0 0.402812 0.149221 0.048828 0.048828
0 0.446644 0.207325 0.048828 0.048828
0 0.437470 0.258293 0.048828 0.048828
0 0.373250 0.267467 0.048828 0.048828
0 0.287624 0.244022 0.048828 0.048828
0 0.314127 0.269506 0.048828 0.048828
0 0.472128 0.331687 0.048828 0.048828
0 0.440528 0.379597 0.048828 0.048828
0 0.474167 0.444836 0.048828 0.048828
0 0.478244 0.522308 0.048828 0.048828
0 0.472128 0.550850 0.048828 0.048828
0 0.459896 0.589585 0.048828 0.048828
0 0.414025 0.625263 0.048828 0.048828
0 0.411986 0.559005 0.048828 0.048828
0 0.399754 0.487649 0.048828 0.048828
0 0.367134 0.448914 0.048828 0.048828
0 0.317185 0.420371 0.048828 0.048828
0 0.251946 0.365326 0.048828 0.048828
0 0.200978 0.327609 0.048828 0.048828
0 0.191804 0.372461 0.048828 0.048828
0 0.226462 0.411197 0.048828 0.048828
0 0.194862 0.462165 0.048828 0.048828
0 0.292721 0.494785 0.048828 0.048828
0 0.317185 0.535559 0.048828 0.048828
0 0.352863 0.583469 0.048828 0.048828
0 0.377328 0.667057 0.048828 0.048828
0 0.320243 0.630360 0.048828 0.048828
0 0.316166 0.681328 0.048828 0.048828
0 0.274372 0.629341 0.048828 0.048828
0 0.231559 0.688464 0.048828 0.048828
0 0.197920 0.663999 0.048828 0.048828
0 0.144913 0.606915 0.048828 0.048828
0 0.230539 0.564101 0.048828 0.048828
0 0.289662 0.581431 0.048828 0.048828
0 0.208113 0.511095 0.048828 0.048828
0 0.146952 0.505998 0.048828 0.048828
0 0.117390 0.543714 0.048828 0.048828
0 0.136758 0.450952 0.048828 0.048828
0 0.090887 0.495804 0.048828 0.048828
0 0.121468 0.418333 0.048828 0.048828
0 0.137778 0.347997 0.048828 0.048828
0 0.108216 0.325571 0.048828 0.048828
0 0.101081 0.297029 0.048828 0.048828
0 0.053170 0.260332 0.048828 0.048828
0 0.011377 0.268487 0.048828 0.048828
0 0.037880 0.305184 0.048828 0.048828
0 0.066422 0.375520 0.048828 0.048828
0 0.045016 0.355132 0.048828 0.048828
0 0.019532 0.332706 0.048828 0.048828
0 0.065403 0.440759 0.048828 0.048828
0 0.025648 0.458088 0.048828 0.048828
0 0.022590 0.509056 0.048828 0.048828
0 0.027686 0.573276 0.048828 0.048828
0 0.071519 0.598760 0.048828 0.048828
0 0.042977 0.635457 0.048828 0.048828
0 0.040938 0.409158 0.048828 0.048828
0 0.083751 0.678270 0.048828 0.048828
0 0.036861 0.706812 0.048828 0.048828
0 0.069480 0.718025 0.048828 0.048828
0 0.123506 0.719044 0.048828 0.048828
0 0.159184 0.763896 0.048828 0.048828
0 0.112293 0.758800 0.048828 0.048828
0 0.062345 0.771032 0.048828 0.048828
0 0.053170 0.846465 0.048828 0.048828
0 0.138797 0.810787 0.048828 0.048828
0 0.156126 0.856658 0.048828 0.048828
0 0.199959 0.870929 0.048828 0.048828
0 0.115352 0.881123 0.048828 0.048828
0 0.065403 0.894375 0.048828 0.048828
0 0.036861 0.965730 0.048828 0.048828
0 0.082732 0.947381 0.048828 0.048828
0 0.156126 0.949420 0.048828 0.048828
0 0.298837 0.958594 0.048828 0.048828
0 0.248888 0.966749 0.048828 0.048828
0 0.255004 0.919859 0.048828 0.048828
0 0.302914 0.882142 0.048828 0.048828
0 0.266217 0.855639 0.048828 0.048828
0 0.281508 0.796516 0.048828 0.048828
0 0.322282 0.786322 0.048828 0.048828
0 0.238694 0.776129 0.048828 0.048828
0 0.226462 0.736374 0.048828 0.048828
0 0.352863 0.735354 0.048828 0.048828
0 0.434412 0.738412 0.048828 0.048828
0 0.359998 0.770013 0.048828 0.048828
0 0.385482 0.787342 0.048828 0.048828
0 0.420141 0.822000 0.048828 0.048828
0 0.447664 0.849523 0.048828 0.048828
0 0.381405 0.875007 0.048828 0.048828
0 0.334514 0.826077 0.048828 0.048828
0 0.387521 0.920878 0.048828 0.048828
0 0.434412 0.914762 0.048828 0.048828
0 0.461935 0.949420 0.048828 0.048828
0 0.340631 0.089079 0.048828 0.048828
0 0.423199 0.069711 0.048828 0.048828
0 0.448683 0.026898 0.048828 0.048828
0 0.464993 0.062575 0.048828 0.048828
0 0.481302 0.099272 0.048828 0.048828
0 0.393637 0.108447 0.048828 0.048828
0 0.488438 0.150241 0.048828 0.048828
0 0.543484 0.140047 0.048828 0.048828
0 0.555716 0.172666 0.048828 0.048828
0 0.584258 0.194073 0.048828 0.048828
0 0.539406 0.221596 0.048828 0.048828
0 0.567948 0.279699 0.048828 0.048828
0 0.585277 0.317416 0.048828 0.048828
0 0.663768 0.264409 0.048828 0.048828
0 0.630129 0.350035 0.048828 0.048828
0 0.512903 0.374500 0.048828 0.048828
0 0.520038 0.467262 0.048828 0.048828
0 0.622994 0.430565 0.048828 0.048828
0 0.588335 0.483572 0.048828 0.048828
0 0.646439 0.469301 0.048828 0.048828
0 0.599548 0.522308 0.048828 0.048828
0 0.662749 0.522308 0.048828 0.048828
0 0.522077 0.597740 0.048828 0.048828
0 0.549600 0.610992 0.048828 0.048828
0 0.635226 0.596721 0.048828 0.048828
0 0.548580 0.649728 0.048828 0.048828
0 0.506787 0.676231 0.048828 0.048828
0 0.600568 0.691522 0.048828 0.048828
0 0.661730 0.647689 0.048828 0.048828
0 0.709640 0.645650 0.048828 0.048828
0 0.686194 0.689483 0.048828 0.048828
0 0.747356 0.691522 0.048828 0.048828
0 0.811576 0.697638 0.048828 0.048828
0 0.882931 0.682347 0.048828 0.048828
0 0.861524 0.647689 0.048828 0.048828
0 0.968557 0.580411 0.048828 0.048828
0 0.769782 0.610992 0.048828 0.048828
0 0.733085 0.562063 0.048828 0.048828
0 0.803421 0.531482 0.048828 0.048828
0 0.875795 0.480514 0.048828 0.048828
0 0.915551 0.457068 0.048828 0.048828
0 0.889047 0.433623 0.048828 0.048828
0 0.834002 0.417313 0.048828 0.048828
0 0.723911 0.443817 0.048828 0.048828
0 0.689252 0.375520 0.048828 0.048828
0 0.802401 0.350035 0.048828 0.048828
0 0.909434 0.373481 0.048828 0.048828
0 0.967538 0.371442 0.048828 0.048828
0 0.895163 0.314358 0.048828 0.048828
0 0.869679 0.266448 0.048828 0.048828
0 0.780995 0.279699 0.048828 0.048828
0 0.811576 0.236886 0.048828 0.048828
0 0.839098 0.182860 0.048828 0.048828
0 0.767743 0.198151 0.048828 0.048828
0 0.791188 0.129853 0.048828 0.048828
0 0.759588 0.113544 0.048828 0.048828
0 0.686194 0.104369 0.048828 0.048828
0 0.652555 0.061556 0.048828 0.048828
0 0.716775 0.058498 0.048828 0.048828
0 0.771821 0.052382 0.048828 0.048828
0 0.836040 0.006511 0.048828 0.048828
0 0.604645 0.026898 0.048828 0.048828
0 0.555716 0.019762 0.048828 0.048828
0 0.528193 0.094176 0.048828 0.048828
0 0.921667 0.621186 0.048828 0.048828
0 0.963461 0.715986 0.048828 0.048828
0 0.892105 0.573276 0.048828 0.048828
0 0.832982 0.598760 0.048828 0.048828
0 0.910454 0.730257 0.048828 0.048828
0 0.956325 0.759819 0.048828 0.048828
0 0.934918 0.788361 0.048828 0.048828
0 0.969577 0.842387 0.048828 0.048828
0 0.887008 0.943304 0.048828 0.048828
0 0.911473 0.895394 0.048828 0.048828
0 0.876815 0.844426 0.048828 0.048828
0 0.862544 0.785303 0.048828 0.048828
0 0.821769 0.744528 0.048828 0.048828
0 0.761627 0.756761 0.048828 0.048828
0 0.744298 0.808748 0.048828 0.048828
0 0.804440 0.836271 0.048828 0.048828
0 0.679059 0.743509 0.048828 0.048828
0 0.685175 0.787342 0.048828 0.048828
0 0.652555 0.812826 0.048828 0.048828
0 0.710659 0.846465 0.048828 0.048828
0 0.792208 0.878065 0.048828 0.048828
0 0.831963 0.941265 0.048828 0.048828
0 0.779975 0.943304 0.048828 0.048828
0 0.719833 0.971846 0.048828 0.048828
0 0.646439 0.964711 0.048828 0.048828
0 0.605665 0.989175 0.048828 0.048828
0 0.571006 0.965730 0.048828 0.048828
0 0.506787 0.977962 0.048828 0.048828
0 0.831963 0.995291 0.048828 0.048828
0 0.804440 0.974904 0.048828 0.048828
0 0.940015 0.983059 0.048828 0.048828
0 0.714736 0.923936 0.048828 0.048828
0 0.659691 0.896413 0.048828 0.048828
0 0.608723 0.942285 0.048828 0.048828
0 0.544503 0.896413 0.048828 0.048828
0 0.604645 0.857678 0.048828 0.048828
0 0.603626 0.804671 0.048828 0.048828
0 0.532271 0.826077 0.048828 0.048828
0 0.512903 0.799574 0.048828 0.048828
0 0.555716 0.757780 0.048828 0.048828
0 0.551638 0.703754 0.048828 0.048828
0 0.615858 0.750645 0.048828 0.048828
0 0.950209 0.033014 0.048828 0.048828
0 0.885989 0.034033 0.048828 0.048828
0 0.890067 0.067672 0.048828 0.048828
0 0.890067 0.124756 0.048828 0.048828
0 0.956325 0.221596 0.048828 0.048828
0 0.992003 0.258293 0.048828 0.048828
0 0.988945 0.533521 0.048828 0.048828
0 0.911473 0.536579 0.048828 0.048828