0 0.043123 0.607015 0.048828 0.048828
0 0.036564 0.634347 0.048828 0.048828
0 0.037657 0.659493 0.048828 0.048828
0 0.035470 0.706504 0.048828 0.048828
0 0.010325 0.731650 0.048828 0.048828
0 0.025631 0.766635 0.048828 0.048828
0 0.095601 0.752423 0.048828 0.048828
0 0.132773 0.774288 0.048828 0.048828
0 0.163385 0.805994 0.048828 0.048828
0 0.163385 0.738210 0.048828 0.048828
0 0.288021 0.652933 0.048828 0.048828
0 0.283647 0.687918 0.048828 0.048828
0 0.285834 0.728370 0.048828 0.048828
0 0.301140 0.763355 0.048828 0.048828
0 0.415936 0.913136 0.048828 0.048828
0 0.444361 0.809274 0.048828 0.048828
0 0.429055 0.781941 0.048828 0.048828
0 0.444361 0.751329 0.048828 0.048828
0 0.390790 0.736023 0.048828 0.048828
0 0.430149 0.710877 0.048828 0.048828
0 0.405003 0.683545 0.048828 0.048828
0 0.488093 0.673706 0.048828 0.048828
0 0.062803 0.579682 0.048828 0.048828
0 0.033284 0.560003 0.048828 0.048828
0 0.057336 0.547977 0.048828 0.048828
0 0.070456 0.516272 0.048828 0.048828
0 0.047496 0.509712 0.048828 0.048828
0 0.060616 0.482379 0.048828 0.048828
0 0.069362 0.426622 0.048828 0.048828
0 0.060616 0.380703 0.048828 0.048828
0 0.055149 0.343531 0.048828 0.048828
0 0.095601 0.358837 0.048828 0.048828
0 0.094508 0.323852 0.048828 0.048828
0 0.069362 0.298706 0.048828 0.048828
0 0.108721 0.288867 0.048828 0.048828
0 0.086855 0.251695 0.048828 0.048828
0 0.154639 0.350091 0.048828 0.048828
0 0.212583 0.387263 0.048828 0.048828
0 0.249755 0.422248 0.048828 0.048828
0 0.273808 0.481286 0.048828 0.048828
0 0.328472 0.506432 0.048828 0.048828
0 0.356898 0.553443 0.048828 0.048828
0 0.374391 0.474726 0.048828 0.048828
0 0.333939 0.460514 0.048828 0.048828
0 0.304420 0.438648 0.048828 0.048828
0 0.296767 0.402569 0.048828 0.048828
0 0.330659 0.387263 0.048828 0.048828
0 0.289114 0.366491 0.048828 0.048828
0 0.331752 0.344625 0.048828 0.048828
0 0.342685 0.307453 0.048828 0.048828
0 0.320819 0.296520 0.048828 0.048828
0 0.273808 0.299800 0.048828 0.048828
0 0.231169 0.333692 0.048828 0.048828
0 0.331752 0.262628 0.048828 0.048828
0 0.293487 0.256068 0.048828 0.048828
0 0.314260 0.217803 0.048828 0.048828
0 0.266155 0.212336 0.048828 0.048828
0 0.243196 0.165325 0.048828 0.048828
0 0.225703 0.217803 0.048828 0.048828
0 0.215863 0.251695 0.048828 0.048828
0 0.169945 0.262628 0.048828 0.048828
0 0.157919 0.300893 0.048828 0.048828
0 0.188531 0.315106 0.048828 0.048828
0 0.727524 0.969988 0.048828 0.048828
0 0.772349 0.942655 0.048828 0.048828
0 0.703471 0.827860 0.048828 0.048828
0 0.652087 0.835513 0.048828 0.048828
0 0.680512 0.768822 0.048828 0.048828
0 0.623661 0.783035 0.048828 0.048828
0 0.546037 0.739303 0.048828 0.048828
0 0.582116 0.686825 0.048828 0.048828
0 0.616008 0.683545 0.048828 0.048828
0 0.660833 0.703224 0.048828 0.048828
0 0.696912 0.686825 0.048828 0.048828
0 0.717684 0.731650 0.048828 0.048828
0 0.654273 0.668239 0.048828 0.048828
0 0.635687 0.627787 0.048828 0.048828
0 0.593049 0.659493 0.048828 0.048828
0 0.582116 0.626694 0.048828 0.048828
0 0.563530 0.586242 0.048828 0.048828
0 0.582116 0.572029 0.048828 0.048828
0 0.640061 0.592802 0.048828 0.048828
0 0.619288 0.528298 0.048828 0.048828
0 0.426869 0.367584 0.048828 0.048828
0 0.431242 0.224363 0.048828 0.048828
0 0.643340 0.494406 0.048828 0.048828
0 0.656460 0.465980 0.048828 0.048828
0 0.637874 0.418969 0.048828 0.048828
0 0.628034 0.380703 0.048828 0.048828
0 0.303327 0.132526 0.048828 0.048828
0 0.302233 0.103007 0.048828 0.048828
0 0.300047 0.059276 0.048828 0.048828
0 0.290207 0.030850 0.048828 0.048828
0 0.271621 0.142366 0.048828 0.048828
0 0.272715 0.086608 0.048828 0.048828
0 0.268341 0.052716 0.048828 0.048828
0 0.228983 0.027570 0.048828 0.048828
0 0.235543 0.070208 0.048828 0.048828
0 0.453108 0.073488 0.048828 0.048828
0 0.246476 0.110660 0.048828 0.048828
0 0.216957 0.140179 0.048828 0.048828
0 0.196184 0.094261 0.048828 0.048828
0 0.204930 0.054902 0.048828 0.048828
0 0.185251 0.013357 0.048828 0.048828
0 0.173225 0.123780 0.048828 0.048828
0 0.127307 0.144552 0.048828 0.048828
0 0.104348 0.123780 0.048828 0.048828
0 0.095601 0.066929 0.048828 0.048828
0 0.124027 0.074582 0.048828 0.048828
0 0.124027 0.025384 0.048828 0.048828
0 0.024537 0.039596 0.048828 0.048828
0 0.067176 0.080048 0.048828 0.048828
0 0.710031 0.624507 0.048828 0.048828
0 0.710031 0.578589 0.048828 0.048828
0 0.773442 0.577496 0.048828 0.048828
0 0.730804 0.537044 0.048828 0.048828
0 0.702378 0.499872 0.048828 0.048828
0 0.724244 0.485659 0.048828 0.048828
0 0.724244 0.462700 0.048828 0.048828
0 0.746110 0.439741 0.048828 0.048828
0 0.700192 0.427715 0.048828 0.048828
0 0.730804 0.398196 0.048828 0.048828
0 0.676139 0.389450 0.048828 0.048828
0 0.735177 0.353371 0.048828 0.048828
0 0.673953 0.344625 0.048828 0.048828
0 0.607262 0.335878 0.048828 0.048828
0 0.628034 0.296520 0.048828 0.048828
0 0.695818 0.276841 0.048828 0.048828
0 0.718778 0.320572 0.048828 0.048828
0 0.661926 0.240762 0.048828 0.048828
0 0.616008 0.200310 0.048828 0.048828
0 0.594142 0.158765 0.048828 0.048828
0 0.567903 0.132526 0.048828 0.048828
0 0.539478 0.074582 0.048828 0.048828
0 0.525265 0.038503 0.048828 0.048828
0 0.519798 0.001331 0.048828 0.048828
0 0.495746 0.001331 0.048828 0.048828
0 0.574463 0.042876 0.048828 0.048828
0 0.621475 0.093168 0.048828 0.048828
0 0.620381 0.129246 0.048828 0.048828
0 0.626941 0.157672 0.048828 0.048828
0 0.716591 0.240762 0.048828 0.048828
0 0.705658 0.224363 0.048828 0.048828
0 0.687072 0.178444 0.048828 0.048828
0 0.700192 0.139086 0.048828 0.048828
0 0.661926 0.112847 0.048828 0.048828
0 0.680512 0.075675 0.048828 0.048828
0 0.647714 0.049436 0.048828 0.048828
0 0.614915 0.018824 0.048828 0.048828
0 0.677232 0.006798 0.048828 0.048828
0 0.748296 0.233109 0.048828 0.048828
0 0.735177 0.179538 0.048828 0.048828
0 0.757043 0.121593 0.048828 0.048828
0 0.728617 0.090981 0.048828 0.048828
0 0.739550 0.048343 0.048828 0.048828
0 0.793121 0.023197 0.048828 0.048828
0 0.790935 0.072395 0.048828 0.048828
0 0.790935 0.156579 0.048828 0.048828
0 0.798588 0.200310 0.048828 0.048828
0 0.797495 0.236389 0.048828 0.048828
0 0.780002 0.263721 0.048828 0.048828
0 0.808427 0.285587 0.048828 0.048828
0 0.819360 0.330412 0.048828 0.048828
0 0.789842 0.335878 0.048828 0.048828
0 0.811707 0.368677 0.048828 0.048828
0 0.822640 0.424435 0.048828 0.048828
0 0.781095 0.516272 0.048828 0.048828
0 0.812801 0.511898 0.048828 0.048828
0 0.857626 0.511898 0.048828 0.048828
0 0.854346 0.463794 0.048828 0.048828
0 0.831387 0.547977 0.048828 0.048828
0 0.867465 0.567656 0.048828 0.048828
0 0.867465 0.609201 0.048828 0.048828
0 0.824827 0.619041 0.048828 0.048828
0 0.780002 0.639813 0.048828 0.048828
0 0.748719 0.683357 0.048828 0.048828
0 0.808843 0.690720 0.048828 0.048828
0 0.862833 0.704217 0.048828 0.048828
0 0.830930 0.658817 0.048828 0.048828
0 0.888601 0.660044 0.048828 0.048828
0 0.918050 0.619551 0.048828 0.048828
0 0.947499 0.683357 0.048828 0.048828
0 0.937683 0.556972 0.048828 0.048828
0 0.943818 0.507891 0.048828 0.048828
0 0.927866 0.456355 0.048828 0.048828
0 0.888601 0.410955 0.048828 0.048828
0 0.919277 0.383960 0.048828 0.048828
0 0.894736 0.349603 0.048828 0.048828
0 0.849336 0.314019 0.048828 0.048828
0 0.881239 0.309111 0.048828 0.048828
0 0.932774 0.332424 0.048828 0.048828
0 0.861606 0.266164 0.048828 0.048828
0 0.868968 0.236715 0.048828 0.048828
0 0.883693 0.214629 0.048828 0.048828
0 0.927866 0.245304 0.048828 0.048828
0 0.946272 0.203585 0.048828 0.048828
0 0.905780 0.181498 0.048828 0.048828
0 0.866514 0.170455 0.048828 0.048828
0 0.829703 0.150822 0.048828 0.048828
0 0.932774 0.145914 0.048828 0.048828
0 0.891055 0.142233 0.048828 0.048828
0 0.843201 0.100514 0.048828 0.048828
0 0.810070 0.107876 0.048828 0.048828
0 0.822341 0.071065 0.048828 0.048828
0 0.877558 0.069838 0.048828 0.048828
0 0.935228 0.104195 0.048828 0.048828
0 0.884920 0.039162 0.048828 0.048828
0 0.840746 0.017075 0.048828 0.048828
0 0.893509 0.003578 0.048828 0.048828
0 0.998500 0.388571 0.048828 0.048828
0 0.989486 0.343500 0.048828 0.048828
0 0.946670 0.305191 0.048828 0.048828
0 0.965824 0.418993 0.048828 0.048828
0 0.981599 0.548570 0.048828 0.048828
0 0.974839 0.688288 0.048828 0.048828
0 0.920754 0.731105 0.048828 0.048828
0 0.972585 0.736739 0.048828 0.048828
0 0.873430 0.757020 0.048828 0.048828
0 0.848642 0.781809 0.048828 0.048828
0 0.828360 0.831386 0.048828 0.048828
0 0.767515 0.714204 0.048828 0.048828
0 0.795684 0.764908 0.048828 0.048828
0 0.784416 0.803217 0.048828 0.048828
0 0.770895 0.856175 0.048828 0.048828
0 0.849768 0.901245 0.048828 0.048828
0 0.866670 0.835893 0.048828 0.048828
0 0.892585 0.889978 0.048828 0.048828
0 0.932022 0.837020 0.048828 0.048828
0 0.947796 0.778429 0.048828 0.048828
0 0.996247 0.811105 0.048828 0.048828
0 0.938782 0.930541 0.048828 0.048828
0 0.925261 0.958710 0.048828 0.048828
0 0.973712 0.963217 0.048828 0.048828
0 0.204930 0.870498 0.048828 0.048828
0 0.152452 0.851912 0.048828 0.048828
0 0.078109 0.850819 0.048828 0.048828
0 0.335032 0.843166 0.048828 0.048828
0 0.344872 0.781941 0.048828 0.048828
0 0.118560 0.675892 0.048828 0.048828
0 0.211490 0.639813 0.048828 0.048828
0 0.097788 0.177351 0.048828 0.048828
0 0.244289 0.591709 0.048828 0.048828
0 0.207117 0.557817 0.048828 0.048828
0 0.179785 0.459420 0.048828 0.048828
0 0.146986 0.433181 0.048828 0.048828
0 0.507772 0.573123 0.048828 0.048828
0 0.489186 0.522831 0.048828 0.048828
0 0.469507 0.558910 0.048828 0.048828
0 0.437802 0.585149 0.048828 0.048828
0 0.386417 0.409129 0.048828 0.048828
0 0.385324 0.358837 0.048828 0.048828
0 0.559157 0.265908 0.048828 0.048828