0 0.232585 0.015399 0.048828 0.048828
0 0.291482 0.006809 0.048828 0.048828
0 0.265715 0.049756 0.048828 0.048828
0 0.255898 0.086567 0.048828 0.048828
0 0.206817 0.125832 0.048828 0.048828
0 0.184730 0.152827 0.048828 0.048828
0 0.179822 0.064480 0.048828 0.048828
0 0.170006 0.093929 0.048828 0.048828
0 0.143011 0.139330 0.048828 0.048828
0 0.133194 0.201909 0.048828 0.048828
0 0.149146 0.300072 0.048828 0.048828
0 0.134421 0.246082 0.048828 0.048828
0 0.093929 0.222768 0.048828 0.048828
0 0.091475 0.287801 0.048828 0.048828
0 0.085340 0.334429 0.048828 0.048828
0 0.145465 0.356516 0.048828 0.048828
0 0.192092 0.335656 0.048828 0.048828
0 0.243628 0.324613 0.048828 0.048828
0 0.430138 0.360197 0.048828 0.048828
0 0.469403 0.360197 0.048828 0.048828
0 0.589653 0.378602 0.048828 0.048828
0 0.438727 0.400689 0.048828 0.048828
0 0.474311 0.401916 0.048828 0.048828
0 0.528301 0.411732 0.048828 0.048828
0 0.595788 0.425230 0.048828 0.048828
0 0.639962 0.416640 0.048828 0.048828
0 0.492717 0.449771 0.048828 0.048828
0 0.530755 0.455906 0.048828 0.048828
0 0.443635 0.452225 0.048828 0.048828
0 0.590880 0.350380 0.048828 0.048828
0 0.028896 0.009264 0.048828 0.048828
0 0.075524 0.012945 0.048828 0.048828
0 0.163870 0.016626 0.048828 0.048828
0 0.140557 0.032577 0.048828 0.048828
0 0.082886 0.057118 0.048828 0.048828
0 0.109881 0.090248 0.048828 0.048828
0 0.070615 0.104973 0.048828 0.048828
0 0.028896 0.052210 0.048828 0.048828
0 0.100064 0.133194 0.048828 0.048828
0 0.057118 0.136876 0.048828 0.048828
0 0.102518 0.176141 0.048828 0.048828
0 0.049756 0.161416 0.048828 0.048828
0 0.031350 0.190865 0.048828 0.048828
0 0.055891 0.219087 0.048828 0.048828
0 0.033804 0.277985 0.048828 0.048828
0 0.046075 0.320931 0.048828 0.048828
0 0.162643 0.394554 0.048828 0.048828
0 0.127059 0.399462 0.048828 0.048828
0 0.163870 0.438727 0.048828 0.048828
0 0.250990 0.448543 0.048828 0.048828
0 0.206817 0.302526 0.048828 0.048828
0 0.192092 0.257125 0.048828 0.048828
0 0.226449 0.177368 0.048828 0.048828
0 0.260807 0.128286 0.048828 0.048828
0 0.572474 0.897640 0.048828 0.048828
0 0.519712 0.916045 0.048828 0.048828
0 0.520939 0.852239 0.048828 0.048828
0 0.503760 0.793341 0.048828 0.048828
0 0.427684 0.934451 0.048828 0.048828
0 0.435046 0.889050 0.048828 0.048828
0 0.446089 0.833834 0.048828 0.048828
0 0.392100 0.893959 0.048828 0.048828
0 0.403143 0.859602 0.048828 0.048828
0 0.361424 0.863283 0.048828 0.048828
0 0.355289 0.801931 0.048828 0.048828
0 0.387192 0.803158 0.048828 0.048828
0 0.432592 0.785979 0.048828 0.048828
0 0.475538 0.734444 0.048828 0.048828
0 0.513577 0.692724 0.048828 0.048828
0 0.551615 0.723400 0.048828 0.048828
0 0.571247 0.768801 0.048828 0.048828
0 0.585972 0.811747 0.048828 0.048828
0 0.551615 0.669410 0.048828 0.048828
0 0.524620 0.646097 0.048828 0.048828
0 0.513577 0.601923 0.048828 0.048828
0 0.453452 0.625237 0.048828 0.048828
0 0.428911 0.680454 0.048828 0.048828
0 0.414186 0.722173 0.048828 0.048828
0 0.368786 0.752849 0.048828 0.048828
0 0.377375 0.678000 0.048828 0.048828
0 0.363878 0.614194 0.048828 0.048828
0 0.308661 0.573701 0.048828 0.048828
0 0.259579 0.546707 0.048828 0.048828
0 0.205590 0.519712 0.048828 0.048828
0 0.112335 0.455906 0.048828 0.048828
0 0.057118 0.457133 0.048828 0.048828
0 0.017853 0.490263 0.048828 0.048828
0 0.073070 0.492717 0.048828 0.048828
0 0.111108 0.525847 0.048828 0.048828
0 0.112335 0.554069 0.048828 0.048828
0 0.119697 0.584745 0.048828 0.048828
0 0.147919 0.565112 0.048828 0.048828
0 0.157735 0.616648 0.048828 0.048828
0 0.190865 0.594561 0.048828 0.048828
0 0.254671 0.594561 0.048828 0.048828
0 0.274304 0.617875 0.048828 0.048828
0 0.232585 0.633826 0.048828 0.048828
0 0.265715 0.669410 0.048828 0.048828
0 0.271850 0.689043 0.048828 0.048828
0 0.252217 0.703768 0.048828 0.048828
0 0.277985 0.738125 0.048828 0.048828
0 0.238720 0.752849 0.048828 0.048828
0 0.287801 0.782298 0.048828 0.048828
0 0.260807 0.815428 0.048828 0.048828
0 0.266942 0.886596 0.048828 0.048828
0 0.334429 0.925862 0.048828 0.048828
0 0.209271 0.885369 0.048828 0.048828
0 0.214179 0.812974 0.048828 0.048828
0 0.154054 0.736898 0.048828 0.048828
0 0.151600 0.702541 0.048828 0.048828
0 0.138103 0.658367 0.048828 0.048828
0 0.081659 0.671865 0.048828 0.048828
0 0.097610 0.723400 0.048828 0.048828
0 0.102518 0.766347 0.048828 0.048828
0 0.103746 0.801931 0.048828 0.048828
0 0.103746 0.833834 0.048828 0.048828
0 0.122151 0.880461 0.048828 0.048828
0 0.129513 0.919726 0.048828 0.048828
0 0.084113 0.896413 0.048828 0.048828
0 0.039939 0.889050 0.048828 0.048828
0 0.055891 0.864510 0.048828 0.048828
0 0.052210 0.795796 0.048828 0.048828
0 0.052210 0.727081 0.048828 0.048828
0 0.030123 0.646097 0.048828 0.048828
0 0.063253 0.551615 0.048828 0.048828
0 0.030123 0.577383 0.048828 0.048828
0 0.025215 0.541798 0.048828 0.048828
0 0.068161 0.430138 0.048828 0.048828
0 0.046075 0.368786 0.048828 0.048828
0 0.016626 0.411732 0.048828 0.048828
0 0.006809 0.362651 0.048828 0.048828
0 0.606832 0.955311 0.048828 0.048828
0 0.523393 0.952857 0.048828 0.048828
0 0.557750 0.966354 0.048828 0.048828
0 0.514804 0.995803 0.048828 0.048828
0 0.416640 0.995803 0.048828 0.048828
0 0.459587 0.956538 0.048828 0.048828
0 0.327067 0.978624 0.048828 0.048828
0 0.290255 0.946721 0.048828 0.048828
0 0.248536 0.973716 0.048828 0.048828
0 0.183503 0.946721 0.048828 0.048828
0 0.144238 0.997030 0.048828 0.048828
0 0.044848 0.994576 0.048828 0.048828
0 0.084113 0.952857 0.048828 0.048828
0 0.628918 0.328294 0.048828 0.048828
0 0.534436 0.330748 0.048828 0.048828
0 0.455906 0.309888 0.048828 0.048828
0 0.480446 0.277985 0.048828 0.048828
0 0.534436 0.281666 0.048828 0.048828
0 0.614194 0.233812 0.048828 0.048828
0 0.538117 0.212952 0.048828 0.048828
0 0.614194 0.162643 0.048828 0.048828
0 0.566339 0.100064 0.048828 0.048828
0 0.531982 0.147919 0.048828 0.048828
0 0.477992 0.136876 0.048828 0.048828
0 0.471857 0.077978 0.048828 0.048828
0 0.469403 0.038712 0.048828 0.048828
0 0.524620 0.038712 0.048828 0.048828
0 0.587199 0.048529 0.048828 0.048828
0 0.599469 0.085340 0.048828 0.048828
0 0.632599 0.060799 0.048828 0.048828
0 0.700086 0.327067 0.048828 0.048828
0 0.795796 0.411732 0.048828 0.048828
0 0.821563 0.444862 0.048828 0.048828
0 0.716038 0.442408 0.048828 0.048828
0 0.757757 0.468176 0.048828 0.048828
0 0.874326 0.588426 0.048828 0.048828
0 0.901321 0.630145 0.048828 0.048828
0 0.733217 0.604377 0.048828 0.048828
0 0.731989 0.530755 0.048828 0.048828
0 0.676773 0.574928 0.048828 0.048828
0 0.668183 0.527074 0.048828 0.048828
0 0.684135 0.471857 0.048828 0.048828
0 0.631372 0.479219 0.048828 0.048828
0 0.624010 0.514804 0.048828 0.048828
0 0.615421 0.573701 0.048828 0.048828
0 0.772482 0.717265 0.048828 0.048828
0 0.758984 0.779844 0.048828 0.048828
0 0.720946 0.862056 0.048828 0.048828
0 0.632599 0.857147 0.048828 0.048828
0 0.660821 0.827699 0.048828 0.048828
0 0.693951 0.749168 0.048828 0.048828
0 0.784752 0.651005 0.048828 0.048828
0 0.810520 0.657140 0.048828 0.048828
0 0.837515 0.698859 0.048828 0.048828
0 0.891505 0.700086 0.048828 0.048828
0 0.906229 0.740579 0.048828 0.048828
0 0.984760 0.751622 0.048828 0.048828
0 0.945494 0.778617 0.048828 0.048828
0 0.554069 0.583518 0.048828 0.048828
0 0.475538 0.571247 0.048828 0.048828
0 0.693951 0.801931 0.048828 0.048828
0 0.671865 0.674319 0.048828 0.048828
0 0.678000 0.619102 0.048828 0.048828
0 0.664502 0.287801 0.048828 0.048828
0 0.678000 0.219087 0.048828 0.048828
0 0.673092 0.177368 0.048828 0.048828
0 0.653459 0.114789 0.048828 0.048828
0 0.579837 0.504987 0.048828 0.048828
0 0.587199 0.611740 0.048828 0.048828
0 0.612967 0.649778 0.048828 0.048828
0 0.616648 0.690270 0.048828 0.048828
0 0.627691 0.727081 0.048828 0.048828
0 0.646097 0.747941 0.048828 0.048828
0 0.633826 0.789660 0.048828 0.048828
0 0.685362 0.903775 0.048828 0.048828
0 0.696405 0.947948 0.048828 0.048828
0 0.744260 0.916045 0.048828 0.048828
0 0.788433 0.880461 0.048828 0.048828
0 0.779844 0.946721 0.048828 0.048828
0 0.831380 0.933224 0.048828 0.048828
0 0.810520 0.987214 0.048828 0.048828
0 0.879234 0.994576 0.048828 0.048828
0 0.662048 0.992122 0.048828 0.048828
0 0.368786 0.255898 0.048828 0.048828
0 0.377375 0.183503 0.048828 0.048828
0 0.376148 0.158962 0.048828 0.048828
0 0.377375 0.122151 0.048828 0.048828
0 0.345472 0.098837 0.048828 0.048828
0 0.374921 0.074297 0.048828 0.048828
0 0.377375 0.014172 0.048828 0.048828
0 0.345472 0.035031 0.048828 0.048828
0 0.318477 0.060799 0.048828 0.048828
0 0.318477 0.154054 0.048828 0.048828
0 0.333202 0.214179 0.048828 0.048828
0 0.281666 0.230131 0.048828 0.048828
0 0.296391 0.248536 0.048828 0.048828
0 0.304980 0.301299 0.048828 0.048828
0 0.357743 0.475538 0.048828 0.048828
0 0.357743 0.534436 0.048828 0.048828