0 0.007033 0.995583 0.048828 0.048828
0 0.183726 0.981528 0.048828 0.048828
0 0.131521 0.938358 0.048828 0.048828
0 0.155616 0.923299 0.048828 0.048828
0 0.142565 0.860051 0.048828 0.048828
0 0.102407 0.822905 0.048828 0.048828
0 0.096383 0.769696 0.048828 0.048828
0 0.075301 0.693397 0.048828 0.048828
0 0.063253 0.741586 0.048828 0.048828
0 0.029119 0.685365 0.048828 0.048828
0 0.001009 0.725523 0.048828 0.048828
0 0.000005 0.761665 0.048828 0.048828
0 0.008036 0.857039 0.048828 0.048828
0 0.023096 0.906232 0.048828 0.048828
0 0.046186 0.957433 0.048828 0.048828
0 0.389534 0.989559 0.048828 0.048828
0 0.371463 0.941370 0.048828 0.048828
0 0.311227 0.960445 0.048828 0.048828
0 0.349376 0.900209 0.048828 0.048828
0 0.404593 0.894185 0.048828 0.048828
0 0.439731 0.850012 0.048828 0.048828
0 0.520046 0.796803 0.048828 0.048828
0 0.523058 0.672314 0.048828 0.048828
0 0.485912 0.660267 0.048828 0.048828
0 0.426680 0.714480 0.048828 0.048828
0 0.470853 0.708456 0.048828 0.048828
0 0.348372 0.737570 0.048828 0.048828
0 0.298175 0.817886 0.048828 0.048828
0 0.223884 0.757649 0.048828 0.048828
0 0.208825 0.712472 0.048828 0.048828
0 0.186738 0.669302 0.048828 0.048828
0 0.182722 0.629145 0.048828 0.048828
0 0.170675 0.568908 0.048828 0.048828
0 0.199789 0.547825 0.048828 0.048828
0 0.256010 0.538790 0.048828 0.048828
0 0.326286 0.545817 0.048828 0.048828
0 0.285124 0.643200 0.048828 0.048828
0 0.358412 0.670306 0.048828 0.048828
0 0.416640 0.642196 0.048828 0.048828
0 0.388530 0.596015 0.048828 0.048828
0 0.453786 0.597018 0.048828 0.048828
0 0.411621 0.559873 0.048828 0.048828
0 0.523058 0.571920 0.048828 0.048828
0 0.520046 0.617097 0.048828 0.048828
0 0.399573 0.507668 0.048828 0.048828
0 0.414633 0.457471 0.048828 0.048828
0 0.390538 0.426349 0.048828 0.048828
0 0.518038 0.425345 0.048828 0.048828
0 0.466838 0.366112 0.048828 0.048828
0 0.385518 0.359084 0.048828 0.048828
0 0.335321 0.489597 0.048828 0.048828
0 0.302191 0.471526 0.048828 0.048828
0 0.307211 0.443416 0.048828 0.048828
0 0.336325 0.372136 0.048828 0.048828
0 0.287132 0.349045 0.048828 0.048828
0 0.270065 0.402254 0.048828 0.048828
0 0.205813 0.369124 0.048828 0.048828
0 0.176699 0.477550 0.048828 0.048828
0 0.133529 0.494617 0.048828 0.048828
0 0.081324 0.370128 0.048828 0.048828
0 0.338333 0.305876 0.048828 0.048828
0 0.317250 0.251663 0.048828 0.048828
0 0.286128 0.213513 0.048828 0.048828
0 0.350380 0.181387 0.048828 0.048828
0 0.293156 0.146249 0.048828 0.048828
0 0.098391 0.212509 0.048828 0.048828
0 0.070281 0.143237 0.048828 0.048828
0 0.068273 0.115127 0.048828 0.048828
0 0.025103 0.091032 0.048828 0.048828
0 0.319258 0.093040 0.048828 0.048828
0 0.356404 0.020756 0.048828 0.048828
0 0.310223 0.037823 0.048828 0.048828
0 0.138549 0.099064 0.048828 0.048828
0 0.175695 0.044851 0.048828 0.048828
0 0.149592 0.020756 0.048828 0.048828
0 0.067269 0.054890 0.048828 0.048828
0 0.001009 0.054890 0.048828 0.048828
0 0.026107 0.005697 0.048828 0.048828
0 0.060241 0.648219 0.048828 0.048828
0 0.034139 0.654243 0.048828 0.048828
0 0.012052 0.603042 0.048828 0.048828
0 0.172683 0.810858 0.048828 0.048828
0 0.205813 0.816882 0.048828 0.048828
0 0.317250 0.811862 0.048828 0.048828
0 0.413629 0.805838 0.048828 0.048828
0 0.438727 0.758653 0.048828 0.048828
0 0.537113 0.715484 0.048828 0.048828
0 0.598354 0.712472 0.048828 0.048828
0 0.657586 0.583967 0.048828 0.048828
0 0.636504 0.732551 0.048828 0.048828
0 0.656582 0.789775 0.048828 0.048828
0 0.573255 0.847000 0.048828 0.048828
0 0.532094 0.897197 0.048828 0.048828
0 0.515027 0.942374 0.048828 0.048828
0 0.461818 0.984540 0.048828 0.048828
0 0.751957 0.973496 0.048828 0.048828
0 0.716819 0.891173 0.048828 0.048828
0 0.708787 0.781744 0.048828 0.048828
0 0.772036 0.804834 0.048828 0.048828
0 0.753965 0.736566 0.048828 0.048828
0 0.711799 0.693397 0.048828 0.048828
0 0.431700 0.168336 0.048828 0.048828
0 0.463826 0.105087 0.048828 0.048828