0 0.016345 0.812662 0.048828 0.048828
0 0.007541 0.772165 0.048828 0.048828
0 0.011063 0.745753 0.048828 0.048828
0 0.067407 0.752796 0.048828 0.048828
0 0.109665 0.775686 0.048828 0.048828
0 0.107904 0.832031 0.048828 0.048828
0 0.167770 0.765122 0.048828 0.048828
0 0.227636 0.745753 0.048828 0.048828
0 0.167770 0.698213 0.048828 0.048828
0 0.123751 0.710538 0.048828 0.048828
0 0.109665 0.662998 0.048828 0.048828
0 0.173052 0.652433 0.048828 0.048828
0 0.227636 0.662998 0.048828 0.048828
0 0.303348 0.643629 0.048828 0.048828
0 0.292784 0.698213 0.048828 0.048828
0 0.338564 0.715821 0.048828 0.048828
0 0.338564 0.610175 0.048828 0.048828
0 0.333281 0.585524 0.048828 0.048828
0 0.356171 0.553831 0.048828 0.048828
0 0.232918 0.597850 0.048828 0.048828
0 0.273416 0.610175 0.048828 0.048828
0 0.276937 0.555592 0.048828 0.048828
0 0.225875 0.543266 0.048828 0.048828
0 0.169531 0.529180 0.048828 0.048828
0 0.181856 0.580242 0.048828 0.048828
0 0.136076 0.604893 0.048828 0.048828
0 0.109665 0.560874 0.048828 0.048828
0 0.069168 0.610175 0.048828 0.048828
0 0.049799 0.566156 0.048828 0.048828
0 0.002259 0.615457 0.048828 0.048828
0 0.042756 0.650673 0.048828 0.048828
0 0.039235 0.694691 0.048828 0.048828
0 0.056842 0.509812 0.048828 0.048828
0 0.028670 0.490444 0.048828 0.048828
0 0.189638 0.434735 0.048828 0.048828
0 0.150373 0.483816 0.048828 0.048828
0 0.118889 0.514441 0.048828 0.048828
0 0.123396 0.447962 0.048828 0.048828
0 0.184241 0.390497 0.048828 0.048828
0 0.186495 0.353314 0.048828 0.048828
0 0.211283 0.317258 0.048828 0.048828
0 0.068185 0.468243 0.048828 0.048828
0 0.080579 0.422046 0.048828 0.048828
0 0.053537 0.414159 0.048828 0.048828
0 0.015227 0.434441 0.048828 0.048828
0 0.042270 0.360075 0.048828 0.048828
0 0.099734 0.355568 0.048828 0.048828
0 0.122269 0.384863 0.048828 0.048828
0 0.125650 0.305990 0.048828 0.048828
0 0.134664 0.274441 0.048828 0.048828
0 0.183114 0.272188 0.048828 0.048828
0 0.200016 0.224864 0.048828 0.048828
0 0.265368 0.127963 0.048828 0.048828
0 0.255227 0.069371 0.048828 0.048828
0 0.225931 0.010780 0.048828 0.048828
0 0.153819 0.010780 0.048828 0.048828
0 0.090720 0.004019 0.048828 0.048828
0 0.115509 0.045709 0.048828 0.048828
0 0.195509 0.070498 0.048828 0.048828
0 0.141424 0.105428 0.048828 0.048828
0 0.091847 0.103174 0.048828 0.048828
0 0.038889 0.079512 0.048828 0.048828
0 0.051284 0.124582 0.048828 0.048828
0 0.134664 0.168526 0.048828 0.048828
0 0.183114 0.151625 0.048828 0.048828
0 0.212410 0.117822 0.048828 0.048828
0 0.216917 0.185427 0.048828 0.048828
0 0.123396 0.225991 0.048828 0.048828
0 0.085086 0.205709 0.048828 0.048828
0 0.034382 0.182047 0.048828 0.048828
0 0.081706 0.258667 0.048828 0.048828
0 0.020861 0.231624 0.048828 0.048828
0 0.008467 0.293596 0.048828 0.048828
0 0.001706 0.144864 0.048828 0.048828
0 0.012974 0.024301 0.048828 0.048828
0 0.347926 0.002817 0.048828 0.048828
0 0.318477 0.083802 0.048828 0.048828
0 0.363878 0.081348 0.048828 0.048828
0 0.412959 0.066623 0.048828 0.048828
0 0.450998 0.008952 0.048828 0.048828
0 0.388419 0.027358 0.048828 0.048828
0 0.433819 0.119386 0.048828 0.048828
0 0.432592 0.154970 0.048828 0.048828
0 0.377375 0.150062 0.048828 0.048828
0 0.394554 0.195462 0.048828 0.048828
0 0.421549 0.229819 0.048828 0.048828
0 0.349153 0.201597 0.048828 0.048828
0 0.339337 0.269085 0.048828 0.048828
0 0.346699 0.315712 0.048828 0.048828
0 0.358970 0.238409 0.048828 0.048828
0 0.412959 0.308350 0.048828 0.048828
0 0.344245 0.368475 0.048828 0.048828
0 0.301299 0.407740 0.048828 0.048828
0 0.344245 0.420010 0.048828 0.048828
0 0.308661 0.453140 0.048828 0.048828
0 0.249763 0.405286 0.048828 0.048828
0 0.350380 0.493633 0.048828 0.048828
0 0.435046 0.542714 0.048828 0.048828
0 0.441181 0.503449 0.048828 0.048828
0 0.480446 0.462957 0.048828 0.048828
0 0.480446 0.429827 0.048828 0.048828
0 0.431365 0.600385 0.048828 0.048828
0 0.401916 0.697321 0.048828 0.048828
0 0.439954 0.734132 0.048828 0.048828
0 0.395781 0.781987 0.048828 0.048828
0 0.338110 0.822479 0.048828 0.048828
0 0.266942 0.837204 0.048828 0.048828
0 0.241174 0.781987 0.048828 0.048828
0 0.194546 0.811436 0.048828 0.048828
0 0.244855 0.888739 0.048828 0.048828
0 0.311115 0.516946 0.048828 0.048828
0 0.269396 0.493633 0.048828 0.048828
0 0.291482 0.367248 0.048828 0.048828
0 0.309888 0.316939 0.048828 0.048828
0 0.346699 0.127975 0.048828 0.048828
0 0.245086 0.358948 0.048828 0.048828
0 0.239452 0.275568 0.048828 0.048828
0 0.264241 0.246272 0.048828 0.048828
0 0.319452 0.204582 0.048828 0.048828