0 0.044426 0.077482 0.048828 0.048828
0 0.059984 0.085261 0.048828 0.048828
0 0.107957 0.091744 0.048828 0.048828
0 0.142964 0.089151 0.048828 0.048828
0 0.180564 0.086558 0.048828 0.048828
0 0.027570 0.121565 0.048828 0.048828
0 0.120923 0.138420 0.048828 0.048828
0 0.157226 0.126751 0.048828 0.048828
0 0.205199 0.059330 0.048828 0.048828
0 0.240206 0.008764 0.048828 0.048828
0 0.158523 0.041178 0.048828 0.048828
0 0.063874 0.043771 0.048828 0.048828
0 0.022384 0.037289 0.048828 0.048828
0 0.061281 0.148793 0.048828 0.048828
0 0.211682 0.111192 0.048828 0.048828
0 0.288179 0.104710 0.048828 0.048828
0 0.279103 0.135827 0.048828 0.048828
0 0.236316 0.146200 0.048828 0.048828
0 0.232427 0.176020 0.048828 0.048828
0 0.253172 0.240848 0.048828 0.048828
0 0.214275 0.229179 0.048828 0.048828
0 0.166302 0.200655 0.048828 0.048828
0 0.140371 0.172131 0.048828 0.048828
0 0.079433 0.239552 0.048828 0.048828
0 0.137778 0.269373 0.048828 0.048828
0 0.185751 0.279745 0.048828 0.048828
0 0.109254 0.318642 0.048828 0.048828
0 0.026274 0.373097 0.048828 0.048828
0 0.054798 0.284931 0.048828 0.048828
0 0.019791 0.261593 0.048828 0.048828
0 0.087212 0.196765 0.048828 0.048828
0 0.041833 0.221400 0.048828 0.048828
0 0.368565 0.156572 0.048828 0.048828
0 0.408758 0.143606 0.048828 0.048828
0 0.411352 0.091744 0.048828 0.048828
0 0.327075 0.174724 0.048828 0.048828
0 0.358193 0.042475 0.048828 0.048828
0 0.458028 0.043771 0.048828 0.048828