0 0.728844 0.959614 0.048828 0.048828
0 0.781851 0.951459 0.048828 0.048828
0 0.783889 0.910684 0.048828 0.048828
0 0.726805 0.905588 0.048828 0.048828
0 0.695205 0.908646 0.048828 0.048828
0 0.687050 0.862774 0.048828 0.048828
0 0.750250 0.844426 0.048828 0.048828
0 0.792044 0.834232 0.048828 0.048828
0 0.813451 0.862774 0.048828 0.048828
0 0.897038 0.768993 0.048828 0.048828
0 0.855245 0.702735 0.048828 0.048828
0 0.840974 0.735354 0.048828 0.048828
0 0.834857 0.780206 0.048828 0.048828
0 0.824664 0.670115 0.048828 0.048828
0 0.780831 0.775109 0.048828 0.048828
0 0.669721 0.836271 0.048828 0.048828
0 0.695205 0.813845 0.048828 0.048828
0 0.670740 0.809768 0.048828 0.048828
0 0.687050 0.784284 0.048828 0.048828
0 0.640159 0.782245 0.048828 0.048828
0 0.679914 0.757780 0.048828 0.048828
0 0.682972 0.714967 0.048828 0.048828
0 0.709476 0.694580 0.048828 0.048828
0 0.696224 0.655844 0.048828 0.048828
0 0.637101 0.646670 0.048828 0.048828
0 0.707437 0.608953 0.048828 0.048828
0 0.804276 0.594682 0.048828 0.048828
0 0.963297 0.590605 0.048828 0.048828
0 0.925581 0.919859 0.048828 0.048828
0 0.926600 0.961653 0.048828 0.048828