0 0.000941 0.979670 0.048828 0.048828
0 0.029578 0.947965 0.048828 0.048828
0 0.010146 0.902965 0.048828 0.048828
0 0.014237 0.852851 0.048828 0.048828
0 0.004009 0.797623 0.048828 0.048828
0 0.096055 0.837510 0.048828 0.048828
0 0.171738 0.888647 0.048828 0.048828
0 0.187079 0.982738 0.048828 0.048828
0 0.184011 0.931601 0.048828 0.048828
0 0.248443 0.951033 0.048828 0.048828
0 0.292420 0.966374 0.048828 0.048828
0 0.022419 0.700464 0.048828 0.048828
0 0.276923 0.243832 0.048828 0.048828
0 0.286036 0.198272 0.048828 0.048828
0 0.132432 0.133186 0.048828 0.048828
0 0.201424 0.000410 0.048828 0.048828
0 0.092079 0.190462 0.048828 0.048828
0 0.104237 0.960238 0.048828 0.048828
0 0.196283 0.836487 0.048828 0.048828
0 0.214693 0.890692 0.048828 0.048828
0 0.171738 0.791487 0.048828 0.048828
0 0.231056 0.805805 0.048828 0.048828
0 0.277079 0.848760 0.048828 0.048828
0 0.312875 0.894783 0.048828 0.048828
0 0.346625 0.923420 0.048828 0.048828
0 0.489808 0.996034 0.048828 0.048828
0 0.431512 0.955124 0.048828 0.048828
0 0.342534 0.849783 0.048828 0.048828
0 0.106283 0.707623 0.048828 0.048828
0 0.191170 0.723987 0.048828 0.048828
0 0.173783 0.693305 0.048828 0.048828
0 0.146169 0.656486 0.048828 0.048828
0 0.070487 0.620691 0.048828 0.048828
0 0.054329 0.242530 0.048828 0.048828
0 0.137639 0.314125 0.048828 0.048828
0 0.177993 0.276375 0.048828 0.048828
0 0.191010 0.338858 0.048828 0.048828
0 0.330294 0.247737 0.048828 0.048828
0 0.369346 0.212591 0.048828 0.048828
0 0.379759 0.152712 0.048828 0.048828
0 0.312070 0.139695 0.048828 0.048828
0 0.237872 0.009522 0.048828 0.048828
0 0.197519 0.049876 0.048828 0.048828
0 0.192312 0.167031 0.048828 0.048828
0 0.249587 0.130583 0.048828 0.048828