0 0.053170 0.046660 0.048828 0.048828
0 0.138797 0.010982 0.048828 0.048828
0 0.156126 0.056854 0.048828 0.048828
0 0.199959 0.071125 0.048828 0.048828
0 0.115352 0.081318 0.048828 0.048828
0 0.065403 0.094570 0.048828 0.048828
0 0.036861 0.165925 0.048828 0.048828
0 0.082732 0.147577 0.048828 0.048828
0 0.156126 0.149616 0.048828 0.048828
0 0.034822 0.212816 0.048828 0.048828
0 0.076616 0.238300 0.048828 0.048828
0 0.127584 0.231164 0.048828 0.048828
0 0.164281 0.207719 0.048828 0.048828
0 0.140836 0.265823 0.048828 0.048828
0 0.067442 0.300481 0.048828 0.048828
0 0.216268 0.299462 0.048828 0.048828
0 0.231559 0.231164 0.048828 0.048828
0 0.272333 0.204661 0.048828 0.048828
0 0.298837 0.158790 0.048828 0.048828
0 0.248888 0.166945 0.048828 0.048828
0 0.255004 0.120054 0.048828 0.048828
0 0.302914 0.082338 0.048828 0.048828
0 0.266217 0.055834 0.048828 0.048828
0 0.420141 0.022195 0.048828 0.048828
0 0.447664 0.049718 0.048828 0.048828
0 0.381405 0.075202 0.048828 0.048828
0 0.334514 0.026273 0.048828 0.048828
0 0.387521 0.121073 0.048828 0.048828
0 0.434412 0.114957 0.048828 0.048828
0 0.461935 0.149616 0.048828 0.048828
0 0.433392 0.201603 0.048828 0.048828
0 0.387521 0.201603 0.048828 0.048828
0 0.414025 0.256649 0.048828 0.048828
0 0.343689 0.261745 0.048828 0.048828
0 0.310050 0.258687 0.048828 0.048828
0 0.315146 0.296404 0.048828 0.048828
0 0.394657 0.298442 0.048828 0.048828
0 0.969577 0.042583 0.048828 0.048828
0 0.887008 0.143499 0.048828 0.048828
0 0.911473 0.095589 0.048828 0.048828
0 0.876815 0.044621 0.048828 0.048828
0 0.744298 0.008944 0.048828 0.048828
0 0.804440 0.036466 0.048828 0.048828
0 0.652555 0.013021 0.048828 0.048828
0 0.710659 0.046660 0.048828 0.048828
0 0.792208 0.078260 0.048828 0.048828
0 0.831963 0.141461 0.048828 0.048828
0 0.779975 0.143499 0.048828 0.048828
0 0.719833 0.172041 0.048828 0.048828
0 0.646439 0.164906 0.048828 0.048828
0 0.656633 0.246455 0.048828 0.048828
0 0.650517 0.208739 0.048828 0.048828
0 0.605665 0.189371 0.048828 0.048828
0 0.571006 0.165925 0.048828 0.048828
0 0.506787 0.178158 0.048828 0.048828
0 0.606684 0.292326 0.048828 0.048828
0 0.519019 0.316791 0.048828 0.048828
0 0.523096 0.247474 0.048828 0.048828
0 0.471109 0.305578 0.048828 0.048828
0 0.416063 0.335139 0.048828 0.048828
0 0.363056 0.377953 0.048828 0.048828
0 0.426257 0.390185 0.048828 0.048828
0 0.515961 0.373875 0.048828 0.048828
0 0.608723 0.362662 0.048828 0.048828
0 0.638284 0.405475 0.048828 0.048828
0 0.771821 0.410572 0.048828 0.048828
0 0.741240 0.376933 0.048828 0.048828
0 0.842157 0.348391 0.048828 0.048828
0 0.828905 0.314752 0.048828 0.048828
0 0.847253 0.264803 0.048828 0.048828
0 0.831963 0.195487 0.048828 0.048828
0 0.804440 0.175100 0.048828 0.048828
0 0.900260 0.212816 0.048828 0.048828
0 0.940015 0.183254 0.048828 0.048828
0 0.947151 0.235242 0.048828 0.048828
0 0.975693 0.283152 0.048828 0.048828
0 0.987925 0.355527 0.048828 0.048828
0 0.964480 0.404456 0.048828 0.048828
0 0.887008 0.403437 0.048828 0.048828
0 0.916570 0.464598 0.048828 0.048828
0 0.851331 0.457463 0.048828 0.048828
0 0.714736 0.124131 0.048828 0.048828
0 0.659691 0.096609 0.048828 0.048828
0 0.608723 0.142480 0.048828 0.048828
0 0.544503 0.096609 0.048828 0.048828
0 0.604645 0.057873 0.048828 0.048828
0 0.603626 0.004866 0.048828 0.048828
0 0.532271 0.026273 0.048828 0.048828
0 0.035841 0.816278 0.048828 0.048828
0 0.003222 0.841762 0.048828 0.048828
0 0.070500 0.860111 0.048828 0.048828
0 0.039919 0.871324 0.048828 0.048828
0 0.051132 0.990589 0.048828 0.048828
0 0.082732 0.945737 0.048828 0.048828
0 0.049093 0.953892 0.048828 0.048828
0 0.004241 0.954911 0.048828 0.048828
0 0.013415 0.913118 0.048828 0.048828
0 0.075596 0.905982 0.048828 0.048828
0 0.057248 0.756136 0.048828 0.048828
0 0.034822 0.701090 0.048828 0.048828
0 0.069480 0.666432 0.048828 0.048828
0 0.073558 0.640948 0.048828 0.048828
0 0.062345 0.626677 0.048828 0.048828
0 0.048074 0.593038 0.048828 0.048828
0 0.056229 0.537992 0.048828 0.048828
0 0.020551 0.556341 0.048828 0.048828
0 0.045016 0.497218 0.048828 0.048828
0 0.046035 0.447269 0.048828 0.048828
0 0.054190 0.406495 0.048828 0.048828
0 0.036861 0.373875 0.048828 0.048828
0 0.003222 0.338197 0.048828 0.048828
0 0.236656 0.993647 0.048828 0.048828
0 0.187726 0.982434 0.048828 0.048828
0 0.136758 0.973260 0.048828 0.048828
0 0.750414 0.969182 0.048828 0.048828
0 0.816673 0.911079 0.048828 0.048828
0 0.741240 0.821375 0.048828 0.048828
0 0.783034 0.877440 0.048828 0.048828
0 0.839098 0.809143 0.048828 0.048828
0 0.643381 0.966124 0.048828 0.048828
0 0.586297 0.991608 0.048828 0.048828
0 0.553677 0.935543 0.048828 0.048828
0 0.581200 0.939621 0.048828 0.048828
0 0.615858 0.907001 0.048828 0.048828
0 0.591394 0.892730 0.048828 0.048828
0 0.549600 0.892730 0.048828 0.048828
0 0.489457 0.953892 0.048828 0.048828
0 0.399754 0.977337 0.048828 0.048828
0 0.486399 0.903943 0.048828 0.048828
0 0.398734 0.924331 0.048828 0.048828
0 0.355921 0.910059 0.048828 0.048828
0 0.448683 0.889672 0.048828 0.048828
0 0.497612 0.870304 0.048828 0.048828
0 0.466012 0.857053 0.048828 0.048828
0 0.435431 0.836665 0.048828 0.048828
0 0.473148 0.802007 0.048828 0.048828
0 0.389560 0.787736 0.048828 0.048828
0 0.374269 0.860111 0.048828 0.048828
0 0.331456 0.812201 0.048828 0.048828
0 0.305972 0.893750 0.048828 0.048828
0 0.295779 0.836665 0.048828 0.048828
0 0.256024 0.888653 0.048828 0.048828
0 0.280488 0.938602 0.048828 0.048828
0 0.321263 0.972241 0.048828 0.048828
0 0.283546 0.973260 0.048828 0.048828
0 0.226462 0.945737 0.048828 0.048828
0 0.213210 0.901905 0.048828 0.048828
0 0.216268 0.847878 0.048828 0.048828
0 0.240733 0.798949 0.048828 0.048828
0 0.210152 0.810162 0.048828 0.048828
0 0.184668 0.902924 0.048828 0.048828
0 0.132681 0.937582 0.048828 0.048828
0 0.130642 0.901905 0.048828 0.048828
0 0.094964 0.884575 0.048828 0.048828
0 0.129623 0.852975 0.048828 0.048828
0 0.091906 0.812201 0.048828 0.048828
0 0.129623 0.758175 0.048828 0.048828
0 0.208113 0.758175 0.048828 0.048828
0 0.158165 0.735749 0.048828 0.048828
0 0.104139 0.713323 0.048828 0.048828
0 0.138797 0.663374 0.048828 0.048828
0 0.228501 0.673568 0.048828 0.048828
0 0.245830 0.645025 0.048828 0.048828
0 0.293740 0.784678 0.048828 0.048828
0 0.286604 0.712303 0.048828 0.048828
0 0.332476 0.764291 0.048828 0.048828
0 0.380386 0.735749 0.048828 0.048828
0 0.348785 0.712303 0.048828 0.048828
0 0.464993 0.751039 0.048828 0.048828
0 0.433392 0.736768 0.048828 0.048828
0 0.411986 0.698032 0.048828 0.048828
0 0.373250 0.674587 0.048828 0.048828
0 0.369173 0.637890 0.048828 0.048828
0 0.323301 0.663374 0.048828 0.048828
0 0.318205 0.625657 0.048828 0.048828
0 0.310050 0.566535 0.048828 0.048828
0 0.261120 0.586922 0.048828 0.048828
0 0.204036 0.583864 0.048828 0.048828
0 0.165300 0.566535 0.048828 0.048828
0 0.101081 0.525760 0.048828 0.048828
0 0.272333 0.536973 0.048828 0.048828
0 0.203017 0.519644 0.048828 0.048828
0 0.168358 0.491102 0.048828 0.048828
0 0.106177 0.467656 0.048828 0.048828
0 0.127584 0.608328 0.048828 0.048828
0 0.098022 0.582844 0.048828 0.048828
0 0.662749 0.871324 0.048828 0.048828
0 0.557755 0.842782 0.048828 0.048828
0 0.609742 0.804046 0.048828 0.048828
0 0.597510 0.746962 0.048828 0.048828
0 0.672942 0.761233 0.048828 0.048828
0 0.794247 0.789775 0.048828 0.048828
0 0.814634 0.745942 0.048828 0.048828
0 0.767743 0.743903 0.048828 0.048828
0 0.757550 0.702110 0.048828 0.048828
0 0.803421 0.701090 0.048828 0.048828
0 0.861524 0.688858 0.048828 0.048828
0 0.782014 0.656238 0.048828 0.048828
0 0.811576 0.610367 0.048828 0.048828
0 0.756530 0.608328 0.048828 0.048828
0 0.779975 0.550225 0.048828 0.048828
0 0.829924 0.563476 0.048828 0.048828
0 0.826866 0.518625 0.048828 0.048828
0 0.681097 0.633812 0.048828 0.048828
0 0.610761 0.686819 0.048828 0.048828
0 0.666826 0.705168 0.048828 0.048828
0 0.523096 0.721478 0.048828 0.048828
0 0.486399 0.690897 0.048828 0.048828
0 0.546542 0.662355 0.048828 0.048828
0 0.562851 0.629735 0.048828 0.048828
0 0.597510 0.613425 0.048828 0.048828
0 0.515961 0.627696 0.048828 0.048828
0 0.515961 0.592019 0.048828 0.048828
0 0.477225 0.631774 0.048828 0.048828
0 0.442567 0.673568 0.048828 0.048828
0 0.409947 0.631774 0.048828 0.048828
0 0.451741 0.586922 0.048828 0.048828
0 0.413005 0.596096 0.048828 0.048828
0 0.386502 0.554302 0.048828 0.048828
0 0.262140 0.495179 0.048828 0.048828
0 0.311069 0.494160 0.048828 0.048828
0 0.453780 0.517605 0.048828 0.048828
0 0.516980 0.534934 0.048828 0.048828
0 0.564890 0.509450 0.048828 0.048828
0 0.649497 0.540031 0.048828 0.048828
0 0.706581 0.515566 0.048828 0.048828
0 0.624013 0.454405 0.048828 0.048828
0 0.569987 0.463579 0.048828 0.048828
0 0.526154 0.484986 0.048828 0.048828
0 0.448683 0.477850 0.048828 0.048828
0 0.390579 0.490082 0.048828 0.048828
0 0.328398 0.484986 0.048828 0.048828
0 0.105158 0.425863 0.048828 0.048828
0 0.176513 0.430959 0.048828 0.048828
0 0.245830 0.439114 0.048828 0.048828
0 0.309030 0.443192 0.048828 0.048828
0 0.368153 0.439114 0.048828 0.048828
0 0.442567 0.439114 0.048828 0.048828
0 0.542464 0.423824 0.048828 0.048828
0 0.615858 0.421785 0.048828 0.048828
0 0.989964 0.682742 0.048828 0.048828
0 0.977732 0.629735 0.048828 0.048828
0 0.982828 0.581825 0.048828 0.048828
0 0.915551 0.597115 0.048828 0.048828
0 0.951228 0.517605 0.048828 0.048828
0 0.887008 0.549205 0.048828 0.048828
0 0.901280 0.637890 0.048828 0.048828
0 0.932880 0.695993 0.048828 0.048828
0 0.966519 0.750020 0.048828 0.048828
0 0.945112 0.787736 0.048828 0.048828
0 0.975693 0.873362 0.048828 0.048828
0 0.948170 0.904963 0.048828 0.048828
0 0.974674 0.933505 0.048828 0.048828
0 0.968557 0.993647 0.048828 0.048828
0 0.848273 0.977337 0.048828 0.048828
0 0.876815 0.877440 0.048828 0.048828
0 0.923706 0.826472 0.048828 0.048828
0 0.096046 0.347271 0.048828 0.048828
0 0.145917 0.379879 0.048828 0.048828
0 0.161262 0.328090 0.048828 0.048828
0 0.214969 0.391388 0.048828 0.048828
0 0.274430 0.391388 0.048828 0.048828
0 0.259085 0.345353 0.048828 0.048828