0 0.068692 0.955931 0.048828 0.048828
0 0.107427 0.995686 0.048828 0.048828
0 0.097234 0.936563 0.048828 0.048828
0 0.016704 0.808123 0.048828 0.048828
0 0.039130 0.833607 0.048828 0.048828
0 0.045246 0.888653 0.048828 0.048828
0 0.096214 0.900885 0.048828 0.048828
0 0.100292 0.838704 0.048828 0.048828
0 0.075827 0.816278 0.048828 0.048828
0 0.090098 0.775504 0.048828 0.048828
0 0.102331 0.742884 0.048828 0.048828
0 0.077866 0.727594 0.048828 0.048828
0 0.074808 0.695993 0.048828 0.048828
0 0.020782 0.757155 0.048828 0.048828
0 0.012627 0.638909 0.048828 0.048828
0 0.011607 0.668471 0.048828 0.048828
0 0.057479 0.648083 0.048828 0.048828
0 0.048304 0.622599 0.048828 0.048828
0 0.058498 0.599154 0.048828 0.048828
0 0.413236 0.979376 0.048828 0.048828
0 0.339842 0.961028 0.048828 0.048828
0 0.340861 0.903943 0.048828 0.048828
0 0.336784 0.875401 0.048828 0.048828
0 0.301106 0.869285 0.048828 0.048828
0 0.260332 0.859091 0.048828 0.048828
0 0.278680 0.931466 0.048828 0.048828
0 0.252177 0.809143 0.048828 0.048828
0 0.293971 0.817298 0.048828 0.048828
0 0.326590 0.820356 0.048828 0.048828
0 0.274603 0.786717 0.048828 0.048828
0 0.262370 0.735749 0.048828 0.048828
0 0.328629 0.772446 0.048828 0.048828
0 0.313338 0.719439 0.048828 0.048828
0 0.263390 0.675606 0.048828 0.048828
0 0.294990 0.670509 0.048828 0.048828
0 0.324551 0.630754 0.048828 0.048828
0 0.373481 0.635851 0.048828 0.048828
0 0.360229 0.694974 0.048828 0.048828
0 0.408139 0.675606 0.048828 0.048828
0 0.406100 0.709245 0.048828 0.048828
0 0.403042 0.744923 0.048828 0.048828
0 0.368384 0.746962 0.048828 0.048828
0 0.392849 0.783659 0.048828 0.048828
0 0.431584 0.763271 0.048828 0.048828
0 0.386732 0.841762 0.048828 0.048828
0 0.414255 0.823414 0.048828 0.048828
0 0.423430 0.858072 0.048828 0.048828
0 0.427507 0.913118 0.048828 0.048828
0 0.468281 0.896808 0.048828 0.048828
0 0.451972 0.970202 0.048828 0.048828
0 0.683367 0.983454 0.048828 0.048828
0 0.707831 0.966124 0.048828 0.048828
0 0.704773 0.928408 0.048828 0.048828
0 0.659921 0.945737 0.048828 0.048828
0 0.670115 0.894769 0.048828 0.048828
0 0.605895 0.887633 0.048828 0.048828
0 0.550850 0.874382 0.048828 0.048828
0 0.559005 0.918214 0.048828 0.048828
0 0.576334 0.969182 0.048828 0.048828
0 0.519250 0.955931 0.048828 0.048828
0 0.514153 0.905982 0.048828 0.048828
0 0.510075 0.844820 0.048828 0.048828
0 0.479494 0.818317 0.048828 0.048828
0 0.508037 0.792833 0.048828 0.048828
0 0.566140 0.808123 0.048828 0.048828
0 0.583469 0.848898 0.048828 0.048828
0 0.608953 0.808123 0.048828 0.048828
0 0.661960 0.830549 0.048828 0.048828
0 0.724141 0.827491 0.048828 0.048828
0 0.681328 0.794872 0.048828 0.048828
0 0.659921 0.768368 0.048828 0.048828
0 0.695599 0.745942 0.048828 0.048828
0 0.601818 0.760213 0.048828 0.048828
0 0.554927 0.735749 0.048828 0.048828
0 0.641573 0.715361 0.048828 0.048828
0 0.614050 0.683761 0.048828 0.048828
0 0.630360 0.644006 0.048828 0.048828
0 0.705793 0.631774 0.048828 0.048828
0 0.596721 0.654200 0.048828 0.048828
0 0.610992 0.614445 0.048828 0.048828
0 0.579392 0.614445 0.048828 0.048828
0 0.533521 0.624638 0.048828 0.048828
0 0.529443 0.686819 0.048828 0.048828
0 0.475417 0.707206 0.048828 0.048828
0 0.488669 0.659296 0.048828 0.048828
0 0.460127 0.654200 0.048828 0.048828
0 0.468281 0.604251 0.048828 0.048828
0 0.489688 0.757155 0.048828 0.048828
0 0.528424 0.990589 0.048828 0.048828
0 0.038111 0.567554 0.048828 0.048828
0 0.000394 0.549205 0.048828 0.048828
0 0.051362 0.541050 0.048828 0.048828
0 0.031995 0.515566 0.048828 0.048828
0 0.065634 0.499257 0.048828 0.048828
0 0.056459 0.448289 0.048828 0.048828
0 0.014665 0.459502 0.048828 0.048828
0 0.034033 0.424843 0.048828 0.048828
0 0.028936 0.388146 0.048828 0.048828
0 0.024859 0.272958 0.048828 0.048828
0 0.049324 0.280094 0.048828 0.048828
0 0.056459 0.329023 0.048828 0.048828
0 0.013646 0.062970 0.048828 0.048828
0 0.125776 0.120054 0.048828 0.048828
0 0.126795 0.161848 0.048828 0.048828
0 0.305184 0.201603 0.048828 0.048828
0 0.486630 0.560418 0.048828 0.048828
0 0.528424 0.572651 0.048828 0.048828
0 0.581431 0.574689 0.048828 0.048828
0 0.624244 0.558380 0.048828 0.048828
0 0.665018 0.575709 0.048828 0.048828
0 0.717006 0.576728 0.048828 0.048828
0 0.465223 0.510470 0.048828 0.048828
0 0.521288 0.531876 0.048828 0.048828
0 0.550850 0.502315 0.048828 0.048828
0 0.568179 0.543089 0.048828 0.048828
0 0.594682 0.490082 0.048828 0.048828
0 0.647689 0.515566 0.048828 0.048828
0 0.697638 0.532896 0.048828 0.048828
0 0.696618 0.481927 0.048828 0.048828
0 0.649728 0.478869 0.048828 0.048828
0 0.662980 0.445230 0.048828 0.048828
0 0.643612 0.412611 0.048828 0.048828
0 0.709870 0.402417 0.048828 0.048828
0 0.680309 0.395282 0.048828 0.048828
0 0.640554 0.357565 0.048828 0.048828
0 0.594682 0.431979 0.048828 0.048828
0 0.569198 0.461540 0.048828 0.048828
0 0.567160 0.400379 0.048828 0.048828
0 0.536579 0.381011 0.048828 0.048828
0 0.498862 0.354507 0.048828 0.048828
0 0.518230 0.418727 0.048828 0.048828
0 0.524346 0.452366 0.048828 0.048828
0 0.492746 0.480908 0.048828 0.048828
0 0.457068 0.467656 0.048828 0.048828
0 0.571237 0.234223 0.048828 0.048828
0 0.588566 0.256649 0.048828 0.048828
0 0.610992 0.284171 0.048828 0.048828
0 0.669096 0.332081 0.048828 0.048828
0 0.660941 0.289268 0.048828 0.048828
0 0.679289 0.271939 0.048828 0.048828
0 0.728219 0.257668 0.048828 0.048828
0 0.707831 0.220971 0.048828 0.048828
0 0.638515 0.248494 0.048828 0.048828
0 0.648708 0.215874 0.048828 0.048828
0 0.614050 0.211797 0.048828 0.048828
0 0.584489 0.204661 0.048828 0.048828
0 0.614050 0.168983 0.048828 0.048828
0 0.658902 0.166945 0.048828 0.048828
0 0.632399 0.127190 0.048828 0.048828
0 0.561043 0.118015 0.048828 0.048828
0 0.605895 0.081318 0.048828 0.048828
0 0.608953 0.039524 0.048828 0.048828
0 0.707831 0.175100 0.048828 0.048828
0 0.692541 0.147577 0.048828 0.048828
0 0.668076 0.107822 0.048828 0.048828
0 0.717006 0.099667 0.048828 0.048828
0 0.687444 0.076221 0.048828 0.048828
0 0.739432 0.058892 0.048828 0.048828
0 0.680309 0.000789 0.048828 0.048828
0 0.794477 0.008944 0.048828 0.048828
0 0.778167 0.040544 0.048828 0.048828
0 0.800593 0.052776 0.048828 0.048828
0 0.788361 0.088454 0.048828 0.048828
0 0.875007 0.034428 0.048828 0.048828
0 0.908646 0.045641 0.048828 0.048828
0 0.963691 0.017098 0.048828 0.048828
0 0.850542 0.085396 0.048828 0.048828
0 0.881123 0.094570 0.048828 0.048828
0 0.842387 0.113938 0.048828 0.048828
0 0.869910 0.134325 0.048828 0.048828
0 0.915781 0.144519 0.048828 0.048828
0 0.929033 0.099667 0.048828 0.048828
0 0.977962 0.061950 0.048828 0.048828
0 0.964711 0.150635 0.048828 0.048828
0 0.976943 0.095589 0.048828 0.048828
0 0.955536 0.195487 0.048828 0.048828
0 0.914762 0.197526 0.048828 0.048828
0 0.869910 0.183254 0.048828 0.048828
0 0.856658 0.209758 0.048828 0.048828
0 0.824039 0.171022 0.048828 0.048828
0 0.802632 0.125151 0.048828 0.048828
0 0.750645 0.147577 0.048828 0.048828
0 0.777148 0.186313 0.048828 0.048828
0 0.779187 0.237281 0.048828 0.048828
0 0.819961 0.241358 0.048828 0.048828
0 0.792438 0.277036 0.048828 0.048828
0 0.721083 0.297423 0.048828 0.048828
0 0.744528 0.326984 0.048828 0.048828
0 0.721083 0.356546 0.048828 0.048828
0 0.766954 0.372856 0.048828 0.048828
0 0.760838 0.407514 0.048828 0.048828
0 0.741470 0.435037 0.048828 0.048828
0 0.770013 0.459502 0.048828 0.048828
0 0.747587 0.498237 0.048828 0.048828
0 0.795497 0.507412 0.048828 0.048828
0 0.815884 0.476831 0.048828 0.048828
0 0.818942 0.437076 0.048828 0.048828
0 0.848503 0.419746 0.048828 0.048828
0 0.828116 0.375914 0.048828 0.048828
0 0.782245 0.316791 0.048828 0.048828
0 0.832194 0.324946 0.048828 0.048828
0 0.845445 0.288249 0.048828 0.048828
0 0.867871 0.320868 0.048828 0.048828
0 0.898452 0.290287 0.048828 0.048828
0 0.909665 0.245436 0.048828 0.048828
0 0.925975 0.320868 0.048828 0.048828
0 0.908646 0.363682 0.048828 0.048828
0 0.867871 0.364701 0.048828 0.048828
0 0.886220 0.410572 0.048828 0.048828
0 0.875007 0.457463 0.048828 0.048828
0 0.943304 0.372856 0.048828 0.048828
0 0.897433 0.493140 0.048828 0.048828
0 0.835252 0.509450 0.048828 0.048828
0 0.852581 0.548186 0.048828 0.048828
0 0.798555 0.577747 0.048828 0.048828
0 0.745548 0.551244 0.048828 0.048828
0 0.748606 0.608328 0.048828 0.048828
0 0.760838 0.637890 0.048828 0.048828
0 0.809768 0.661335 0.048828 0.048828
0 0.824039 0.615464 0.048828 0.048828
0 0.868891 0.587941 0.048828 0.048828
0 0.875007 0.630754 0.048828 0.048828
0 0.934130 0.581825 0.048828 0.048828
0 0.899471 0.543089 0.048828 0.048828
0 0.932091 0.511489 0.048828 0.048828
0 0.983059 0.991608 0.048828 0.048828
0 0.962672 0.948795 0.048828 0.048828
0 0.923936 0.944718 0.048828 0.048828
0 0.947381 0.911079 0.048828 0.048828
0 0.907626 0.878459 0.048828 0.048828
0 0.946362 0.874382 0.048828 0.048828
0 0.983059 0.846859 0.048828 0.048828
0 0.866852 0.936563 0.048828 0.048828
0 0.905588 0.984473 0.048828 0.048828
0 0.810787 0.979376 0.048828 0.048828
0 0.756761 0.973260 0.048828 0.048828
0 0.776129 0.930447 0.048828 0.048828
0 0.836271 0.911079 0.048828 0.048828
0 0.796516 0.897827 0.048828 0.048828
0 0.742490 0.897827 0.048828 0.048828
0 0.758800 0.852975 0.048828 0.048828
0 0.820981 0.843801 0.048828 0.048828
0 0.849523 0.815259 0.048828 0.048828
0 0.903549 0.820356 0.048828 0.048828
0 0.777148 0.795891 0.048828 0.048828
0 0.744528 0.752058 0.048828 0.048828
0 0.800593 0.731671 0.048828 0.048828
0 0.746567 0.691916 0.048828 0.048828
0 0.852581 0.683761 0.048828 0.048828
0 0.856658 0.734729 0.048828 0.048828
0 0.893355 0.770407 0.048828 0.048828
0 0.959614 0.793852 0.048828 0.048828
0 0.970827 0.459502 0.048828 0.048828
0 0.976943 0.516586 0.048828 0.048828
0 0.987137 0.599154 0.048828 0.048828
0 0.986117 0.665413 0.048828 0.048828
0 0.932091 0.733710 0.048828 0.048828
0 0.920878 0.693955 0.048828 0.048828
0 0.543714 0.334120 0.048828 0.048828
0 0.559005 0.292326 0.048828 0.048828