0 0.169556 0.977173 0.048828 0.048828
0 0.160967 0.946497 0.048828 0.048828
0 0.143788 0.909685 0.048828 0.048828
0 0.109431 0.704770 0.048828 0.048828
0 0.102069 0.672867 0.048828 0.048828
0 0.102069 0.632375 0.048828 0.048828
0 0.097161 0.606607 0.048828 0.048828
0 0.084890 0.551390 0.048828 0.048828
0 0.082436 0.464270 0.048828 0.048828
0 0.064031 0.407826 0.048828 0.048828
0 0.075074 0.377150 0.048828 0.048828
0 0.073847 0.331750 0.048828 0.048828
0 0.097161 0.302301 0.048828 0.048828
0 0.094707 0.270398 0.048828 0.048828
0 0.102069 0.240949 0.048828 0.048828
0 0.120475 0.191868 0.048828 0.048828
0 0.120475 0.156283 0.048828 0.048828
0 0.125383 0.094931 0.048828 0.048828
0 0.148696 0.060574 0.048828 0.048828
0 0.067712 0.105975 0.048828 0.048828
0 0.055441 0.136651 0.048828 0.048828
0 0.056669 0.175916 0.048828 0.048828
0 0.051760 0.211500 0.048828 0.048828
0 0.021084 0.223771 0.048828 0.048828
0 0.000225 0.243403 0.048828 0.048828
0 0.011268 0.266717 0.048828 0.048828
0 0.056669 0.258128 0.048828 0.048828
0 0.057896 0.303528 0.048828 0.048828
0 0.016176 0.132970 0.048828 0.048828
0 0.022311 0.105975 0.048828 0.048828
0 0.019857 0.363653 0.048828 0.048828
0 0.008814 0.395556 0.048828 0.048828
0 0.039490 0.413962 0.048828 0.048828
0 0.017403 0.448319 0.048828 0.048828
0 0.010041 0.507217 0.048828 0.048828
0 0.016176 0.552617 0.048828 0.048828
0 0.022311 0.586974 0.048828 0.048828
0 0.023538 0.621331 0.048828 0.048828
0 0.033355 0.655688 0.048828 0.048828
0 0.005133 0.649553 0.048828 0.048828
0 0.029674 0.690045 0.048828 0.048828
0 0.028447 0.735446 0.048828 0.048828
0 0.056669 0.751397 0.048828 0.048828
0 0.060350 0.791890 0.048828 0.048828
0 0.021084 0.779619 0.048828 0.048828
0 0.034582 0.811522 0.048828 0.048828
0 0.057896 0.820112 0.048828 0.048828
0 0.089799 0.827474 0.048828 0.048828
0 0.045625 0.849560 0.048828 0.048828
0 0.000225 0.847106 0.048828 0.048828
0 0.072620 0.869193 0.048828 0.048828
0 0.027220 0.871647 0.048828 0.048828
0 0.021084 0.920729 0.048828 0.048828
0 0.057896 0.907231 0.048828 0.048828
0 0.084890 0.923183 0.048828 0.048828
0 0.060350 0.937907 0.048828 0.048828
0 0.082436 0.963675 0.048828 0.048828
0 0.049306 0.972264 0.048828 0.048828
0 0.976948 0.352610 0.048828 0.048828
0 0.937683 0.366107 0.048828 0.048828
0 0.893509 0.383286 0.048828 0.048828
0 0.882466 0.351383 0.048828 0.048828
0 0.837065 0.369788 0.048828 0.048828
0 0.848109 0.323161 0.048828 0.048828
0 0.832157 0.296166 0.048828 0.048828
0 0.816206 0.275306 0.048828 0.048828
0 0.805162 0.243403 0.048828 0.048828
0 0.775713 0.213954 0.048828 0.048828
0 0.736448 0.205365 0.048828 0.048828
0 0.724178 0.185732 0.048828 0.048828
0 0.694729 0.182051 0.048828 0.048828
0 0.628469 0.159965 0.048828 0.048828
0 0.575706 0.151375 0.048828 0.048828
0 0.553619 0.139105 0.048828 0.048828
0 0.508219 0.152602 0.048828 0.048828
0 0.488586 0.196776 0.048828 0.048828
0 0.445640 0.215181 0.048828 0.048828
0 0.406375 0.184505 0.048828 0.048828
0 0.391650 0.224998 0.048828 0.048828
0 0.363428 0.184505 0.048828 0.048828
0 0.325390 0.247084 0.048828 0.048828
0 0.384288 0.271625 0.048828 0.048828
0 0.304530 0.291258 0.048828 0.048828
0 0.282444 0.260582 0.048828 0.048828
0 0.298395 0.217635 0.048828 0.048828
0 0.282444 0.157510 0.048828 0.048828
0 0.257903 0.104748 0.048828 0.048828
0 0.192870 0.063028 0.048828 0.048828
0 0.164648 0.042169 0.048828 0.048828
0 0.218638 0.103521 0.048828 0.048828
0 0.184281 0.112110 0.048828 0.048828
0 0.226000 0.139105 0.048828 0.048828
0 0.176918 0.152602 0.048828 0.048828
0 0.206367 0.171008 0.048828 0.048828
0 0.243178 0.223771 0.048828 0.048828
0 0.195324 0.212727 0.048828 0.048828
0 0.157286 0.198003 0.048828 0.048828
0 0.152378 0.247084 0.048828 0.048828
0 0.181827 0.256901 0.048828 0.048828
0 0.239497 0.244630 0.048828 0.048828
0 0.254222 0.288804 0.048828 0.048828
0 0.282444 0.351383 0.048828 0.048828
0 0.314347 0.362426 0.048828 0.048828
0 0.349931 0.355064 0.048828 0.048828
0 0.320482 0.324388 0.048828 0.048828
0 0.401466 0.384513 0.048828 0.048828
0 0.407602 0.339112 0.048828 0.048828
0 0.406375 0.307209 0.048828 0.048828
0 0.424780 0.270398 0.048828 0.048828
0 0.440732 0.242176 0.048828 0.048828
0 0.478770 0.242176 0.048828 0.048828
0 0.438278 0.328069 0.048828 0.048828
0 0.473862 0.285123 0.048828 0.048828
0 0.486132 0.321934 0.048828 0.048828
0 0.494721 0.357518 0.048828 0.048828
0 0.536441 0.292485 0.048828 0.048828
0 0.560982 0.240949 0.048828 0.048828
0 0.612517 0.223771 0.048828 0.048828
0 0.549938 0.178370 0.048828 0.048828
0 0.649328 0.207819 0.048828 0.048828
0 0.693502 0.216408 0.048828 0.048828
0 0.757308 0.227452 0.048828 0.048828
0 0.686140 0.244630 0.048828 0.048828
0 0.729086 0.248311 0.048828 0.048828
0 0.627242 0.254447 0.048828 0.048828
0 0.772032 0.266717 0.048828 0.048828
0 0.738902 0.282668 0.048828 0.048828
0 0.670188 0.288804 0.048828 0.048828
0 0.614971 0.297393 0.048828 0.048828
0 0.584295 0.319480 0.048828 0.048828
0 0.567117 0.362426 0.048828 0.048828
0 0.617425 0.363653 0.048828 0.048828
0 0.655464 0.330523 0.048828 0.048828
0 0.709453 0.314571 0.048828 0.048828
0 0.746264 0.330523 0.048828 0.048828
0 0.780622 0.340339 0.048828 0.048828
0 0.783076 0.293712 0.048828 0.048828
0 0.814979 0.364880 0.048828 0.048828
0 0.792892 0.401691 0.048828 0.048828
0 0.774486 0.420097 0.048828 0.048828
0 0.753627 0.379605 0.048828 0.048828
0 0.725405 0.422551 0.048828 0.048828
0 0.703318 0.378378 0.048828 0.048828
0 0.691048 0.344020 0.048828 0.048828
0 0.651782 0.377150 0.048828 0.048828
0 0.670188 0.406599 0.048828 0.048828
0 0.622334 0.406599 0.048828 0.048828
0 0.547484 0.415189 0.048828 0.048828
0 0.495949 0.426232 0.048828 0.048828
0 0.449321 0.437275 0.048828 0.048828
0 0.483678 0.398010 0.048828 0.048828
0 0.448094 0.412735 0.048828 0.048828
0 0.403921 0.436048 0.048828 0.048828
0 0.422326 0.480222 0.048828 0.048828
0 0.482451 0.464270 0.048828 0.048828
0 0.553619 0.470405 0.048828 0.048828
0 0.607609 0.442184 0.048828 0.048828
0 0.607609 0.487584 0.048828 0.048828
0 0.667734 0.502308 0.048828 0.048828
0 0.661599 0.460589 0.048828 0.048828
0 0.703318 0.483903 0.048828 0.048828
0 0.743810 0.467951 0.048828 0.048828
0 0.733994 0.509671 0.048828 0.048828
0 0.784303 0.507217 0.048828 0.048828
0 0.808843 0.466724 0.048828 0.048828
0 0.834611 0.439729 0.048828 0.048828
0 0.849336 0.492492 0.048828 0.048828
0 0.867741 0.469178 0.048828 0.048828
0 0.907007 0.454454 0.048828 0.048828
0 0.938910 0.444638 0.048828 0.048828
0 0.948726 0.471632 0.048828 0.048828
0 0.868968 0.422551 0.048828 0.048828
0 0.979402 0.433594 0.048828 0.048828
0 0.154832 0.287577 0.048828 0.048828
0 0.157286 0.325615 0.048828 0.048828
0 0.125383 0.350156 0.048828 0.048828
0 0.143788 0.377150 0.048828 0.048828
0 0.203913 0.348929 0.048828 0.048828
0 0.120475 0.399237 0.048828 0.048828
0 0.165875 0.447092 0.048828 0.048828
0 0.153605 0.482676 0.048828 0.048828
0 0.147469 0.525622 0.048828 0.048828
0 0.145015 0.589428 0.048828 0.048828
0 0.191643 0.729311 0.048828 0.048828
0 0.221092 0.704770 0.048828 0.048828
0 0.259130 0.693727 0.048828 0.048828
0 0.237043 0.666732 0.048828 0.048828
0 0.196551 0.642191 0.048828 0.048828
0 0.234589 0.633602 0.048828 0.048828
0 0.270173 0.642191 0.048828 0.048828
0 0.229681 0.600472 0.048828 0.048828
0 0.232135 0.555071 0.048828 0.048828
0 0.259130 0.542801 0.048828 0.048828
0 0.287352 0.583293 0.048828 0.048828
0 0.314347 0.625012 0.048828 0.048828
0 0.309439 0.669186 0.048828 0.048828
0 0.372018 0.659369 0.048828 0.048828
0 0.359747 0.602926 0.048828 0.048828
0 0.444413 0.594336 0.048828 0.048828
0 0.492267 0.579612 0.048828 0.048828
0 0.526624 0.523168 0.048828 0.048828
0 0.488586 0.492492 0.048828 0.048828
0 0.456683 0.483903 0.048828 0.048828
0 0.466500 0.535438 0.048828 0.048828
0 0.412510 0.579612 0.048828 0.048828
0 0.394104 0.557525 0.048828 0.048828
0 0.401466 0.512125 0.048828 0.048828
0 0.316801 0.585747 0.048828 0.048828
0 0.318028 0.546482 0.048828 0.048828
0 0.359747 0.494946 0.048828 0.048828
0 0.348704 0.465497 0.048828 0.048828
0 0.340115 0.416416 0.048828 0.048828
0 0.338888 0.389421 0.048828 0.048828
0 0.286125 0.450773 0.048828 0.048828
0 0.283671 0.507217 0.048828 0.048828
0 0.254222 0.477768 0.048828 0.048828
0 0.245633 0.393102 0.048828 0.048828
0 0.303303 0.726857 0.048828 0.048828
0 0.327844 0.772257 0.048828 0.048828
0 0.282444 0.756306 0.048828 0.048828
0 0.306984 0.805387 0.048828 0.048828
0 0.276309 0.815203 0.048828 0.048828
0 0.327844 0.735446 0.048828 0.048828
0 0.369563 0.739127 0.048828 0.048828
0 0.373245 0.759987 0.048828 0.048828
0 0.411283 0.751397 0.048828 0.048828
0 0.429688 0.726857 0.048828 0.048828
0 0.433370 0.681456 0.048828 0.048828
0 0.465273 0.672867 0.048828 0.048828
0 0.459137 0.642191 0.048828 0.048828
0 0.489813 0.632375 0.048828 0.048828
0 0.562209 0.585747 0.048828 0.048828
0 0.594112 0.546482 0.048828 0.048828
0 0.664053 0.544028 0.048828 0.048828
0 0.640739 0.556298 0.048828 0.048828
0 0.670188 0.590655 0.048828 0.048828
0 0.630923 0.612742 0.048828 0.048828
0 0.590431 0.631148 0.048828 0.048828
0 0.711907 0.617650 0.048828 0.048828
0 0.645647 0.643418 0.048828 0.048828
0 0.711907 0.648326 0.048828 0.048828
0 0.662826 0.672867 0.048828 0.048828
0 0.603928 0.671640 0.048828 0.048828
0 0.653009 0.713359 0.048828 0.048828
0 0.594112 0.751397 0.048828 0.048828
0 0.570798 0.712132 0.048828 0.048828
0 0.520489 0.785754 0.048828 0.048828
0 0.508219 0.753851 0.048828 0.048828
0 0.537668 0.724403 0.048828 0.048828
0 0.533987 0.691272 0.048828 0.048828
0 0.483678 0.799252 0.048828 0.048828
0 0.422326 0.773484 0.048828 0.048828
0 0.464045 0.842198 0.048828 0.048828
0 0.417418 0.842198 0.048828 0.048828
0 0.414964 0.816430 0.048828 0.048828
0 0.390423 0.786981 0.048828 0.048828
0 0.391650 0.876555 0.048828 0.048828
0 0.358520 0.910912 0.048828 0.048828
0 0.315574 0.941588 0.048828 0.048828
0 0.239497 0.928091 0.048828 0.048828
0 0.320482 0.874101 0.048828 0.048828
0 0.342569 0.822566 0.048828 0.048828
0 0.266492 0.875328 0.048828 0.048828
0 0.311893 0.968583 0.048828 0.048828
0 0.372018 0.978400 0.048828 0.048828
0 0.410056 0.999259 0.048828 0.048828
0 0.510673 0.971037 0.048828 0.048828
0 0.482451 0.952632 0.048828 0.048828
0 0.451775 0.913367 0.048828 0.048828
0 0.477543 0.910912 0.048828 0.048828
0 0.584295 0.968583 0.048828 0.048828
0 0.560982 0.932999 0.048828 0.048828
0 0.541349 0.897415 0.048828 0.048828
0 0.570798 0.881463 0.048828 0.048828
0 0.535214 0.832382 0.048828 0.048828
0 0.599020 0.799252 0.048828 0.048828
0 0.603928 0.838517 0.048828 0.048828
0 0.611290 0.893734 0.048828 0.048828
0 0.632150 0.959994 0.048828 0.048828
0 0.671415 0.990670 0.048828 0.048828
0 0.709453 0.968583 0.048828 0.048828
0 0.682458 0.941588 0.048828 0.048828
0 0.655464 0.918275 0.048828 0.048828
0 0.639512 0.860604 0.048828 0.048828
0 0.670188 0.817657 0.048828 0.048828
0 0.687367 0.858150 0.048828 0.048828
0 0.697183 0.901096 0.048828 0.048828
0 0.725405 0.870420 0.048828 0.048828
0 0.753627 0.886372 0.048828 0.048828
0 0.763443 0.925637 0.048828 0.048828
0 0.799027 0.941588 0.048828 0.048828
0 0.787984 0.979627 0.048828 0.048828
0 0.829703 0.968583 0.048828 0.048828
0 0.984310 0.991897 0.048828 0.048828
0 0.934001 0.985762 0.048828 0.048828
0 0.897190 0.941588 0.048828 0.048828
0 0.983083 0.947724 0.048828 0.048828
0 0.962223 0.903550 0.048828 0.048828
0 0.957315 0.865512 0.048828 0.048828
0 0.883693 0.896188 0.048828 0.048828
0 0.837065 0.912139 0.048828 0.048828
0 0.787984 0.902323 0.048828 0.048828
0 0.823568 0.882691 0.048828 0.048828
0 0.878785 0.864285 0.048828 0.048828
0 0.920504 0.829928 0.048828 0.048828
0 0.854244 0.826247 0.048828 0.048828
0 0.773259 0.850788 0.048828 0.048828
0 0.718043 0.832382 0.048828 0.048828
0 0.757308 0.794344 0.048828 0.048828
0 0.802708 0.813976 0.048828 0.048828
0 0.800254 0.773484 0.048828 0.048828
0 0.865287 0.791890 0.048828 0.048828
0 0.910688 0.798025 0.048828 0.048828
0 0.952407 0.800479 0.048828 0.048828
0 0.981856 0.821339 0.048828 0.048828
0 0.987991 0.784527 0.048828 0.048828
0 0.981856 0.751397 0.048828 0.048828
0 0.932774 0.757533 0.048828 0.048828
0 0.875104 0.766122 0.048828 0.048828
0 0.830930 0.767349 0.048828 0.048828
0 0.789211 0.741581 0.048828 0.048828
0 0.646874 0.782073 0.048828 0.048828
0 0.687367 0.768576 0.048828 0.048828
0 0.731540 0.752624 0.048828 0.048828
0 0.713134 0.723175 0.048828 0.048828
0 0.749946 0.719494 0.048828 0.048828
0 0.733994 0.670413 0.048828 0.048828
0 0.767124 0.679002 0.048828 0.048828
0 0.805162 0.699862 0.048828 0.048828
0 0.855471 0.723175 0.048828 0.048828
0 0.839519 0.671640 0.048828 0.048828
0 0.799027 0.640964 0.048828 0.048828
0 0.759762 0.628693 0.048828 0.048828
0 0.790438 0.612742 0.048828 0.048828
0 0.765897 0.588201 0.048828 0.048828
0 0.789211 0.572250 0.048828 0.048828
0 0.754854 0.552617 0.048828 0.048828
0 0.812525 0.540347 0.048828 0.048828
0 0.855471 0.593109 0.048828 0.048828
0 0.873877 0.561206 0.048828 0.048828
0 0.878785 0.528076 0.048828 0.048828
0 0.922958 0.553844 0.048828 0.048828
0 0.978175 0.518260 0.048828 0.048828
0 0.972040 0.573477 0.048828 0.048828
0 0.886147 0.610288 0.048828 0.048828
0 0.857925 0.645872 0.048828 0.048828
0 0.881239 0.680229 0.048828 0.048828
0 0.905780 0.718267 0.048828 0.048828
0 0.964677 0.704770 0.048828 0.048828
0 0.926639 0.672867 0.048828 0.048828
0 0.925412 0.640964 0.048828 0.048828
0 0.948726 0.613969 0.048828 0.048828
0 0.965904 0.650780 0.048828 0.048828
0 0.952973 0.106928 0.048828 0.048828
0 0.954718 0.054580 0.048828 0.048828
0 0.998341 0.298869 0.048828 0.048828
0 0.976529 0.265716 0.048828 0.048828
0 0.963442 0.217730 0.048828 0.048828
0 0.962570 0.310211 0.048828 0.048828
0 0.934651 0.257864 0.048828 0.048828
0 0.896263 0.233435 0.048828 0.048828
0 0.870089 0.268333 0.048828 0.048828
0 0.863109 0.195046 0.048828 0.048828
0 0.917202 0.194174 0.048828 0.048828
0 0.968677 0.140954 0.048828 0.048828
0 0.907605 0.134846 0.048828 0.048828
0 0.885793 0.111290 0.048828 0.048828
0 0.834318 0.137464 0.048828 0.048828
0 0.788077 0.126122 0.048828 0.048828
0 0.785460 0.161893 0.048828 0.048828
0 0.821231 0.200281 0.048828 0.048828
0 0.837808 0.224710 0.048828 0.048828
0 0.754051 0.141826 0.048828 0.048828
0 0.742709 0.104310 0.048828 0.048828
0 0.763648 0.033641 0.048828 0.048828
0 0.801164 0.083371 0.048828 0.048828
0 0.863109 0.064177 0.048828 0.048828
0 0.909350 0.069412 0.048828 0.048828
0 0.914584 0.027533 0.048828 0.048828
0 0.630162 0.125249 0.048828 0.048828
0 0.663315 0.144443 0.048828 0.048828
0 0.696469 0.144443 0.048828 0.048828
0 0.693851 0.106055 0.048828 0.048828
0 0.685999 0.054580 0.048828 0.048828
0 0.654591 0.060687 0.048828 0.048828
0 0.652846 0.031896 0.048828 0.048828
0 0.711301 0.023171 0.048828 0.048828
0 0.604860 0.055452 0.048828 0.048828
0 0.569962 0.037131 0.048828 0.048828
0 0.562110 0.008339 0.048828 0.048828
0 0.450434 0.001360 0.048828 0.048828
0 0.452179 0.044983 0.048828 0.048828
0 0.450434 0.097331 0.048828 0.048828
0 0.483588 0.093841 0.048828 0.048828
0 0.535936 0.080754 0.048828 0.048828
0 0.584794 0.085988 0.048828 0.048828
0 0.505399 0.033641 0.048828 0.048828
0 0.540298 0.106928 0.048828 0.048828
0 0.505399 0.124377 0.048828 0.048828
0 0.405066 0.130484 0.048828 0.048828
0 0.405066 0.092096 0.048828 0.048828
0 0.408556 0.051090 0.048828 0.048828
0 0.372785 0.001360 0.048828 0.048828
0 0.330907 0.033641 0.048828 0.048828
0 0.207017 0.017064 0.048828 0.048828
0 0.320437 0.084244 0.048828 0.048828