0 0.247657 0.953146 0.048828 0.048828
0 0.280226 0.851368 0.048828 0.048828
0 0.329080 0.945004 0.048828 0.048828
0 0.329080 0.897168 0.048828 0.048828
0 0.349435 0.888008 0.048828 0.048828
0 0.378951 0.885973 0.048828 0.048828
0 0.458337 0.957217 0.048828 0.048828
0 0.372844 0.974520 0.048828 0.048828
0 0.380986 0.930755 0.048828 0.048828
0 0.416609 0.916506 0.048828 0.048828
0 0.469533 0.898186 0.048828 0.048828
0 0.397271 0.821853 0.048828 0.048828
0 0.574264 0.904353 0.048828 0.048828
0 0.572962 0.847077 0.048828 0.048828
0 0.539118 0.805422 0.048828 0.048828
0 0.583376 0.775482 0.048828 0.048828
0 0.641953 0.754655 0.048828 0.048828
0 0.640652 0.806724 0.048828 0.048828
0 0.643255 0.852284 0.048828 0.048828
0 0.613316 0.856189 0.048828 0.048828
0 0.597695 0.814534 0.048828 0.048828
0 0.645859 0.714302 0.048828 0.048828
0 0.630238 0.677853 0.048828 0.048828
0 0.652367 0.619276 0.048828 0.048828
0 0.683609 0.585431 0.048828 0.048828
0 0.731772 0.585431 0.048828 0.048828
0 0.769522 0.595845 0.048828 0.048828
0 0.712246 0.630991 0.048828 0.048828
0 0.787746 0.706491 0.048828 0.048828
0 0.791651 0.654422 0.048828 0.048828
0 0.748695 0.690871 0.048828 0.048828
0 0.729169 0.649216 0.048828 0.048828
0 0.678402 0.686965 0.048828 0.048828
0 0.832005 0.599750 0.048828 0.048828
0 0.829401 0.571112 0.048828 0.048828
0 0.858039 0.567207 0.048828 0.048828
0 0.860643 0.611466 0.048828 0.048828
0 0.795557 0.521647 0.048828 0.048828
0 0.740884 0.542474 0.048828 0.048828
0 0.692721 0.541173 0.048828 0.048828
0 0.747393 0.495613 0.048828 0.048828
0 0.830703 0.495613 0.048828 0.048828
0 0.773427 0.430526 0.048828 0.048828
0 0.789048 0.466975 0.048828 0.048828
0 0.815082 0.405794 0.048828 0.048828
0 0.722660 0.384966 0.048828 0.048828
0 0.774729 0.348518 0.048828 0.048828
0 0.675798 0.494311 0.048828 0.048828
0 0.648462 0.571112 0.048828 0.048828
0 0.614617 0.608862 0.048828 0.048828
0 0.598997 0.533362 0.048828 0.048828
0 0.751298 0.776784 0.048828 0.048828
0 0.945254 0.668741 0.048828 0.048828
0 0.885375 0.662233 0.048828 0.048828
0 0.924427 0.611466 0.048828 0.048828
0 0.821591 0.287337 0.048828 0.048828
0 0.932237 0.932991 0.048828 0.048828
0 0.891884 0.990266 0.048828 0.048828
0 0.832412 0.329021 0.048828 0.048828
0 0.753844 0.289737 0.048828 0.048828
0 0.787771 0.252239 0.048828 0.048828
0 0.714561 0.246882 0.048828 0.048828
0 0.637779 0.284380 0.048828 0.048828
0 0.703847 0.314736 0.048828 0.048828
0 0.659206 0.359376 0.048828 0.048828
0 0.684205 0.187956 0.048828 0.048828
0 0.641350 0.225455 0.048828 0.048828
0 0.997323 0.849681 0.048828 0.048828
0 0.992116 0.966835 0.048828 0.048828