0 0.932034 0.355092 0.048828 0.048828
0 0.994851 0.227713 0.048828 0.048828
0 0.792440 0.314959 0.048828 0.048828
0 0.810761 0.342878 0.048828 0.048828
0 0.877069 0.350730 0.048828 0.048828
0 0.980019 0.435359 0.048828 0.048828
0 0.965187 0.486834 0.048828 0.048828
0 0.971295 0.529585 0.048828 0.048828
0 0.904987 0.533075 0.048828 0.048828
0 0.877069 0.496431 0.048828 0.048828
0 0.846532 0.522605 0.048828 0.048828
0 0.824721 0.498176 0.048828 0.048828
0 0.787205 0.532202 0.048828 0.048828
0 0.800292 0.470257 0.048828 0.048828
0 0.833445 0.458043 0.048828 0.048828
0 0.873579 0.460660 0.048828 0.048828
0 0.904115 0.449318 0.048828 0.048828
0 0.882303 0.417910 0.048828 0.048828
0 0.788077 0.434486 0.048828 0.048828
0 0.937268 0.561866 0.048828 0.048828
0 0.986126 0.706695 0.048828 0.048828
0 0.937268 0.667434 0.048828 0.048828
0 0.934651 0.630791 0.048828 0.048828
0 0.884048 0.645622 0.048828 0.048828
0 0.895390 0.698843 0.048828 0.048828
0 0.911967 0.766022 0.048828 0.048828
0 0.875324 0.792196 0.048828 0.048828
0 0.823848 0.801793 0.048828 0.048828
0 0.550768 0.146574 0.048828 0.048828
0 0.558620 0.170130 0.048828 0.048828
0 0.559492 0.211136 0.048828 0.048828
0 0.536808 0.198049 0.048828 0.048828
0 0.501037 0.194559 0.048828 0.048828
0 0.480098 0.159661 0.048828 0.048828
0 0.424260 0.176237 0.048828 0.048828
0 0.437347 0.221606 0.048828 0.048828
0 0.556875 0.241672 0.048828 0.048828
0 0.558620 0.271336 0.048828 0.048828
0 0.565599 0.291403 0.048828 0.048828
0 0.575196 0.333281 0.048828 0.048828
0 0.567344 0.348985 0.048828 0.048828
0 0.548150 0.314959 0.048828 0.048828
0 0.535936 0.267846 0.048828 0.048828
0 0.508889 0.239927 0.048828 0.048828
0 0.515869 0.220733 0.048828 0.048828
0 0.480970 0.288785 0.048828 0.048828
0 0.501037 0.311469 0.048828 0.048828
0 0.530701 0.367307 0.048828 0.048828
0 0.499292 0.348985 0.048828 0.048828
0 0.461776 0.363817 0.048828 0.048828
0 0.416408 0.280061 0.048828 0.048828
0 0.411173 0.299255 0.048828 0.048828
0 0.402449 0.335026 0.048828 0.048828
0 0.383255 0.380394 0.048828 0.048828
0 0.405939 0.395226 0.048828 0.048828
0 0.442582 0.397843 0.048828 0.048828
0 0.473118 0.391736 0.048828 0.048828
0 0.470501 0.429252 0.048828 0.048828
0 0.440837 0.436231 0.048828 0.048828
0 0.462649 0.451936 0.048828 0.048828
0 0.510634 0.469385 0.048828 0.048828
0 0.508889 0.421399 0.048828 0.048828
0 0.535936 0.434486 0.048828 0.048828
0 0.540298 0.397843 0.048828 0.048828
0 0.590901 0.380394 0.048828 0.048828
0 0.614457 0.363817 0.048828 0.048828
0 0.629289 0.406568 0.048828 0.048828
0 0.601370 0.413547 0.048828 0.048828
0 0.608350 0.441466 0.048828 0.048828
0 0.645866 0.444083 0.048828 0.048828
0 0.622309 0.468512 0.048828 0.048828
0 0.634524 0.505156 0.048828 0.048828
0 0.663315 0.513008 0.048828 0.048828
0 0.679020 0.547034 0.048828 0.048828
0 0.701704 0.574953 0.048828 0.048828
0 0.674657 0.584550 0.048828 0.048828
0 0.706066 0.612469 0.048828 0.048828
0 0.683382 0.638643 0.048828 0.048828
0 0.679020 0.673541 0.048828 0.048828
0 0.692106 0.704077 0.048828 0.048828
0 0.696469 0.744211 0.048828 0.048828
0 0.658080 0.647367 0.048828 0.048828
0 0.770628 0.740721 0.048828 0.048828
0 0.864854 0.834074 0.048828 0.048828
0 0.861364 0.868973 0.048828 0.048828
0 0.894518 0.884677 0.048828 0.048828
0 0.872706 0.923065 0.048828 0.048828
0 0.911967 0.977158 0.048828 0.048828
0 0.881431 0.979776 0.048828 0.048828
0 0.817741 0.985010 0.048828 0.048828
0 0.753179 0.972796 0.048828 0.048828
0 0.773245 0.902999 0.048828 0.048828
0 0.665060 0.989373 0.048828 0.048828
0 0.626672 0.985010 0.048828 0.048828
0 0.496675 0.981520 0.048828 0.048828
0 0.543788 0.968434 0.048828 0.048828
0 0.407684 0.964944 0.048828 0.048828
0 0.337014 0.994607 0.048828 0.048828
0 0.246278 0.975413 0.048828 0.048828
0 0.108429 0.979776 0.048828 0.048828
0 0.151180 0.964071 0.048828 0.048828
0 0.044739 0.578443 0.048828 0.048828
0 0.014203 0.641260 0.048828 0.048828
0 0.063061 0.610724 0.048828 0.048828
0 0.065678 0.649985 0.048828 0.048828
0 0.019438 0.689246 0.048828 0.048828
0 0.088362 0.684011 0.048828 0.048828
0 0.084000 0.708440 0.048828 0.048828
0 0.056081 0.728506 0.048828 0.048828
0 0.014203 0.745083 0.048828 0.048828
0 0.034270 0.760787 0.048828 0.048828
0 0.087490 0.752935 0.048828 0.048828
0 0.118898 0.752935 0.048828 0.048828
0 0.101449 0.777364 0.048828 0.048828
0 0.063061 0.793069 0.048828 0.048828
0 0.035142 0.825350 0.048828 0.048828
0 0.073530 0.841054 0.048828 0.048828
0 0.095342 0.810518 0.048828 0.048828
0 0.118898 0.829712 0.048828 0.048828
0 0.138093 0.852396 0.048828 0.048828
0 0.138093 0.888167 0.048828 0.048828
0 0.105812 0.881187 0.048828 0.048828
0 0.063933 0.876825 0.048828 0.048828
0 0.062188 0.929173 0.048828 0.048828
0 0.109301 0.917831 0.048828 0.048828
0 0.134603 0.922193 0.048828 0.048828
0 0.118026 0.960581 0.048828 0.048828
0 0.249768 0.930045 0.048828 0.048828
0 0.286411 0.929173 0.048828 0.048828
0 0.320437 0.941387 0.048828 0.048828
0 0.258493 0.870718 0.048828 0.048828
0 0.254130 0.903871 0.048828 0.048828
0 0.247151 0.812263 0.048828 0.048828
0 0.215742 0.792196 0.048828 0.048828
0 0.233191 0.765150 0.048828 0.048828
0 0.210507 0.745956 0.048828 0.048828
0 0.247151 0.734614 0.048828 0.048828
0 0.284666 0.731996 0.048828 0.048828
0 0.284666 0.689246 0.048828 0.048828
0 0.238426 0.697098 0.048828 0.048828
0 0.243661 0.663072 0.048828 0.048828
0 0.282921 0.622066 0.048828 0.048828
0 0.282049 0.569718 0.048828 0.048828
0 0.253258 0.599382 0.048828 0.048828
0 0.251513 0.552269 0.048828 0.048828
0 0.248023 0.520860 0.048828 0.048828
0 0.296008 0.514753 0.048828 0.048828
0 0.294263 0.477237 0.048828 0.048828
0 0.243661 0.478982 0.048828 0.048828
0 0.296881 0.314087 0.048828 0.048828
0 0.472246 0.499921 0.048828 0.048828
0 0.507144 0.506028 0.048828 0.048828
0 0.577814 0.510391 0.048828 0.048828
0 0.573452 0.476365 0.048828 0.048828
0 0.564727 0.541799 0.048828 0.048828
0 0.529828 0.531330 0.048828 0.048828
0 0.603988 0.560993 0.048828 0.048828
0 0.538553 0.566228 0.048828 0.048828
0 0.601370 0.601999 0.048828 0.048828
0 0.533318 0.603744 0.048828 0.048828
0 0.471373 0.596764 0.048828 0.048828
0 0.475736 0.556631 0.048828 0.048828
0 0.447817 0.560993 0.048828 0.048828
0 0.402449 0.490324 0.048828 0.048828
0 0.425133 0.621193 0.048828 0.048828
0 0.452179 0.647367 0.048828 0.048828
0 0.483588 0.658709 0.048828 0.048828
0 0.529828 0.664817 0.048828 0.048828
0 0.568217 0.671796 0.048828 0.048828
0 0.552512 0.641260 0.048828 0.048828
0 0.609223 0.640388 0.048828 0.048828
0 0.611840 0.670051 0.048828 0.048828
0 0.611840 0.728506 0.048828 0.048828
0 0.590901 0.711930 0.048828 0.048828
0 0.553385 0.691863 0.048828 0.048828
0 0.576069 0.742466 0.048828 0.048828
0 0.616202 0.772129 0.048828 0.048828
0 0.692106 0.785216 0.048828 0.048828
0 0.663315 0.800048 0.048828 0.048828
0 0.631034 0.823605 0.048828 0.048828
0 0.618820 0.795686 0.048828 0.048828
0 0.569089 0.786089 0.048828 0.048828
0 0.540298 0.758170 0.048828 0.048828
0 0.526339 0.732869 0.048828 0.048828
0 0.492313 0.759915 0.048828 0.048828
0 0.467011 0.711930 0.048828 0.048828
0 0.430368 0.694480 0.048828 0.048828
0 0.405066 0.649985 0.048828 0.048828
0 0.418153 0.752063 0.048828 0.048828
0 0.426005 0.791324 0.048828 0.048828
0 0.446944 0.843671 0.048828 0.048828
0 0.471373 0.878570 0.048828 0.048828
0 0.475736 0.911723 0.048828 0.048828
0 0.517614 0.898637 0.048828 0.048828
0 0.508889 0.861993 0.048828 0.048828
0 0.551640 0.841054 0.048828 0.048828
0 0.607478 0.875080 0.048828 0.048828
0 0.641504 0.861121 0.048828 0.048828
0 0.628417 0.905616 0.048828 0.048828
0 0.644993 0.919576 0.048828 0.048828
0 0.593518 0.935280 0.048828 0.048828
0 0.536808 0.937025 0.048828 0.048828
0 0.462649 0.939642 0.048828 0.048828
0 0.482715 0.946622 0.048828 0.048828
0 0.886666 0.288785 0.048828 0.048828
0 0.938141 0.247779 0.048828 0.048828
0 0.982637 0.170130 0.048828 0.048828
0 0.982637 0.134359 0.048828 0.048828
0 0.885793 0.104696 0.048828 0.048828
0 0.734857 0.110803 0.048828 0.048828
0 0.805527 0.157043 0.048828 0.048828
0 0.706066 0.166640 0.048828 0.048828
0 0.866599 0.171875 0.048828 0.048828
0 0.609223 0.212008 0.048828 0.048828
0 0.579559 0.122145 0.048828 0.048828
0 0.788950 0.389991 0.048828 0.048828
0 0.815124 0.225968 0.048828 0.048828
0 0.999213 0.606362 0.048828 0.048828
0 0.850022 0.701460 0.048828 0.048828
0 0.832573 0.668306 0.048828 0.048828
0 0.832573 0.642133 0.048828 0.048828
0 0.824721 0.601999 0.048828 0.048828
0 0.845660 0.575825 0.048828 0.048828
0 0.880558 0.588040 0.048828 0.048828
0 0.909350 0.607234 0.048828 0.048828
0 0.993979 0.569718 0.048828 0.048828
0 0.416408 0.250397 0.048828 0.048828
0 0.289029 0.223350 0.048828 0.048828
0 0.273324 0.129997 0.048828 0.048828
0 0.471373 0.121272 0.048828 0.048828
0 0.466139 0.073287 0.048828 0.048828
0 0.406811 0.079394 0.048828 0.048828
0 0.426005 0.061072 0.048828 0.048828
0 0.206145 0.092481 0.048828 0.048828
0 0.209635 0.016577 0.048828 0.048828
0 0.016820 0.141339 0.048828 0.048828
0 0.378020 0.916958 0.048828 0.048828
0 0.038632 0.184090 0.048828 0.048828
0 0.055209 0.231203 0.048828 0.048828
0 0.066551 0.261739 0.048828 0.048828
0 0.072658 0.309724 0.048828 0.048828
0 0.015075 0.213753 0.048828 0.048828
0 0.038632 0.535692 0.048828 0.048828
0 0.175609 0.727634 0.048828 0.048828
0 0.432113 0.942260 0.048828 0.048828
0 0.423388 0.884677 0.048828 0.048828
0 0.331779 0.677903 0.048828 0.048828
0 0.328290 0.410057 0.048828 0.048828
0 0.298626 0.363817 0.048828 0.048828
0 0.860492 0.751190 0.048828 0.048828