0 0.002764 0.140885 0.048828 0.048828
0 0.004061 0.190154 0.048828 0.048828
0 0.015730 0.232941 0.048828 0.048828
0 0.026103 0.261465 0.048828 0.048828
0 0.058516 0.243313 0.048828 0.048828
0 0.020916 0.283506 0.048828 0.048828
0 0.005358 0.315920 0.048828 0.048828
0 0.010544 0.418348 0.048828 0.048828
0 0.054627 0.711371 0.048828 0.048828
0 0.085744 0.711371 0.048828 0.048828
0 0.138903 0.741191 0.048828 0.048828
0 0.211510 0.756750 0.048828 0.048828
0 0.184283 0.796943 0.048828 0.048828
0 0.206324 0.704888 0.048828 0.048828
0 0.297083 0.756750 0.048828 0.048828
0 0.135013 0.685439 0.048828 0.048828
0 0.157055 0.643950 0.048828 0.048828
0 0.147979 0.597273 0.048828 0.048828
0 0.120751 0.593384 0.048828 0.048828
0 0.127234 0.554487 0.048828 0.048828
0 0.080558 0.594680 0.048828 0.048828
0 0.040365 0.572639 0.048828 0.048828
0 0.026103 0.506514 0.048828 0.048828
0 0.068889 0.673770 0.048828 0.048828
0 0.102599 0.671177 0.048828 0.048828
0 0.172614 0.550597 0.048828 0.048828
0 0.211510 0.557080 0.048828 0.048828
0 0.278931 0.557080 0.048828 0.048828
0 0.127234 0.480583 0.048828 0.048828
0 0.180393 0.494845 0.048828 0.048828
0 0.203731 0.444280 0.048828 0.048828
0 0.249110 0.441687 0.048828 0.048828
0 0.236145 0.400197 0.048828 0.048828
0 0.212807 0.411866 0.048828 0.048828
0 0.176503 0.426128 0.048828 0.048828
0 0.111675 0.380748 0.048828 0.048828
0 0.042958 0.379452 0.048828 0.048828
0 0.106489 0.328886 0.048828 0.048828
0 0.160945 0.339258 0.048828 0.048828
0 0.208917 0.361300 0.048828 0.048828
0 0.246517 0.353521 0.048828 0.048828
0 0.276338 0.343148 0.048828 0.048828
0 0.229662 0.337962 0.048828 0.048828
0 0.225772 0.291286 0.048828 0.048828
0 0.680864 0.782681 0.048828 0.048828
0 0.670492 0.746378 0.048828 0.048828
0 0.709388 0.755453 0.048828 0.048828
0 0.632892 0.761936 0.048828 0.048828
0 0.604367 0.723040 0.048828 0.048828
0 0.644561 0.713964 0.048828 0.048828
0 0.686050 0.698405 0.048828 0.048828
0 0.718464 0.707481 0.048828 0.048828
0 0.779403 0.734709 0.048828 0.048828
0 0.844230 0.734709 0.048828 0.048828
0 0.859789 0.742488 0.048828 0.048828
0 0.907762 0.748971 0.048828 0.048828
0 0.942769 0.746378 0.048828 0.048828
0 0.980369 0.743784 0.048828 0.048828
0 0.564174 0.698405 0.048828 0.048828
0 0.568064 0.651729 0.048828 0.048828
0 0.517498 0.642653 0.048828 0.048828
0 0.501939 0.633577 0.048828 0.048828
0 0.527870 0.598570 0.048828 0.048828
0 0.486381 0.593384 0.048828 0.048828
0 0.513608 0.566156 0.048828 0.048828
0 0.522684 0.507811 0.048828 0.048828
0 0.385249 0.551894 0.048828 0.048828
0 0.416366 0.497438 0.048828 0.048828
0 0.347649 0.515590 0.048828 0.048828
0 0.787182 0.774902 0.048828 0.048828
0 0.827375 0.778792 0.048828 0.048828
0 0.920727 0.795647 0.048828 0.048828
0 0.957031 0.783978 0.048828 0.048828
0 0.958327 0.698405 0.048828 0.048828
0 0.963514 0.646543 0.048828 0.048828
0 0.898686 0.654322 0.048828 0.048828
0 0.863679 0.700998 0.048828 0.048828
0 0.822189 0.694515 0.048828 0.048828
0 0.787182 0.691922 0.048828 0.048828
0 0.798851 0.653025 0.048828 0.048828
0 0.848120 0.615425 0.048828 0.048828
0 0.894796 0.588198 0.048828 0.048828
0 0.929803 0.615425 0.048828 0.048828
0 0.741802 0.675067 0.048828 0.048828
0 0.700313 0.663398 0.048828 0.048828
0 0.689940 0.634874 0.048828 0.048828
0 0.654933 0.669881 0.048828 0.048828
0 0.649747 0.636170 0.048828 0.048828
0 0.603071 0.649136 0.048828 0.048828
0 0.622519 0.610239 0.048828 0.048828
0 0.597884 0.568749 0.048828 0.048828
0 0.562877 0.479287 0.048828 0.048828
0 0.640671 0.538928 0.048828 0.048828
0 0.665305 0.579122 0.048828 0.048828
0 0.709388 0.597273 0.048828 0.048828
0 0.749582 0.634874 0.048828 0.048828
0 0.778106 0.614129 0.048828 0.048828
0 0.754768 0.568749 0.048828 0.048828
0 0.798851 0.553190 0.048828 0.048828
0 0.829968 0.575232 0.048828 0.048828
0 0.828672 0.654322 0.048828 0.048828
0 0.969997 0.583011 0.048828 0.048828
0 0.914245 0.570046 0.048828 0.048828
0 0.876644 0.544115 0.048828 0.048828
0 0.839044 0.524666 0.048828 0.048828
0 0.814410 0.490956 0.048828 0.048828
0 0.772920 0.507811 0.048828 0.048828
0 0.719761 0.496142 0.048828 0.048828
0 0.711982 0.542818 0.048828 0.048828
0 0.684754 0.496142 0.048828 0.048828
0 0.643264 0.474100 0.048828 0.048828
0 0.599181 0.481880 0.048828 0.048828
0 0.693830 0.461135 0.048828 0.048828
0 0.750878 0.455949 0.048828 0.048828
0 0.722354 0.424831 0.048828 0.048828
0 0.776809 0.437797 0.048828 0.048828
0 0.846824 0.462431 0.048828 0.048828
0 0.877941 0.502625 0.048828 0.048828
0 0.925914 0.527259 0.048828 0.048828
0 0.960921 0.319810 0.048828 0.048828
0 0.959624 0.271837 0.048828 0.048828
0 0.976479 0.213492 0.048828 0.048828
0 0.945362 0.235534 0.048828 0.048828
0 0.881831 0.232941 0.048828 0.048828
0 0.822189 0.230348 0.048828 0.048828
0 0.914245 0.277024 0.048828 0.048828
0 0.859789 0.269244 0.048828 0.048828
0 0.814410 0.273134 0.048828 0.048828
0 0.785885 0.306845 0.048828 0.048828
0 0.756064 0.249796 0.048828 0.048828
0 0.807927 0.319810 0.048828 0.048828
0 0.866272 0.335369 0.048828 0.048828
0 0.902576 0.354817 0.048828 0.048828
0 0.946658 0.369079 0.048828 0.048828
0 0.880534 0.384638 0.048828 0.048828
0 0.862382 0.415755 0.048828 0.048828
0 0.828672 0.396307 0.048828 0.048828
0 0.839044 0.358707 0.048828 0.048828
0 0.781996 0.352224 0.048828 0.048828
0 0.783292 0.391121 0.048828 0.048828
0 0.717168 0.369079 0.048828 0.048828
0 0.722354 0.322403 0.048828 0.048828
0 0.706795 0.279617 0.048828 0.048828
0 0.684754 0.319810 0.048828 0.048828
0 0.649747 0.354817 0.048828 0.048828
0 0.670492 0.392417 0.048828 0.048828
0 0.617333 0.395010 0.048828 0.048828
0 0.574546 0.396307 0.048828 0.048828
0 0.595291 0.435204 0.048828 0.048828
0 0.645857 0.437797 0.048828 0.048828
0 0.565471 0.442983 0.048828 0.048828
0 0.520091 0.424831 0.048828 0.048828
0 0.540836 0.347038 0.048828 0.048828
0 0.592698 0.357410 0.048828 0.048828
0 0.544726 0.315920 0.048828 0.048828
0 0.604367 0.300362 0.048828 0.048828
0 0.647154 0.242017 0.048828 0.048828
0 0.709388 0.238127 0.048828 0.048828
0 0.575843 0.240720 0.048828 0.048828
0 0.501939 0.234237 0.048828 0.048828
0 0.505829 0.288693 0.048828 0.048828
0 0.443594 0.289989 0.048828 0.048828
0 0.451373 0.327589 0.048828 0.048828
0 0.464339 0.366486 0.048828 0.048828
0 0.465636 0.415755 0.048828 0.048828
0 0.441001 0.393714 0.048828 0.048828
0 0.424146 0.343148 0.048828 0.048828
0 0.514905 0.467618 0.048828 0.048828
0 0.435815 0.465025 0.048828 0.048828
0 0.443594 0.441687 0.048828 0.048828
0 0.403401 0.424831 0.048828 0.048828
0 0.407290 0.385935 0.048828 0.048828
0 0.387842 0.365190 0.048828 0.048828
0 0.370987 0.327589 0.048828 0.048828
0 0.405994 0.305548 0.048828 0.048828
0 0.352835 0.387231 0.048828 0.048828
0 0.359318 0.435204 0.048828 0.048828
0 0.380063 0.481880 0.048828 0.048828
0 0.348945 0.472804 0.048828 0.048828
0 0.190765 0.240720 0.048828 0.048828
0 0.149276 0.194044 0.048828 0.048828
0 0.084448 0.177189 0.048828 0.048828
0 0.093524 0.130513 0.048828 0.048828
0 0.085744 0.095506 0.048828 0.048828
0 0.076668 0.033271 0.048828 0.048828
0 0.075372 0.059202 0.048828 0.048828
0 0.131124 0.034567 0.048828 0.048828
0 0.131124 0.063092 0.048828 0.048828
0 0.158351 0.091616 0.048828 0.048828
0 0.182986 0.139589 0.048828 0.048828
0 0.210214 0.177189 0.048828 0.048828
0 0.246517 0.188858 0.048828 0.048828
0 0.220586 0.219975 0.048828 0.048828
0 0.281524 0.256279 0.048828 0.048828
0 0.360614 0.240720 0.048828 0.048828
0 0.426739 0.249796 0.048828 0.048828
0 0.482491 0.247203 0.048828 0.048828
0 0.472118 0.204416 0.048828 0.048828
0 0.395621 0.207010 0.048828 0.048828
0 0.356725 0.184968 0.048828 0.048828
0 0.312642 0.214789 0.048828 0.048828
0 0.306159 0.152554 0.048828 0.048828
0 0.351539 0.129216 0.048828 0.048828
0 0.376173 0.157740 0.048828 0.048828
0 0.316531 0.105878 0.048828 0.048828
0 0.383952 0.099395 0.048828 0.048828
0 0.303566 0.048830 0.048828 0.048828
0 0.347649 0.064388 0.048828 0.048828
0 0.328200 0.035864 0.048828 0.048828
0 0.245221 0.152554 0.048828 0.048828
0 0.250407 0.107175 0.048828 0.048828
0 0.246517 0.083837 0.048828 0.048828
0 0.180393 0.064388 0.048828 0.048828
0 0.181689 0.035864 0.048828 0.048828
0 0.243924 0.052719 0.048828 0.048828
0 0.238738 0.020305 0.048828 0.048828
0 0.299676 0.505218 0.048828 0.048828
0 0.931100 0.474100 0.048828 0.048828
0 0.985555 0.474100 0.048828 0.048828
0 0.426488 0.122256 0.048828 0.048828
0 0.470320 0.114102 0.048828 0.048828
0 0.511095 0.110024 0.048828 0.048828
0 0.500901 0.159973 0.048828 0.048828
0 0.556966 0.187496 0.048828 0.048828
0 0.582450 0.202786 0.048828 0.048828
0 0.623224 0.182399 0.048828 0.048828
0 0.677251 0.189534 0.048828 0.048828
0 0.710890 0.198709 0.048828 0.048828
0 0.722103 0.169147 0.048828 0.048828
0 0.718025 0.138566 0.048828 0.048828
0 0.647689 0.144682 0.048828 0.048828
0 0.652786 0.110024 0.048828 0.048828
0 0.692541 0.098811 0.048828 0.048828
0 0.747587 0.107985 0.048828 0.048828
0 0.794477 0.080463 0.048828 0.048828
0 0.796516 0.135508 0.048828 0.048828
0 0.806710 0.193612 0.048828 0.048828
0 0.851561 0.195650 0.048828 0.048828
0 0.869910 0.157934 0.048828 0.048828
0 0.912723 0.158953 0.048828 0.048828
0 0.961653 0.166089 0.048828 0.048828
0 0.951459 0.120218 0.048828 0.048828
0 0.916801 0.118179 0.048828 0.048828
0 0.897433 0.084540 0.048828 0.048828
0 0.925975 0.063133 0.048828 0.048828
0 0.974904 0.057017 0.048828 0.048828
0 0.935149 0.028475 0.048828 0.048828
0 0.865833 0.051920 0.048828 0.048828
0 0.853600 0.002991 0.048828 0.048828
0 0.780206 0.030514 0.048828 0.048828
0 0.738412 0.050901 0.048828 0.048828
0 0.654825 0.069250 0.048828 0.048828
0 0.670115 0.030514 0.048828 0.048828
0 0.566140 0.139586 0.048828 0.048828
0 0.597740 0.112063 0.048828 0.048828
0 0.586527 0.075366 0.048828 0.048828
0 0.560024 0.059056 0.048828 0.048828
0 0.496824 0.060075 0.048828 0.048828
0 0.423430 0.067211 0.048828 0.048828
0 0.403042 0.027456 0.048828 0.048828
0 0.449933 0.021340 0.048828 0.048828
0 0.481533 0.005030 0.048828 0.048828
0 0.567160 0.028475 0.048828 0.048828
0 0.369690 0.956420 0.048828 0.048828
0 0.359318 0.820281 0.048828 0.048828
0 0.376173 0.759343 0.048828 0.048828
0 0.352835 0.732115 0.048828 0.048828
0 0.150572 0.817688 0.048828 0.048828
0 0.100006 0.977165 0.048828 0.048828
0 0.046847 0.794350 0.048828 0.048828
0 0.736616 0.791757 0.048828 0.048828
0 0.796258 0.804723 0.048828 0.048828
0 0.861086 0.806019 0.048828 0.048828
0 0.966107 0.857882 0.048828 0.048828
0 0.940176 0.829357 0.048828 0.048828
0 0.879237 0.896778 0.048828 0.048828
0 0.937583 0.926599 0.048828 0.048828
0 0.985555 0.936972 0.048828 0.048828
0 0.909058 0.975868 0.048828 0.048828
0 0.854603 0.942158 0.048828 0.048828
0 0.819596 0.918820 0.048828 0.048828
0 0.771623 0.901964 0.048828 0.048828
0 0.745692 0.903261 0.048828 0.048828
0 0.745692 0.872144 0.048828 0.048828
0 0.750878 0.842323 0.048828 0.048828
0 0.781996 0.841026 0.048828 0.048828
0 0.887017 0.853992 0.048828 0.048828
0 0.841637 0.878626 0.048828 0.048828