0 0.351766 0.224841 0.048828 0.048828
0 0.327220 0.199273 0.048828 0.048828
0 0.302675 0.154272 0.048828 0.048828
0 0.399834 0.151204 0.048828 0.048828
0 0.352789 0.112340 0.048828 0.048828
0 0.323129 0.072454 0.048828 0.048828
0 0.416198 0.112340 0.048828 0.048828
0 0.390630 0.074499 0.048828 0.048828
0 0.370175 0.050976 0.048828 0.048828
0 0.369152 0.008022 0.048828 0.048828
0 0.448926 0.065295 0.048828 0.048828
0 0.424380 0.032567 0.048828 0.048828
0 0.690291 0.250409 0.048828 0.048828
0 0.671882 0.209500 0.048828 0.048828
0 0.704609 0.164500 0.048828 0.048828
0 0.710745 0.119499 0.048828 0.048828
0 0.739382 0.066317 0.048828 0.048828
0 0.769041 0.076545 0.048828 0.048828
0 0.776200 0.120522 0.048828 0.048828
0 0.638131 0.174727 0.048828 0.048828
0 0.590063 0.139954 0.048828 0.048828
0 0.540972 0.106204 0.048828 0.048828
0 0.472449 0.031544 0.048828 0.048828
0 0.533813 0.044840 0.048828 0.048828
0 0.595177 0.057113 0.048828 0.048828
0 0.649381 0.053022 0.048828 0.048828
0 0.699495 0.035635 0.048828 0.048828
0 0.780291 0.016203 0.048828 0.048828
0 0.840633 0.036658 0.048828 0.048828
0 0.882565 0.041772 0.048828 0.048828
0 0.823246 0.093931 0.048828 0.048828
0 0.776200 0.161432 0.048828 0.048828
0 0.751655 0.174727 0.048828 0.048828
0 0.777223 0.219727 0.048828 0.048828
0 0.809951 0.153250 0.048828 0.048828
0 0.864155 0.171659 0.048828 0.048828
0 0.878474 0.214614 0.048828 0.048828
0 0.907110 0.203364 0.048828 0.048828
0 0.941883 0.116431 0.048828 0.048828
0 0.924497 0.086772 0.048828 0.048828
0 0.741427 0.286205 0.048828 0.048828
0 0.524608 0.003931 0.048828 0.048828
0 0.806882 0.272909 0.048828 0.048828
0 0.821201 0.312796 0.048828 0.048828
0 0.887678 0.263705 0.048828 0.048828
0 0.941883 0.253478 0.048828 0.048828
0 0.946997 0.328137 0.048828 0.048828
0 0.997111 0.350637 0.048828 0.048828
0 0.987906 0.179841 0.048828 0.048828
0 0.999156 0.160409 0.048828 0.048828
0 0.978702 0.059158 0.048828 0.048828