0 0.009063 0.194073 0.048828 0.048828
0 0.010082 0.317416 0.048828 0.048828
0 0.088573 0.264409 0.048828 0.048828
0 0.054934 0.350035 0.048828 0.048828
0 0.047798 0.430565 0.048828 0.048828
0 0.013140 0.483572 0.048828 0.048828
0 0.071244 0.469301 0.048828 0.048828
0 0.024353 0.522308 0.048828 0.048828
0 0.087554 0.522308 0.048828 0.048828
0 0.060031 0.596721 0.048828 0.048828
0 0.025372 0.691522 0.048828 0.048828
0 0.086534 0.647689 0.048828 0.048828
0 0.134444 0.645650 0.048828 0.048828
0 0.110999 0.689483 0.048828 0.048828
0 0.172161 0.691522 0.048828 0.048828
0 0.236380 0.697638 0.048828 0.048828
0 0.307736 0.682347 0.048828 0.048828
0 0.286329 0.647689 0.048828 0.048828
0 0.393362 0.580411 0.048828 0.048828
0 0.194587 0.610992 0.048828 0.048828
0 0.157890 0.562063 0.048828 0.048828
0 0.228225 0.531482 0.048828 0.048828
0 0.300600 0.480514 0.048828 0.048828
0 0.340355 0.457068 0.048828 0.048828
0 0.313852 0.433623 0.048828 0.048828
0 0.258806 0.417313 0.048828 0.048828
0 0.148715 0.443817 0.048828 0.048828
0 0.114057 0.375520 0.048828 0.048828
0 0.227206 0.350035 0.048828 0.048828
0 0.334239 0.373481 0.048828 0.048828
0 0.392343 0.371442 0.048828 0.048828
0 0.319968 0.314358 0.048828 0.048828
0 0.294484 0.266448 0.048828 0.048828
0 0.205800 0.279699 0.048828 0.048828
0 0.236380 0.236886 0.048828 0.048828
0 0.263903 0.182860 0.048828 0.048828
0 0.192548 0.198151 0.048828 0.048828
0 0.215993 0.129853 0.048828 0.048828
0 0.184393 0.113544 0.048828 0.048828
0 0.110999 0.104369 0.048828 0.048828
0 0.077360 0.061556 0.048828 0.048828
0 0.141580 0.058498 0.048828 0.048828
0 0.196625 0.052382 0.048828 0.048828
0 0.260845 0.006511 0.048828 0.048828
0 0.029450 0.026898 0.048828 0.048828
0 0.346471 0.621186 0.048828 0.048828
0 0.452485 0.713948 0.048828 0.048828
0 0.388265 0.715986 0.048828 0.048828
0 0.316910 0.573276 0.048828 0.048828
0 0.257787 0.598760 0.048828 0.048828
0 0.335258 0.730257 0.048828 0.048828
0 0.381130 0.759819 0.048828 0.048828
0 0.359723 0.788361 0.048828 0.048828
0 0.394381 0.842387 0.048828 0.048828
0 0.425982 0.917820 0.048828 0.048828
0 0.311813 0.943304 0.048828 0.048828
0 0.336278 0.895394 0.048828 0.048828
0 0.301620 0.844426 0.048828 0.048828
0 0.287348 0.785303 0.048828 0.048828
0 0.246574 0.744528 0.048828 0.048828
0 0.186432 0.756761 0.048828 0.048828
0 0.169103 0.808748 0.048828 0.048828
0 0.229245 0.836271 0.048828 0.048828
0 0.103863 0.743509 0.048828 0.048828
0 0.109980 0.787342 0.048828 0.048828
0 0.077360 0.812826 0.048828 0.048828
0 0.135464 0.846465 0.048828 0.048828
0 0.217013 0.878065 0.048828 0.048828
0 0.256768 0.941265 0.048828 0.048828
0 0.204780 0.943304 0.048828 0.048828
0 0.144638 0.971846 0.048828 0.048828
0 0.071244 0.964711 0.048828 0.048828
0 0.030469 0.989175 0.048828 0.048828
0 0.256768 0.995291 0.048828 0.048828
0 0.229245 0.974904 0.048828 0.048828
0 0.364820 0.983059 0.048828 0.048828
0 0.139541 0.923936 0.048828 0.048828
0 0.084495 0.896413 0.048828 0.048828
0 0.033527 0.942285 0.048828 0.048828
0 0.029450 0.857678 0.048828 0.048828
0 0.028431 0.804671 0.048828 0.048828
0 0.040663 0.750645 0.048828 0.048828
0 0.375014 0.033014 0.048828 0.048828
0 0.310794 0.034033 0.048828 0.048828
0 0.314871 0.067672 0.048828 0.048828
0 0.314871 0.124756 0.048828 0.048828
0 0.381130 0.221596 0.048828 0.048828
0 0.416807 0.258293 0.048828 0.048828
0 0.468795 0.365326 0.048828 0.048828
0 0.533015 0.432604 0.048828 0.048828
0 0.526899 0.477456 0.048828 0.048828
0 0.547286 0.568179 0.048828 0.048828
0 0.413749 0.533521 0.048828 0.048828
0 0.336278 0.536579 0.048828 0.048828
0 0.751158 0.727199 0.048828 0.048828
0 0.738926 0.868891 0.048828 0.048828
0 0.656357 0.923936 0.048828 0.048828
0 0.575828 0.879084 0.048828 0.048828
0 0.627815 0.831174 0.048828 0.048828
0 0.608447 0.603857 0.048828 0.048828