0 0.241721 0.033027 0.048828 0.048828
0 0.283440 0.020756 0.048828 0.048828
0 0.333749 0.028119 0.048828 0.048828
0 0.323933 0.061249 0.048828 0.048828
0 0.289575 0.090698 0.048828 0.048828
0 0.253991 0.105422 0.048828 0.048828
0 0.228223 0.101741 0.048828 0.048828
0 0.127606 0.084562 0.048828 0.048828
0 0.094476 0.075973 0.048828 0.048828
0 0.111655 0.023210 0.048828 0.048828
0 0.153374 0.166774 0.048828 0.048828
0 0.128833 0.234261 0.048828 0.048828
0 0.110428 0.215856 0.048828 0.048828
0 0.079752 0.235488 0.048828 0.048828
0 0.065027 0.267391 0.048828 0.048828
0 0.002448 0.280889 0.048828 0.048828
0 0.014719 0.328743 0.048828 0.048828
0 0.055211 0.316473 0.048828 0.048828
0 0.077298 0.323835 0.048828 0.048828
0 0.133741 0.295613 0.048828 0.048828
0 0.122698 0.371690 0.048828 0.048828
0 0.226996 0.356965 0.048828 0.048828
0 0.083433 0.393776 0.048828 0.048828
0 0.055211 0.361873 0.048828 0.048828
0 0.022081 0.457582 0.048828 0.048828
0 0.033124 0.498075 0.048828 0.048828
0 0.092022 0.464944 0.048828 0.048828
0 0.139877 0.444085 0.048828 0.048828
0 0.174234 0.385187 0.048828 0.048828
0 0.083433 0.511572 0.048828 0.048828
0 0.041714 0.542248 0.048828 0.048828
0 0.006129 0.587648 0.048828 0.048828
0 0.088341 0.553291 0.048828 0.048828
0 0.111655 0.592557 0.048828 0.048828
0 0.078525 0.630595 0.048828 0.048828
0 0.033124 0.633049 0.048828 0.048828
0 0.006129 0.660044 0.048828 0.048828
0 0.022081 0.738574 0.048828 0.048828
0 0.071162 0.723850 0.048828 0.048828
0 0.109201 0.666179 0.048828 0.048828
0 0.046622 0.684584 0.048828 0.048828
0 0.092022 0.776612 0.048828 0.048828
0 0.090795 0.812197 0.048828 0.048828
0 0.035578 0.807288 0.048828 0.048828
0 0.052757 0.852689 0.048828 0.048828
0 0.079752 0.887046 0.048828 0.048828
0 0.007356 0.858824 0.048828 0.048828
0 0.004902 0.972939 0.048828 0.048828
0 0.017173 0.895635 0.048828 0.048828
0 0.071162 0.965576 0.048828 0.048828
0 0.004902 0.785202 0.048828 0.048828