0 0.372112 0.245906 0.048828 0.048828
0 0.370815 0.317217 0.048828 0.048828
0 0.387671 0.382045 0.048828 0.048828
0 0.468057 0.402790 0.048828 0.048828
0 0.444719 0.357410 0.048828 0.048828
0 0.496582 0.357410 0.048828 0.048828
0 0.496582 0.334072 0.048828 0.048828
0 0.521216 0.310734 0.048828 0.048828
0 0.578265 0.383341 0.048828 0.048828
0 0.556223 0.336665 0.048828 0.048828
0 0.575672 0.312031 0.048828 0.048828
0 0.621051 0.345741 0.048828 0.048828
0 0.704031 0.270541 0.048828 0.048828
0 0.643093 0.266651 0.048828 0.048828
0 0.574375 0.279617 0.048828 0.048828
0 0.564003 0.239424 0.048828 0.048828
0 0.561409 0.191451 0.048828 0.048828
0 0.532885 0.217382 0.048828 0.048828
0 0.530292 0.148664 0.048828 0.048828
0 0.518623 0.054016 0.048828 0.048828
0 0.488802 0.020305 0.048828 0.048828
0 0.627534 0.024195 0.048828 0.048828
0 0.597713 0.065685 0.048828 0.048828
0 0.759783 0.002153 0.048828 0.048828
0 0.781824 0.029381 0.048828 0.048828
0 0.784417 0.074761 0.048828 0.048828
0 0.793493 0.105878 0.048828 0.048828
0 0.739038 0.114954 0.048828 0.048828
0 0.679396 0.136995 0.048828 0.048828
0 0.624941 0.111064 0.048828 0.048828
0 0.774045 0.149961 0.048828 0.048828
0 0.802569 0.140885 0.048828 0.048828
0 0.750707 0.201823 0.048828 0.048828
0 0.803866 0.190154 0.048828 0.048828
0 0.815535 0.232941 0.048828 0.048828
0 0.825907 0.261465 0.048828 0.048828
0 0.858321 0.243313 0.048828 0.048828
0 0.820721 0.283506 0.048828 0.048828
0 0.805162 0.315920 0.048828 0.048828
0 0.794790 0.357410 0.048828 0.048828
0 0.793493 0.383341 0.048828 0.048828
0 0.810349 0.418348 0.048828 0.048828
0 0.779231 0.419645 0.048828 0.048828
0 0.784417 0.444280 0.048828 0.048828
0 0.788307 0.471507 0.048828 0.048828
0 0.749410 0.400197 0.048828 0.048828
0 0.754597 0.448169 0.048828 0.048828
0 0.729962 0.465025 0.048828 0.048828
0 0.758486 0.488363 0.048828 0.048828
0 0.709217 0.480583 0.048828 0.048828
0 0.641796 0.471507 0.048828 0.048828
0 0.650872 0.519480 0.048828 0.048828
0 0.701438 0.522073 0.048828 0.048828
0 0.777935 0.520777 0.048828 0.048828
0 0.744224 0.533742 0.048828 0.048828
0 0.768859 0.568749 0.048828 0.048828
0 0.768859 0.602460 0.048828 0.048828
0 0.766266 0.634874 0.048828 0.048828
0 0.767562 0.719150 0.048828 0.048828
0 0.854431 0.711371 0.048828 0.048828
0 0.885549 0.711371 0.048828 0.048828
0 0.938708 0.741191 0.048828 0.048828
0 0.984087 0.796943 0.048828 0.048828
0 0.934818 0.685439 0.048828 0.048828
0 0.956860 0.643950 0.048828 0.048828
0 0.947784 0.597273 0.048828 0.048828
0 0.920556 0.593384 0.048828 0.048828
0 0.927039 0.554487 0.048828 0.048828
0 0.880363 0.594680 0.048828 0.048828
0 0.840169 0.572639 0.048828 0.048828
0 0.825907 0.506514 0.048828 0.048828
0 0.761079 0.772309 0.048828 0.048828
0 0.868694 0.673770 0.048828 0.048828
0 0.902404 0.671177 0.048828 0.048828
0 0.972418 0.550597 0.048828 0.048828
0 0.927039 0.480583 0.048828 0.048828
0 0.980198 0.494845 0.048828 0.048828
0 0.976308 0.426128 0.048828 0.048828
0 0.911480 0.380748 0.048828 0.048828
0 0.842762 0.379452 0.048828 0.048828
0 0.906294 0.328886 0.048828 0.048828
0 0.960749 0.339258 0.048828 0.048828
0 0.990570 0.240720 0.048828 0.048828
0 0.949080 0.194044 0.048828 0.048828
0 0.884252 0.177189 0.048828 0.048828
0 0.893328 0.130513 0.048828 0.048828
0 0.885549 0.095506 0.048828 0.048828
0 0.876473 0.033271 0.048828 0.048828
0 0.875176 0.059202 0.048828 0.048828
0 0.930928 0.034567 0.048828 0.048828
0 0.930928 0.063092 0.048828 0.048828
0 0.958156 0.091616 0.048828 0.048828
0 0.982791 0.139589 0.048828 0.048828
0 0.980198 0.064388 0.048828 0.048828
0 0.981494 0.035864 0.048828 0.048828
0 0.950377 0.817688 0.048828 0.048828
0 0.899811 0.977165 0.048828 0.048828
0 0.846652 0.794350 0.048828 0.048828