0 0.959614 0.133937 0.048828 0.048828
0 0.848250 0.138220 0.048828 0.048828
0 0.781860 0.153211 0.048828 0.048828
0 0.803276 0.193902 0.048828 0.048828
0 0.871808 0.163919 0.048828 0.048828
0 0.843967 0.204610 0.048828 0.048828
0 0.923206 0.208893 0.048828 0.048828
0 0.981030 0.183194 0.048828 0.048828
0 0.760444 0.196044 0.048828 0.048828
0 0.769010 0.157495 0.048828 0.048828
0 0.696196 0.163919 0.048828 0.048828
0 0.636231 0.181052 0.048828 0.048828
0 0.681204 0.213176 0.048828 0.048828
0 0.642656 0.221743 0.048828 0.048828
0 0.569841 0.187477 0.048828 0.048828
0 0.578407 0.249584 0.048828 0.048828
0 0.509876 0.206752 0.048828 0.048828
0 0.424211 0.191760 0.048828 0.048828
0 0.456336 0.251725 0.048828 0.048828
0 0.377096 0.260292 0.048828 0.048828
0 0.379238 0.211035 0.048828 0.048828
0 0.336405 0.238876 0.048828 0.048828
0 0.263591 0.262434 0.048828 0.048828
0 0.214334 0.290274 0.048828 0.048828
0 0.295715 0.322399 0.048828 0.048828
0 0.338547 0.296699 0.048828 0.048828
0 0.385662 0.313832 0.048828 0.048828
0 0.252883 0.345956 0.048828 0.048828
0 0.336405 0.348098 0.048828 0.048828
0 0.289290 0.369514 0.048828 0.048828
0 0.272157 0.393072 0.048828 0.048828
0 0.214334 0.405921 0.048828 0.048828
0 0.177926 0.401638 0.048828 0.048828
0 0.197201 0.365231 0.048828 0.048828
0 0.175785 0.313832 0.048828 0.048828
0 0.132953 0.363089 0.048828 0.048828
0 0.075129 0.393072 0.048828 0.048828
0 0.115820 0.425196 0.048828 0.048828
0 0.180068 0.429479 0.048828 0.048828
0 0.141519 0.450895 0.048828 0.048828
0 0.057996 0.438045 0.048828 0.048828
0 0.032297 0.423054 0.048828 0.048828
0 0.017306 0.498011 0.048828 0.048828
0 0.000789 0.852581 0.048828 0.048828
0 0.023215 0.782245 0.048828 0.048828
0 0.047679 0.750645 0.048828 0.048828
0 0.003847 0.744528 0.048828 0.048828
0 0.035447 0.714967 0.048828 0.048828
0 0.050737 0.654825 0.048828 0.048828
0 0.009963 0.615070 0.048828 0.048828
0 0.048699 0.604876 0.048828 0.048828
0 0.016079 0.574295 0.048828 0.048828
0 0.050737 0.572256 0.048828 0.048828
0 0.080299 0.536579 0.048828 0.048828
0 0.093551 0.615070 0.048828 0.048828
0 0.134325 0.545753 0.048828 0.048828
0 0.142480 0.596721 0.048828 0.048828
0 0.189371 0.588566 0.048828 0.048828
0 0.219951 0.543714 0.048828 0.048828
0 0.168983 0.502940 0.048828 0.048828
0 0.234223 0.502940 0.048828 0.048828
0 0.202622 0.633418 0.048828 0.048828
0 0.242377 0.682347 0.048828 0.048828
0 0.205680 0.681328 0.048828 0.048828
0 0.155732 0.665018 0.048828 0.048828
0 0.114957 0.691522 0.048828 0.048828
0 0.141461 0.717006 0.048828 0.048828
0 0.108841 0.749625 0.048828 0.048828
0 0.203642 0.744528 0.048828 0.048828
0 0.137383 0.786322 0.048828 0.048828
0 0.075202 0.834232 0.048828 0.048828
0 0.108841 0.845445 0.048828 0.048828
0 0.163887 0.816903 0.048828 0.048828
0 0.211797 0.799574 0.048828 0.048828
0 0.050737 0.885200 0.048828 0.048828
0 0.081318 0.894375 0.048828 0.048828
0 0.042583 0.913743 0.048828 0.048828
0 0.070105 0.934130 0.048828 0.048828
0 0.115977 0.944323 0.048828 0.048828
0 0.129228 0.899471 0.048828 0.048828
0 0.178158 0.861755 0.048828 0.048828
0 0.220971 0.860736 0.048828 0.048828
0 0.242377 0.879084 0.048828 0.048828
0 0.229126 0.919859 0.048828 0.048828
0 0.164906 0.950440 0.048828 0.048828
0 0.177138 0.895394 0.048828 0.048828
0 0.229126 0.996311 0.048828 0.048828
0 0.155732 0.995291 0.048828 0.048828
0 0.114957 0.997330 0.048828 0.048828
0 0.070105 0.983059 0.048828 0.048828
0 0.024234 0.970827 0.048828 0.048828
0 0.002827 0.924956 0.048828 0.048828
0 0.991608 0.372461 0.048828 0.048828
0 0.994666 0.462165 0.048828 0.048828
0 0.997725 0.663999 0.048828 0.048828
0 0.944718 0.606915 0.048828 0.048828
0 0.946756 0.505998 0.048828 0.048828
0 0.917195 0.543714 0.048828 0.048828
0 0.936563 0.450952 0.048828 0.048828
0 0.890692 0.495804 0.048828 0.048828
0 0.921272 0.418333 0.048828 0.048828
0 0.937582 0.347997 0.048828 0.048828
0 0.908021 0.325571 0.048828 0.048828
0 0.900885 0.297029 0.048828 0.048828
0 0.852975 0.260332 0.048828 0.048828
0 0.811181 0.268487 0.048828 0.048828
0 0.837685 0.305184 0.048828 0.048828
0 0.866227 0.375520 0.048828 0.048828
0 0.844820 0.355132 0.048828 0.048828
0 0.819336 0.332706 0.048828 0.048828
0 0.865208 0.440759 0.048828 0.048828
0 0.825452 0.458088 0.048828 0.048828
0 0.822394 0.509056 0.048828 0.048828
0 0.827491 0.573276 0.048828 0.048828
0 0.871324 0.598760 0.048828 0.048828
0 0.842782 0.635457 0.048828 0.048828
0 0.785697 0.572256 0.048828 0.048828
0 0.754097 0.529443 0.048828 0.048828
0 0.744923 0.490707 0.048828 0.048828
0 0.840743 0.409158 0.048828 0.048828
0 0.796910 0.406100 0.048828 0.048828
0 0.760213 0.381636 0.048828 0.048828
0 0.750020 0.336784 0.048828 0.048828
0 0.711284 0.367365 0.048828 0.048828
0 0.707206 0.316397 0.048828 0.048828
0 0.797930 0.231789 0.048828 0.048828
0 0.747981 0.254215 0.048828 0.048828
0 0.688858 0.272564 0.048828 0.048828
0 0.653180 0.251157 0.048828 0.048828
0 0.656238 0.289893 0.048828 0.048828
0 0.646045 0.342900 0.048828 0.048828
0 0.605270 0.290912 0.048828 0.048828
0 0.559399 0.316397 0.048828 0.048828
0 0.542070 0.272564 0.048828 0.048828
0 0.515566 0.318435 0.048828 0.048828
0 0.417708 0.334745 0.048828 0.048828
0 0.431979 0.363287 0.048828 0.048828
0 0.448289 0.398965 0.048828 0.048828
0 0.373875 0.388771 0.048828 0.048828
0 0.253590 0.451972 0.048828 0.048828
0 0.307617 0.460127 0.048828 0.048828
0 0.352469 0.451972 0.048828 0.048828
0 0.425863 0.436681 0.048828 0.048828
0 0.286210 0.491727 0.048828 0.048828
0 0.348391 0.494785 0.048828 0.048828
0 0.312713 0.523327 0.048828 0.048828
0 0.261745 0.560024 0.048828 0.048828
0 0.266842 0.609973 0.048828 0.048828
0 0.316791 0.591624 0.048828 0.048828
0 0.361643 0.594682 0.048828 0.048828
0 0.360623 0.553908 0.048828 0.048828
0 0.411592 0.524346 0.048828 0.048828
0 0.423824 0.481533 0.048828 0.048828
0 0.424843 0.579392 0.048828 0.048828
0 0.382030 0.625263 0.048828 0.048828
0 0.388146 0.649728 0.048828 0.048828
0 0.291307 0.648708 0.048828 0.048828
0 0.261745 0.686425 0.048828 0.048828
0 0.587941 0.346977 0.048828 0.048828
0 0.546147 0.358190 0.048828 0.048828
0 0.550225 0.402023 0.048828 0.048828
0 0.589980 0.426488 0.048828 0.048828
0 0.486005 0.404062 0.048828 0.048828
0 0.453385 0.455030 0.048828 0.048828
0 0.498237 0.481533 0.048828 0.048828
0 0.454405 0.499882 0.048828 0.048828
0 0.489063 0.526385 0.048828 0.048828
0 0.474792 0.572256 0.048828 0.048828
0 0.532896 0.561043 0.048828 0.048828
0 0.450327 0.632399 0.048828 0.048828
0 0.525760 0.619147 0.048828 0.048828
0 0.415669 0.665018 0.048828 0.048828
0 0.494160 0.652786 0.048828 0.048828
0 0.483966 0.713948 0.048828 0.048828
0 0.443192 0.698657 0.048828 0.048828
0 0.481927 0.766954 0.048828 0.048828
0 0.424843 0.758800 0.048828 0.048828
0 0.389166 0.736374 0.048828 0.048828
0 0.368778 0.701715 0.048828 0.048828
0 0.321888 0.676231 0.048828 0.048828
0 0.296404 0.728219 0.048828 0.048828
0 0.344314 0.752683 0.048828 0.048828
0 0.335139 0.795497 0.048828 0.048828
0 0.391204 0.804671 0.048828 0.048828
0 0.438095 0.814864 0.048828 0.048828
0 0.258687 0.826077 0.048828 0.048828
0 0.291307 0.836271 0.048828 0.048828
0 0.344314 0.844426 0.048828 0.048828
0 0.378972 0.847484 0.048828 0.048828
0 0.412611 0.866852 0.048828 0.048828
0 0.489063 0.877046 0.048828 0.048828
0 0.516586 0.812826 0.048828 0.048828
0 0.432998 0.911704 0.048828 0.048828
0 0.381011 0.892336 0.048828 0.048828
0 0.308636 0.889278 0.048828 0.048828
0 0.299462 0.940246 0.048828 0.048828
0 0.357565 0.935149 0.048828 0.048828
0 0.409553 0.957575 0.048828 0.048828
0 0.471734 0.988156 0.048828 0.048828
0 0.356546 0.989175 0.048828 0.048828
0 0.312713 0.982040 0.048828 0.048828
0 0.264803 0.955536 0.048828 0.048828
0 0.764291 0.983059 0.048828 0.048828
0 0.667451 0.961653 0.048828 0.048828
0 0.601193 0.969807 0.048828 0.048828
0 0.508431 0.955536 0.048828 0.048828
0 0.547167 0.920878 0.048828 0.048828
0 0.519644 0.889278 0.048828 0.048828
0 0.601193 0.876026 0.048828 0.048828
0 0.658277 0.894375 0.048828 0.048828
0 0.736768 0.908646 0.048828 0.048828
0 0.788755 0.900491 0.048828 0.048828
0 0.776523 0.849523 0.048828 0.048828
0 0.717400 0.807729 0.048828 0.048828
0 0.778562 0.792438 0.048828 0.048828
0 0.651142 0.820981 0.048828 0.048828
0 0.592019 0.815884 0.048828 0.048828
0 0.565515 0.782245 0.048828 0.048828
0 0.607309 0.752683 0.048828 0.048828
0 0.661335 0.770013 0.048828 0.048828
0 0.776523 0.746567 0.048828 0.048828
0 0.713323 0.735354 0.048828 0.048828
0 0.578767 0.727199 0.048828 0.048828
0 0.646045 0.697638 0.048828 0.048828
0 0.726574 0.687444 0.048828 0.048828
0 0.775504 0.662980 0.048828 0.048828
0 0.711284 0.633418 0.048828 0.048828
0 0.706187 0.594682 0.048828 0.048828
0 0.595077 0.663999 0.048828 0.048828
0 0.539012 0.665018 0.048828 0.048828
0 0.593038 0.622205 0.048828 0.048828
0 0.606290 0.556966 0.048828 0.048828
0 0.638909 0.573276 0.048828 0.048828
0 0.690897 0.556966 0.048828 0.048828
0 0.645025 0.528424 0.048828 0.048828
0 0.603232 0.511095 0.048828 0.048828
0 0.590999 0.470320 0.048828 0.048828
0 0.630754 0.481533 0.048828 0.048828
0 0.690897 0.480514 0.048828 0.048828
0 0.711284 0.431584 0.048828 0.048828
0 0.883556 0.678270 0.048828 0.048828
0 0.836665 0.706812 0.048828 0.048828
0 0.869285 0.718025 0.048828 0.048828
0 0.923311 0.719044 0.048828 0.048828
0 0.958989 0.763896 0.048828 0.048828
0 0.912098 0.758800 0.048828 0.048828
0 0.862149 0.771032 0.048828 0.048828
0 0.852975 0.846465 0.048828 0.048828
0 0.938602 0.810787 0.048828 0.048828
0 0.955931 0.856658 0.048828 0.048828
0 0.999763 0.870929 0.048828 0.048828
0 0.915156 0.881123 0.048828 0.048828
0 0.865208 0.894375 0.048828 0.048828
0 0.836665 0.965730 0.048828 0.048828
0 0.882537 0.947381 0.048828 0.048828
0 0.955931 0.949420 0.048828 0.048828