0 0.243196 0.965130 0.048828 0.048828
0 0.303327 0.932331 0.048828 0.048828
0 0.302233 0.902812 0.048828 0.048828
0 0.300047 0.859080 0.048828 0.048828
0 0.290207 0.830655 0.048828 0.048828
0 0.271621 0.942170 0.048828 0.048828
0 0.272715 0.886413 0.048828 0.048828
0 0.268341 0.852520 0.048828 0.048828
0 0.269435 0.797856 0.048828 0.048828
0 0.260688 0.757404 0.048828 0.048828
0 0.268341 0.712579 0.048828 0.048828
0 0.277088 0.657915 0.048828 0.048828
0 0.233356 0.716952 0.048828 0.048828
0 0.226796 0.780363 0.048828 0.048828
0 0.228983 0.827375 0.048828 0.048828
0 0.235543 0.870013 0.048828 0.048828
0 0.453108 0.873293 0.048828 0.048828
0 0.246476 0.910465 0.048828 0.048828
0 0.216957 0.939984 0.048828 0.048828
0 0.196184 0.894066 0.048828 0.048828
0 0.204930 0.854707 0.048828 0.048828
0 0.185251 0.813162 0.048828 0.048828
0 0.173225 0.923584 0.048828 0.048828
0 0.127307 0.944357 0.048828 0.048828
0 0.104348 0.923584 0.048828 0.048828
0 0.095601 0.866733 0.048828 0.048828
0 0.124027 0.874386 0.048828 0.048828
0 0.124027 0.825188 0.048828 0.048828
0 0.126213 0.790203 0.048828 0.048828
0 0.110907 0.770524 0.048828 0.048828
0 0.144799 0.749751 0.048828 0.048828
0 0.109814 0.676501 0.048828 0.048828
0 0.125120 0.643702 0.048828 0.048828
0 0.115281 0.590130 0.048828 0.048828
0 0.166665 0.599970 0.048828 0.048828
0 0.313166 0.633862 0.048828 0.048828
0 0.391883 0.592317 0.048828 0.048828
0 0.360178 0.563891 0.048828 0.048828
0 0.329566 0.527813 0.048828 0.048828
0 0.265061 0.548585 0.048828 0.048828
0 0.280368 0.521253 0.048828 0.048828
0 0.250849 0.496107 0.048828 0.048828
0 0.269435 0.476428 0.048828 0.048828
0 0.231169 0.449096 0.048828 0.048828
0 0.256315 0.432696 0.048828 0.048828
0 0.239916 0.403178 0.048828 0.048828
0 0.199464 0.416297 0.048828 0.048828
0 0.190718 0.449096 0.048828 0.048828
0 0.136053 0.427230 0.048828 0.048828
0 0.150266 0.454562 0.048828 0.048828
0 0.151359 0.495014 0.048828 0.048828
0 0.101068 0.491734 0.048828 0.048828
0 0.096695 0.426137 0.048828 0.048828
0 0.027817 0.617463 0.048828 0.048828
0 0.050776 0.668847 0.048828 0.048828
0 0.000485 0.763964 0.048828 0.048828
0 0.026724 0.797856 0.048828 0.048828
0 0.024537 0.839401 0.048828 0.048828
0 0.067176 0.879853 0.048828 0.048828
0 0.594142 0.958570 0.048828 0.048828
0 0.567903 0.932331 0.048828 0.048828
0 0.539478 0.874386 0.048828 0.048828
0 0.525265 0.838308 0.048828 0.048828
0 0.519798 0.801136 0.048828 0.048828
0 0.495746 0.801136 0.048828 0.048828
0 0.500119 0.755218 0.048828 0.048828
0 0.578836 0.772710 0.048828 0.048828
0 0.574463 0.842681 0.048828 0.048828
0 0.621475 0.892972 0.048828 0.048828
0 0.620381 0.929051 0.048828 0.048828
0 0.626941 0.957477 0.048828 0.048828
0 0.687072 0.978249 0.048828 0.048828
0 0.700192 0.938891 0.048828 0.048828
0 0.661926 0.912652 0.048828 0.048828
0 0.680512 0.875480 0.048828 0.048828
0 0.647714 0.849241 0.048828 0.048828
0 0.614915 0.818628 0.048828 0.048828
0 0.677232 0.806602 0.048828 0.048828
0 0.637874 0.766150 0.048828 0.048828
0 0.688165 0.762871 0.048828 0.048828
0 0.668486 0.711486 0.048828 0.048828
0 0.734084 0.714766 0.048828 0.048828
0 0.692539 0.674314 0.048828 0.048828
0 0.752670 0.684154 0.048828 0.048828
0 0.754856 0.630582 0.048828 0.048828
0 0.722057 0.645888 0.048828 0.048828
0 0.684886 0.621836 0.048828 0.048828
0 0.640061 0.641515 0.048828 0.048828
0 0.735177 0.979342 0.048828 0.048828
0 0.757043 0.921398 0.048828 0.048828
0 0.728617 0.890786 0.048828 0.048828
0 0.739550 0.848147 0.048828 0.048828
0 0.750483 0.781457 0.048828 0.048828
0 0.764696 0.731165 0.048828 0.048828
0 0.800774 0.779270 0.048828 0.048828
0 0.793121 0.823002 0.048828 0.048828
0 0.790935 0.872200 0.048828 0.048828
0 0.790935 0.956383 0.048828 0.048828
0 0.905780 0.981303 0.048828 0.048828
0 0.866514 0.970260 0.048828 0.048828
0 0.829703 0.950627 0.048828 0.048828
0 0.932774 0.945719 0.048828 0.048828
0 0.891055 0.942038 0.048828 0.048828
0 0.843201 0.900319 0.048828 0.048828
0 0.810070 0.907681 0.048828 0.048828
0 0.822341 0.870870 0.048828 0.048828
0 0.877558 0.869643 0.048828 0.048828
0 0.935228 0.904000 0.048828 0.048828
0 0.884920 0.838967 0.048828 0.048828
0 0.840746 0.816880 0.048828 0.048828
0 0.837065 0.783750 0.048828 0.048828
0 0.861606 0.765344 0.048828 0.048828
0 0.827249 0.737122 0.048828 0.048828
0 0.867741 0.718717 0.048828 0.048828
0 0.924185 0.764117 0.048828 0.048828
0 0.893509 0.803382 0.048828 0.048828
0 0.942591 0.730987 0.048828 0.048828
0 0.911915 0.717490 0.048828 0.048828
0 0.824795 0.689268 0.048828 0.048828
0 0.801481 0.656138 0.048828 0.048828
0 0.834611 0.651230 0.048828 0.048828
0 0.893509 0.631597 0.048828 0.048828
0 0.261584 0.375146 0.048828 0.048828
0 0.245633 0.342016 0.048828 0.048828
0 0.244406 0.296615 0.048828 0.048828
0 0.192870 0.384962 0.048828 0.048828
0 0.120475 0.397233 0.048828 0.048828
0 0.079982 0.397233 0.048828 0.048828
0 0.078755 0.370238 0.048828 0.048828
0 0.068939 0.330972 0.048828 0.048828
0 0.088572 0.337108 0.048828 0.048828
0 0.108204 0.308886 0.048828 0.048828
0 0.154832 0.357967 0.048828 0.048828
0 0.152378 0.311340 0.048828 0.048828
0 0.137653 0.267166 0.048828 0.048828
0 0.192870 0.279437 0.048828 0.048828
0 0.192870 0.214404 0.048828 0.048828
0 0.184281 0.178820 0.048828 0.048828
0 0.179372 0.126057 0.048828 0.048828
0 0.191643 0.085565 0.048828 0.048828
0 0.180599 0.056116 0.048828 0.048828
0 0.180599 0.016850 0.048828 0.048828
0 0.109431 0.069613 0.048828 0.048828
0 0.124156 0.108878 0.048828 0.048828
0 0.108204 0.224220 0.048828 0.048828
0 0.099615 0.200906 0.048828 0.048828
0 0.095934 0.151825 0.048828 0.048828
0 0.050533 0.062251 0.048828 0.048828
0 0.034582 0.020532 0.048828 0.048828
0 0.001452 0.037710 0.048828 0.048828
0 0.017403 0.076975 0.048828 0.048828
0 0.023538 0.122376 0.048828 0.048828
0 0.030901 0.160414 0.048828 0.048828
0 0.039490 0.205814 0.048828 0.048828
0 0.050533 0.269621 0.048828 0.048828
0 0.002679 0.252442 0.048828 0.048828
0 0.516248 0.572039 0.048828 0.048828
0 0.500474 0.516828 0.048828 0.048828
0 0.541037 0.516828 0.048828 0.048828
0 0.628924 0.497673 0.048828 0.048828
0 0.660473 0.514574 0.048828 0.048828
0 0.675121 0.558518 0.048828 0.048828
0 0.729205 0.567532 0.048828 0.048828
0 0.715684 0.512321 0.048828 0.048828
0 0.750614 0.530349 0.048828 0.048828
0 0.782163 0.540490 0.048828 0.048828
0 0.774276 0.502180 0.048828 0.048828
0 0.806952 0.498800 0.048828 0.048828
0 0.854275 0.526969 0.048828 0.048828
0 0.894839 0.494293 0.048828 0.048828
0 0.982726 0.467250 0.048828 0.048828
0 0.953430 0.498800 0.048828 0.048828
0 0.946670 0.546123 0.048828 0.048828
0 0.966951 0.594574 0.048828 0.048828
0 0.975965 0.654292 0.048828 0.048828
0 0.880191 0.574292 0.048828 0.048828
0 0.969205 0.433448 0.048828 0.048828
0 0.995120 0.365842 0.048828 0.048828
0 0.980472 0.281335 0.048828 0.048828
0 0.955684 0.309504 0.048828 0.048828
0 0.917374 0.312885 0.048828 0.048828
0 0.927515 0.339927 0.048828 0.048828
0 0.875684 0.336547 0.048828 0.048828
0 0.912867 0.388377 0.048828 0.048828
0 0.906106 0.430067 0.048828 0.048828
0 0.850895 0.425560 0.048828 0.048828
0 0.814839 0.451476 0.048828 0.048828
0 0.767515 0.455983 0.048828 0.048828
0 0.732586 0.441335 0.048828 0.048828
0 0.738219 0.481898 0.048828 0.048828
0 0.698783 0.471757 0.048828 0.048828
0 0.658220 0.434574 0.048828 0.048828
0 0.622163 0.449222 0.048828 0.048828
0 0.570333 0.462743 0.048828 0.048828
0 0.480192 0.461617 0.048828 0.048828
0 0.445262 0.468377 0.048828 0.048828
0 0.441882 0.432321 0.048828 0.048828
0 0.465544 0.395138 0.048828 0.048828
0 0.458784 0.361335 0.048828 0.048828
0 0.430615 0.315138 0.048828 0.048828
0 0.390051 0.294857 0.048828 0.048828
0 0.397939 0.254293 0.048828 0.048828
0 0.489206 0.320772 0.048828 0.048828
0 0.458784 0.261054 0.048828 0.048828
0 0.426108 0.205843 0.048828 0.048828
0 0.467798 0.226124 0.048828 0.048828
0 0.507234 0.208096 0.048828 0.048828
0 0.553431 0.254293 0.048828 0.048828
0 0.543290 0.317392 0.048828 0.048828
0 0.571459 0.328659 0.048828 0.048828
0 0.591741 0.289223 0.048828 0.048828
0 0.546671 0.363589 0.048828 0.048828
0 0.584980 0.361335 0.048828 0.048828
0 0.568079 0.386124 0.048828 0.048828
0 0.608642 0.415420 0.048828 0.048828
0 0.651459 0.398518 0.048828 0.048828
0 0.637938 0.336547 0.048828 0.048828
0 0.698783 0.362462 0.048828 0.048828
0 0.787797 0.410913 0.048828 0.048828
0 0.769769 0.365842 0.048828 0.048828
0 0.824980 0.375983 0.048828 0.048828
0 0.728079 0.387251 0.048828 0.048828
0 0.837374 0.351194 0.048828 0.048828
0 0.832867 0.319645 0.048828 0.048828
0 0.776529 0.336547 0.048828 0.048828
0 0.794557 0.302744 0.048828 0.048828
0 0.729205 0.318518 0.048828 0.048828
0 0.747233 0.286969 0.048828 0.048828
0 0.792304 0.250913 0.048828 0.048828
0 0.837374 0.247533 0.048828 0.048828
0 0.828360 0.218237 0.048828 0.048828
0 0.811459 0.182181 0.048828 0.048828
0 0.845261 0.175420 0.048828 0.048828
0 0.898219 0.212603 0.048828 0.048828
0 0.900473 0.263307 0.048828 0.048828
0 0.962444 0.240772 0.048828 0.048828
0 0.980472 0.188941 0.048828 0.048828
0 0.934275 0.161899 0.048828 0.048828
0 0.992867 0.102181 0.048828 0.048828
0 0.941036 0.105561 0.048828 0.048828
0 0.883571 0.115702 0.048828 0.048828
0 0.823853 0.114575 0.048828 0.048828
0 0.768642 0.117956 0.048828 0.048828
0 0.722445 0.105561 0.048828 0.048828
0 0.730332 0.152885 0.048828 0.048828
0 0.758501 0.194575 0.048828 0.048828
0 0.660473 0.294857 0.048828 0.048828
0 0.655966 0.255420 0.048828 0.048828
0 0.715684 0.238519 0.048828 0.048828
0 0.717938 0.186688 0.048828 0.048828
0 0.652586 0.202462 0.048828 0.048828
0 0.596248 0.223871 0.048828 0.048828
0 0.570333 0.159646 0.048828 0.048828
0 0.609769 0.147251 0.048828 0.048828
0 0.653713 0.150632 0.048828 0.048828
0 0.693149 0.160772 0.048828 0.048828
0 0.689769 0.110068 0.048828 0.048828
0 0.694276 0.068378 0.048828 0.048828
0 0.747233 0.062744 0.048828 0.048828
0 0.720191 0.021054 0.048828 0.048828
0 0.792304 0.071759 0.048828 0.048828
0 0.767515 0.007533 0.048828 0.048828
0 0.809205 0.022181 0.048828 0.048828
0 0.829487 0.069505 0.048828 0.048828
0 0.873430 0.030068 0.048828 0.048828
0 0.891458 0.071759 0.048828 0.048828
0 0.942163 0.054857 0.048828 0.048828
0 0.988360 0.055984 0.048828 0.048828
0 0.681882 0.004153 0.048828 0.048828
0 0.578220 0.016547 0.048828 0.048828
0 0.639065 0.010914 0.048828 0.048828
0 0.660473 0.048097 0.048828 0.048828
0 0.605262 0.055984 0.048828 0.048828
0 0.625544 0.095420 0.048828 0.048828
0 0.579347 0.097674 0.048828 0.048828
0 0.526389 0.036829 0.048828 0.048828
0 0.539910 0.139364 0.048828 0.048828
0 0.501600 0.103308 0.048828 0.048828
0 0.483572 0.054857 0.048828 0.048828
0 0.481319 0.004153 0.048828 0.048828
0 0.420474 0.018801 0.048828 0.048828
0 0.436248 0.045843 0.048828 0.048828
0 0.452023 0.096547 0.048828 0.048828
0 0.404699 0.098801 0.048828 0.048828
0 0.366389 0.191195 0.048828 0.048828
0 0.385544 0.151758 0.048828 0.048828
0 0.347235 0.124716 0.048828 0.048828
0 0.358502 0.078519 0.048828 0.048828
0 0.378784 0.027815 0.048828 0.048828
0 0.288643 0.044716 0.048828 0.048828
0 0.315685 0.007533 0.048828 0.048828
0 0.097788 0.977156 0.048828 0.048828
0 0.084890 0.007034 0.048828 0.048828
0 0.317939 0.094294 0.048828 0.048828
0 0.321319 0.185561 0.048828 0.048828
0 0.228925 0.241899 0.048828 0.048828