0 0.670633 0.962117 0.048828 0.048828
0 0.644530 0.898868 0.048828 0.048828
0 0.608388 0.781407 0.048828 0.048828
0 0.586302 0.760325 0.048828 0.048828
0 0.570238 0.752293 0.048828 0.048828
0 0.598349 0.712135 0.048828 0.048828
0 0.564215 0.663946 0.048828 0.048828
0 0.560199 0.599694 0.048828 0.048828
0 0.547148 0.546485 0.048828 0.048828
0 0.703763 0.594674 0.048828 0.048828
0 0.701755 0.555521 0.048828 0.048828
0 0.796125 0.957097 0.048828 0.048828
0 0.832267 0.926979 0.048828 0.048828
0 0.836283 0.978180 0.048828 0.048828
0 0.961775 0.979184 0.048828 0.048828
0 0.975831 0.952077 0.048828 0.048828
0 0.968803 0.876782 0.048828 0.048828
0 0.996913 0.848671 0.048828 0.048828
0 0.939689 0.821565 0.048828 0.048828
0 0.990890 0.743258 0.048828 0.048828
0 0.975831 0.674990 0.048828 0.048828
0 0.925634 0.692057 0.048828 0.048828
0 0.905555 0.639852 0.048828 0.048828
0 0.943705 0.623789 0.048828 0.048828
0 0.907563 0.597686 0.048828 0.048828
0 0.935673 0.574595 0.048828 0.048828
0 0.972819 0.605718 0.048828 0.048828
0 0.987878 0.540461 0.048828 0.048828
0 0.943705 0.470186 0.048828 0.048828
0 0.864393 0.511347 0.048828 0.048828
0 0.880456 0.536446 0.048828 0.048828
0 0.858370 0.566564 0.048828 0.048828
0 0.855358 0.589655 0.048828 0.048828
0 0.864393 0.637844 0.048828 0.048828
0 0.839295 0.694064 0.048828 0.048828
0 0.814196 0.683021 0.048828 0.048828
0 0.809176 0.609733 0.048828 0.048828
0 0.859374 0.738238 0.048828 0.048828
0 0.821224 0.734222 0.048828 0.048828
0 0.786086 0.742254 0.048828 0.048828
0 0.811184 0.776388 0.048828 0.048828
0 0.836283 0.809518 0.048828 0.048828
0 0.925634 0.781407 0.048828 0.048828
0 0.989886 0.463158 0.048828 0.048828
0 0.811184 0.433040 0.048828 0.048828
0 0.866401 0.389870 0.048828 0.048828
0 0.837287 0.352725 0.048828 0.048828
0 0.871421 0.300520 0.048828 0.048828
0 0.871421 0.253334 0.048828 0.048828
0 0.910574 0.085676 0.048828 0.048828