0 0.857096 0.923821 0.048828 0.048828
0 0.873103 0.768118 0.048828 0.048828
0 0.997325 0.907427 0.048828 0.048828
0 0.968171 0.874628 0.048828 0.048828
0 0.946305 0.827252 0.048828 0.048828
0 0.946305 0.753151 0.048828 0.048828
0 0.994895 0.721567 0.048828 0.048828
0 0.953593 0.685124 0.048828 0.048828
0 0.917150 0.711849 0.048828 0.048828
0 0.911076 0.682695 0.048828 0.048828
0 0.912291 0.621956 0.048828 0.048828
0 0.857627 0.601305 0.048828 0.048828
0 0.807821 0.626815 0.048828 0.048828
0 0.873419 0.567292 0.048828 0.048828
0 0.906217 0.561218 0.048828 0.048828
0 0.925654 0.539352 0.048828 0.048828
0 0.841835 0.527204 0.048828 0.048828
0 0.894070 0.506553 0.048828 0.048828
0 0.969385 0.611023 0.048828 0.048828
0 0.997325 0.510198 0.048828 0.048828
0 0.923224 0.496835 0.048828 0.048828
0 0.949949 0.552715 0.048828 0.048828
0 0.974827 0.461486 0.048828 0.048828
0 0.971815 0.429360 0.048828 0.048828
0 0.906559 0.431368 0.048828 0.048828
0 0.924630 0.406270 0.048828 0.048828
0 0.822228 0.491605 0.048828 0.048828
0 0.859374 0.433376 0.048828 0.048828
0 0.893507 0.382175 0.048828 0.048828
0 0.904551 0.346033 0.048828 0.048828
0 0.967799 0.354065 0.048828 0.048828
0 0.841303 0.391211 0.048828 0.048828
0 0.808173 0.405266 0.048828 0.048828
0 0.789098 0.361092 0.048828 0.048828
0 0.813192 0.347037 0.048828 0.048828
0 0.789098 0.310895 0.048828 0.048828
0 0.799137 0.279773 0.048828 0.048828
0 0.841303 0.279773 0.048828 0.048828
0 0.857366 0.347037 0.048828 0.048828
0 0.895515 0.290816 0.048828 0.048828
0 0.909571 0.260698 0.048828 0.048828
0 0.953744 0.254675 0.048828 0.048828
0 0.942701 0.295836 0.048828 0.048828
0 0.975831 0.298848 0.048828 0.048828
0 0.992898 0.221545 0.048828 0.048828
0 0.696735 0.242627 0.048828 0.048828
0 0.682680 0.202470 0.048828 0.048828
0 0.670633 0.162312 0.048828 0.048828
0 0.644530 0.099064 0.048828 0.048828
0 0.816204 0.203474 0.048828 0.048828
0 0.796125 0.157292 0.048828 0.048828
0 0.832267 0.127174 0.048828 0.048828
0 0.836283 0.178375 0.048828 0.048828
0 0.961775 0.179379 0.048828 0.048828
0 0.975831 0.152273 0.048828 0.048828
0 0.968803 0.076977 0.048828 0.048828
0 0.996913 0.048867 0.048828 0.048828
0 0.939689 0.021760 0.048828 0.048828
0 0.836283 0.009713 0.048828 0.048828
0 0.778517 0.791401 0.048828 0.048828
0 0.702848 0.784125 0.048828 0.048828
0 0.673744 0.693904 0.048828 0.048828