0 0.647715 0.575091 0.048828 0.048828
0 0.592418 0.561994 0.048828 0.048828
0 0.618611 0.503788 0.048828 0.048828
0 0.572046 0.518339 0.048828 0.048828
0 0.576411 0.636208 0.048828 0.048828
0 0.531301 0.644939 0.048828 0.048828
0 0.531301 0.595463 0.048828 0.048828
0 0.459998 0.588187 0.048828 0.048828
0 0.487646 0.547443 0.048828 0.048828
0 0.452722 0.540167 0.048828 0.048828
0 0.433805 0.628932 0.048828 0.048828
0 0.395970 0.589643 0.048828 0.048828
0 0.359591 0.566360 0.048828 0.048828
0 0.334853 0.631843 0.048828 0.048828
0 0.343584 0.684229 0.048828 0.048828
0 0.291198 0.672587 0.048828 0.048828
0 0.262094 0.618746 0.048828 0.048828
0 0.299929 0.583822 0.048828 0.048828
0 0.323211 0.538712 0.048828 0.048828
0 0.205343 0.650760 0.048828 0.048828
0 0.173329 0.614381 0.048828 0.048828
0 0.241722 0.551808 0.048828 0.048828
0 0.196612 0.548898 0.048828 0.048828
0 0.166053 0.698780 0.048828 0.048828
0 0.241722 0.739525 0.048828 0.048828
0 0.186425 0.743891 0.048828 0.048828
0 0.134039 0.767174 0.048828 0.048828
0 0.128219 0.726429 0.048828 0.048828
0 0.036543 0.786091 0.048828 0.048828
0 0.033632 0.752622 0.048828 0.048828
0 0.053214 0.664637 0.048828 0.048828
0 0.019080 0.603397 0.048828 0.048828
0 0.067269 0.704795 0.048828 0.048828
0 0.073293 0.561231 0.048828 0.048828
0 0.016068 0.506015 0.048828 0.048828
0 0.057230 0.498987 0.048828 0.048828
0 0.132525 0.505011 0.048828 0.048828
0 0.341345 0.478908 0.048828 0.048828
0 0.231915 0.507019 0.048828 0.048828
0 0.221876 0.465857 0.048828 0.048828
0 0.170675 0.435739 0.048828 0.048828
0 0.213844 0.401605 0.048828 0.048828
0 0.103411 0.451802 0.048828 0.048828
0 0.022092 0.428711 0.048828 0.048828
0 0.007033 0.338357 0.048828 0.048828
0 0.066265 0.351408 0.048828 0.048828
0 0.199789 0.372490 0.048828 0.048828
0 0.248982 0.377510 0.048828 0.048828
0 0.183726 0.324301 0.048828 0.048828
0 0.131521 0.281132 0.048828 0.048828
0 0.155616 0.266073 0.048828 0.048828
0 0.142565 0.202824 0.048828 0.048828
0 0.102407 0.165679 0.048828 0.048828
0 0.096383 0.112470 0.048828 0.048828
0 0.075301 0.036170 0.048828 0.048828
0 0.063253 0.084359 0.048828 0.048828
0 0.029119 0.028139 0.048828 0.048828
0 0.001009 0.068296 0.048828 0.048828
0 0.000005 0.104438 0.048828 0.048828
0 0.008036 0.199813 0.048828 0.048828
0 0.023096 0.249006 0.048828 0.048828
0 0.046186 0.300207 0.048828 0.048828
0 0.454790 0.494971 0.048828 0.048828
0 0.428688 0.438751 0.048828 0.048828
0 0.485912 0.411644 0.048828 0.048828
0 0.417644 0.381526 0.048828 0.048828
0 0.389534 0.332333 0.048828 0.048828
0 0.341345 0.354420 0.048828 0.048828
0 0.371463 0.284144 0.048828 0.048828
0 0.311227 0.303219 0.048828 0.048828
0 0.349376 0.242982 0.048828 0.048828
0 0.404593 0.236958 0.048828 0.048828
0 0.439731 0.192785 0.048828 0.048828
0 0.520046 0.139576 0.048828 0.048828
0 0.523058 0.015087 0.048828 0.048828
0 0.485912 0.003040 0.048828 0.048828
0 0.426680 0.057253 0.048828 0.048828
0 0.470853 0.051229 0.048828 0.048828
0 0.348372 0.080344 0.048828 0.048828
0 0.298175 0.160659 0.048828 0.048828
0 0.223884 0.100422 0.048828 0.048828
0 0.208825 0.055245 0.048828 0.048828
0 0.186738 0.012076 0.048828 0.048828
0 0.358412 0.013080 0.048828 0.048828
0 0.172683 0.153631 0.048828 0.048828
0 0.205813 0.159655 0.048828 0.048828
0 0.317250 0.154635 0.048828 0.048828
0 0.413629 0.148612 0.048828 0.048828
0 0.438727 0.101426 0.048828 0.048828
0 0.537113 0.058257 0.048828 0.048828
0 0.598354 0.055245 0.048828 0.048828
0 0.636504 0.075324 0.048828 0.048828
0 0.656582 0.132549 0.048828 0.048828
0 0.573255 0.189773 0.048828 0.048828
0 0.532094 0.239970 0.048828 0.048828
0 0.515027 0.285148 0.048828 0.048828
0 0.461818 0.327313 0.048828 0.048828
0 0.463826 0.371487 0.048828 0.048828
0 0.526070 0.365463 0.048828 0.048828
0 0.555184 0.436743 0.048828 0.048828
0 0.585303 0.464853 0.048828 0.048828
0 0.608393 0.429715 0.048828 0.048828
0 0.641523 0.425699 0.048828 0.048828
0 0.698748 0.380522 0.048828 0.048828
0 0.722842 0.383534 0.048828 0.048828
0 0.800146 0.406624 0.048828 0.048828
0 0.793118 0.377510 0.048828 0.048828
0 0.772036 0.345384 0.048828 0.048828
0 0.751957 0.316270 0.048828 0.048828
0 0.716819 0.233947 0.048828 0.048828
0 0.708787 0.124517 0.048828 0.048828
0 0.772036 0.147608 0.048828 0.048828
0 0.753965 0.079340 0.048828 0.048828
0 0.711799 0.036170 0.048828 0.048828