0 0.288663 0.594249 0.048828 0.048828
0 0.314857 0.569512 0.048828 0.048828
0 0.317767 0.610256 0.048828 0.048828
0 0.357057 0.610256 0.048828 0.048828
0 0.362877 0.572422 0.048828 0.048828
0 0.460374 0.605891 0.048828 0.048828
0 0.403622 0.549139 0.048828 0.048828
0 0.429815 0.547684 0.048828 0.048828
0 0.463284 0.547684 0.048828 0.048828
0 0.534587 0.546229 0.048828 0.048828
0 0.479291 0.633539 0.048828 0.048828
0 0.572422 0.630629 0.048828 0.048828
0 0.629174 0.597160 0.048828 0.048828
0 0.597160 0.560781 0.048828 0.048828
0 0.621898 0.517125 0.048828 0.048828
0 0.776146 0.527312 0.048828 0.048828
0 0.834353 0.518581 0.048828 0.048828
0 0.899835 0.509850 0.048828 0.048828
0 0.950766 0.502574 0.048828 0.048828
0 0.992966 0.482201 0.048828 0.048828
0 0.828588 0.959100 0.048828 0.048828
0 0.781402 0.974159 0.048828 0.048828
0 0.879789 0.960104 0.048828 0.048828
0 0.855694 0.909907 0.048828 0.048828
0 0.913923 0.909907 0.048828 0.048828
0 0.941029 0.980183 0.048828 0.048828
0 0.974159 0.955084 0.048828 0.048828
0 0.966128 0.872761 0.048828 0.048828
0 0.851678 0.870753 0.048828 0.048828
0 0.789434 0.910911 0.048828 0.048828
0 0.974159 0.601697 0.048828 0.048828
0 0.988214 0.698075 0.048828 0.048828
0 0.909907 0.756304 0.048828 0.048828
0 0.935005 0.701087 0.048828 0.048828
0 0.898863 0.695063 0.048828 0.048828
0 0.956088 0.647878 0.048828 0.048828
0 0.914927 0.657918 0.048828 0.048828
0 0.923962 0.609728 0.048828 0.048828
0 0.872761 0.599689 0.048828 0.048828
0 0.866737 0.661933 0.048828 0.048828
0 0.999258 0.528409 0.048828 0.048828
0 0.923962 0.536441 0.048828 0.048828
0 0.882800 0.548488 0.048828 0.048828
0 0.827584 0.586638 0.048828 0.048828
0 0.794454 0.569571 0.048828 0.048828
0 0.745261 0.587642 0.048828 0.048828
0 0.802485 0.648882 0.048828 0.048828
0 0.807505 0.700083 0.048828 0.048828
0 0.859710 0.719158 0.048828 0.048828
0 0.870753 0.768351 0.048828 0.048828
0 0.821560 0.769355 0.048828 0.048828
0 0.959100 0.808509 0.048828 0.048828
0 0.877781 0.802485 0.048828 0.048828
0 0.904887 0.855694 0.048828 0.048828
0 0.776383 0.857702 0.048828 0.048828
0 0.752288 0.770359 0.048828 0.048828
0 0.668961 0.629807 0.048828 0.048828
0 0.654906 0.676993 0.048828 0.048828
0 0.708115 0.707111 0.048828 0.048828
0 0.666953 0.761324 0.048828 0.048828
0 0.715142 0.818548 0.048828 0.048828
0 0.717150 0.899867 0.048828 0.048828
0 0.679000 0.882800 0.048828 0.048828
0 0.657918 0.841639 0.048828 0.048828
0 0.612740 0.807505 0.048828 0.048828
0 0.642859 0.787426 0.048828 0.048828
0 0.605713 0.684020 0.048828 0.048828
0 0.615752 0.651894 0.048828 0.048828
0 0.558527 0.708115 0.048828 0.048828
0 0.515358 0.669965 0.048828 0.048828
0 0.443074 0.636835 0.048828 0.048828
0 0.388861 0.660929 0.048828 0.048828
0 0.335653 0.648882 0.048828 0.048828
0 0.284452 0.648882 0.048828 0.048828
0 0.330633 0.687032 0.048828 0.048828
0 0.290475 0.699079 0.048828 0.048828
0 0.266381 0.720162 0.048828 0.048828
0 0.230239 0.746264 0.048828 0.048828
0 0.326617 0.717150 0.048828 0.048828
0 0.381834 0.722170 0.048828 0.048828
0 0.375810 0.754296 0.048828 0.048828
0 0.341676 0.746264 0.048828 0.048828
0 0.306538 0.771363 0.048828 0.048828
0 0.253329 0.785418 0.048828 0.048828
0 0.282444 0.823568 0.048828 0.048828
0 0.338664 0.821560 0.048828 0.048828
0 0.387858 0.797465 0.048828 0.048828
0 0.411952 0.775379 0.048828 0.048828
0 0.431027 0.735221 0.048828 0.048828
0 0.480220 0.773371 0.048828 0.048828
0 0.541460 0.786422 0.048828 0.048828
0 0.570575 0.820556 0.048828 0.048828
0 0.526401 0.829592 0.048828 0.048828
0 0.450102 0.801481 0.048828 0.048828
0 0.474196 0.858706 0.048828 0.048828
0 0.410948 0.838627 0.048828 0.048828
0 0.377818 0.848666 0.048828 0.048828
0 0.450102 0.880793 0.048828 0.048828
0 0.401913 0.878785 0.048828 0.048828
0 0.360751 0.902879 0.048828 0.048828
0 0.328625 0.868745 0.048828 0.048828
0 0.299511 0.890832 0.048828 0.048828
0 0.265377 0.866737 0.048828 0.048828
0 0.233251 0.901875 0.048828 0.048828
0 0.257345 0.951068 0.048828 0.048828
0 0.197109 0.911915 0.048828 0.048828
0 0.210160 0.941029 0.048828 0.048828
0 0.269392 0.993234 0.048828 0.048828
0 0.299511 0.963116 0.048828 0.048828
0 0.338664 0.950064 0.048828 0.048828
0 0.364767 0.978175 0.048828 0.048828
0 0.392877 0.947053 0.048828 0.048828
0 0.457129 0.912919 0.048828 0.048828
0 0.427011 0.987210 0.048828 0.048828
0 0.494275 0.982191 0.048828 0.048828
0 0.457129 0.951068 0.048828 0.048828
0 0.495279 0.934001 0.048828 0.048828
0 0.537445 0.906895 0.048828 0.048828
0 0.572583 0.866737 0.048828 0.048828
0 0.613744 0.861718 0.048828 0.048828
0 0.624788 0.911915 0.048828 0.048828
0 0.591658 0.905891 0.048828 0.048828
0 0.536441 0.950064 0.048828 0.048828
0 0.574591 0.952072 0.048828 0.048828
0 0.626795 0.950064 0.048828 0.048828
0 0.728194 0.945045 0.048828 0.048828
0 0.696067 0.978175 0.048828 0.048828
0 0.645870 0.986206 0.048828 0.048828
0 0.586638 0.987210 0.048828 0.048828
0 0.533429 0.993234 0.048828 0.048828
0 0.102738 0.845655 0.048828 0.048828
0 0.085671 0.941029 0.048828 0.048828