0 0.472753 0.011377 0.048828 0.048828
0 0.486005 0.040938 0.048828 0.048828
0 0.428921 0.046035 0.048828 0.048828
0 0.544109 0.029725 0.048828 0.048828
0 0.716381 0.031764 0.048828 0.048828
0 0.678664 0.010357 0.048828 0.048828
0 0.619541 0.003222 0.048828 0.048828
0 0.835646 0.016473 0.048828 0.048828
0 0.803026 0.041958 0.048828 0.048828
0 0.870304 0.060306 0.048828 0.048828
0 0.839723 0.071519 0.048828 0.048828
0 0.740845 0.063364 0.048828 0.048828
0 0.719439 0.095984 0.048828 0.048828
0 0.677645 0.059287 0.048828 0.048828
0 0.665413 0.107197 0.048828 0.048828
0 0.608328 0.065403 0.048828 0.048828
0 0.626677 0.115352 0.048828 0.048828
0 0.571631 0.088848 0.048828 0.048828
0 0.583864 0.158165 0.048828 0.048828
0 0.537992 0.100061 0.048828 0.048828
0 0.491102 0.077635 0.048828 0.048828
0 0.573670 0.204036 0.048828 0.048828
0 0.535954 0.172436 0.048828 0.048828
0 0.494160 0.142874 0.048828 0.048828
0 0.454405 0.123506 0.048828 0.048828
0 0.408533 0.100061 0.048828 0.048828
0 0.363682 0.071519 0.048828 0.048828
0 0.340236 0.036861 0.048828 0.048828
0 0.395282 0.006280 0.048828 0.048828
0 0.298442 0.041958 0.048828 0.048828
0 0.308636 0.072538 0.048828 0.048828
0 0.445230 0.163262 0.048828 0.048828
0 0.387127 0.162242 0.048828 0.048828
0 0.354507 0.142874 0.048828 0.048828
0 0.307617 0.111274 0.048828 0.048828
0 0.271939 0.130642 0.048828 0.048828
0 0.302520 0.171416 0.048828 0.048828
0 0.361643 0.198939 0.048828 0.048828
0 0.300481 0.209133 0.048828 0.048828
0 0.281113 0.262140 0.048828 0.048828
0 0.230145 0.220346 0.048828 0.048828
0 0.223010 0.279469 0.048828 0.048828
0 0.227087 0.159184 0.048828 0.048828
0 0.227087 0.085790 0.048828 0.048828
0 0.194467 0.304953 0.048828 0.048828
0 0.183254 0.191804 0.048828 0.048828
0 0.162867 0.148991 0.048828 0.048828
0 0.124131 0.144913 0.048828 0.048828
0 0.147577 0.111274 0.048828 0.048828
0 0.107822 0.078655 0.048828 0.048828
0 0.146557 0.074577 0.048828 0.048828
0 0.183254 0.047054 0.048828 0.048828
0 0.067047 0.136758 0.048828 0.048828
0 0.105783 0.184668 0.048828 0.048828
0 0.103744 0.222385 0.048828 0.048828
0 0.058892 0.207094 0.048828 0.048828
0 0.069086 0.253985 0.048828 0.048828
0 0.114957 0.279469 0.048828 0.048828
0 0.078260 0.289662 0.048828 0.048828
0 0.140441 0.318205 0.048828 0.048828
0 0.098647 0.351844 0.048828 0.048828
0 0.025253 0.346747 0.048828 0.048828
0 0.016079 0.382424 0.048828 0.048828
0 0.075202 0.383444 0.048828 0.048828
0 0.139422 0.370192 0.048828 0.048828
0 0.203642 0.382424 0.048828 0.048828
0 0.221990 0.337572 0.048828 0.048828
0 0.254610 0.369173 0.048828 0.048828
0 0.284171 0.306992 0.048828 0.048828
0 0.328004 0.283546 0.048828 0.048828
0 0.325965 0.323301 0.048828 0.048828
0 0.337178 0.367134 0.048828 0.048828
0 0.363682 0.335534 0.048828 0.048828
0 0.412611 0.379366 0.048828 0.048828
0 0.368778 0.293740 0.048828 0.048828
0 0.351449 0.245830 0.048828 0.048828
0 0.421785 0.208113 0.048828 0.048828
0 0.422804 0.262140 0.048828 0.048828
0 0.429940 0.320243 0.048828 0.048828
0 0.458482 0.340631 0.048828 0.048828
0 0.494160 0.355921 0.048828 0.048828
0 0.474792 0.297817 0.048828 0.048828
0 0.517605 0.340631 0.048828 0.048828
0 0.559399 0.372231 0.048828 0.048828
0 0.510470 0.386502 0.048828 0.048828
0 0.543089 0.299856 0.048828 0.048828
0 0.520663 0.271314 0.048828 0.048828
0 0.503334 0.237675 0.048828 0.048828
0 0.495179 0.193842 0.048828 0.048828
0 0.457463 0.192823 0.048828 0.048828
0 0.582844 0.250927 0.048828 0.048828
0 0.616483 0.302914 0.048828 0.048828
0 0.645025 0.335534 0.048828 0.048828
0 0.676626 0.294759 0.048828 0.048828
0 0.619541 0.385482 0.048828 0.048828
0 0.719439 0.374269 0.048828 0.048828
0 0.701090 0.342669 0.048828 0.048828
0 0.759194 0.356940 0.048828 0.048828
0 0.811181 0.367134 0.048828 0.048828
0 0.863169 0.369173 0.048828 0.048828
0 0.845840 0.336553 0.048828 0.048828
0 0.816278 0.293740 0.048828 0.048828
0 0.775504 0.302914 0.048828 0.048828
0 0.742884 0.271314 0.048828 0.048828
0 0.703129 0.257043 0.048828 0.048828
0 0.639929 0.252965 0.048828 0.048828
0 0.621580 0.210152 0.048828 0.048828
0 0.673568 0.211172 0.048828 0.048828
0 0.726574 0.222385 0.048828 0.048828
0 0.773465 0.217288 0.048828 0.048828
0 0.785697 0.258062 0.048828 0.048828
0 0.853995 0.268256 0.048828 0.048828
0 0.860111 0.230539 0.048828 0.048828
0 0.850936 0.190784 0.048828 0.048828
0 0.882537 0.145932 0.048828 0.048828
0 0.848898 0.154087 0.048828 0.048828
0 0.804046 0.155107 0.048828 0.048828
0 0.770407 0.166320 0.048828 0.048828
0 0.712303 0.177533 0.048828 0.048828
0 0.665413 0.175494 0.048828 0.048828
0 0.622599 0.167339 0.048828 0.048828
0 0.679684 0.141855 0.048828 0.048828
0 0.723516 0.136758 0.048828 0.048828
0 0.779581 0.129623 0.048828 0.048828
0 0.813220 0.113313 0.048828 0.048828
0 0.875401 0.106177 0.048828 0.048828
0 0.006905 0.300875 0.048828 0.048828
0 0.021176 0.253985 0.048828 0.048828
0 0.014040 0.209133 0.048828 0.048828
0 0.010982 0.179571 0.048828 0.048828
0 0.036466 0.111274 0.048828 0.048828
0 0.021176 0.043996 0.048828 0.048828
0 0.049718 0.015454 0.048828 0.048828
0 0.103744 0.020551 0.048828 0.048828
0 0.212816 0.000164 0.048828 0.048828
0 0.033408 0.419121 0.048828 0.048828
0 0.029331 0.449702 0.048828 0.048828
0 0.073163 0.454799 0.048828 0.048828
0 0.114957 0.415044 0.048828 0.048828
0 0.152674 0.433392 0.048828 0.048828
0 0.237281 0.446644 0.048828 0.048828
0 0.270920 0.401792 0.048828 0.048828
0 0.298442 0.422179 0.048828 0.048828
0 0.400379 0.477225 0.048828 0.048828
0 0.354507 0.497612 0.048828 0.048828
0 0.382030 0.530232 0.048828 0.048828
0 0.376933 0.555716 0.048828 0.048828
0 0.389166 0.597510 0.048828 0.048828
0 0.326984 0.606684 0.048828 0.048828
0 0.315772 0.581200 0.048828 0.048828
0 0.292326 0.547561 0.048828 0.048828
0 0.316791 0.464993 0.048828 0.048828
0 0.265823 0.482322 0.048828 0.048828
0 0.170003 0.488438 0.048828 0.048828
0 0.212816 0.546542 0.048828 0.048828
0 0.240339 0.580181 0.048828 0.048828
0 0.209758 0.587316 0.048828 0.048828
0 0.361643 0.660710 0.048828 0.048828
0 0.314752 0.646439 0.048828 0.048828
0 0.238300 0.634207 0.048828 0.048828
0 0.160829 0.629110 0.048828 0.048828
0 0.157770 0.560813 0.048828 0.048828
0 0.124131 0.493535 0.048828 0.048828
0 0.101706 0.531251 0.048828 0.048828
0 0.082338 0.485380 0.048828 0.048828
0 0.013021 0.508825 0.048828 0.048828
0 0.025253 0.579161 0.048828 0.048828
0 0.081318 0.591394 0.048828 0.048828
0 0.090493 0.644400 0.048828 0.048828
0 0.041563 0.634207 0.048828 0.048828
0 0.012002 0.702504 0.048828 0.048828
0 0.028311 0.747356 0.048828 0.048828
0 0.052776 0.717794 0.048828 0.048828
0 0.133306 0.681097 0.048828 0.048828
0 0.178158 0.672942 0.048828 0.048828
0 0.253590 0.684155 0.048828 0.048828
0 0.304559 0.701485 0.048828 0.048828
0 0.350430 0.721872 0.048828 0.048828
0 0.305578 0.773859 0.048828 0.048828
0 0.265823 0.815653 0.048828 0.048828
0 0.258687 0.772840 0.048828 0.048828
0 0.254610 0.723911 0.048828 0.048828
0 0.188351 0.714736 0.048828 0.048828
0 0.185293 0.763666 0.048828 0.048828
0 0.150635 0.726969 0.048828 0.048828
0 0.107822 0.745317 0.048828 0.048828
0 0.129228 0.782014 0.048828 0.048828
0 0.073163 0.768763 0.048828 0.048828
0 0.038505 0.804440 0.048828 0.048828
0 0.171022 0.820750 0.048828 0.048828
0 0.125151 0.841137 0.048828 0.048828
0 0.083357 0.829924 0.048828 0.048828
0 0.022195 0.828905 0.048828 0.048828
0 0.034428 0.872737 0.048828 0.048828
0 0.053796 0.922686 0.048828 0.048828
0 0.093551 0.881912 0.048828 0.048828
0 0.106802 0.947151 0.048828 0.048828
0 0.073163 0.987925 0.048828 0.048828
0 0.391204 0.417083 0.048828 0.048828
0 0.465618 0.398734 0.048828 0.048828
0 0.557360 0.411986 0.048828 0.048828
0 0.569593 0.444605 0.048828 0.048828
0 0.487024 0.458877 0.048828 0.048828
0 0.589980 0.487419 0.048828 0.048828
0 0.529837 0.491496 0.048828 0.048828
0 0.456443 0.496593 0.048828 0.048828
0 0.429940 0.444605 0.048828 0.048828
0 0.438095 0.541445 0.048828 0.048828
0 0.494160 0.539406 0.048828 0.048828
0 0.554302 0.529212 0.048828 0.048828
0 0.578767 0.575084 0.048828 0.048828
0 0.524741 0.576103 0.048828 0.048828
0 0.445230 0.589355 0.048828 0.048828
0 0.491102 0.628091 0.048828 0.048828
0 0.541050 0.643381 0.048828 0.048828
0 0.604251 0.631149 0.048828 0.048828
0 0.624638 0.586297 0.048828 0.048828
0 0.647064 0.539406 0.048828 0.048828
0 0.674587 0.501690 0.048828 0.048828
0 0.669490 0.466012 0.048828 0.048828
0 0.635851 0.436451 0.048828 0.048828
0 0.679684 0.429315 0.048828 0.048828
0 0.708226 0.496593 0.048828 0.048828
0 0.690897 0.557755 0.048828 0.048828
0 0.712303 0.605665 0.048828 0.048828
0 0.746962 0.631149 0.048828 0.048828
0 0.718419 0.685175 0.048828 0.048828
0 0.686819 0.724930 0.048828 0.048828
0 0.724536 0.768763 0.048828 0.048828
0 0.726574 0.839098 0.048828 0.048828
0 0.664393 0.793227 0.048828 0.048828
0 0.635851 0.739201 0.048828 0.048828
0 0.654200 0.678039 0.048828 0.048828
0 0.655219 0.633187 0.048828 0.048828
0 0.569593 0.693330 0.048828 0.048828
0 0.549205 0.732065 0.048828 0.048828
0 0.583864 0.760608 0.048828 0.048828
0 0.529837 0.767743 0.048828 0.048828
0 0.604251 0.832982 0.048828 0.048828
0 0.545128 0.809537 0.048828 0.048828
0 0.483966 0.793227 0.048828 0.048828
0 0.489063 0.840118 0.048828 0.048828
0 0.446250 0.838079 0.048828 0.048828
0 0.401398 0.821769 0.048828 0.048828
0 0.320868 0.830944 0.048828 0.048828
0 0.349410 0.796285 0.048828 0.048828
0 0.424843 0.770801 0.048828 0.048828
0 0.435037 0.736143 0.048828 0.048828
0 0.406495 0.704543 0.048828 0.048828
0 0.469695 0.682117 0.048828 0.048828
0 0.501295 0.714736 0.048828 0.048828
0 0.521683 0.669884 0.048828 0.048828
0 0.669490 0.884970 0.048828 0.048828
0 0.610367 0.880892 0.048828 0.048828
0 0.533915 0.857447 0.048828 0.048828
0 0.506392 0.895163 0.048828 0.048828
0 0.507412 0.928802 0.048828 0.048828
0 0.553283 0.950209 0.048828 0.048828
0 0.593038 0.921667 0.048828 0.048828
0 0.636870 0.922686 0.048828 0.048828
0 0.655219 0.940015 0.048828 0.048828
0 0.668471 0.973654 0.048828 0.048828
0 0.615464 0.964480 0.048828 0.048828
0 0.518625 0.979770 0.048828 0.048828
0 0.347372 0.959383 0.048828 0.048828
0 0.375914 0.950209 0.048828 0.048828
0 0.436056 0.922686 0.048828 0.048828
0 0.461540 0.884970 0.048828 0.048828
0 0.401398 0.875795 0.048828 0.048828
0 0.323926 0.882931 0.048828 0.048828
0 0.268881 0.869679 0.048828 0.048828
0 0.281113 0.930841 0.048828 0.048828
0 0.261745 0.949190 0.048828 0.048828
0 0.234223 0.897202 0.048828 0.048828
0 0.219951 0.933899 0.048828 0.048828
0 0.203642 0.870699 0.048828 0.048828
0 0.177138 0.899241 0.048828 0.048828
0 0.174080 0.949190 0.048828 0.048828
0 0.223010 0.972635 0.048828 0.048828
0 0.164906 0.975693 0.048828 0.048828
0 0.752058 0.950209 0.048828 0.048828
0 0.967144 0.899241 0.048828 0.048828
0 0.941660 0.952248 0.048828 0.048828
0 0.890692 0.876815 0.048828 0.048828
0 0.849917 0.924725 0.048828 0.048828
0 0.888653 0.779975 0.048828 0.048828
0 0.840743 0.620955 0.048828 0.048828
0 0.787736 0.557755 0.048828 0.048828
0 0.754097 0.519019 0.048828 0.048828
0 0.796910 0.510864 0.048828 0.048828
0 0.838704 0.514941 0.048828 0.048828
0 0.873362 0.477225 0.048828 0.048828
0 0.833607 0.461935 0.048828 0.048828
0 0.787736 0.466012 0.048828 0.048828
0 0.731671 0.451741 0.048828 0.048828
0 0.771426 0.430334 0.048828 0.048828
0 0.849917 0.420141 0.048828 0.048828
0 0.905982 0.419121 0.048828 0.048828
0 0.944718 0.372231 0.048828 0.048828
0 0.920253 0.342669 0.048828 0.048828
0 0.955931 0.325340 0.048828 0.048828
0 0.907001 0.288643 0.048828 0.048828
0 0.973260 0.290682 0.048828 0.048828
0 0.965105 0.258062 0.048828 0.048828
0 0.908021 0.248888 0.048828 0.048828
0 0.903943 0.210152 0.048828 0.048828
0 0.949815 0.210152 0.048828 0.048828
0 0.987531 0.182629 0.048828 0.048828
0 0.936563 0.173455 0.048828 0.048828
0 0.948795 0.795266 0.048828 0.048828
0 0.978357 0.739201 0.048828 0.048828
0 0.980395 0.679059 0.048828 0.048828
0 0.934524 0.695368 0.048828 0.048828
0 0.989570 0.646439 0.048828 0.048828
0 0.925350 0.557755 0.048828 0.048828
0 0.990589 0.545522 0.048828 0.048828
0 0.961028 0.457857 0.048828 0.048828
0 0.975299 0.490477 0.048828 0.048828
0 0.984473 0.103119 0.048828 0.048828
0 0.932485 0.137778 0.048828 0.048828
0 0.930447 0.102100 0.048828 0.048828
0 0.894769 0.084771 0.048828 0.048828
0 0.929427 0.053170 0.048828 0.048828
0 0.891711 0.012396 0.048828 0.048828