0 0.000970 0.779270 0.048828 0.048828
0 0.105975 0.981303 0.048828 0.048828
0 0.066710 0.970260 0.048828 0.048828
0 0.029898 0.950627 0.048828 0.048828
0 0.132970 0.945719 0.048828 0.048828
0 0.091250 0.942038 0.048828 0.048828
0 0.043396 0.900319 0.048828 0.048828
0 0.010266 0.907681 0.048828 0.048828
0 0.022536 0.870870 0.048828 0.048828
0 0.077753 0.869643 0.048828 0.048828
0 0.135424 0.904000 0.048828 0.048828
0 0.085115 0.838967 0.048828 0.048828
0 0.040942 0.816880 0.048828 0.048828
0 0.037261 0.783750 0.048828 0.048828
0 0.061801 0.765344 0.048828 0.048828
0 0.027444 0.737122 0.048828 0.048828
0 0.067937 0.718717 0.048828 0.048828
0 0.124380 0.764117 0.048828 0.048828
0 0.093704 0.803382 0.048828 0.048828
0 0.142786 0.730987 0.048828 0.048828
0 0.112110 0.717490 0.048828 0.048828
0 0.024990 0.689268 0.048828 0.048828
0 0.001677 0.656138 0.048828 0.048828
0 0.034807 0.651230 0.048828 0.048828
0 0.093704 0.631597 0.048828 0.048828
0 0.903550 0.002126 0.048828 0.048828
0 0.903550 0.034029 0.048828 0.048828
0 0.921956 0.080657 0.048828 0.048828
0 0.929318 0.119922 0.048828 0.048828
0 0.883918 0.096608 0.048828 0.048828
0 0.839744 0.089246 0.048828 0.048828
0 0.855696 0.064705 0.048828 0.048828
0 0.234814 0.030348 0.048828 0.048828
0 0.251992 0.004580 0.048828 0.048828
0 0.682683 0.002126 0.048828 0.048828
0 0.642191 0.032802 0.048828 0.048828
0 0.694954 0.057343 0.048828 0.048828
0 0.724403 0.065932 0.048828 0.048828
0 0.763668 0.046299 0.048828 0.048828
0 0.782073 0.085565 0.048828 0.048828
0 0.773484 0.112560 0.048828 0.048828
0 0.707224 0.101516 0.048828 0.048828
0 0.661824 0.121149 0.048828 0.048828
0 0.655688 0.073294 0.048828 0.048828
0 0.615196 0.090473 0.048828 0.048828
0 0.602926 0.051208 0.048828 0.048828
0 0.559979 0.068386 0.048828 0.048828
0 0.529303 0.094154 0.048828 0.048828
0 0.558752 0.031575 0.048828 0.048828
0 0.517033 0.019305 0.048828 0.048828
0 0.407826 0.002126 0.048828 0.048828
0 0.398010 0.034029 0.048828 0.048828
0 0.285123 0.024213 0.048828 0.048828
0 0.249538 0.047526 0.048828 0.048828
0 0.244630 0.090473 0.048828 0.048828
0 0.267944 0.068386 0.048828 0.048828
0 0.328069 0.037710 0.048828 0.048828
0 0.334204 0.080657 0.048828 0.048828
0 0.371015 0.064705 0.048828 0.048828
0 0.308436 0.117468 0.048828 0.048828
0 0.347702 0.102743 0.048828 0.048828
0 0.391875 0.127284 0.048828 0.048828
0 0.476541 0.102743 0.048828 0.048828
0 0.493719 0.058570 0.048828 0.048828
0 0.983308 0.146917 0.048828 0.048828
0 0.944042 0.197225 0.048828 0.048828
0 0.897415 0.253669 0.048828 0.048828
0 0.945270 0.316248 0.048828 0.048828
0 0.939134 0.377600 0.048828 0.048828
0 0.986989 0.413184 0.048828 0.048828
0 0.984535 0.551839 0.048828 0.048828
0 0.935453 0.499077 0.048828 0.048828
0 0.894961 0.506439 0.048828 0.048828
0 0.883918 0.435271 0.048828 0.048828
0 0.844652 0.324837 0.048828 0.048828
0 0.844652 0.194771 0.048828 0.048828
0 0.883918 0.153052 0.048828 0.048828
0 0.764895 0.148144 0.048828 0.048828
0 0.791890 0.209496 0.048828 0.048828
0 0.815203 0.241399 0.048828 0.048828
0 0.778392 0.265939 0.048828 0.048828
0 0.741581 0.247534 0.048828 0.048828
0 0.794344 0.299069 0.048828 0.048828
0 0.790663 0.349378 0.048828 0.048828
0 0.802933 0.396006 0.048828 0.048828
0 0.804160 0.435271 0.048828 0.048828
0 0.833609 0.489261 0.048828 0.048828
0 0.793117 0.532207 0.048828 0.048828
0 0.778392 0.497850 0.048828 0.048828
0 0.746489 0.459812 0.048828 0.048828
0 0.826247 0.564110 0.048828 0.048828
0 0.817657 0.608283 0.048828 0.048828
0 0.910912 0.603375 0.048828 0.048828
0 0.793117 0.652457 0.048828 0.048828
0 0.746489 0.652457 0.048828 0.048828
0 0.751397 0.599694 0.048828 0.048828
0 0.731765 0.542023 0.048828 0.048828
0 0.687591 0.513801 0.048828 0.048828
0 0.694954 0.475763 0.048828 0.048828
0 0.697408 0.420546 0.048828 0.048828
0 0.744035 0.378827 0.048828 0.048828
0 0.742808 0.342016 0.048828 0.048828
0 0.762441 0.308886 0.048828 0.048828
0 0.712132 0.286799 0.048828 0.048828
0 0.666732 0.292934 0.048828 0.048828
0 0.679002 0.340789 0.048828 0.048828
0 0.634829 0.360421 0.048828 0.048828
0 0.605380 0.322383 0.048828 0.048828
0 0.594336 0.278210 0.048828 0.048828
0 0.644645 0.259804 0.048828 0.048828
0 0.686364 0.241399 0.048828 0.048828
0 0.647099 0.203360 0.048828 0.048828
0 0.703543 0.194771 0.048828 0.048828
0 0.734219 0.160414 0.048828 0.048828
0 0.685137 0.153052 0.048828 0.048828
0 0.605380 0.133419 0.048828 0.048828
0 0.552617 0.127284 0.048828 0.048828
0 0.582066 0.191090 0.048828 0.048828
0 0.550163 0.180047 0.048828 0.048828
0 0.566114 0.225447 0.048828 0.048828
0 0.530530 0.248761 0.048828 0.048828
0 0.504763 0.198452 0.048828 0.048828
0 0.472860 0.252442 0.048828 0.048828
0 0.454454 0.155506 0.048828 0.048828
0 0.438502 0.211950 0.048828 0.048828
0 0.472860 0.308886 0.048828 0.048828
0 0.493719 0.355513 0.048828 0.048828
0 0.585747 0.364103 0.048828 0.048828
0 0.541574 0.421773 0.048828 0.048828
0 0.578385 0.424227 0.048828 0.048828
0 0.650780 0.441406 0.048828 0.048828
0 0.611515 0.462266 0.048828 0.048828
0 0.636056 0.521164 0.048828 0.048828
0 0.599245 0.527299 0.048828 0.048828
0 0.541574 0.529753 0.048828 0.048828
0 0.486357 0.537115 0.048828 0.048828
0 0.490038 0.486806 0.048828 0.048828
0 0.443411 0.490488 0.048828 0.048828
0 0.395556 0.538342 0.048828 0.048828
0 0.450773 0.426682 0.048828 0.048828
0 0.421324 0.400914 0.048828 0.048828
0 0.448319 0.342016 0.048828 0.048828
0 0.417643 0.299069 0.048828 0.048828
0 0.382059 0.276983 0.048828 0.048828
0 0.382059 0.220539 0.048828 0.048828
0 0.384513 0.175139 0.048828 0.048828
0 0.350156 0.138327 0.048828 0.048828
0 0.356291 0.186182 0.048828 0.048828
0 0.304755 0.162868 0.048828 0.048828
0 0.328069 0.224220 0.048828 0.048828
0 0.326842 0.284345 0.048828 0.048828
0 0.290031 0.288026 0.048828 0.048828
0 0.249538 0.312567 0.048828 0.048828
0 0.269171 0.236490 0.048828 0.048828
0 0.291258 0.189863 0.048828 0.048828
0 0.222544 0.148144 0.048828 0.048828
0 0.276533 0.140781 0.048828 0.048828
0 0.210273 0.176366 0.048828 0.048828
0 0.207819 0.220539 0.048828 0.048828
0 0.207819 0.253669 0.048828 0.048828
0 0.231133 0.354286 0.048828 0.048828
0 0.231133 0.399687 0.048828 0.048828
0 0.269171 0.386189 0.048828 0.048828
0 0.321934 0.362875 0.048828 0.048828
0 0.312117 0.326064 0.048828 0.048828
0 0.342793 0.392324 0.048828 0.048828
0 0.313344 0.430363 0.048828 0.048828
0 0.355064 0.472082 0.048828 0.048828
0 0.358745 0.529753 0.048828 0.048828
0 0.326842 0.561656 0.048828 0.048828
0 0.266717 0.472082 0.048828 0.048828
0 0.211500 0.573926 0.048828 0.048828
0 0.251992 0.542023 0.048828 0.048828
0 0.228679 0.492942 0.048828 0.048828
0 0.222544 0.431590 0.048828 0.048828
0 0.674094 0.555521 0.048828 0.048828
0 0.667959 0.593559 0.048828 0.048828
0 0.681456 0.631597 0.048828 0.048828
0 0.649553 0.647549 0.048828 0.048828
0 0.612742 0.600921 0.048828 0.048828
0 0.573477 0.565337 0.048828 0.048828
0 0.555071 0.587424 0.048828 0.048828
0 0.507217 0.587424 0.048828 0.048828
0 0.509671 0.643867 0.048828 0.048828
0 0.480222 0.688041 0.048828 0.048828
0 0.449546 0.651230 0.048828 0.048828
0 0.449546 0.593559 0.048828 0.048828
0 0.404145 0.604602 0.048828 0.048828
0 0.325615 0.600921 0.048828 0.048828
0 0.351383 0.637732 0.048828 0.048828
0 0.382059 0.664727 0.048828 0.048828
0 0.434821 0.689268 0.048828 0.048828
0 0.314571 0.667181 0.048828 0.048828
0 0.282668 0.602148 0.048828 0.048828
0 0.220089 0.619327 0.048828 0.048828
0 0.236041 0.654911 0.048828 0.048828
0 0.266717 0.680679 0.048828 0.048828
0 0.211500 0.746939 0.048828 0.048828
0 0.247084 0.745712 0.048828 0.048828
0 0.319480 0.718717 0.048828 0.048828
0 0.221317 0.789885 0.048828 0.048828
0 0.277760 0.760436 0.048828 0.048828
0 0.318253 0.764117 0.048828 0.048828
0 0.380832 0.748166 0.048828 0.048828
0 0.418870 0.757982 0.048828 0.048828
0 0.478995 0.764117 0.048828 0.048828
0 0.535438 0.738349 0.048828 0.048828
0 0.579612 0.742031 0.048828 0.048828
0 0.599245 0.691722 0.048828 0.048828
0 0.709678 0.695403 0.048828 0.048828
0 0.698635 0.721171 0.048828 0.048828
0 0.683910 0.751847 0.048828 0.048828
0 0.751397 0.734668 0.048828 0.048828
0 0.746489 0.767798 0.048828 0.048828
0 0.713359 0.807064 0.048828 0.048828
0 0.747716 0.832831 0.048828 0.048828
0 0.800479 0.804610 0.048828 0.048828
0 0.872874 0.773934 0.048828 0.048828
0 0.929318 0.788658 0.048828 0.048828
0 0.860604 0.702765 0.048828 0.048828
0 0.888826 0.700311 0.048828 0.048828
0 0.923183 0.688041 0.048828 0.048828
0 0.921956 0.635278 0.048828 0.048828
0 0.991897 0.694176 0.048828 0.048828
0 0.967356 0.919951 0.048828 0.048828
0 0.952632 0.976395 0.048828 0.048828
0 0.887599 0.994801 0.048828 0.048828
0 0.831155 0.957989 0.048828 0.048828
0 0.842198 0.912589 0.048828 0.048828
0 0.886372 0.859826 0.048828 0.048828
0 0.850788 0.863507 0.048828 0.048828
0 0.807841 0.856145 0.048828 0.048828
0 0.764895 0.864734 0.048828 0.048828
0 0.764895 0.978849 0.048828 0.048828
0 0.746489 0.937130 0.048828 0.048828
0 0.698635 0.943265 0.048828 0.048828
0 0.686364 0.878232 0.048828 0.048828
0 0.639737 0.910135 0.048828 0.048828
0 0.609061 0.900319 0.048828 0.048828
0 0.584520 0.837740 0.048828 0.048828
0 0.604153 0.782523 0.048828 0.048828
0 0.550163 0.802155 0.048828 0.048828
0 0.509671 0.786204 0.048828 0.048828
0 0.513352 0.830377 0.048828 0.048828
0 0.448319 0.799701 0.048828 0.048828
0 0.395556 0.810745 0.048828 0.048828
0 0.342793 0.797247 0.048828 0.048828
0 0.303528 0.799701 0.048828 0.048828
0 0.345247 0.857372 0.048828 0.048828
0 0.373469 0.836513 0.048828 0.048828
0 0.467951 0.881913 0.048828 0.048828
0 0.509671 0.896637 0.048828 0.048828
0 0.572250 0.899092 0.048828 0.048828
0 0.584520 0.940811 0.048828 0.048828
0 0.532984 0.937130 0.048828 0.048828
0 0.485130 0.932222 0.048828 0.048828
0 0.470405 0.971487 0.048828 0.048828
0 0.493719 0.972714 0.048828 0.048828
0 0.558752 0.989892 0.048828 0.048828
0 0.606607 0.978849 0.048828 0.048828
0 0.409053 0.986211 0.048828 0.048828
0 0.417643 0.944492 0.048828 0.048828
0 0.401691 0.889275 0.048828 0.048828
0 0.348929 0.915043 0.048828 0.048828
0 0.324388 0.884367 0.048828 0.048828
0 0.309663 0.984984 0.048828 0.048828
0 0.229906 0.991119 0.048828 0.048828
0 0.232360 0.926086 0.048828 0.048828
0 0.236041 0.864734 0.048828 0.048828
0 0.217635 0.888048 0.048828 0.048828
0 0.007147 0.498800 0.048828 0.048828
0 0.054471 0.526969 0.048828 0.048828
0 0.095034 0.494293 0.048828 0.048828
0 0.182921 0.467250 0.048828 0.048828
0 0.153625 0.498800 0.048828 0.048828
0 0.202076 0.525842 0.048828 0.048828
0 0.146865 0.546123 0.048828 0.048828
0 0.167147 0.594574 0.048828 0.048828
0 0.176161 0.654292 0.048828 0.048828
0 0.080386 0.574292 0.048828 0.048828
0 0.169400 0.433448 0.048828 0.048828
0 0.195315 0.365842 0.048828 0.048828
0 0.212217 0.320772 0.048828 0.048828
0 0.180668 0.281335 0.048828 0.048828
0 0.155879 0.309504 0.048828 0.048828
0 0.117569 0.312885 0.048828 0.048828
0 0.127710 0.339927 0.048828 0.048828
0 0.075879 0.336547 0.048828 0.048828
0 0.113062 0.388377 0.048828 0.048828
0 0.106302 0.430067 0.048828 0.048828
0 0.051090 0.425560 0.048828 0.048828
0 0.015034 0.451476 0.048828 0.048828
0 0.025175 0.375983 0.048828 0.048828
0 0.037569 0.351194 0.048828 0.048828
0 0.033062 0.319645 0.048828 0.048828
0 0.037569 0.247533 0.048828 0.048828
0 0.028555 0.218237 0.048828 0.048828
0 0.011654 0.182181 0.048828 0.048828
0 0.045457 0.175420 0.048828 0.048828
0 0.098414 0.212603 0.048828 0.048828
0 0.100668 0.263307 0.048828 0.048828
0 0.162639 0.240772 0.048828 0.048828
0 0.180668 0.188941 0.048828 0.048828
0 0.134471 0.161899 0.048828 0.048828
0 0.193062 0.102181 0.048828 0.048828
0 0.141231 0.105561 0.048828 0.048828
0 0.083766 0.115702 0.048828 0.048828
0 0.024048 0.114575 0.048828 0.048828
0 0.009400 0.022181 0.048828 0.048828
0 0.029682 0.069505 0.048828 0.048828
0 0.073626 0.030068 0.048828 0.048828
0 0.091654 0.071759 0.048828 0.048828
0 0.142358 0.054857 0.048828 0.048828
0 0.188555 0.055984 0.048828 0.048828