0 0.194720 0.946557 0.048828 0.048828
0 0.157537 0.920529 0.048828 0.048828
0 0.129030 0.950275 0.048828 0.048828
0 0.105481 0.993655 0.048828 0.048828
0 0.053425 0.998613 0.048828 0.048828
0 0.033736 0.945810 0.048828 0.048828
0 0.038055 0.906942 0.048828 0.048828
0 0.108017 0.907805 0.048828 0.048828
0 0.097653 0.881893 0.048828 0.048828
0 0.142567 0.868937 0.048828 0.048828
0 0.219440 0.886212 0.048828 0.048828
0 0.223758 0.846480 0.048828 0.048828
0 0.190073 0.819704 0.048828 0.048828
0 0.145158 0.813658 0.048828 0.048828
0 0.095061 0.822295 0.048828 0.048828
0 0.042373 0.833524 0.048828 0.048828
0 0.032872 0.874120 0.048828 0.048828
0 0.004369 0.855117 0.048828 0.048828
0 0.042373 0.787746 0.048828 0.048828
0 0.025962 0.735922 0.048828 0.048828
0 0.071740 0.753196 0.048828 0.048828
0 0.110609 0.786018 0.048828 0.048828
0 0.167615 0.768744 0.048828 0.048828
0 0.121837 0.737649 0.048828 0.048828
0 0.208211 0.730739 0.048828 0.048828
0 0.237578 0.765289 0.048828 0.048828
0 0.019052 0.697053 0.048828 0.048828
0 0.041510 0.638319 0.048828 0.048828
0 0.059648 0.545035 0.048828 0.048828
0 0.018189 0.546763 0.048828 0.048828
0 0.006960 0.469890 0.048828 0.048828
0 0.010044 0.413601 0.048828 0.048828
0 0.047227 0.440868 0.048828 0.048828
0 0.095565 0.486727 0.048828 0.048828
0 0.127791 0.504079 0.048828 0.048828
0 0.120354 0.542502 0.048828 0.048828
0 0.168692 0.568530 0.048828 0.048828
0 0.177368 0.556135 0.048828 0.048828
0 0.057143 0.595797 0.048828 0.048828
0 0.038551 0.509037 0.048828 0.048828
0 0.095565 0.647853 0.048828 0.048828
0 0.124072 0.613149 0.048828 0.048828
0 0.122833 0.678839 0.048828 0.048828
0 0.101762 0.711065 0.048828 0.048828
0 0.160016 0.706107 0.048828 0.048828
0 0.177368 0.680079 0.048828 0.048828
0 0.215790 0.689994 0.048828 0.048828
0 0.214551 0.642896 0.048828 0.048828
0 0.218269 0.606952 0.048828 0.048828
0 0.163734 0.625544 0.048828 0.048828
0 0.241818 0.661487 0.048828 0.048828
0 0.246776 0.719741 0.048828 0.048828
0 0.298832 0.717262 0.048828 0.048828
0 0.292635 0.751966 0.048828 0.048828
0 0.276523 0.802783 0.048828 0.048828
0 0.317424 0.790388 0.048828 0.048828
0 0.307508 0.836247 0.048828 0.048828
0 0.272804 0.849881 0.048828 0.048828
0 0.329818 0.869712 0.048828 0.048828
0 0.371959 0.820135 0.048828 0.048828
0 0.409142 0.849881 0.048828 0.048828
0 0.388072 0.880867 0.048828 0.048828
0 0.339734 0.906895 0.048828 0.048828
0 0.371959 0.944078 0.048828 0.048828
0 0.323621 0.978782 0.048828 0.048828
0 0.276523 0.982500 0.048828 0.048828
0 0.274044 0.918050 0.048828 0.048828