0 0.797802 0.958101 0.048828 0.048828
0 0.870085 0.943042 0.048828 0.048828
0 0.868078 0.914931 0.048828 0.048828
0 0.824908 0.890837 0.048828 0.048828
0 0.730538 0.947058 0.048828 0.048828
0 0.752624 0.895857 0.048828 0.048828
0 0.938353 0.898868 0.048828 0.048828
0 0.975499 0.844656 0.048828 0.048828
0 0.949397 0.820561 0.048828 0.048828
0 0.867074 0.854695 0.048828 0.048828
0 0.800814 0.854695 0.048828 0.048828
0 0.825912 0.805502 0.048828 0.048828
0 0.775715 0.808514 0.048828 0.048828
0 0.813865 0.736230 0.048828 0.048828
0 0.923294 0.721171 0.048828 0.048828
0 0.868078 0.642863 0.048828 0.048828
0 0.855026 0.594674 0.048828 0.048828
0 0.761660 0.634832 0.048828 0.048828
0 0.771699 0.575599 0.048828 0.048828
0 0.969476 0.537450 0.048828 0.048828
0 0.963452 0.419989 0.048828 0.048828
0 0.846995 0.236267 0.048828 0.048828
0 0.842979 0.132861 0.048828 0.048828
0 0.693392 0.985207 0.048828 0.048828
0 0.687368 0.938022 0.048828 0.048828
0 0.652230 0.975168 0.048828 0.048828
0 0.605045 0.994243 0.048828 0.048828
0 0.616088 0.939026 0.048828 0.048828
0 0.681345 0.892845 0.048828 0.048828
0 0.628136 0.893849 0.048828 0.048828
0 0.699416 0.836624 0.048828 0.048828
0 0.639179 0.852687 0.048828 0.048828
0 0.707447 0.788435 0.048828 0.048828
0 0.659258 0.810522 0.048828 0.048828
0 0.599021 0.810522 0.048828 0.048828
0 0.664278 0.774380 0.048828 0.048828
0 0.602033 0.789439 0.048828 0.048828
0 0.729534 0.731210 0.048828 0.048828
0 0.690380 0.737234 0.048828 0.048828
0 0.690380 0.702096 0.048828 0.048828
0 0.652230 0.724183 0.048828 0.048828
0 0.614081 0.751289 0.048828 0.048828
0 0.595006 0.714143 0.048828 0.048828
0 0.535773 0.760325 0.048828 0.048828
0 0.556856 0.805502 0.048828 0.048828
0 0.558864 0.851683 0.048828 0.048828
0 0.565891 0.921959 0.048828 0.048828
0 0.496619 0.954085 0.048828 0.048828
0 0.444415 0.973160 0.048828 0.048828
0 0.376147 0.961113 0.048828 0.048828
0 0.343016 0.962117 0.048828 0.048828
0 0.359080 0.876782 0.048828 0.048828
0 0.421324 0.925975 0.048828 0.048828
0 0.453450 0.925975 0.048828 0.048828
0 0.476541 0.876782 0.048828 0.048828
0 0.499631 0.834616 0.048828 0.048828
0 0.471521 0.785423 0.048828 0.048828
0 0.394217 0.847667 0.048828 0.048828
0 0.360083 0.803494 0.048828 0.048828
0 0.419316 0.770364 0.048828 0.048828
0 0.480556 0.745265 0.048828 0.048828
0 0.437387 0.723179 0.048828 0.048828
0 0.379158 0.730206 0.048828 0.048828
0 0.303863 0.931998 0.048828 0.048828
0 0.210496 0.971152 0.048828 0.048828
0 0.157287 0.955089 0.048828 0.048828
0 0.163311 0.908908 0.048828 0.048828
0 0.224551 0.911920 0.048828 0.048828
0 0.263705 0.863730 0.048828 0.048828
0 0.195437 0.862727 0.048828 0.048828
0 0.295831 0.871762 0.048828 0.048828
0 0.288804 0.819557 0.048828 0.048828
0 0.228567 0.808514 0.048828 0.048828
0 0.307879 0.769360 0.048828 0.048828
0 0.241618 0.770364 0.048828 0.048828
0 0.192425 0.735226 0.048828 0.048828
0 0.154276 0.752293 0.048828 0.048828
0 0.160299 0.818553 0.048828 0.048828
0 0.113114 0.830600 0.048828 0.048828
0 0.094039 0.766348 0.048828 0.048828
0 0.090023 0.916939 0.048828 0.048828
0 0.117130 0.951073 0.048828 0.048828
0 0.725518 0.666958 0.048828 0.048828
0 0.719494 0.647883 0.048828 0.048828
0 0.684356 0.652903 0.048828 0.048828
0 0.685360 0.622785 0.048828 0.048828
0 0.729534 0.599694 0.048828 0.048828
0 0.732546 0.563552 0.048828 0.048828
0 0.762664 0.539458 0.048828 0.048828
0 0.773707 0.473197 0.048828 0.048828
0 0.738569 0.501308 0.048828 0.048828
0 0.711463 0.461150 0.048828 0.048828
0 0.766680 0.415973 0.048828 0.048828
0 0.666285 0.459142 0.048828 0.048828
0 0.706443 0.398906 0.048828 0.048828
0 0.765676 0.369792 0.048828 0.048828
0 0.798806 0.326622 0.048828 0.048828
0 0.762664 0.333650 0.048828 0.048828
0 0.702427 0.351721 0.048828 0.048828
0 0.726522 0.305539 0.048828 0.048828
0 0.766680 0.294496 0.048828 0.048828
0 0.787762 0.252330 0.048828 0.048828
0 0.731542 0.251326 0.048828 0.048828
0 0.743589 0.230244 0.048828 0.048828
0 0.780735 0.174023 0.048828 0.048828
0 0.775715 0.131858 0.048828 0.048828
0 0.755636 0.087684 0.048828 0.048828
0 0.735557 0.144909 0.048828 0.048828
0 0.726522 0.178039 0.048828 0.048828
0 0.685360 0.225224 0.048828 0.048828
0 0.662270 0.262370 0.048828 0.048828
0 0.646207 0.310559 0.048828 0.048828
0 0.632151 0.358748 0.048828 0.048828
0 0.644199 0.405933 0.048828 0.048828
0 0.617092 0.431032 0.048828 0.048828
0 0.623116 0.508335 0.048828 0.048828
0 0.669297 0.561544 0.048828 0.048828
0 0.650222 0.607726 0.048828 0.048828
0 0.613077 0.648887 0.048828 0.048828
0 0.561876 0.618769 0.048828 0.048828
0 0.529749 0.645875 0.048828 0.048828
0 0.508667 0.686033 0.048828 0.048828
0 0.459474 0.680009 0.048828 0.048828
0 0.487584 0.625796 0.048828 0.048828
0 0.542801 0.583631 0.048828 0.048828
0 0.575931 0.528414 0.048828 0.048828
0 0.520714 0.526406 0.048828 0.048828
0 0.578943 0.465166 0.048828 0.048828
0 0.525734 0.474201 0.048828 0.048828
0 0.519710 0.434044 0.048828 0.048828
0 0.483568 0.424004 0.048828 0.048828
0 0.592998 0.386859 0.048828 0.048828
0 0.530753 0.369792 0.048828 0.048828
0 0.497623 0.383847 0.048828 0.048828
0 0.454454 0.381839 0.048828 0.048828
0 0.431363 0.347705 0.048828 0.048828
0 0.510675 0.332646 0.048828 0.048828
0 0.583962 0.334654 0.048828 0.048828
0 0.599021 0.290480 0.048828 0.048828
0 0.613077 0.245303 0.048828 0.048828
0 0.547820 0.269397 0.048828 0.048828
0 0.511679 0.264378 0.048828 0.048828
0 0.475537 0.288472 0.048828 0.048828
0 0.459474 0.235263 0.048828 0.048828
0 0.425340 0.264378 0.048828 0.048828
0 0.402249 0.293492 0.048828 0.048828
0 0.361087 0.332646 0.048828 0.048828
0 0.375143 0.388866 0.048828 0.048828
0 0.399237 0.430028 0.048828 0.048828
0 0.382170 0.470186 0.048828 0.048828
0 0.471521 0.487253 0.048828 0.048828
0 0.486580 0.554517 0.048828 0.048828
0 0.424336 0.542469 0.048828 0.048828
0 0.398233 0.510343 0.048828 0.048828
0 0.436383 0.506327 0.048828 0.048828
0 0.451442 0.586643 0.048828 0.048828
0 0.437387 0.635836 0.048828 0.048828
0 0.399237 0.583631 0.048828 0.048828
0 0.382170 0.626800 0.048828 0.048828
0 0.353056 0.590659 0.048828 0.048828
0 0.387190 0.676997 0.048828 0.048828
0 0.354060 0.698080 0.048828 0.048828
0 0.321934 0.680009 0.048828 0.048828
0 0.303863 0.640856 0.048828 0.048828
0 0.252662 0.687037 0.048828 0.048828
0 0.179374 0.659930 0.048828 0.048828
0 0.247642 0.606722 0.048828 0.048828
0 0.314906 0.558532 0.048828 0.048828
0 0.193429 0.589655 0.048828 0.048828
0 0.223547 0.567568 0.048828 0.048828
0 0.201461 0.520383 0.048828 0.048828
0 0.257681 0.523394 0.048828 0.048828
0 0.320930 0.490264 0.048828 0.048828
0 0.278764 0.459142 0.048828 0.048828
0 0.311894 0.430028 0.048828 0.048828
0 0.317918 0.401918 0.048828 0.048828
0 0.258685 0.393886 0.048828 0.048828
0 0.196441 0.413965 0.048828 0.048828
0 0.182386 0.472194 0.048828 0.048828
0 0.161303 0.295500 0.048828 0.048828
0 0.187406 0.327626 0.048828 0.048828
0 0.246638 0.327626 0.048828 0.048828
0 0.317918 0.360756 0.048828 0.048828
0 0.331973 0.302527 0.048828 0.048828
0 0.291815 0.289476 0.048828 0.048828
0 0.188410 0.252330 0.048828 0.048828
0 0.250654 0.246307 0.048828 0.048828
0 0.291815 0.252330 0.048828 0.048828
0 0.378154 0.257350 0.048828 0.048828
0 0.385182 0.218196 0.048828 0.048828
0 0.308882 0.222212 0.048828 0.048828
0 0.258685 0.194102 0.048828 0.048828
0 0.317918 0.199122 0.048828 0.048828
0 0.232583 0.163984 0.048828 0.048828
0 0.177366 0.098727 0.048828 0.048828
0 0.217524 0.099731 0.048828 0.048828
0 0.283784 0.095716 0.048828 0.048828
0 0.341009 0.076641 0.048828 0.048828
0 0.374139 0.167999 0.048828 0.048828
0 0.430359 0.197114 0.048828 0.048828
0 0.451442 0.154948 0.048828 0.048828
0 0.480556 0.178039 0.048828 0.048828
0 0.426344 0.102743 0.048828 0.048828
0 0.400241 0.073629 0.048828 0.048828
0 0.448430 0.060578 0.048828 0.048828
0 0.492604 0.087684 0.048828 0.048828
0 0.513686 0.128846 0.048828 0.048828
0 0.560872 0.122822 0.048828 0.048828
0 0.549828 0.176031 0.048828 0.048828
0 0.539789 0.229240 0.048828 0.048828
0 0.598017 0.196110 0.048828 0.048828
0 0.644199 0.208157 0.048828 0.048828
0 0.689376 0.170007 0.048828 0.048828
0 0.627132 0.161976 0.048828 0.048828
0 0.681345 0.130854 0.048828 0.048828
0 0.618096 0.119810 0.048828 0.048828
0 0.584966 0.078649 0.048828 0.048828
0 0.545813 0.066601 0.048828 0.048828
0 0.489592 0.044515 0.048828 0.048828
0 0.536777 0.043511 0.048828 0.048828
0 0.582958 0.043511 0.048828 0.048828
0 0.649218 0.047526 0.048828 0.048828
0 0.657250 0.075637 0.048828 0.048828
0 0.698412 0.049534 0.048828 0.048828
0 0.721502 0.104751 0.048828 0.048828
0 0.754632 0.033471 0.048828 0.048828
0 0.363095 0.018412 0.048828 0.048828
0 0.047858 0.956093 0.048828 0.048828
0 0.043842 0.830600 0.048828 0.048828
0 0.041834 0.874774 0.048828 0.048828
0 0.037818 0.781407 0.048828 0.048828
0 0.058901 0.739242 0.048828 0.048828
0 0.058901 0.695068 0.048828 0.048828
0 0.121146 0.717155 0.048828 0.048828
0 0.129177 0.647883 0.048828 0.048828
0 0.146244 0.604714 0.048828 0.048828
0 0.128173 0.568572 0.048828 0.048828
0 0.077976 0.585639 0.048828 0.048828
0 0.070948 0.654911 0.048828 0.048828
0 0.024767 0.527410 0.048828 0.048828
0 0.068941 0.543473 0.048828 0.048828
0 0.130181 0.526406 0.048828 0.048828
0 0.052878 0.482233 0.048828 0.048828
0 0.081992 0.449103 0.048828 0.048828
0 0.028783 0.439063 0.048828 0.048828
0 0.167327 0.043511 0.048828 0.048828
0 0.150260 0.022428 0.048828 0.048828
0 0.223547 0.017408 0.048828 0.048828
0 0.268725 0.003353 0.048828 0.048828
0 0.294827 0.037487 0.048828 0.048828
0 0.234591 0.047526 0.048828 0.048828
0 0.135201 0.114791 0.048828 0.048828
0 0.125161 0.071621 0.048828 0.048828
0 0.074964 0.052546 0.048828 0.048828
0 0.049866 0.004357 0.048828 0.048828
0 0.061913 0.098727 0.048828 0.048828
0 0.096047 0.162980 0.048828 0.048828
0 0.152268 0.209161 0.048828 0.048828
0 0.095043 0.197114 0.048828 0.048828
0 0.140220 0.251326 0.048828 0.048828
0 0.050870 0.227232 0.048828 0.048828
0 0.062917 0.286464 0.048828 0.048828
0 0.029787 0.283453 0.048828 0.048828
0 0.002680 0.384851 0.048828 0.048828
0 0.042838 0.349713 0.048828 0.048828
0 0.069945 0.399910 0.048828 0.048828
0 0.110102 0.356740 0.048828 0.048828
0 0.120142 0.412961 0.048828 0.048828
0 0.145240 0.379831 0.048828 0.048828
0 0.134197 0.318591 0.048828 0.048828
0 0.020751 0.178039 0.048828 0.048828