0 0.000674 0.004805 0.048828 0.048828
0 0.273077 0.048978 0.048828 0.048828
0 0.211725 0.048978 0.048828 0.048828
0 0.167552 0.120147 0.048828 0.048828
0 0.152827 0.176590 0.048828 0.048828
0 0.087794 0.194996 0.048828 0.048828
0 0.031350 0.158185 0.048828 0.048828
0 0.042394 0.112784 0.048828 0.048828
0 0.086567 0.060022 0.048828 0.048828
0 0.050983 0.063703 0.048828 0.048828
0 0.008036 0.056340 0.048828 0.048828
0 0.091475 0.250213 0.048828 0.048828
0 0.043621 0.310338 0.048828 0.048828
0 0.077978 0.328743 0.048828 0.048828
0 0.107427 0.356965 0.048828 0.048828
0 0.016626 0.336105 0.048828 0.048828
0 0.211283 0.974485 0.048828 0.048828
0 0.125650 0.963217 0.048828 0.048828
0 0.134664 0.931668 0.048828 0.048828
0 0.183114 0.929414 0.048828 0.048828
0 0.200016 0.882090 0.048828 0.048828
0 0.265368 0.785189 0.048828 0.048828
0 0.255227 0.726598 0.048828 0.048828
0 0.225931 0.668006 0.048828 0.048828
0 0.206776 0.617302 0.048828 0.048828
0 0.152692 0.576739 0.048828 0.048828
0 0.154945 0.535049 0.048828 0.048828
0 0.101988 0.549697 0.048828 0.048828
0 0.156072 0.620683 0.048828 0.048828
0 0.122269 0.611669 0.048828 0.048828
0 0.083960 0.585753 0.048828 0.048828
0 0.153819 0.668006 0.048828 0.048828
0 0.090720 0.661246 0.048828 0.048828
0 0.038889 0.624063 0.048828 0.048828
0 0.115509 0.702936 0.048828 0.048828
0 0.195509 0.727725 0.048828 0.048828
0 0.141424 0.762654 0.048828 0.048828
0 0.091847 0.760401 0.048828 0.048828
0 0.038889 0.736739 0.048828 0.048828
0 0.051284 0.781809 0.048828 0.048828
0 0.134664 0.825753 0.048828 0.048828
0 0.183114 0.808851 0.048828 0.048828
0 0.212410 0.775048 0.048828 0.048828
0 0.216917 0.842654 0.048828 0.048828
0 0.123396 0.883217 0.048828 0.048828
0 0.085086 0.862936 0.048828 0.048828
0 0.034382 0.839274 0.048828 0.048828
0 0.081706 0.915893 0.048828 0.048828
0 0.020861 0.888851 0.048828 0.048828
0 0.008467 0.950823 0.048828 0.048828
0 0.001706 0.802091 0.048828 0.048828
0 0.012974 0.681528 0.048828 0.048828
0 0.116636 0.483218 0.048828 0.048828
0 0.113255 0.426880 0.048828 0.048828
0 0.088467 0.450542 0.048828 0.048828
0 0.077199 0.377303 0.048828 0.048828
0 0.032129 0.370542 0.048828 0.048828
0 0.044523 0.420120 0.048828 0.048828
0 0.041143 0.458430 0.048828 0.048828
0 0.024241 0.549697 0.048828 0.048828
0 0.005087 0.588007 0.048828 0.048828
0 0.583518 0.033027 0.048828 0.048828
0 0.625237 0.020756 0.048828 0.048828
0 0.675546 0.028119 0.048828 0.048828
0 0.665729 0.061249 0.048828 0.048828
0 0.631372 0.090698 0.048828 0.048828
0 0.595788 0.105422 0.048828 0.048828
0 0.570020 0.101741 0.048828 0.048828
0 0.469403 0.084562 0.048828 0.048828
0 0.436273 0.075973 0.048828 0.048828
0 0.453452 0.023210 0.048828 0.048828
0 0.495171 0.166774 0.048828 0.048828
0 0.470630 0.234261 0.048828 0.048828
0 0.452225 0.215856 0.048828 0.048828
0 0.421549 0.235488 0.048828 0.048828
0 0.406824 0.267391 0.048828 0.048828
0 0.318477 0.272299 0.048828 0.048828
0 0.344245 0.280889 0.048828 0.048828
0 0.290255 0.310338 0.048828 0.048828
0 0.356516 0.328743 0.048828 0.048828
0 0.397008 0.316473 0.048828 0.048828
0 0.419095 0.323835 0.048828 0.048828
0 0.475538 0.295613 0.048828 0.048828
0 0.464495 0.371690 0.048828 0.048828
0 0.568793 0.356965 0.048828 0.048828
0 0.425230 0.393776 0.048828 0.048828
0 0.397008 0.361873 0.048828 0.048828
0 0.363878 0.457582 0.048828 0.048828
0 0.331975 0.421998 0.048828 0.048828
0 0.285347 0.424452 0.048828 0.048828
0 0.291482 0.376598 0.048828 0.048828
0 0.290255 0.471080 0.048828 0.048828
0 0.214179 0.434268 0.048828 0.048828
0 0.190865 0.506664 0.048828 0.048828
0 0.262034 0.577832 0.048828 0.048828
0 0.292710 0.542248 0.048828 0.048828
0 0.374921 0.498075 0.048828 0.048828
0 0.433819 0.464944 0.048828 0.048828
0 0.481674 0.444085 0.048828 0.048828
0 0.516031 0.385187 0.048828 0.048828
0 0.425230 0.511572 0.048828 0.048828
0 0.383510 0.542248 0.048828 0.048828
0 0.347926 0.587648 0.048828 0.048828
0 0.430138 0.553291 0.048828 0.048828
0 0.453452 0.592557 0.048828 0.048828
0 0.420322 0.630595 0.048828 0.048828
0 0.374921 0.633049 0.048828 0.048828
0 0.347926 0.660044 0.048828 0.048828
0 0.241174 0.628141 0.048828 0.048828
0 0.206817 0.566789 0.048828 0.048828
0 0.156508 0.391322 0.048828 0.048828
0 0.231358 0.194996 0.048828 0.048828
0 0.318477 0.741028 0.048828 0.048828
0 0.363878 0.738574 0.048828 0.048828
0 0.412959 0.723850 0.048828 0.048828
0 0.450998 0.666179 0.048828 0.048828
0 0.388419 0.684584 0.048828 0.048828
0 0.433819 0.776612 0.048828 0.048828
0 0.432592 0.812197 0.048828 0.048828
0 0.377375 0.807288 0.048828 0.048828
0 0.394554 0.852689 0.048828 0.048828
0 0.421549 0.887046 0.048828 0.048828
0 0.349153 0.858824 0.048828 0.048828
0 0.339337 0.926311 0.048828 0.048828
0 0.346699 0.972939 0.048828 0.048828
0 0.358970 0.895635 0.048828 0.048828
0 0.412959 0.965576 0.048828 0.048828
0 0.309888 0.974166 0.048828 0.048828
0 0.346699 0.785202 0.048828 0.048828
0 0.239452 0.932794 0.048828 0.048828
0 0.264241 0.903499 0.048828 0.048828
0 0.319452 0.861809 0.048828 0.048828