0 0.230678 0.097835 0.048828 0.048828
0 0.177915 0.116241 0.048828 0.048828
0 0.179142 0.052435 0.048828 0.048828
0 0.085887 0.134646 0.048828 0.048828
0 0.093249 0.089246 0.048828 0.048828
0 0.104293 0.034029 0.048828 0.048828
0 0.050303 0.094154 0.048828 0.048828
0 0.061346 0.059797 0.048828 0.048828
0 0.019627 0.063478 0.048828 0.048828
0 0.013492 0.002126 0.048828 0.048828
0 0.045395 0.003353 0.048828 0.048828
0 0.244175 0.011942 0.048828 0.048828
0 0.265035 0.155506 0.048828 0.048828
0 0.181596 0.153052 0.048828 0.048828
0 0.215953 0.166549 0.048828 0.048828
0 0.244175 0.210723 0.048828 0.048828
0 0.241721 0.243853 0.048828 0.048828
0 0.195093 0.265939 0.048828 0.048828
0 0.173007 0.195998 0.048828 0.048828
0 0.141104 0.221766 0.048828 0.048828
0 0.119017 0.273302 0.048828 0.048828
0 0.084660 0.236490 0.048828 0.048828
0 0.074844 0.195998 0.048828 0.048828
0 0.117790 0.156733 0.048828 0.048828
0 0.040486 0.226674 0.048828 0.048828
0 0.057665 0.279437 0.048828 0.048828
0 0.095703 0.316248 0.048828 0.048828
0 0.040486 0.333427 0.048828 0.048828
0 0.058892 0.380054 0.048828 0.048828
0 0.002448 0.478217 0.048828 0.048828
0 0.142331 0.465947 0.048828 0.048828
0 0.170553 0.529753 0.048828 0.048828
0 0.379149 0.062251 0.048828 0.048828
0 0.290802 0.057343 0.048828 0.048828
0 0.319024 0.027894 0.048828 0.048828
0 0.352154 0.002126 0.048828 0.048828
0 0.343565 0.103970 0.048828 0.048828
0 0.354608 0.148144 0.048828 0.048828
0 0.402463 0.116241 0.048828 0.048828
0 0.446636 0.080657 0.048828 0.048828
0 0.438047 0.146917 0.048828 0.048828
0 0.489583 0.133419 0.048828 0.048828
0 0.468723 0.187409 0.048828 0.048828
0 0.537437 0.194771 0.048828 0.048828
0 0.411052 0.241399 0.048828 0.048828
0 0.504307 0.224220 0.048828 0.048828
0 0.477312 0.247534 0.048828 0.048828
0 0.452772 0.296615 0.048828 0.048828
0 0.320251 0.192317 0.048828 0.048828
0 0.322705 0.226674 0.048828 0.048828
0 0.316570 0.334654 0.048828 0.048828
0 0.403690 0.332200 0.048828 0.048828
0 0.390193 0.281891 0.048828 0.048828
0 0.444182 0.407049 0.048828 0.048828
0 0.509215 0.365330 0.048828 0.048828
0 0.354608 0.446314 0.048828 0.048828
0 0.299392 0.421773 0.048828 0.048828
0 0.267489 0.334654 0.048828 0.048828
0 0.236813 0.289253 0.048828 0.048828
0 0.177915 0.369011 0.048828 0.048828
0 0.233132 0.388643 0.048828 0.048828
0 0.268716 0.391097 0.048828 0.048828
0 0.224542 0.328518 0.048828 0.048828
0 0.141104 0.329745 0.048828 0.048828
0 0.120244 0.372692 0.048828 0.048828
0 0.101838 0.425454 0.048828 0.048828
0 0.190185 0.440179 0.048828 0.048828
0 0.268716 0.472082 0.048828 0.048828
0 0.321478 0.507666 0.048828 0.048828
0 0.347246 0.532207 0.048828 0.048828
0 0.393874 0.556748 0.048828 0.048828
0 0.390193 0.478217 0.048828 0.048828
0 0.460134 0.486806 0.048828 0.048828
0 0.439274 0.560429 0.048828 0.048828
0 0.487129 0.588651 0.048828 0.048828
0 0.539891 0.597240 0.048828 0.048828
0 0.444182 0.678225 0.048828 0.048828
0 0.390193 0.630370 0.048828 0.048828
0 0.347246 0.625462 0.048828 0.048828
0 0.311662 0.570245 0.048828 0.048828
0 0.278532 0.542023 0.048828 0.048828
0 0.284667 0.518709 0.048828 0.048828
0 0.295711 0.626689 0.048828 0.048828
0 0.200002 0.615646 0.048828 0.048828
0 0.155828 0.615646 0.048828 0.048828
0 0.142331 0.634051 0.048828 0.048828
0 0.109201 0.604602 0.048828 0.048828
0 0.233132 0.604602 0.048828 0.048828
0 0.319024 0.586197 0.048828 0.048828
0 0.249083 0.510120 0.048828 0.048828
0 0.120244 0.674543 0.048828 0.048828
0 0.168099 0.723625 0.048828 0.048828
0 0.222088 0.750620 0.048828 0.048828
0 0.256445 0.783750 0.048828 0.048828
0 0.241721 0.832831 0.048828 0.048828
0 0.283440 0.820561 0.048828 0.048828
0 0.301846 0.761663 0.048828 0.048828
0 0.331295 0.782523 0.048828 0.048828
0 0.333749 0.827923 0.048828 0.048828
0 0.323933 0.861053 0.048828 0.048828
0 0.289575 0.890502 0.048828 0.048828
0 0.253991 0.905227 0.048828 0.048828
0 0.228223 0.901546 0.048828 0.048828
0 0.127606 0.884367 0.048828 0.048828
0 0.094476 0.875778 0.048828 0.048828
0 0.111655 0.823015 0.048828 0.048828
0 0.125152 0.756755 0.048828 0.048828
0 0.153374 0.966579 0.048828 0.048828
0 0.061346 0.791112 0.048828 0.048828
0 0.082206 0.718717 0.048828 0.048828
0 0.051530 0.632824 0.048828 0.048828
0 0.006129 0.683133 0.048828 0.048828