0 0.057291 0.923821 0.048828 0.048828
0 0.073298 0.768118 0.048828 0.048828
0 0.287413 0.979098 0.048828 0.048828
0 0.306850 0.952373 0.048828 0.048828
0 0.265547 0.919575 0.048828 0.048828
0 0.197520 0.907427 0.048828 0.048828
0 0.168366 0.874628 0.048828 0.048828
0 0.146500 0.827252 0.048828 0.048828
0 0.201165 0.827252 0.048828 0.048828
0 0.240037 0.855192 0.048828 0.048828
0 0.146500 0.753151 0.048828 0.048828
0 0.225460 0.750722 0.048828 0.048828
0 0.195091 0.721567 0.048828 0.048828
0 0.219386 0.687554 0.048828 0.048828
0 0.153789 0.685124 0.048828 0.048828
0 0.117346 0.711849 0.048828 0.048828
0 0.111272 0.682695 0.048828 0.048828
0 0.112487 0.621956 0.048828 0.048828
0 0.201165 0.651111 0.048828 0.048828
0 0.247326 0.663259 0.048828 0.048828
0 0.057822 0.601305 0.048828 0.048828
0 0.008016 0.626815 0.048828 0.048828
0 0.073614 0.567292 0.048828 0.048828
0 0.106413 0.561218 0.048828 0.048828
0 0.125849 0.539352 0.048828 0.048828
0 0.042030 0.527204 0.048828 0.048828
0 0.094265 0.506553 0.048828 0.048828
0 0.247326 0.804172 0.048828 0.048828
0 0.274051 0.817534 0.048828 0.048828
0 0.316568 0.811460 0.048828 0.048828
0 0.310494 0.862481 0.048828 0.048828
0 0.353011 0.858836 0.048828 0.048828
0 0.304420 0.898924 0.048828 0.048828
0 0.342078 0.913501 0.048828 0.048828
0 0.380950 0.879487 0.048828 0.048828
0 0.447763 0.855192 0.048828 0.048828
0 0.410105 0.819964 0.048828 0.048828
0 0.370017 0.782306 0.048828 0.048828
0 0.345722 0.741004 0.048828 0.048828
0 0.310494 0.762870 0.048828 0.048828
0 0.295917 0.730071 0.048828 0.048828
0 0.291058 0.693628 0.048828 0.048828
0 0.329930 0.680265 0.048828 0.048828
0 0.353011 0.697272 0.048828 0.048828
0 0.389454 0.706990 0.048828 0.048828
0 0.423467 0.775017 0.048828 0.048828
0 0.433185 0.711849 0.048828 0.048828
0 0.444118 0.669332 0.048828 0.048828
0 0.388239 0.658399 0.048828 0.048828
0 0.315353 0.649896 0.048828 0.048828
0 0.402816 0.620742 0.048828 0.048828
0 0.342078 0.608594 0.048828 0.048828
0 0.283769 0.606164 0.048828 0.048828
0 0.242467 0.602520 0.048828 0.048828
0 0.169581 0.611023 0.048828 0.048828
0 0.214527 0.580654 0.048828 0.048828
0 0.404031 0.572151 0.048828 0.048828
0 0.391883 0.532064 0.048828 0.048828
0 0.355440 0.536923 0.048828 0.048828
0 0.351796 0.557574 0.048828 0.048828
0 0.320212 0.545426 0.048828 0.048828
0 0.272836 0.573366 0.048828 0.048828
0 0.235178 0.546641 0.048828 0.048828
0 0.288628 0.528419 0.048828 0.048828
0 0.332360 0.506553 0.048828 0.048828
0 0.242467 0.501694 0.048828 0.048828
0 0.197520 0.510198 0.048828 0.048828
0 0.123419 0.496835 0.048828 0.048828
0 0.150144 0.552715 0.048828 0.048828
0 0.372798 0.977512 0.048828 0.048828
0 0.405928 0.932335 0.048828 0.048828
0 0.411952 0.987552 0.048828 0.048828
0 0.449098 0.964461 0.048828 0.048828
0 0.488252 0.957433 0.048828 0.048828
0 0.489256 0.919284 0.048828 0.048828
0 0.530417 0.898201 0.048828 0.048828
0 0.580614 0.892177 0.048828 0.048828
0 0.474196 0.885150 0.048828 0.048828
0 0.476204 0.830937 0.048828 0.048828
0 0.524393 0.819893 0.048828 0.048828
0 0.472189 0.785759 0.048828 0.048828
0 0.499295 0.752629 0.048828 0.048828
0 0.521382 0.764677 0.048828 0.048828
0 0.555516 0.784755 0.048828 0.048828
0 0.543468 0.736566 0.048828 0.048828
0 0.507327 0.691389 0.048828 0.048828
0 0.554512 0.660267 0.048828 0.048828
0 0.467169 0.735562 0.048828 0.048828
0 0.592661 0.688377 0.048828 0.048828
0 0.618764 0.716487 0.048828 0.048828
0 0.616756 0.654243 0.048828 0.048828
0 0.653902 0.690385 0.048828 0.048828
0 0.673981 0.660267 0.048828 0.048828
0 0.720162 0.658259 0.048828 0.048828
0 0.710123 0.693397 0.048828 0.048828
0 0.741245 0.688377 0.048828 0.048828
0 0.793450 0.690385 0.048828 0.048828
0 0.857702 0.694401 0.048828 0.048828
0 0.911915 0.691389 0.048828 0.048828
0 0.946049 0.738574 0.048828 0.048828
0 0.867741 0.739578 0.048828 0.048828
0 0.808509 0.726527 0.048828 0.048828
0 0.760320 0.757649 0.048828 0.048828
0 0.727190 0.716487 0.048828 0.048828
0 0.727190 0.760661 0.048828 0.048828
0 0.666953 0.729539 0.048828 0.048828
0 0.608725 0.753633 0.048828 0.048828
0 0.622780 0.790779 0.048828 0.048828
0 0.654906 0.805838 0.048828 0.048828
0 0.693056 0.784755 0.048828 0.048828
0 0.730201 0.794795 0.048828 0.048828
0 0.775379 0.800819 0.048828 0.048828
0 0.832603 0.782748 0.048828 0.048828
0 0.895852 0.786763 0.048828 0.048828
0 0.957092 0.791783 0.048828 0.048828
0 0.937013 0.855031 0.048828 0.048828
0 0.904887 0.829933 0.048828 0.048828
0 0.973155 0.931331 0.048828 0.048828
0 0.948057 0.913260 0.048828 0.048828
0 0.911915 0.891173 0.048828 0.048828
0 0.840635 0.884146 0.048828 0.048828
0 0.817544 0.840976 0.048828 0.048828
0 0.752288 0.837964 0.048828 0.048828
0 0.792446 0.879126 0.048828 0.048828
0 0.758312 0.877118 0.048828 0.048828
0 0.698075 0.898201 0.048828 0.048828
0 0.708115 0.828929 0.048828 0.048828
0 0.645870 0.834953 0.048828 0.048828
0 0.595673 0.847000 0.048828 0.048828
0 0.677996 0.860051 0.048828 0.048828
0 0.663941 0.905228 0.048828 0.048828
0 0.623784 0.886153 0.048828 0.048828
0 0.557524 0.983536 0.048828 0.048828
0 0.595673 0.983536 0.048828 0.048828
0 0.568567 0.933339 0.048828 0.048828
0 0.645870 0.951410 0.048828 0.048828
0 0.699079 0.945386 0.048828 0.048828
0 0.734217 0.930327 0.048828 0.048828
0 0.781402 0.926311 0.048828 0.048828
0 0.819552 0.934343 0.048828 0.048828
0 0.872761 0.932335 0.048828 0.048828
0 0.921954 0.942374 0.048828 0.048828
0 0.996246 0.996587 0.048828 0.048828
0 0.950064 0.979520 0.048828 0.048828
0 0.885812 0.980524 0.048828 0.048828
0 0.804493 0.967473 0.048828 0.048828
0 0.752288 0.965465 0.048828 0.048828
0 0.693056 0.981528 0.048828 0.048828
0 0.986206 0.246643 0.048828 0.048828
0 0.967131 0.207489 0.048828 0.048828
0 0.957092 0.155284 0.048828 0.048828
0 0.963116 0.109103 0.048828 0.048828
0 0.995242 0.062922 0.048828 0.048828
0 0.960104 0.018748 0.048828 0.048828
0 0.912919 0.030796 0.048828 0.048828
0 0.889828 0.117135 0.048828 0.048828
0 0.916934 0.151269 0.048828 0.048828
0 0.894848 0.203474 0.048828 0.048828
0 0.904887 0.253671 0.048828 0.048828
0 0.900871 0.291820 0.048828 0.048828
0 0.949061 0.314911 0.048828 0.048828
0 0.995242 0.346033 0.048828 0.048828
0 0.963116 0.379163 0.048828 0.048828
0 0.889828 0.361092 0.048828 0.048828
0 0.896856 0.399242 0.048828 0.048828
0 0.968135 0.435384 0.048828 0.048828
0 0.998254 0.482569 0.048828 0.048828
0 0.942033 0.464498 0.048828 0.048828
0 0.953076 0.515699 0.048828 0.048828
0 0.991226 0.626133 0.048828 0.048828
0 0.912919 0.614085 0.048828 0.048828
0 0.902879 0.557865 0.048828 0.048828
0 0.887820 0.516703 0.048828 0.048828
0 0.948057 0.648219 0.048828 0.048828
0 0.831599 0.642196 0.048828 0.048828
0 0.841639 0.588987 0.048828 0.048828
0 0.833607 0.543810 0.048828 0.048828
0 0.797465 0.577944 0.048828 0.048828
0 0.772367 0.632156 0.048828 0.048828
0 0.719158 0.613082 0.048828 0.048828
0 0.745261 0.589991 0.048828 0.048828
0 0.758312 0.549833 0.048828 0.048828
0 0.792446 0.515699 0.048828 0.048828
0 0.780398 0.457471 0.048828 0.048828
0 0.734217 0.505660 0.048828 0.048828
0 0.697071 0.571920 0.048828 0.048828
0 0.696067 0.495620 0.048828 0.048828
0 0.696067 0.468514 0.048828 0.048828
0 0.737229 0.439400 0.048828 0.048828
0 0.798469 0.423337 0.048828 0.048828
0 0.740241 0.387195 0.048828 0.048828
0 0.709119 0.360088 0.048828 0.048828
0 0.756304 0.341014 0.048828 0.048828
0 0.791442 0.373140 0.048828 0.048828
0 0.829592 0.387195 0.048828 0.048828
0 0.816540 0.341014 0.048828 0.048828
0 0.783410 0.312903 0.048828 0.048828
0 0.712130 0.283789 0.048828 0.048828
0 0.759316 0.259694 0.048828 0.048828
0 0.799473 0.264714 0.048828 0.048828
0 0.846659 0.267726 0.048828 0.048828
0 0.588646 0.633160 0.048828 0.048828
0 0.631815 0.622117 0.048828 0.048828
0 0.673981 0.595011 0.048828 0.048828
0 0.603705 0.593003 0.048828 0.048828
0 0.633823 0.564892 0.048828 0.048828
0 0.688036 0.538790 0.048828 0.048828
0 0.539453 0.626133 0.048828 0.048828
0 0.507327 0.648219 0.048828 0.048828
0 0.469177 0.585975 0.048828 0.048828
0 0.554512 0.586979 0.048828 0.048828
0 0.484236 0.559873 0.048828 0.048828
0 0.551500 0.532766 0.048828 0.048828
0 0.592661 0.556861 0.048828 0.048828
0 0.593665 0.512687 0.048828 0.048828
0 0.507327 0.511683 0.048828 0.048828
0 0.467169 0.507668 0.048828 0.048828
0 0.440062 0.535778 0.048828 0.048828
0 0.425003 0.493613 0.048828 0.048828
0 0.290475 0.477550 0.048828 0.048828
0 0.400909 0.447431 0.048828 0.048828
0 0.461145 0.447431 0.048828 0.048828
0 0.516362 0.460483 0.048828 0.048828
0 0.572583 0.468514 0.048828 0.048828
0 0.541460 0.417313 0.048828 0.048828
0 0.628803 0.432372 0.048828 0.048828
0 0.625792 0.479557 0.048828 0.048828
0 0.658922 0.462490 0.048828 0.048828
0 0.679000 0.409282 0.048828 0.048828
0 0.656914 0.379163 0.048828 0.048828
0 0.664945 0.320935 0.048828 0.048828
0 0.606717 0.338002 0.048828 0.048828
0 0.588646 0.390207 0.048828 0.048828
0 0.581618 0.296840 0.048828 0.048828
0 0.551500 0.334990 0.048828 0.048828
0 0.503311 0.371132 0.048828 0.048828
0 0.472189 0.401250 0.048828 0.048828
0 0.441066 0.367116 0.048828 0.048828
0 0.459137 0.335994 0.048828 0.048828
0 0.425003 0.417313 0.048828 0.048828
0 0.398901 0.381171 0.048828 0.048828
0 0.410948 0.333986 0.048828 0.048828
0 0.361755 0.416309 0.048828 0.048828
0 0.324609 0.467510 0.048828 0.048828
0 0.311558 0.432372 0.048828 0.048828
0 0.271400 0.413297 0.048828 0.048828
0 0.322601 0.370128 0.048828 0.048828
0 0.240278 0.368120 0.048828 0.048828
0 0.264373 0.456467 0.048828 0.048828
0 0.226223 0.458475 0.048828 0.048828
0 0.218191 0.410285 0.048828 0.048828
0 0.175022 0.461486 0.048828 0.048828
0 0.172010 0.429360 0.048828 0.048828
0 0.106754 0.431368 0.048828 0.048828
0 0.124825 0.406270 0.048828 0.048828
0 0.022423 0.491605 0.048828 0.048828
0 0.059569 0.433376 0.048828 0.048828
0 0.093703 0.382175 0.048828 0.048828
0 0.104746 0.346033 0.048828 0.048828
0 0.167994 0.354065 0.048828 0.048828
0 0.216184 0.361092 0.048828 0.048828
0 0.041498 0.391211 0.048828 0.048828
0 0.008368 0.405266 0.048828 0.048828
0 0.013388 0.347037 0.048828 0.048828
0 0.041498 0.279773 0.048828 0.048828
0 0.057561 0.347037 0.048828 0.048828
0 0.095711 0.290816 0.048828 0.048828
0 0.109766 0.260698 0.048828 0.048828
0 0.153939 0.254675 0.048828 0.048828
0 0.142896 0.295836 0.048828 0.048828
0 0.176026 0.298848 0.048828 0.048828
0 0.239274 0.319931 0.048828 0.048828
0 0.220199 0.274753 0.048828 0.048828
0 0.276420 0.288809 0.048828 0.048828
0 0.277424 0.326958 0.048828 0.048828
0 0.332641 0.291820 0.048828 0.048828
0 0.368783 0.324950 0.048828 0.048828
0 0.431027 0.300856 0.048828 0.048828
0 0.472189 0.285797 0.048828 0.048828
0 0.533429 0.299852 0.048828 0.048828
0 0.631815 0.270738 0.048828 0.048828
0 0.792446 0.220541 0.048828 0.048828
0 0.844651 0.224556 0.048828 0.048828
0 0.847663 0.156288 0.048828 0.048828
0 0.795458 0.168336 0.048828 0.048828
0 0.755300 0.179379 0.048828 0.048828
0 0.676993 0.231584 0.048828 0.048828
0 0.635831 0.217529 0.048828 0.048828
0 0.588646 0.241623 0.048828 0.048828
0 0.555516 0.264714 0.048828 0.048828
0 0.514354 0.253671 0.048828 0.048828
0 0.573587 0.196446 0.048828 0.048828
0 0.542464 0.209497 0.048828 0.048828
0 0.496283 0.203474 0.048828 0.048828
0 0.475200 0.223552 0.048828 0.048828
0 0.448094 0.241623 0.048828 0.048828
0 0.388861 0.263710 0.048828 0.048828
0 0.357739 0.240619 0.048828 0.048828
0 0.369787 0.216525 0.048828 0.048828
0 0.413960 0.212509 0.048828 0.048828
0 0.302523 0.243631 0.048828 0.048828
0 0.245298 0.236604 0.048828 0.048828
0 0.193093 0.221545 0.048828 0.048828
0 0.208152 0.193434 0.048828 0.048828
0 0.266381 0.212509 0.048828 0.048828
0 0.312562 0.203474 0.048828 0.048828
0 0.263369 0.163316 0.048828 0.048828
0 0.316578 0.159300 0.048828 0.048828
0 0.355731 0.158296 0.048828 0.048828
0 0.410948 0.158296 0.048828 0.048828
0 0.457129 0.176367 0.048828 0.048828
0 0.016399 0.203474 0.048828 0.048828
0 0.032462 0.127174 0.048828 0.048828
0 0.036478 0.178375 0.048828 0.048828
0 0.161971 0.179379 0.048828 0.048828
0 0.176026 0.152273 0.048828 0.048828
0 0.168998 0.076977 0.048828 0.048828
0 0.197109 0.048867 0.048828 0.048828
0 0.218191 0.118139 0.048828 0.048828
0 0.223211 0.088020 0.048828 0.048828
0 0.261361 0.120147 0.048828 0.048828
0 0.272404 0.092036 0.048828 0.048828
0 0.318586 0.104083 0.048828 0.048828
0 0.315574 0.059910 0.048828 0.048828
0 0.342680 0.077981 0.048828 0.048828
0 0.388861 0.111111 0.048828 0.048828
0 0.417976 0.069949 0.048828 0.048828
0 0.431027 0.112115 0.048828 0.048828
0 0.470181 0.097056 0.048828 0.048828
0 0.515358 0.083001 0.048828 0.048828
0 0.543468 0.105087 0.048828 0.048828
0 0.558527 0.056898 0.048828 0.048828
0 0.597681 0.100068 0.048828 0.048828
0 0.584630 0.140225 0.048828 0.048828
0 0.520378 0.136210 0.048828 0.048828
0 0.664945 0.106091 0.048828 0.048828
0 0.693056 0.098060 0.048828 0.048828
0 0.702091 0.124162 0.048828 0.048828
0 0.702091 0.162312 0.048828 0.048828
0 0.758312 0.112115 0.048828 0.048828
0 0.739237 0.097056 0.048828 0.048828
0 0.757308 0.054890 0.048828 0.048828
0 0.751284 0.021760 0.048828 0.048828
0 0.709119 0.051879 0.048828 0.048828
0 0.638843 0.054890 0.048828 0.048828
0 0.660929 0.033808 0.048828 0.048828
0 0.679000 0.001681 0.048828 0.048828
0 0.598685 0.007705 0.048828 0.048828
0 0.527405 0.013729 0.048828 0.048828
0 0.483232 0.034812 0.048828 0.048828
0 0.440062 0.027784 0.048828 0.048828
0 0.379826 0.021760 0.048828 0.048828
0 0.336657 0.019752 0.048828 0.048828
0 0.249314 0.033808 0.048828 0.048828
0 0.796462 0.103080 0.048828 0.048828
0 0.793450 0.054890 0.048828 0.048828
0 0.843647 0.030796 0.048828 0.048828
0 0.841639 0.074969 0.048828 0.048828
0 0.798469 0.004693 0.048828 0.048828
0 0.139884 0.021760 0.048828 0.048828
0 0.036478 0.009713 0.048828 0.048828