0 0.051055 0.647254 0.048828 0.048828
0 0.040828 0.685096 0.048828 0.048828
0 0.082760 0.690209 0.048828 0.048828
0 0.023441 0.742369 0.048828 0.048828
0 0.010146 0.801687 0.048828 0.048828
0 0.064351 0.820096 0.048828 0.048828
0 0.078669 0.863051 0.048828 0.048828
0 0.107306 0.851801 0.048828 0.048828
0 0.142078 0.764869 0.048828 0.048828
0 0.124692 0.735210 0.048828 0.048828
0 0.313898 0.824187 0.048828 0.048828
0 0.235147 0.415094 0.048828 0.048828
0 0.277079 0.449867 0.048828 0.048828
0 0.379353 0.441685 0.048828 0.048828
0 0.373216 0.394639 0.048828 0.048828
0 0.417194 0.414071 0.048828 0.048828
0 0.446853 0.445776 0.048828 0.048828
0 0.458103 0.377253 0.048828 0.048828
0 0.504126 0.394639 0.048828 0.048828
0 0.285261 0.502026 0.048828 0.048828
0 0.287307 0.367025 0.048828 0.048828
0 0.275034 0.322025 0.048828 0.048828
0 0.174806 0.399753 0.048828 0.048828
0 0.156397 0.357821 0.048828 0.048828
0 0.123669 0.310775 0.048828 0.048828
0 0.357875 0.360889 0.048828 0.048828
0 0.389580 0.339412 0.048828 0.048828
0 0.432535 0.328162 0.048828 0.048828
0 0.255602 0.266798 0.048828 0.048828
0 0.241284 0.219752 0.048828 0.048828
0 0.164579 0.240207 0.048828 0.048828
0 0.184011 0.647254 0.048828 0.048828
0 0.169692 0.593050 0.048828 0.048828
0 0.144124 0.524526 0.048828 0.048828
0 0.091965 0.541913 0.048828 0.048828
0 0.099124 0.504072 0.048828 0.048828
0 0.103215 0.462140 0.048828 0.048828
0 0.108328 0.396685 0.048828 0.048828
0 0.066396 0.383389 0.048828 0.048828
0 0.064351 0.335321 0.048828 0.048828
0 0.058214 0.288275 0.048828 0.048828
0 0.014237 0.298502 0.048828 0.048828
0 0.068442 0.613504 0.048828 0.048828
0 0.043896 0.570549 0.048828 0.048828
0 0.014237 0.542936 0.048828 0.048828
0 0.032646 0.516345 0.048828 0.048828
0 0.001964 0.474412 0.048828 0.048828
0 0.058214 0.471344 0.048828 0.048828
0 0.000941 0.439640 0.048828 0.048828
0 0.032646 0.438617 0.048828 0.048828
0 0.067419 0.416117 0.048828 0.048828
0 0.007078 0.338389 0.048828 0.048828
0 0.005032 0.247366 0.048828 0.048828
0 0.037760 0.265775 0.048828 0.048828
0 0.026510 0.219752 0.048828 0.048828
0 0.000941 0.179865 0.048828 0.048828
0 0.029578 0.148161 0.048828 0.048828
0 0.010146 0.103160 0.048828 0.048828
0 0.014237 0.053046 0.048828 0.048828
0 0.096055 0.037705 0.048828 0.048828
0 0.171738 0.088842 0.048828 0.048828
0 0.187079 0.182933 0.048828 0.048828
0 0.184011 0.131797 0.048828 0.048828
0 0.248443 0.151229 0.048828 0.048828
0 0.292420 0.166570 0.048828 0.048828
0 0.007078 0.921347 0.048828 0.048828
0 0.021396 0.961234 0.048828 0.048828
0 0.087874 0.912142 0.048828 0.048828
0 0.142078 0.901915 0.048828 0.048828
0 0.147192 0.976575 0.048828 0.048828
0 0.197306 0.999075 0.048828 0.048828
0 0.201397 0.930552 0.048828 0.048828
0 0.251511 0.916233 0.048828 0.048828
0 0.188101 0.828278 0.048828 0.048828
0 0.199352 0.808846 0.048828 0.048828
0 0.178897 0.707596 0.048828 0.048828
0 0.257647 0.683050 0.048828 0.048828
0 0.380375 0.850778 0.048828 0.048828
0 0.260716 0.529640 0.048828 0.048828
0 0.289352 0.576686 0.048828 0.048828
0 0.448898 0.563390 0.048828 0.048828
0 0.435603 0.489753 0.048828 0.048828
0 0.541967 0.430435 0.048828 0.048828
0 0.569581 0.400776 0.048828 0.048828
0 0.541967 0.372139 0.048828 0.048828
0 0.493899 0.652368 0.048828 0.048828
0 0.470376 0.690209 0.048828 0.048828
0 0.310829 0.750551 0.048828 0.048828
0 0.104237 0.160433 0.048828 0.048828
0 0.196283 0.036683 0.048828 0.048828
0 0.214693 0.090887 0.048828 0.048828
0 0.231056 0.006001 0.048828 0.048828
0 0.277079 0.048955 0.048828 0.048828
0 0.312875 0.094978 0.048828 0.048828
0 0.346625 0.123615 0.048828 0.048828
0 0.413103 0.205434 0.048828 0.048828
0 0.436626 0.235093 0.048828 0.048828
0 0.377307 0.292366 0.048828 0.048828
0 0.489808 0.196229 0.048828 0.048828
0 0.431512 0.155320 0.048828 0.048828
0 0.342534 0.049978 0.048828 0.048828
0 0.478558 0.346571 0.048828 0.048828
0 0.526626 0.349639 0.048828 0.048828
0 0.518444 0.289298 0.048828 0.048828
0 0.504126 0.255548 0.048828 0.048828
0 0.452989 0.269866 0.048828 0.048828