0 0.977171 0.898532 0.048828 0.048828
0 0.999258 0.249986 0.048828 0.048828
0 0.992230 0.184730 0.048828 0.048828
0 0.983195 0.139553 0.048828 0.048828
0 0.929986 0.145576 0.048828 0.048828
0 0.922958 0.217860 0.048828 0.048828
0 0.917938 0.279101 0.048828 0.048828
0 0.874769 0.282112 0.048828 0.048828
0 0.976167 0.297171 0.048828 0.048828
0 0.913923 0.333313 0.048828 0.048828
0 0.864729 0.350380 0.048828 0.048828
0 0.866737 0.392546 0.048828 0.048828
0 0.930990 0.373471 0.048828 0.048828
0 0.972151 0.356404 0.048828 0.048828
0 0.992230 0.405597 0.048828 0.048828
0 0.957092 0.419652 0.048828 0.048828
0 0.918942 0.419652 0.048828 0.048828
0 0.895852 0.420656 0.048828 0.048828
0 0.996246 0.455794 0.048828 0.048828
0 0.967131 0.507999 0.048828 0.048828
0 0.948057 0.550165 0.048828 0.048828
0 0.983195 0.615421 0.048828 0.048828
0 0.950064 0.591326 0.048828 0.048828
0 0.966128 0.715815 0.048828 0.048828
0 0.905891 0.727862 0.048828 0.048828
0 0.932997 0.676661 0.048828 0.048828
0 0.874769 0.730874 0.048828 0.048828
0 0.861718 0.672645 0.048828 0.048828
0 0.899867 0.642527 0.048828 0.048828
0 0.890832 0.574259 0.048828 0.048828
0 0.878785 0.522054 0.048828 0.048828
0 0.903883 0.490932 0.048828 0.048828
0 0.931994 0.444751 0.048828 0.048828
0 0.989218 0.082328 0.048828 0.048828
0 0.943037 0.050202 0.048828 0.048828
0 0.929986 0.114454 0.048828 0.048828
0 0.967131 0.843315 0.048828 0.048828
0 0.950064 0.822233 0.048828 0.048828
0 0.951068 0.778059 0.048828 0.048828
0 0.909907 0.777055 0.048828 0.048828
0 0.999258 0.749949 0.048828 0.048828
0 0.935005 0.914595 0.048828 0.048828
0 0.924966 0.871426 0.048828 0.048828
0 0.874769 0.852351 0.048828 0.048828
0 0.849670 0.804162 0.048828 0.048828
0 0.861718 0.898532 0.048828 0.048828
0 0.895852 0.962784 0.048828 0.048828
0 0.894848 0.996918 0.048828 0.048828
0 0.820556 0.977843 0.048828 0.048828
0 0.793450 0.879457 0.048828 0.048828
0 0.773371 0.945717 0.048828 0.048828
0 0.697071 0.955757 0.048828 0.048828
0 0.745261 0.898532 0.048828 0.048828
0 0.643862 0.905560 0.048828 0.048828
0 0.691048 0.906564 0.048828 0.048828
0 0.665949 0.876445 0.048828 0.048828
0 0.634827 0.859378 0.048828 0.048828
0 0.721166 0.865402 0.048828 0.048828
0 0.788430 0.831268 0.048828 0.048828
0 0.747268 0.803158 0.048828 0.048828
0 0.796462 0.781071 0.048828 0.048828
0 0.815536 0.723846 0.048828 0.048828
0 0.838627 0.624456 0.048828 0.048828
0 0.806501 0.649555 0.048828 0.048828
0 0.777387 0.692724 0.048828 0.048828
0 0.750280 0.633492 0.048828 0.048828
0 0.793450 0.597350 0.048828 0.048828
0 0.828588 0.543137 0.048828 0.048828
0 0.746264 0.572251 0.048828 0.048828
0 0.698075 0.615421 0.048828 0.048828
0 0.697071 0.666622 0.048828 0.048828
0 0.722170 0.737902 0.048828 0.048828
0 0.655910 0.755973 0.048828 0.048828
0 0.687032 0.790107 0.048828 0.048828
0 0.643862 0.700756 0.048828 0.048828
0 0.633823 0.654574 0.048828 0.048828
0 0.618764 0.701760 0.048828 0.048828
0 0.578606 0.691720 0.048828 0.048828
0 0.595673 0.757980 0.048828 0.048828
0 0.623784 0.799142 0.048828 0.048828
0 0.645870 0.827252 0.048828 0.048828
0 0.581618 0.834280 0.048828 0.048828
0 0.535437 0.795126 0.048828 0.048828
0 0.537445 0.752961 0.048828 0.048828
0 0.517366 0.697744 0.048828 0.048828
0 0.488252 0.763000 0.048828 0.048828
0 0.468173 0.680677 0.048828 0.048828
0 0.430023 0.722842 0.048828 0.048828
0 0.432031 0.772036 0.048828 0.048828
0 0.390869 0.708787 0.048828 0.048828
0 0.380830 0.774043 0.048828 0.048828
0 0.375810 0.807174 0.048828 0.048828
0 0.374806 0.846327 0.048828 0.048828
0 0.457129 0.833276 0.048828 0.048828
0 0.427011 0.878453 0.048828 0.048828
0 0.485240 0.861386 0.048828 0.048828
0 0.536441 0.848335 0.048828 0.048828
0 0.551500 0.904556 0.048828 0.048828
0 0.512346 0.904556 0.048828 0.048828
0 0.475200 0.904556 0.048828 0.048828
0 0.417976 0.935678 0.048828 0.048828
0 0.447090 0.945717 0.048828 0.048828
0 0.470181 0.973828 0.048828 0.048828
0 0.522386 0.962784 0.048828 0.048828
0 0.591658 0.960776 0.048828 0.048828
0 0.634827 0.983867 0.048828 0.048828
0 0.425003 0.991899 0.048828 0.048828
0 0.335653 0.882469 0.048828 0.048828
0 0.302523 0.895520 0.048828 0.048828
0 0.349708 0.626464 0.048828 0.048828
0 0.425003 0.626464 0.048828 0.048828
0 0.368783 0.943709 0.048828 0.048828
0 0.312562 0.941702 0.048828 0.048828
0 0.303526 0.851347 0.048828 0.048828
0 0.283448 0.102407 0.048828 0.048828
0 0.310554 0.114454 0.048828 0.048828
0 0.243290 0.137545 0.048828 0.048828
0 0.285456 0.142565 0.048828 0.048828
0 0.264373 0.207821 0.048828 0.048828
0 0.296499 0.190754 0.048828 0.048828
0 0.287463 0.252998 0.048828 0.048828
0 0.313566 0.297171 0.048828 0.048828
0 0.347700 0.267053 0.048828 0.048828
0 0.343684 0.316246 0.048828 0.048828
0 0.367779 0.312231 0.048828 0.048828
0 0.357739 0.335321 0.048828 0.048828
0 0.349708 0.353392 0.048828 0.048828
0 0.368783 0.379495 0.048828 0.048828
0 0.390869 0.345361 0.048828 0.048828
0 0.410948 0.382506 0.048828 0.048828
0 0.371794 0.415637 0.048828 0.048828
0 0.386854 0.460814 0.048828 0.048828
0 0.342680 0.458806 0.048828 0.048828
0 0.353724 0.500972 0.048828 0.048828
0 0.401913 0.513019 0.048828 0.048828
0 0.391873 0.600362 0.048828 0.048828
0 0.359747 0.543137 0.048828 0.048828
0 0.320593 0.536109 0.048828 0.048828
0 0.276420 0.523058 0.048828 0.048828
0 0.298507 0.487920 0.048828 0.048828
0 0.430023 0.590322 0.048828 0.048828
0 0.457129 0.632488 0.048828 0.048828
0 0.509334 0.645539 0.048828 0.048828
0 0.571579 0.649555 0.048828 0.048828
0 0.514354 0.603373 0.048828 0.048828
0 0.555516 0.592330 0.048828 0.048828
0 0.600693 0.607389 0.048828 0.048828
0 0.657918 0.598354 0.048828 0.048828
0 0.670969 0.551169 0.048828 0.048828
0 0.596677 0.559200 0.048828 0.048828
0 0.545476 0.546149 0.048828 0.048828
0 0.522386 0.513019 0.048828 0.048828
0 0.500299 0.564220 0.048828 0.048828
0 0.448094 0.471857 0.048828 0.048828
0 0.474196 0.489928 0.048828 0.048828
0 0.521382 0.462822 0.048828 0.048828
0 0.569571 0.494948 0.048828 0.048828
0 0.623784 0.521050 0.048828 0.048828
0 0.623784 0.476877 0.048828 0.048828
0 0.622780 0.437723 0.048828 0.048828
0 0.571579 0.424672 0.048828 0.048828
0 0.533429 0.405597 0.048828 0.048828
0 0.476204 0.438727 0.048828 0.048828
0 0.431027 0.428688 0.048828 0.048828
0 0.427011 0.397566 0.048828 0.048828
0 0.449098 0.317250 0.048828 0.048828
0 0.499295 0.316246 0.048828 0.048828
0 0.542464 0.345361 0.048828 0.048828
0 0.600693 0.375479 0.048828 0.048828
0 0.638843 0.361424 0.048828 0.048828
0 0.771363 0.528078 0.048828 0.048828
0 0.822564 0.513019 0.048828 0.048828
0 0.847663 0.472861 0.048828 0.048828
0 0.787426 0.489928 0.048828 0.048828
0 0.783410 0.456798 0.048828 0.048828
0 0.822564 0.424672 0.048828 0.048828
0 0.746264 0.455794 0.048828 0.048828
0 0.710123 0.465834 0.048828 0.048828
0 0.717150 0.515027 0.048828 0.048828
0 0.654906 0.505991 0.048828 0.048828
0 0.684020 0.388530 0.048828 0.048828
0 0.729197 0.396562 0.048828 0.048828
0 0.755300 0.374475 0.048828 0.048828
0 0.789434 0.388530 0.048828 0.048828
0 0.796462 0.341345 0.048828 0.048828
0 0.818548 0.308215 0.048828 0.048828
0 0.863726 0.222880 0.048828 0.048828
0 0.864729 0.192762 0.048828 0.048828
0 0.835615 0.160636 0.048828 0.048828
0 0.871757 0.133529 0.048828 0.048828
0 0.871757 0.089356 0.048828 0.048828
0 0.818548 0.111442 0.048828 0.048828
0 0.748272 0.101403 0.048828 0.048828
0 0.782406 0.153608 0.048828 0.048828
0 0.755300 0.173687 0.048828 0.048828
0 0.779395 0.238943 0.048828 0.048828
0 0.775379 0.284120 0.048828 0.048828
0 0.764335 0.326286 0.048828 0.048828
0 0.724178 0.341345 0.048828 0.048828
0 0.682012 0.351384 0.048828 0.048828
0 0.661933 0.325282 0.048828 0.048828
0 0.700083 0.282112 0.048828 0.048828
0 0.728194 0.249986 0.048828 0.048828
0 0.699079 0.236935 0.048828 0.048828
0 0.713134 0.191758 0.048828 0.048828
0 0.692052 0.152604 0.048828 0.048828
0 0.695063 0.083332 0.048828 0.048828
0 0.651894 0.088352 0.048828 0.048828
0 0.633823 0.155616 0.048828 0.048828
0 0.631815 0.203805 0.048828 0.048828
0 0.643862 0.250990 0.048828 0.048828
0 0.612740 0.287132 0.048828 0.048828
0 0.577602 0.251994 0.048828 0.048828
0 0.542464 0.239947 0.048828 0.048828
0 0.529413 0.203805 0.048828 0.048828
0 0.584630 0.199789 0.048828 0.048828
0 0.576598 0.175695 0.048828 0.048828
0 0.564551 0.124494 0.048828 0.048828
0 0.606717 0.122486 0.048828 0.048828
0 0.595673 0.079316 0.048828 0.048828
0 0.544472 0.085340 0.048828 0.048828
0 0.499295 0.074297 0.048828 0.048828
0 0.450102 0.096383 0.048828 0.048828
0 0.489256 0.129513 0.048828 0.048828
0 0.411952 0.171679 0.048828 0.048828
0 0.345692 0.156620 0.048828 0.048828
0 0.342680 0.098391 0.048828 0.048828
0 0.302523 0.077308 0.048828 0.048828
0 0.363763 0.220872 0.048828 0.048828
0 0.443074 0.218864 0.048828 0.048828
0 0.484236 0.223884 0.048828 0.048828
0 0.460141 0.251994 0.048828 0.048828
0 0.399905 0.267053 0.048828 0.048828
0 0.497287 0.273077 0.048828 0.048828
0 0.439059 0.562212 0.048828 0.048828
0 0.321597 0.033135 0.048828 0.048828
0 0.266381 0.025103 0.048828 0.048828
0 0.156951 0.073293 0.048828 0.048828
0 0.196105 0.030123 0.048828 0.048828
0 0.453114 0.053214 0.048828 0.048828
0 0.451106 0.033135 0.048828 0.048828
0 0.488252 0.033135 0.048828 0.048828
0 0.537445 0.059237 0.048828 0.048828
0 0.590654 0.044178 0.048828 0.048828
0 0.653902 0.045182 0.048828 0.048828
0 0.717150 0.044178 0.048828 0.048828
0 0.759316 0.051206 0.048828 0.048828
0 0.811521 0.062249 0.048828 0.048828
0 0.888824 0.052210 0.048828 0.048828
0 0.824572 0.007033 0.048828 0.048828
0 0.664945 0.001009 0.048828 0.048828
0 0.631815 0.009040 0.048828 0.048828
0 0.588646 0.003017 0.048828 0.048828
0 0.548488 0.004021 0.048828 0.048828
0 0.110770 0.885481 0.048828 0.048828
0 0.071616 0.684693 0.048828 0.048828
0 0.144904 0.634496 0.048828 0.048828
0 0.210160 0.711799 0.048828 0.048828
0 0.224215 0.821229 0.048828 0.048828
0 0.251322 0.851347 0.048828 0.048828
0 0.262365 0.815205 0.048828 0.048828
0 0.278428 0.787095 0.048828 0.048828
0 0.279432 0.726858 0.048828 0.048828
0 0.273408 0.664614 0.048828 0.048828
0 0.318586 0.679673 0.048828 0.048828
0 0.298507 0.649555 0.048828 0.048828
0 0.257345 0.571247 0.048828 0.048828
0 0.315574 0.599358 0.048828 0.048828
0 0.272404 0.626464 0.048828 0.048828
0 0.314570 0.731878 0.048828 0.048828
0 0.352720 0.734890 0.048828 0.048828
0 0.339668 0.772036 0.048828 0.048828
0 0.327621 0.812193 0.048828 0.048828
0 0.204136 0.999930 0.048828 0.048828
0 0.248310 0.984871 0.048828 0.048828
0 0.276420 0.962784 0.048828 0.048828
0 0.148920 0.493944 0.048828 0.048828
0 0.144904 0.445755 0.048828 0.048828
0 0.239274 0.473865 0.048828 0.048828
0 0.265377 0.452782 0.048828 0.048828
0 0.315574 0.430696 0.048828 0.048828
0 0.291479 0.390538 0.048828 0.048828
0 0.266381 0.385518 0.048828 0.048828
0 0.226223 0.387526 0.048828 0.048828
0 0.213172 0.363432 0.048828 0.048828
0 0.231243 0.330302 0.048828 0.048828
0 0.251322 0.290144 0.048828 0.048828
0 0.260357 0.263037 0.048828 0.048828
0 0.241282 0.224888 0.048828 0.048828
0 0.163979 0.242959 0.048828 0.048828
0 0.163979 0.213844 0.048828 0.048828
0 0.192089 0.179710 0.048828 0.048828
0 0.174018 0.127505 0.048828 0.048828
0 0.115790 0.129513 0.048828 0.048828
0 0.075632 0.114454 0.048828 0.048828
0 0.132857 0.310223 0.048828 0.048828
0 0.074628 0.321266 0.048828 0.048828