0 0.554218 0.849638 0.048828 0.048828
0 0.585911 0.837313 0.048828 0.048828
0 0.695078 0.898939 0.048828 0.048828
0 0.732054 0.905982 0.048828 0.048828
0 0.765509 0.909504 0.048828 0.048828
0 0.830657 0.934154 0.048828 0.048828
0 0.797202 0.860203 0.048828 0.048828
0 0.716207 0.870767 0.048828 0.048828
0 0.686274 0.853160 0.048828 0.048828
0 0.737336 0.817944 0.048828 0.048828
0 0.684514 0.802098 0.048828 0.048828
0 0.624648 0.803858 0.048828 0.048828
0 0.649299 0.759839 0.048828 0.048828
0 0.605280 0.754557 0.048828 0.048828
0 0.666906 0.729907 0.048828 0.048828
0 0.644016 0.685888 0.048828 0.048828
0 0.624648 0.657716 0.048828 0.048828
0 0.608801 0.597850 0.048828 0.048828
0 0.564782 0.548549 0.048828 0.048828
0 0.548935 0.486922 0.048828 0.048828
0 0.402793 0.518616 0.048828 0.048828
0 0.378142 0.518616 0.048828 0.048828
0 0.393989 0.569678 0.048828 0.048828
0 0.393989 0.606654 0.048828 0.048828
0 0.383424 0.638347 0.048828 0.048828
0 0.353491 0.643629 0.048828 0.048828
0 0.353491 0.601371 0.048828 0.048828
0 0.913412 0.927111 0.048828 0.048828
0 0.978560 0.913025 0.048828 0.048828
0 0.969756 0.788012 0.048828 0.048828
0 0.945106 0.846117 0.048828 0.048828
0 0.918694 0.870767 0.048828 0.048828
0 0.897565 0.854920 0.048828 0.048828
0 0.851786 0.865485 0.048828 0.048828
0 0.839460 0.807380 0.048828 0.048828
0 0.871154 0.810901 0.048828 0.048828
0 0.909891 0.784490 0.048828 0.048828
0 0.909891 0.736950 0.048828 0.048828
0 0.835939 0.731667 0.048828 0.048828
0 0.828896 0.766882 0.048828 0.048828
0 0.853546 0.701734 0.048828 0.048828
0 0.890522 0.705256 0.048828 0.048828
0 0.934541 0.712299 0.048828 0.048828
0 0.971517 0.689409 0.048828 0.048828
0 0.793681 0.701734 0.048828 0.048828
0 0.037657 0.002266 0.048828 0.048828
0 0.035470 0.049278 0.048828 0.048828
0 0.010325 0.074423 0.048828 0.048828
0 0.025631 0.109409 0.048828 0.048828
0 0.095601 0.095196 0.048828 0.048828
0 0.132773 0.117062 0.048828 0.048828
0 0.163385 0.148767 0.048828 0.048828
0 0.163385 0.080983 0.048828 0.048828
0 0.283647 0.030692 0.048828 0.048828
0 0.285834 0.071144 0.048828 0.048828
0 0.301140 0.106129 0.048828 0.048828
0 0.415936 0.255910 0.048828 0.048828
0 0.444361 0.152047 0.048828 0.048828
0 0.429055 0.124715 0.048828 0.048828
0 0.444361 0.094103 0.048828 0.048828
0 0.390790 0.078797 0.048828 0.048828
0 0.430149 0.053651 0.048828 0.048828
0 0.405003 0.026319 0.048828 0.048828
0 0.488093 0.016479 0.048828 0.048828
0 0.596329 0.428650 0.048828 0.048828
0 0.622568 0.412251 0.048828 0.048828
0 0.646620 0.437396 0.048828 0.048828
0 0.631314 0.346653 0.048828 0.048828
0 0.720964 0.406784 0.048828 0.048828
0 0.747203 0.395851 0.048828 0.048828
0 0.759229 0.369612 0.048828 0.048828
0 0.717684 0.375079 0.048828 0.048828
0 0.727524 0.312761 0.048828 0.048828
0 0.772349 0.285429 0.048828 0.048828
0 0.703471 0.170633 0.048828 0.048828
0 0.652087 0.178286 0.048828 0.048828
0 0.680512 0.111595 0.048828 0.048828
0 0.623661 0.125808 0.048828 0.048828
0 0.546037 0.082076 0.048828 0.048828
0 0.582116 0.029598 0.048828 0.048828
0 0.616008 0.026319 0.048828 0.048828
0 0.660833 0.045998 0.048828 0.048828
0 0.696912 0.029598 0.048828 0.048828
0 0.717684 0.074423 0.048828 0.048828
0 0.654273 0.011013 0.048828 0.048828
0 0.593049 0.002266 0.048828 0.048828
0 0.748719 0.026131 0.048828 0.048828
0 0.808843 0.033493 0.048828 0.048828
0 0.862833 0.046991 0.048828 0.048828
0 0.830930 0.001590 0.048828 0.048828
0 0.888601 0.002817 0.048828 0.048828
0 0.947499 0.026131 0.048828 0.048828
0 0.993993 0.658666 0.048828 0.048828
0 0.974839 0.031062 0.048828 0.048828
0 0.920754 0.073878 0.048828 0.048828
0 0.972585 0.079512 0.048828 0.048828
0 0.873430 0.099794 0.048828 0.048828
0 0.848642 0.124582 0.048828 0.048828
0 0.828360 0.174160 0.048828 0.048828
0 0.767515 0.056977 0.048828 0.048828
0 0.795684 0.107681 0.048828 0.048828
0 0.784416 0.145991 0.048828 0.048828
0 0.770895 0.198948 0.048828 0.048828
0 0.849768 0.244019 0.048828 0.048828
0 0.866670 0.178667 0.048828 0.048828
0 0.892585 0.232751 0.048828 0.048828
0 0.932022 0.179794 0.048828 0.048828
0 0.947796 0.121202 0.048828 0.048828
0 0.996247 0.153878 0.048828 0.048828
0 0.938782 0.273314 0.048828 0.048828
0 0.925261 0.301483 0.048828 0.048828
0 0.973712 0.305990 0.048828 0.048828
0 0.917374 0.343173 0.048828 0.048828
0 0.932022 0.425427 0.048828 0.048828
0 0.945543 0.369089 0.048828 0.048828
0 0.995120 0.548243 0.048828 0.048828
0 0.952303 0.548243 0.048828 0.048828
0 0.970331 0.506553 0.048828 0.048828
0 0.980472 0.487398 0.048828 0.048828
0 0.999627 0.456976 0.048828 0.048828
0 0.981599 0.401765 0.048828 0.048828
0 0.968078 0.437821 0.048828 0.048828
0 0.938782 0.478384 0.048828 0.048828
0 0.912867 0.508807 0.048828 0.048828
0 0.882444 0.557257 0.048828 0.048828
0 0.902726 0.619229 0.048828 0.048828
0 0.951177 0.616975 0.048828 0.048828
0 0.889205 0.668806 0.048828 0.048828
0 0.821599 0.673313 0.048828 0.048828
0 0.812585 0.589933 0.048828 0.048828
0 0.827233 0.551624 0.048828 0.048828
0 0.768642 0.561764 0.048828 0.048828
0 0.786670 0.530215 0.048828 0.048828
0 0.800191 0.489652 0.048828 0.048828
0 0.781036 0.440075 0.048828 0.048828
0 0.758501 0.522328 0.048828 0.048828
0 0.740473 0.480638 0.048828 0.048828
0 0.712304 0.534722 0.048828 0.048828
0 0.728617 0.717279 0.048828 0.048828
0 0.682699 0.566405 0.048828 0.048828
0 0.646620 0.537979 0.048828 0.048828
0 0.219143 0.471288 0.048828 0.048828
0 0.224610 0.401318 0.048828 0.048828
0 0.327379 0.401318 0.048828 0.048828
0 0.204930 0.213271 0.048828 0.048828
0 0.152452 0.194686 0.048828 0.048828
0 0.078109 0.193592 0.048828 0.048828
0 0.335032 0.185939 0.048828 0.048828
0 0.344872 0.124715 0.048828 0.048828
0 0.118560 0.018666 0.048828 0.048828
0 0.442175 0.438490 0.048828 0.048828
0 0.877558 0.461730 0.048828 0.048828
0 0.889828 0.472773 0.048828 0.048828
0 0.790438 0.631061 0.048828 0.048828