0 0.743982 0.924878 0.011922 0.008633
0 0.730481 0.922563 0.011922 0.008633
0 0.736876 0.912272 0.011922 0.008633
0 0.725507 0.914845 0.011922 0.008633
0 0.726573 0.935683 0.011922 0.008633
0 0.715558 0.937227 0.011922 0.008633
0 0.715558 0.928480 0.011922 0.008633
0 0.698149 0.927193 0.011922 0.008633
0 0.704900 0.919990 0.011922 0.008633
0 0.696373 0.918704 0.011922 0.008633
0 0.691754 0.934397 0.011922 0.008633
0 0.682516 0.927451 0.011922 0.008633
0 0.673634 0.923334 0.011922 0.008633
0 0.667594 0.934911 0.011922 0.008633
0 0.669726 0.944173 0.011922 0.008633
0 0.656935 0.942115 0.011922 0.008633
0 0.649829 0.932596 0.011922 0.008633
0 0.659067 0.926422 0.011922 0.008633
0 0.664752 0.918446 0.011922 0.008633
0 0.635973 0.938256 0.011922 0.008633
0 0.628157 0.931824 0.011922 0.008633
0 0.644855 0.920762 0.011922 0.008633
0 0.633841 0.920247 0.011922 0.008633
0 0.626380 0.946746 0.011922 0.008633
0 0.644855 0.953949 0.011922 0.008633
0 0.631354 0.954721 0.011922 0.008633
0 0.618564 0.958837 0.011922 0.008633
0 0.617143 0.951634 0.011922 0.008633
0 0.594759 0.962182 0.011922 0.008633
0 0.582679 0.964240 0.011922 0.008633
0 0.583034 0.955750 0.011922 0.008633
0 0.594049 0.956265 0.011922 0.008633
0 0.570599 0.966298 0.011922 0.008633
0 0.567402 0.961410 0.011922 0.008633
0 0.564915 0.954206 0.011922 0.008633
0 0.549282 0.952148 0.011922 0.008633
0 0.542886 0.960381 0.011922 0.008633
0 0.534004 0.955750 0.011922 0.008633
0 0.519792 0.960895 0.011922 0.008633
0 0.498830 0.963725 0.011922 0.008633
0 0.521214 0.953435 0.011922 0.008633
0 0.498475 0.957294 0.011922 0.008633
0 0.532938 0.949061 0.011922 0.008633
0 0.517305 0.944688 0.011922 0.008633
0 0.480710 0.972215 0.011922 0.008633
0 0.480710 0.963983 0.011922 0.008633
0 0.470052 0.959866 0.011922 0.008633
0 0.464367 0.968871 0.011922 0.008633
0 0.449089 0.965269 0.011922 0.008633
0 0.424929 0.964754 0.011922 0.008633
0 0.408231 0.966813 0.011922 0.008633
0 0.429904 0.960381 0.011922 0.008633
0 0.442694 0.958323 0.011922 0.008633
0 0.458682 0.956522 0.011922 0.008633
0 0.468275 0.951891 0.011922 0.008633
0 0.482842 0.950347 0.011922 0.008633
0 0.495988 0.944688 0.011922 0.008633
0 0.474315 0.942372 0.011922 0.008633
0 0.460103 0.940571 0.011922 0.008633
0 0.450866 0.947003 0.011922 0.008633
0 0.441983 0.941858 0.011922 0.008633
0 0.432746 0.947003 0.011922 0.008633
0 0.440207 0.951891 0.011922 0.008633
0 0.423864 0.953177 0.011922 0.008633
0 0.414626 0.958837 0.011922 0.008633
0 0.401835 0.963983 0.011922 0.008633
0 0.392243 0.968099 0.011922 0.008633
0 0.378741 0.967327 0.011922 0.008633
0 0.379097 0.960638 0.011922 0.008633
0 0.397217 0.957551 0.011922 0.008633
0 0.406810 0.951634 0.011922 0.008633
0 0.386913 0.952148 0.011922 0.008633
0 0.364885 0.956522 0.011922 0.008633
0 0.365951 0.947518 0.011922 0.008633
0 0.352805 0.950862 0.011922 0.008633
0 0.349963 0.959352 0.011922 0.008633
0 0.349608 0.969643 0.011922 0.008633
0 0.340370 0.975302 0.011922 0.008633
0 0.329711 0.971958 0.011922 0.008633
0 0.331843 0.965526 0.011922 0.008633
0 0.327224 0.960381 0.011922 0.008633
0 0.325092 0.956522 0.011922 0.008633
0 0.315499 0.965526 0.011922 0.008633
0 0.314078 0.972215 0.011922 0.008633
0 0.379807 0.974531 0.011922 0.008633
0 0.369504 0.971701 0.011922 0.008633
0 0.360266 0.973244 0.011922 0.008633
0 0.359911 0.981991 0.011922 0.008633
0 0.342857 0.983020 0.011922 0.008633
0 0.322961 0.983535 0.011922 0.008633
0 0.310881 0.984564 0.011922 0.008633
0 0.298801 0.976074 0.011922 0.008633
0 0.289918 0.976074 0.011922 0.008633
0 0.299867 0.968099 0.011922 0.008633
0 0.290274 0.970157 0.011922 0.008633
0 0.293827 0.963468 0.011922 0.008633
0 0.286721 0.953692 0.011922 0.008633
0 0.292761 0.948289 0.011922 0.008633
0 0.304841 0.949833 0.011922 0.008633
0 0.295248 0.955493 0.011922 0.008633
0 0.295603 0.989967 0.011922 0.008633
0 0.286010 0.989195 0.011922 0.008633
0 0.294537 0.983792 0.011922 0.008633
0 0.281036 0.985336 0.011922 0.008633
0 0.280326 0.973759 0.011922 0.008633
0 0.266469 0.966555 0.011922 0.008633
0 0.247283 0.961667 0.011922 0.008633
0 0.198964 0.968356 0.011922 0.008633
0 0.181554 0.990481 0.011922 0.008633
0 0.156684 0.992282 0.011922 0.008633
0 0.152065 0.985079 0.011922 0.008633
0 0.142827 0.984564 0.011922 0.008633
0 0.163434 0.977103 0.011922 0.008633
0 0.168408 0.972987 0.011922 0.008633
0 0.127905 0.972473 0.011922 0.008633
0 0.127905 0.964497 0.011922 0.008633
0 0.124352 0.956007 0.011922 0.008633
0 0.115825 0.961410 0.011922 0.008633
0 0.117246 0.971443 0.011922 0.008633
0 0.120089 0.977875 0.011922 0.008633
0 0.134300 0.990481 0.011922 0.008633
0 0.126129 0.989967 0.011922 0.008633
0 0.157039 0.947260 0.011922 0.008633
0 0.167698 0.939542 0.011922 0.008633
0 0.126484 0.945459 0.011922 0.008633
0 0.130392 0.939799 0.011922 0.008633
0 0.132879 0.917674 0.011922 0.008633
0 0.128616 0.926422 0.011922 0.008633
0 0.111917 0.922048 0.011922 0.008633
0 0.216018 0.922048 0.011922 0.008633
0 0.222768 0.921791 0.011922 0.008633
0 0.240178 0.926679 0.011922 0.008633
0 0.251192 0.925392 0.011922 0.008633
0 0.233782 0.917160 0.011922 0.008633
0 0.222413 0.914845 0.011922 0.008633
0 0.231651 0.912015 0.011922 0.008633
0 0.218860 0.909442 0.011922 0.008633
0 0.206780 0.907898 0.011922 0.008633
0 0.212465 0.903267 0.011922 0.008633
0 0.229163 0.897608 0.011922 0.008633
0 0.228098 0.892462 0.011922 0.008633
0 0.222768 0.886545 0.011922 0.008633
0 0.219571 0.892719 0.011922 0.008633
0 0.211399 0.894263 0.011922 0.008633
0 0.209267 0.870337 0.011922 0.008633
0 0.213175 0.842810 0.011922 0.008633
0 0.265759 0.246463 0.011922 0.008633
0 0.272154 0.242089 0.011922 0.008633
0 0.272864 0.249293 0.011922 0.008633
0 0.282457 0.249293 0.011922 0.008633
0 0.283878 0.242604 0.011922 0.008633
0 0.307683 0.248521 0.011922 0.008633
0 0.293827 0.238487 0.011922 0.008633
0 0.300222 0.238230 0.011922 0.008633
0 0.308394 0.238230 0.011922 0.008633
0 0.325803 0.237973 0.011922 0.008633
0 0.312302 0.253409 0.011922 0.008633
0 0.335041 0.252894 0.011922 0.008633
0 0.348897 0.246977 0.011922 0.008633
0 0.341081 0.240545 0.011922 0.008633
0 0.347120 0.232827 0.011922 0.008633
0 0.384781 0.234628 0.011922 0.008633
0 0.398993 0.233085 0.011922 0.008633
0 0.414981 0.231541 0.011922 0.008633
0 0.427417 0.230255 0.011922 0.008633
0 0.437720 0.226653 0.011922 0.008633
0 0.451221 0.228197 0.011922 0.008633
0 0.461525 0.225367 0.011922 0.008633
0 0.475026 0.219707 0.011922 0.008633
0 0.494922 0.215590 0.011922 0.008633
0 0.510200 0.216877 0.011922 0.008633
0 0.525832 0.217134 0.011922 0.008633
0 0.539689 0.216105 0.011922 0.008633
0 0.552124 0.209416 0.011922 0.008633
0 0.564559 0.205042 0.011922 0.008633
0 0.565980 0.214561 0.011922 0.008633
0 0.568112 0.221250 0.011922 0.008633
0 0.580192 0.225881 0.011922 0.008633
0 0.584811 0.234628 0.011922 0.008633
0 0.565625 0.235657 0.011922 0.008633
0 0.557809 0.231284 0.011922 0.008633
0 0.548926 0.220993 0.011922 0.008633
0 0.539689 0.227939 0.011922 0.008633
0 0.527609 0.228968 0.011922 0.008633
0 0.519792 0.224338 0.011922 0.008633
0 0.506647 0.222794 0.011922 0.008633
0 0.505936 0.228711 0.011922 0.008633
0 0.494922 0.226138 0.011922 0.008633
0 0.487461 0.232056 0.011922 0.008633
0 0.495633 0.236429 0.011922 0.008633
0 0.473604 0.227682 0.011922 0.008633
0 0.478934 0.238230 0.011922 0.008633
0 0.469341 0.239259 0.011922 0.008633
0 0.460103 0.231541 0.011922 0.008633
0 0.449089 0.238230 0.011922 0.008633
0 0.273461 0.917694 0.011922 0.008633
0 0.283249 0.915332 0.011922 0.008633
0 0.288291 0.919842 0.011922 0.008633
0 0.298079 0.913613 0.011922 0.008633
0 0.310239 0.916620 0.011922 0.008633
0 0.305790 0.910821 0.011922 0.008633
0 0.302824 0.903949 0.011922 0.008633
0 0.307570 0.925211 0.011922 0.008633
0 0.295706 0.930365 0.011922 0.008633
0 0.299858 0.936379 0.011922 0.008633
0 0.318841 0.941103 0.011922 0.008633
0 0.328332 0.947332 0.011922 0.008633
0 0.344051 0.947976 0.011922 0.008633
0 0.350576 0.941748 0.011922 0.008633
0 0.344941 0.933801 0.011922 0.008633
0 0.341678 0.928647 0.011922 0.008633
0 0.361254 0.935734 0.011922 0.008633
0 0.361254 0.927144 0.011922 0.008633
0 0.379050 0.932513 0.011922 0.008633
0 0.375194 0.939171 0.011922 0.008633
0 0.387651 0.940889 0.011922 0.008633
0 0.391803 0.931224 0.011922 0.008633
0 0.406930 0.933372 0.011922 0.008633
0 0.403667 0.941318 0.011922 0.008633
0 0.415234 0.942392 0.011922 0.008633
0 0.418200 0.934446 0.011922 0.008633
0 0.434216 0.930795 0.011922 0.008633
0 0.445190 0.926285 0.011922 0.008633
0 0.433030 0.939600 0.011922 0.008633
0 0.445784 0.934660 0.011922 0.008633
0 0.316764 0.935090 0.011922 0.008633
0 0.319730 0.927573 0.011922 0.008633
0 0.263970 0.904808 0.011922 0.008633
0 0.269902 0.899868 0.011922 0.008633
0 0.283546 0.905238 0.011922 0.008633
0 0.291257 0.899439 0.011922 0.008633
0 0.279097 0.894714 0.011922 0.008633
0 0.273758 0.889345 0.011922 0.008633
0 0.265453 0.880110 0.011922 0.008633
0 0.270199 0.875385 0.011922 0.008633
0 0.260115 0.869586 0.011922 0.008633
0 0.243505 0.867439 0.011922 0.008633
0 0.236387 0.861640 0.011922 0.008633
0 0.231048 0.853264 0.011922 0.008633
0 0.244395 0.853264 0.011922 0.008633
0 0.253886 0.858204 0.011922 0.008633
0 0.231048 0.840164 0.011922 0.008633
0 0.250327 0.839734 0.011922 0.008633
0 0.242912 0.834580 0.011922 0.008633
0 0.248844 0.828566 0.011922 0.008633
0 0.232828 0.828137 0.011922 0.008633
0 0.223930 0.832861 0.011922 0.008633
0 0.222447 0.827707 0.011922 0.008633
0 0.222743 0.816969 0.011922 0.008633
0 0.244395 0.822123 0.011922 0.008633
0 0.255666 0.824271 0.011922 0.008633
0 0.209397 0.813318 0.011922 0.008633
0 0.197236 0.817828 0.011922 0.008633
0 0.213252 0.807304 0.011922 0.008633
0 0.221261 0.806231 0.011922 0.008633
0 0.226006 0.802365 0.011922 0.008633
0 0.205541 0.800217 0.011922 0.008633
0 0.218295 0.796566 0.011922 0.008633
0 0.255666 0.849184 0.011922 0.008633
0 0.262191 0.851546 0.011922 0.008633
0 0.272572 0.850472 0.011922 0.008633
0 0.271089 0.859492 0.011922 0.008633
0 0.281469 0.858848 0.011922 0.008633
0 0.269606 0.865935 0.011922 0.008633
0 0.278800 0.868513 0.011922 0.008633
0 0.288291 0.862499 0.011922 0.008633
0 0.304604 0.858204 0.011922 0.008633
0 0.295409 0.851976 0.011922 0.008633
0 0.285622 0.845318 0.011922 0.008633
0 0.279690 0.838016 0.011922 0.008633
0 0.271089 0.841882 0.011922 0.008633
0 0.267529 0.836083 0.011922 0.008633
0 0.266343 0.829640 0.011922 0.008633
0 0.275834 0.827278 0.011922 0.008633
0 0.281469 0.830284 0.011922 0.008633
0 0.290367 0.832002 0.011922 0.008633
0 0.298672 0.844029 0.011922 0.008633
0 0.301045 0.832861 0.011922 0.008633
0 0.303714 0.825345 0.011922 0.008633
0 0.290071 0.823412 0.011922 0.008633
0 0.272275 0.821908 0.011922 0.008633
0 0.293630 0.816754 0.011922 0.008633
0 0.278800 0.814606 0.011922 0.008633
0 0.264564 0.814177 0.011922 0.008633
0 0.254479 0.813533 0.011922 0.008633
0 0.236684 0.815036 0.011922 0.008633
0 0.247658 0.809667 0.011922 0.008633
0 0.293927 0.808163 0.011922 0.008633
0 0.290961 0.801076 0.011922 0.008633
0 0.282063 0.801935 0.011922 0.008633
0 0.281173 0.805586 0.011922 0.008633
0 0.273461 0.803439 0.011922 0.008633
0 0.261894 0.808378 0.011922 0.008633
0 0.252700 0.803653 0.011922 0.008633
0 0.265750 0.800432 0.011922 0.008633
0 0.276427 0.796566 0.011922 0.008633
0 0.254479 0.795707 0.011922 0.008633
0 0.243505 0.797210 0.011922 0.008633
0 0.225413 0.794848 0.011922 0.008633
0 0.231938 0.804727 0.011922 0.008633
0 0.282624 0.885864 0.011922 0.008633
0 0.286301 0.879829 0.011922 0.008633
0 0.294390 0.871842 0.011922 0.008633
0 0.291448 0.887639 0.011922 0.008633
0 0.306401 0.885509 0.011922 0.008633
0 0.295861 0.881604 0.011922 0.008633
0 0.304930 0.877522 0.011922 0.008633
0 0.314490 0.876280 0.011922 0.008633
0 0.314735 0.869535 0.011922 0.008633
0 0.324785 0.865808 0.011922 0.008633
0 0.337041 0.864743 0.011922 0.008633
0 0.311058 0.863500 0.011922 0.008633
0 0.311548 0.853916 0.011922 0.008633
0 0.323314 0.851963 0.011922 0.008633
0 0.310568 0.845928 0.011922 0.008633
0 0.317186 0.840071 0.011922 0.008633
0 0.322579 0.842201 0.011922 0.008633
0 0.330913 0.845751 0.011922 0.008633
0 0.327971 0.837231 0.011922 0.008633
0 0.319147 0.829244 0.011922 0.008633
0 0.330668 0.823742 0.011922 0.008633
0 0.309342 0.837054 0.011922 0.008633
0 0.339982 0.828712 0.011922 0.008633
0 0.346355 0.833681 0.011922 0.008633
0 0.345865 0.822677 0.011922 0.008633
0 0.354935 0.829067 0.011922 0.008633
0 0.359837 0.823742 0.011922 0.008633
0 0.371113 0.823387 0.011922 0.008633
0 0.368661 0.829599 0.011922 0.008633
0 0.376260 0.828712 0.011922 0.008633
0 0.389006 0.829067 0.011922 0.008633
0 0.404694 0.829777 0.011922 0.008633
0 0.417931 0.829244 0.011922 0.008633
0 0.445139 0.828179 0.011922 0.008633
0 0.461072 0.828179 0.011922 0.008633
0 0.476514 0.829599 0.011922 0.008633
0 0.484848 0.836699 0.011922 0.008633
0 0.461317 0.836344 0.011922 0.008633
0 0.445874 0.836521 0.011922 0.008633
0 0.426265 0.837586 0.011922 0.008633
0 0.407145 0.837764 0.011922 0.008633
0 0.392683 0.835456 0.011922 0.008633
0 0.380917 0.840959 0.011922 0.008633
0 0.372828 0.833681 0.011922 0.008633
0 0.372828 0.841491 0.011922 0.008633
0 0.358121 0.835989 0.011922 0.008633
0 0.343904 0.840249 0.011922 0.008633
0 0.347336 0.846816 0.011922 0.008633
0 0.355180 0.849478 0.011922 0.008633
0 0.364494 0.845751 0.011922 0.008633
0 0.373564 0.847526 0.011922 0.008633
0 0.384594 0.848591 0.011922 0.008633
0 0.398566 0.845396 0.011922 0.008633
0 0.414009 0.846106 0.011922 0.008633
0 0.428961 0.846993 0.011922 0.008633
0 0.442443 0.845041 0.011922 0.008633
0 0.473083 0.842556 0.011922 0.008633
0 0.482642 0.845928 0.011922 0.008633
0 0.471857 0.849123 0.011922 0.008633
0 0.449306 0.851431 0.011922 0.008633
0 0.483868 0.852851 0.011922 0.008633
0 0.471367 0.861548 0.011922 0.008633
0 0.459111 0.858175 0.011922 0.008633
0 0.454208 0.864743 0.011922 0.008633
0 0.443913 0.858885 0.011922 0.008633
0 0.424059 0.858175 0.011922 0.008633
0 0.416215 0.853738 0.011922 0.008633
0 0.483378 0.862790 0.011922 0.008633
0 0.485829 0.870245 0.011922 0.008633
0 0.474308 0.869890 0.011922 0.008633
0 0.450041 0.870422 0.011922 0.008633
0 0.432883 0.871665 0.011922 0.008633
0 0.426755 0.868470 0.011922 0.008633
0 0.417931 0.864565 0.011922 0.008633
0 0.400527 0.863323 0.011922 0.008633
0 0.394889 0.855691 0.011922 0.008633
0 0.378956 0.855158 0.011922 0.008633
0 0.388761 0.862435 0.011922 0.008633
0 0.380427 0.862080 0.011922 0.008633
0 0.365720 0.865808 0.011922 0.008633
0 0.368171 0.853561 0.011922 0.008633
0 0.352974 0.854626 0.011922 0.008633
0 0.340718 0.856755 0.011922 0.008633
0 0.360817 0.859063 0.011922 0.008633
0 0.357386 0.867050 0.011922 0.008633
0 0.347581 0.863678 0.011922 0.008633
0 0.300763 0.892431 0.011922 0.008633
0 0.308852 0.893141 0.011922 0.008633
0 0.316696 0.883912 0.011922 0.008633
0 0.331403 0.880894 0.011922 0.008633
0 0.340718 0.880894 0.011922 0.008633
0 0.334099 0.872020 0.011922 0.008633
0 0.352974 0.875215 0.011922 0.008633
0 0.365965 0.874150 0.011922 0.008633
0 0.374544 0.871487 0.011922 0.008633
0 0.386065 0.870777 0.011922 0.008633
0 0.395379 0.872197 0.011922 0.008633
0 0.408371 0.871842 0.011922 0.008633
0 0.420382 0.873617 0.011922 0.008633
0 0.469651 0.878410 0.011922 0.008633
0 0.483868 0.887817 0.011922 0.008633
0 0.474063 0.883912 0.011922 0.008633
0 0.460336 0.885509 0.011922 0.008633
0 0.451757 0.880362 0.011922 0.008633
0 0.438521 0.883202 0.011922 0.008633
0 0.427245 0.880184 0.011922 0.008633
0 0.422098 0.888882 0.011922 0.008633
0 0.411557 0.889237 0.011922 0.008633
0 0.411557 0.880362 0.011922 0.008633
0 0.391703 0.878055 0.011922 0.008633
0 0.396360 0.885332 0.011922 0.008633
0 0.378956 0.877700 0.011922 0.008633
0 0.377241 0.887817 0.011922 0.008633
0 0.364249 0.889592 0.011922 0.008633
0 0.364494 0.880539 0.011922 0.008633
0 0.344885 0.888704 0.011922 0.008633
0 0.336796 0.892431 0.011922 0.008633
0 0.323069 0.893141 0.011922 0.008633
0 0.314735 0.899176 0.011922 0.008633
0 0.324785 0.902371 0.011922 0.008633
0 0.317921 0.908051 0.011922 0.008633
0 0.331648 0.911601 0.011922 0.008633
0 0.324540 0.918168 0.011922 0.008633
0 0.337531 0.921540 0.011922 0.008633
0 0.354444 0.922428 0.011922 0.008633
0 0.345130 0.916038 0.011922 0.008633
0 0.341943 0.909116 0.011922 0.008633
0 0.345865 0.902903 0.011922 0.008633
0 0.358366 0.894561 0.011922 0.008633
0 0.370867 0.897224 0.011922 0.008633
0 0.363759 0.906808 0.011922 0.008633
0 0.372583 0.907873 0.011922 0.008633
0 0.367436 0.915150 0.011922 0.008633
0 0.376260 0.915860 0.011922 0.008633
0 0.375280 0.923493 0.011922 0.008633
0 0.388026 0.925090 0.011922 0.008633
0 0.403223 0.925445 0.011922 0.008633
0 0.412293 0.927930 0.011922 0.008633
0 0.424059 0.924203 0.011922 0.008633
0 0.399301 0.918168 0.011922 0.008633
0 0.391212 0.914263 0.011922 0.008633
0 0.393909 0.909293 0.011922 0.008633
0 0.392928 0.901306 0.011922 0.008633
0 0.385820 0.893141 0.011922 0.008633
0 0.396605 0.892076 0.011922 0.008633
0 0.403468 0.896691 0.011922 0.008633
0 0.417440 0.895094 0.011922 0.008633
0 0.416705 0.900241 0.011922 0.008633
0 0.430432 0.892786 0.011922 0.008633
0 0.432883 0.897579 0.011922 0.008633
0 0.450777 0.891544 0.011922 0.008633
0 0.472102 0.892254 0.011922 0.008633
0 0.467200 0.900064 0.011922 0.008633
0 0.469896 0.905033 0.011922 0.008633
0 0.447835 0.903968 0.011922 0.008633
0 0.434354 0.905921 0.011922 0.008633
0 0.421852 0.912843 0.011922 0.008633
0 0.405920 0.904501 0.011922 0.008633
0 0.404694 0.914440 0.011922 0.008633
0 0.430922 0.914618 0.011922 0.008633
0 0.440727 0.911601 0.011922 0.008633
0 0.470141 0.916570 0.011922 0.008633
0 0.471857 0.926687 0.011922 0.008633
0 0.459846 0.922605 0.011922 0.008633
0 0.460336 0.930415 0.011922 0.008633
0 0.486809 0.937514 0.011922 0.008633
0 0.486564 0.929527 0.011922 0.008633
0 0.485339 0.922073 0.011922 0.008633
0 0.486809 0.910358 0.011922 0.008633
0 0.487790 0.901306 0.011922 0.008633
0 0.507154 0.936450 0.011922 0.008633
0 0.518675 0.936982 0.011922 0.008633
0 0.510096 0.931125 0.011922 0.008633
0 0.500046 0.925445 0.011922 0.008633
0 0.491467 0.917990 0.011922 0.008633
0 0.497104 0.913731 0.011922 0.008633
0 0.496614 0.901306 0.011922 0.008633
0 0.506909 0.893319 0.011922 0.008633
0 0.519165 0.894739 0.011922 0.008633
0 0.529706 0.898999 0.011922 0.008633
0 0.535098 0.891189 0.011922 0.008633
0 0.531666 0.908761 0.011922 0.008633
0 0.515734 0.909648 0.011922 0.008633
0 0.516959 0.919233 0.011922 0.008633
0 0.533137 0.918878 0.011922 0.008633
0 0.526274 0.928995 0.011922 0.008633
0 0.533873 0.940887 0.011922 0.008633
0 0.541962 0.943372 0.011922 0.008633
0 0.552011 0.944614 0.011922 0.008633
0 0.546619 0.932367 0.011922 0.008633
0 0.541226 0.924380 0.011922 0.008633
0 0.544168 0.914618 0.011922 0.008633
0 0.555933 0.902903 0.011922 0.008633
0 0.559855 0.913376 0.011922 0.008633
0 0.562061 0.918345 0.011922 0.008633
0 0.557894 0.928285 0.011922 0.008633
0 0.571131 0.935562 0.011922 0.008633
0 0.583877 0.937692 0.011922 0.008633
0 0.598830 0.940709 0.011922 0.008633
0 0.590495 0.929882 0.011922 0.008633
0 0.580936 0.928640 0.011922 0.008633
0 0.583387 0.945502 0.011922 0.008633
0 0.568435 0.945147 0.011922 0.008633
0 0.602261 0.947809 0.011922 0.008633
0 0.603732 0.922428 0.011922 0.008633
0 0.583632 0.918878 0.011922 0.008633
0 0.570150 0.912488 0.011922 0.008633
0 0.576033 0.908761 0.011922 0.008633
0 0.589760 0.912666 0.011922 0.008633
0 0.599810 0.911423 0.011922 0.008633
0 0.618194 0.912488 0.011922 0.008633
0 0.669179 0.907873 0.011922 0.008633
0 0.642461 0.912843 0.011922 0.008633
0 0.640010 0.905566 0.011922 0.008633
0 0.627509 0.900241 0.011922 0.008633
0 0.638049 0.894206 0.011922 0.008633
0 0.611086 0.903081 0.011922 0.008633
0 0.591231 0.898999 0.011922 0.008633
0 0.577014 0.900419 0.011922 0.008633
0 0.572111 0.893141 0.011922 0.008633
0 0.578730 0.888172 0.011922 0.008633
0 0.549315 0.891012 0.011922 0.008633
0 0.548825 0.878587 0.011922 0.008633
0 0.538285 0.878765 0.011922 0.008633
0 0.519410 0.878942 0.011922 0.008633
0 0.508870 0.877167 0.011922 0.008633
0 0.495879 0.882137 0.011922 0.008633
0 0.505684 0.867050 0.011922 0.008633
0 0.497104 0.861725 0.011922 0.008633
0 0.498575 0.855158 0.011922 0.008633
0 0.519410 0.865808 0.011922 0.008633
0 0.528235 0.872020 0.011922 0.008633
0 0.537059 0.866873 0.011922 0.008633
0 0.550541 0.867050 0.011922 0.008633
0 0.539265 0.859063 0.011922 0.008633
0 0.520881 0.855868 0.011922 0.008633
0 0.508870 0.848768 0.011922 0.008633
0 0.534363 0.847348 0.011922 0.008633
0 0.567454 0.879829 0.011922 0.008633
0 0.577259 0.878055 0.011922 0.008633
0 0.587554 0.883024 0.011922 0.008633
0 0.602016 0.885332 0.011922 0.008633
0 0.634617 0.889059 0.011922 0.008633
0 0.646628 0.889947 0.011922 0.008633
0 0.630695 0.880539 0.011922 0.008633
0 0.617949 0.872907 0.011922 0.008633
0 0.623832 0.870245 0.011922 0.008633
0 0.620645 0.859063 0.011922 0.008633
0 0.610840 0.852496 0.011922 0.008633
0 0.609370 0.843089 0.011922 0.008633
0 0.604222 0.829599 0.011922 0.008633
0 0.601281 0.838119 0.011922 0.008633
0 0.592947 0.828179 0.011922 0.008633
0 0.586083 0.835279 0.011922 0.008633
0 0.585838 0.841669 0.011922 0.008633
0 0.585103 0.849478 0.011922 0.008633
0 0.587799 0.858530 0.011922 0.008633
0 0.578239 0.855868 0.011922 0.008633
0 0.556914 0.859240 0.011922 0.008633
0 0.561571 0.867050 0.011922 0.008633
0 0.575788 0.872020 0.011922 0.008633
0 0.575543 0.861725 0.011922 0.008633
0 0.584367 0.864743 0.011922 0.008633
0 0.591476 0.867228 0.011922 0.008633
0 0.597114 0.876280 0.011922 0.008633
0 0.552747 0.850188 0.011922 0.008633
0 0.567699 0.848768 0.011922 0.008633
0 0.566719 0.839716 0.011922 0.008633
0 0.553482 0.839006 0.011922 0.008633
0 0.560100 0.831374 0.011922 0.008633
0 0.573827 0.830309 0.011922 0.008633
0 0.542697 0.834569 0.011922 0.008633
0 0.534118 0.841669 0.011922 0.008633
0 0.524558 0.837231 0.011922 0.008633
0 0.508380 0.837941 0.011922 0.008633
0 0.507645 0.830487 0.011922 0.008633
0 0.526764 0.830309 0.011922 0.008633
0 0.534363 0.828357 0.011922 0.008633
0 0.552011 0.826049 0.011922 0.008633
0 0.696878 0.910713 0.011922 0.008633
0 0.690505 0.900774 0.011922 0.008633
0 0.704476 0.895981 0.011922 0.008633
0 0.687808 0.890657 0.011922 0.008633
0 0.680945 0.881959 0.011922 0.008633
0 0.669179 0.885864 0.011922 0.008633
0 0.676533 0.873440 0.011922 0.008633
0 0.661825 0.876812 0.011922 0.008633
0 0.671140 0.866163 0.011922 0.008633
0 0.684622 0.865098 0.011922 0.008633
0 0.693201 0.857288 0.011922 0.008633
0 0.712811 0.847881 0.011922 0.008633
0 0.713546 0.825872 0.011922 0.008633
0 0.704476 0.823742 0.011922 0.008633
0 0.690014 0.833327 0.011922 0.008633
0 0.700800 0.832262 0.011922 0.008633
0 0.670895 0.837409 0.011922 0.008633
0 0.658639 0.851608 0.011922 0.008633
0 0.640500 0.840959 0.011922 0.008633
0 0.636823 0.832972 0.011922 0.008633
0 0.631431 0.825339 0.011922 0.008633
0 0.630450 0.818240 0.011922 0.008633
0 0.627509 0.807590 0.011922 0.008633
0 0.634617 0.803863 0.011922 0.008633
0 0.648344 0.802265 0.011922 0.008633
0 0.665502 0.803508 0.011922 0.008633
0 0.655452 0.820725 0.011922 0.008633
0 0.673346 0.825517 0.011922 0.008633
0 0.687563 0.820547 0.011922 0.008633
0 0.680700 0.812382 0.011922 0.008633
0 0.696633 0.812560 0.011922 0.008633
0 0.686338 0.805993 0.011922 0.008633
0 0.713546 0.808123 0.011922 0.008633
0 0.712811 0.816110 0.011922 0.008633
0 0.683396 0.796763 0.011922 0.008633
0 0.687073 0.787888 0.011922 0.008633
0 0.681190 0.782386 0.011922 0.008633
0 0.712320 0.782209 0.011922 0.008633
0 0.699819 0.771737 0.011922 0.008633
0 0.679964 0.770494 0.011922 0.008633
0 0.667708 0.793568 0.011922 0.008633
0 0.659619 0.790373 0.011922 0.008633
0 0.660845 0.785404 0.011922 0.008633
0 0.667954 0.772802 0.011922 0.008633
0 0.655943 0.768719 0.011922 0.008633
0 0.651776 0.778126 0.011922 0.008633
0 0.636088 0.772269 0.011922 0.008633
0 0.628979 0.791438 0.011922 0.008633
0 0.618439 0.794456 0.011922 0.008633
0 0.605693 0.772447 0.011922 0.008633
0 0.668444 0.761087 0.011922 0.008633
0 0.663296 0.751503 0.011922 0.008633
0 0.655697 0.744758 0.011922 0.008633
0 0.671385 0.739078 0.011922 0.008633
0 0.657413 0.732866 0.011922 0.008633
0 0.609860 0.744580 0.011922 0.008633
0 0.585348 0.743515 0.011922 0.008633
0 0.585348 0.734996 0.011922 0.008633
0 0.602997 0.732333 0.011922 0.008633
0 0.602506 0.727364 0.011922 0.008633
0 0.591966 0.723104 0.011922 0.008633
0 0.568925 0.733043 0.011922 0.008633
0 0.574317 0.723991 0.011922 0.008633
0 0.663786 0.723459 0.011922 0.008633
0 0.672856 0.710679 0.011922 0.008633
0 0.661580 0.713697 0.011922 0.008633
0 0.619665 0.724524 0.011922 0.008633
0 0.628734 0.714939 0.011922 0.008633
0 0.622361 0.710679 0.011922 0.008633
0 0.602261 0.716714 0.011922 0.008633
0 0.586083 0.716714 0.011922 0.008633
0 0.592211 0.708017 0.011922 0.008633
0 0.579955 0.708549 0.011922 0.008633
0 0.589270 0.695770 0.011922 0.008633
0 0.615988 0.693108 0.011922 0.008633
0 0.602506 0.679263 0.011922 0.008633
0 0.599320 0.670744 0.011922 0.008633
0 0.576524 0.677843 0.011922 0.008633
0 0.578975 0.667371 0.011922 0.008633
0 0.627263 0.660626 0.011922 0.008633
0 0.625793 0.639860 0.011922 0.008633
0 0.656923 0.651042 0.011922 0.008633
0 0.652021 0.641102 0.011922 0.008633
0 0.597359 0.607379 0.011922 0.008633
0 0.596378 0.589097 0.011922 0.008633
0 0.598094 0.563183 0.011922 0.008633
0 0.640500 0.583595 0.011922 0.008633
0 0.655943 0.548451 0.011922 0.008633
0 0.651040 0.536914 0.011922 0.008633
0 0.600545 0.821612 0.011922 0.008633
0 0.594172 0.822677 0.011922 0.008633
0 0.588780 0.813625 0.011922 0.008633
0 0.582652 0.821435 0.011922 0.008633
0 0.573337 0.813980 0.011922 0.008633
0 0.585348 0.805638 0.011922 0.008633
0 0.582161 0.798183 0.011922 0.008633
0 0.583142 0.790373 0.011922 0.008633
0 0.576524 0.783984 0.011922 0.008633
0 0.573582 0.777416 0.011922 0.008633
0 0.570886 0.791438 0.011922 0.008633
0 0.563532 0.785226 0.011922 0.008633
0 0.568680 0.800668 0.011922 0.008633
0 0.556669 0.799248 0.011922 0.008633
0 0.564268 0.809188 0.011922 0.008633
0 0.559610 0.815932 0.011922 0.008633
0 0.548090 0.815577 0.011922 0.008633
0 0.552257 0.806170 0.011922 0.008633
0 0.552011 0.792148 0.011922 0.008633
0 0.543432 0.783274 0.011922 0.008633
0 0.559610 0.779369 0.011922 0.008633
0 0.567944 0.770139 0.011922 0.008633
0 0.556914 0.770317 0.011922 0.008633
0 0.565493 0.760555 0.011922 0.008633
0 0.564268 0.749905 0.011922 0.008633
0 0.559855 0.739788 0.011922 0.008633
0 0.558385 0.731446 0.011922 0.008633
0 0.549805 0.738013 0.011922 0.008633
0 0.552992 0.754520 0.011922 0.008633
0 0.542697 0.758780 0.011922 0.008633
0 0.543187 0.749373 0.011922 0.008633
0 0.541226 0.773512 0.011922 0.008633
0 0.532157 0.766767 0.011922 0.008633
0 0.528235 0.757182 0.011922 0.008633
0 0.538285 0.741385 0.011922 0.008633
0 0.524803 0.743160 0.011922 0.008633
0 0.540981 0.731623 0.011922 0.008633
0 0.556914 0.723459 0.011922 0.008633
0 0.543923 0.723636 0.011922 0.008633
0 0.561326 0.713519 0.011922 0.008633
0 0.546619 0.716359 0.011922 0.008633
0 0.563287 0.705000 0.011922 0.008633
0 0.551521 0.708904 0.011922 0.008633
0 0.536814 0.708904 0.011922 0.008633
0 0.552747 0.702515 0.011922 0.008633
0 0.537549 0.705177 0.011922 0.008633
0 0.568680 0.694882 0.011922 0.008633
0 0.559120 0.695947 0.011922 0.008633
0 0.559120 0.689735 0.011922 0.008633
0 0.549805 0.693640 0.011922 0.008633
0 0.540491 0.698432 0.011922 0.008633
0 0.535834 0.691865 0.011922 0.008633
0 0.521371 0.700030 0.011922 0.008633
0 0.526519 0.708017 0.011922 0.008633
0 0.527009 0.716182 0.011922 0.008633
0 0.528725 0.728606 0.011922 0.008633
0 0.511812 0.734286 0.011922 0.008633
0 0.503968 0.744758 0.011922 0.008633
0 0.510341 0.753810 0.011922 0.008633
0 0.512057 0.766767 0.011922 0.008633
0 0.525293 0.776884 0.011922 0.008633
0 0.530441 0.791438 0.011922 0.008633
0 0.537304 0.800135 0.011922 0.008633
0 0.526029 0.799248 0.011922 0.008633
0 0.532892 0.807590 0.011922 0.008633
0 0.532157 0.816110 0.011922 0.008633
0 0.522352 0.808478 0.011922 0.008633
0 0.513773 0.807945 0.011922 0.008633
0 0.507890 0.822499 0.011922 0.008633
0 0.499065 0.812560 0.011922 0.008633
0 0.496859 0.818595 0.011922 0.008633
0 0.471122 0.813092 0.011922 0.008633
0 0.482887 0.807413 0.011922 0.008633
0 0.489506 0.800668 0.011922 0.008633
0 0.508625 0.790196 0.011922 0.008633
0 0.525784 0.784161 0.011922 0.008633
0 0.514508 0.776706 0.011922 0.008633
0 0.503478 0.772624 0.011922 0.008633
0 0.497350 0.777594 0.011922 0.008633
0 0.484603 0.785581 0.011922 0.008633
0 0.473083 0.780789 0.011922 0.008633
0 0.482887 0.775109 0.011922 0.008633
0 0.469651 0.768187 0.011922 0.008633
0 0.487545 0.765524 0.011922 0.008633
0 0.500291 0.757537 0.011922 0.008633
0 0.480191 0.758070 0.011922 0.008633
0 0.475534 0.752035 0.011922 0.008633
0 0.494653 0.746888 0.011922 0.008633
0 0.483623 0.745113 0.011922 0.008633
0 0.499065 0.737658 0.011922 0.008633
0 0.482397 0.735528 0.011922 0.008633
0 0.474308 0.735706 0.011922 0.008633
0 0.478230 0.720619 0.011922 0.008633
0 0.493428 0.729316 0.011922 0.008633
0 0.501272 0.729316 0.011922 0.008633
0 0.506909 0.720619 0.011922 0.008633
0 0.512547 0.713164 0.011922 0.008633
0 0.505684 0.704467 0.011922 0.008633
0 0.486809 0.715472 0.011922 0.008633
0 0.478475 0.707662 0.011922 0.008633
0 0.492937 0.701805 0.011922 0.008633
0 0.507890 0.697367 0.011922 0.008633
0 0.497350 0.693463 0.011922 0.008633
0 0.483133 0.694705 0.011922 0.008633
0 0.460091 0.761975 0.011922 0.008633
0 0.449061 0.758602 0.011922 0.008633
0 0.463033 0.753810 0.011922 0.008633
0 0.463768 0.747065 0.011922 0.008633
0 0.464749 0.730381 0.011922 0.008633
0 0.448816 0.744048 0.011922 0.008633
0 0.451267 0.753277 0.011922 0.008633
0 0.445874 0.750970 0.011922 0.008633
0 0.436069 0.750615 0.011922 0.008633
0 0.431412 0.743693 0.011922 0.008633
0 0.441952 0.737303 0.011922 0.008633
0 0.428961 0.734463 0.011922 0.008633
0 0.430432 0.726299 0.011922 0.008633
0 0.445384 0.726831 0.011922 0.008633
0 0.454944 0.718311 0.011922 0.008633
0 0.438276 0.718134 0.011922 0.008633
0 0.462788 0.719731 0.011922 0.008633
0 0.461072 0.710502 0.011922 0.008633
0 0.446365 0.708549 0.011922 0.008633
0 0.465729 0.701627 0.011922 0.008633
0 0.449551 0.701805 0.011922 0.008633
0 0.437540 0.695592 0.011922 0.008633
0 0.428226 0.698610 0.011922 0.008633
0 0.429696 0.710324 0.011922 0.008633
0 0.418176 0.712454 0.011922 0.008633
0 0.413518 0.701095 0.011922 0.008633
0 0.412538 0.727719 0.011922 0.008633
0 0.419156 0.733753 0.011922 0.008633
0 0.413763 0.742983 0.011922 0.008633
0 0.416215 0.751858 0.011922 0.008633
0 0.415234 0.758602 0.011922 0.008633
0 0.427000 0.762685 0.011922 0.008633
0 0.438276 0.768187 0.011922 0.008633
0 0.449061 0.767654 0.011922 0.008633
0 0.462052 0.774222 0.011922 0.008633
0 0.451022 0.774754 0.011922 0.008633
0 0.441217 0.774754 0.011922 0.008633
0 0.430432 0.774044 0.011922 0.008633
0 0.412538 0.770849 0.011922 0.008633
0 0.414254 0.777594 0.011922 0.008633
0 0.431657 0.783984 0.011922 0.008633
0 0.440972 0.781676 0.011922 0.008633
0 0.454699 0.783096 0.011922 0.008633
0 0.469161 0.793213 0.011922 0.008633
0 0.465974 0.800845 0.011922 0.008633
0 0.464503 0.805460 0.011922 0.008633
0 0.452983 0.810785 0.011922 0.008633
0 0.466464 0.819837 0.011922 0.008633
0 0.448571 0.819127 0.011922 0.008633
0 0.445384 0.802443 0.011922 0.008633
0 0.449796 0.791971 0.011922 0.008633
0 0.439011 0.792326 0.011922 0.008633
0 0.425284 0.789131 0.011922 0.008633
0 0.427980 0.798183 0.011922 0.008633
0 0.437295 0.817707 0.011922 0.008633
0 0.418176 0.815577 0.011922 0.008633
0 0.415724 0.805638 0.011922 0.008633
0 0.412048 0.798361 0.011922 0.008633
0 0.426755 0.821612 0.011922 0.008633
0 0.398321 0.820547 0.011922 0.008633
0 0.400772 0.811140 0.011922 0.008633
0 0.398811 0.803153 0.011922 0.008633
0 0.389987 0.809188 0.011922 0.008633
0 0.383859 0.818772 0.011922 0.008633
0 0.370867 0.815400 0.011922 0.008633
0 0.377241 0.811317 0.011922 0.008633
0 0.380427 0.804218 0.011922 0.008633
0 0.388761 0.798183 0.011922 0.008633
0 0.385820 0.787888 0.011922 0.008633
0 0.374544 0.796408 0.011922 0.008633
0 0.365475 0.808123 0.011922 0.008633
0 0.365230 0.794633 0.011922 0.008633
0 0.365230 0.789841 0.011922 0.008633
0 0.375280 0.784694 0.011922 0.008633
0 0.390232 0.781854 0.011922 0.008633
0 0.376015 0.775464 0.011922 0.008633
0 0.368416 0.770672 0.011922 0.008633
0 0.379937 0.767299 0.011922 0.008633
0 0.388516 0.772979 0.011922 0.008633
0 0.397831 0.775464 0.011922 0.008633
0 0.394644 0.767299 0.011922 0.008633
0 0.386555 0.762330 0.011922 0.008633
0 0.369152 0.757182 0.011922 0.008633
0 0.380672 0.752922 0.011922 0.008633
0 0.390477 0.753810 0.011922 0.008633
0 0.401998 0.754342 0.011922 0.008633
0 0.567699 0.683523 0.011922 0.008633
0 0.566228 0.680151 0.011922 0.008633
0 0.557649 0.681038 0.011922 0.008633
0 0.557894 0.675713 0.011922 0.008633
0 0.568680 0.671631 0.011922 0.008633
0 0.569415 0.665241 0.011922 0.008633
0 0.576769 0.660981 0.011922 0.008633
0 0.579465 0.649267 0.011922 0.008633
0 0.570886 0.654237 0.011922 0.008633
0 0.564268 0.647137 0.011922 0.008633
0 0.577749 0.639150 0.011922 0.008633
0 0.553237 0.646782 0.011922 0.008633
0 0.563042 0.636133 0.011922 0.008633
0 0.577504 0.630985 0.011922 0.008633
0 0.585593 0.623353 0.011922 0.008633
0 0.576769 0.624596 0.011922 0.008633
0 0.562061 0.627790 0.011922 0.008633
0 0.567944 0.619626 0.011922 0.008633
0 0.577749 0.617673 0.011922 0.008633
0 0.582897 0.610219 0.011922 0.008633
0 0.569170 0.610041 0.011922 0.008633
0 0.572111 0.606314 0.011922 0.008633
0 0.581181 0.596374 0.011922 0.008633
0 0.579955 0.588920 0.011922 0.008633
0 0.575053 0.581110 0.011922 0.008633
0 0.570150 0.591227 0.011922 0.008633
0 0.567944 0.597084 0.011922 0.008633
0 0.557894 0.605426 0.011922 0.008633
0 0.552257 0.611994 0.011922 0.008633
0 0.548335 0.620513 0.011922 0.008633
0 0.544903 0.629033 0.011922 0.008633
0 0.547844 0.637375 0.011922 0.008633
0 0.541226 0.641812 0.011922 0.008633
0 0.542697 0.655479 0.011922 0.008633
0 0.553972 0.664886 0.011922 0.008633
0 0.549315 0.673051 0.011922 0.008633
0 0.540246 0.680328 0.011922 0.008633
0 0.527745 0.675003 0.011922 0.008633
0 0.519901 0.679796 0.011922 0.008633
0 0.514753 0.686895 0.011922 0.008633
0 0.502742 0.685830 0.011922 0.008633
0 0.509606 0.676246 0.011922 0.008633
0 0.523087 0.668791 0.011922 0.008633
0 0.531176 0.659029 0.011922 0.008633
0 0.517695 0.658674 0.011922 0.008633
0 0.531912 0.647847 0.011922 0.008633
0 0.518920 0.649444 0.011922 0.008633
0 0.517449 0.642345 0.011922 0.008633
0 0.508625 0.640570 0.011922 0.008633
0 0.535343 0.634003 0.011922 0.008633
0 0.520146 0.630985 0.011922 0.008633
0 0.512057 0.633470 0.011922 0.008633
0 0.501517 0.633115 0.011922 0.008633
0 0.495879 0.627080 0.011922 0.008633
0 0.515243 0.624418 0.011922 0.008633
0 0.533137 0.624773 0.011922 0.008633
0 0.536814 0.616963 0.011922 0.008633
0 0.540246 0.608976 0.011922 0.008633
0 0.524313 0.613236 0.011922 0.008633
0 0.515489 0.612349 0.011922 0.008633
0 0.506664 0.616608 0.011922 0.008633
0 0.502742 0.607201 0.011922 0.008633
0 0.494408 0.612349 0.011922 0.008633
0 0.488770 0.617496 0.011922 0.008633
0 0.478720 0.624418 0.011922 0.008633
0 0.482152 0.634358 0.011922 0.008633
0 0.488035 0.641635 0.011922 0.008633
0 0.483868 0.648734 0.011922 0.008633
0 0.505684 0.651752 0.011922 0.008633
0 0.509361 0.663644 0.011922 0.008633
0 0.494163 0.661514 0.011922 0.008633
0 0.487790 0.655834 0.011922 0.008633
0 0.497104 0.655124 0.011922 0.008633
0 0.500781 0.669324 0.011922 0.008633
0 0.497350 0.678021 0.011922 0.008633
0 0.488035 0.668791 0.011922 0.008633
0 0.483868 0.676423 0.011922 0.008633
0 0.476759 0.670034 0.011922 0.008633
0 0.485094 0.685298 0.011922 0.008633
0 0.477005 0.689025 0.011922 0.008633
0 0.469161 0.685830 0.011922 0.008633
0 0.464749 0.678908 0.011922 0.008633
0 0.452247 0.687073 0.011922 0.008633
0 0.434354 0.682281 0.011922 0.008633
0 0.451022 0.672873 0.011922 0.008633
0 0.467445 0.664354 0.011922 0.008633
0 0.437785 0.669856 0.011922 0.008633
0 0.445139 0.665951 0.011922 0.008633
0 0.439746 0.657609 0.011922 0.008633
0 0.453473 0.658142 0.011922 0.008633
0 0.468916 0.652284 0.011922 0.008633
0 0.458621 0.646782 0.011922 0.008633
0 0.466710 0.641635 0.011922 0.008633
0 0.468180 0.636665 0.011922 0.008633
0 0.453718 0.635245 0.011922 0.008633
0 0.438521 0.638795 0.011922 0.008633
0 0.435089 0.649089 0.011922 0.008633
0 0.429941 0.617851 0.011922 0.008633
0 0.436315 0.623531 0.011922 0.008633
0 0.450777 0.623531 0.011922 0.008633
0 0.468180 0.629388 0.011922 0.008633
0 0.471612 0.619093 0.011922 0.008633
0 0.461807 0.616786 0.011922 0.008633
0 0.436560 0.610219 0.011922 0.008633
0 0.451757 0.609154 0.011922 0.008633
0 0.461807 0.610219 0.011922 0.008633
0 0.482887 0.611106 0.011922 0.008633
0 0.484603 0.604184 0.011922 0.008633
0 0.465974 0.604894 0.011922 0.008633
0 0.453718 0.599924 0.011922 0.008633
0 0.468180 0.600812 0.011922 0.008633
0 0.447345 0.594599 0.011922 0.008633
0 0.433863 0.583062 0.011922 0.008633
0 0.443668 0.583240 0.011922 0.008633
0 0.459846 0.582530 0.011922 0.008633
0 0.473818 0.579157 0.011922 0.008633
0 0.481907 0.595309 0.011922 0.008633
0 0.495634 0.600457 0.011922 0.008633
0 0.500781 0.593002 0.011922 0.008633
0 0.507890 0.597084 0.011922 0.008633
0 0.494653 0.583772 0.011922 0.008633
0 0.488280 0.578625 0.011922 0.008633
0 0.500046 0.576318 0.011922 0.008633
0 0.510831 0.581110 0.011922 0.008633
0 0.515979 0.588387 0.011922 0.008633
0 0.527499 0.587322 0.011922 0.008633
0 0.524803 0.596729 0.011922 0.008633
0 0.522352 0.606136 0.011922 0.008633
0 0.536569 0.600279 0.011922 0.008633
0 0.547844 0.602409 0.011922 0.008633
0 0.558875 0.595664 0.011922 0.008633
0 0.543677 0.594244 0.011922 0.008633
0 0.556914 0.588742 0.011922 0.008633
0 0.541471 0.586790 0.011922 0.008633
0 0.533382 0.579512 0.011922 0.008633
0 0.523823 0.577383 0.011922 0.008633
0 0.510096 0.573478 0.011922 0.008633
0 0.521617 0.573300 0.011922 0.008633
0 0.532892 0.573300 0.011922 0.008633
0 0.549070 0.574010 0.011922 0.008633
0 0.551031 0.578980 0.011922 0.008633
0 0.561081 0.574365 0.011922 0.008633
0 0.566719 0.584127 0.011922 0.008633
0 0.647363 0.593712 0.011922 0.008633
0 0.649324 0.606136 0.011922 0.008633
0 0.661825 0.523425 0.011922 0.008633
0 0.652266 0.518278 0.011922 0.008633
0 0.666728 0.512598 0.011922 0.008633
0 0.677758 0.516325 0.011922 0.008633
0 0.675307 0.495914 0.011922 0.008633
0 0.678494 0.486861 0.011922 0.008633
0 0.606428 0.506563 0.011922 0.008633
0 0.607899 0.498576 0.011922 0.008633
0 0.601036 0.493429 0.011922 0.008633
0 0.604222 0.484909 0.011922 0.008633
0 0.617949 0.476212 0.011922 0.008633
0 0.606183 0.474437 0.011922 0.008633
0 0.591231 0.480117 0.011922 0.008633
0 0.580691 0.486506 0.011922 0.008633
0 0.577504 0.479052 0.011922 0.008633
0 0.568925 0.472130 0.011922 0.008633
0 0.599075 0.502126 0.011922 0.008633
0 0.583142 0.503546 0.011922 0.008633
0 0.582652 0.500528 0.011922 0.008633
0 0.583142 0.494671 0.011922 0.008633
0 0.567944 0.495914 0.011922 0.008633
0 0.572111 0.488814 0.011922 0.008633
0 0.570396 0.482247 0.011922 0.008633
0 0.560836 0.485619 0.011922 0.008633
0 0.554218 0.497156 0.011922 0.008633
0 0.573582 0.506208 0.011922 0.008633
0 0.594662 0.509403 0.011922 0.008633
0 0.595153 0.519520 0.011922 0.008633
0 0.586819 0.528040 0.011922 0.008633
0 0.575788 0.533364 0.011922 0.008633
0 0.586573 0.536559 0.011922 0.008633
0 0.578484 0.537979 0.011922 0.008633
0 0.582897 0.546854 0.011922 0.008633
0 0.575788 0.550404 0.011922 0.008633
0 0.578730 0.563183 0.011922 0.008633
0 0.574808 0.571525 0.011922 0.008633
0 0.564513 0.563893 0.011922 0.008633
0 0.556424 0.564781 0.011922 0.008633
0 0.563042 0.555551 0.011922 0.008633
0 0.565248 0.545789 0.011922 0.008633
0 0.555688 0.545966 0.011922 0.008633
0 0.552257 0.538689 0.011922 0.008633
0 0.554953 0.532122 0.011922 0.008633
0 0.570886 0.526975 0.011922 0.008633
0 0.583632 0.521472 0.011922 0.008633
0 0.579465 0.514728 0.011922 0.008633
0 0.561081 0.512065 0.011922 0.008633
0 0.563287 0.518455 0.011922 0.008633
0 0.553972 0.518100 0.011922 0.008633
0 0.552011 0.526087 0.011922 0.008633
0 0.538285 0.531767 0.011922 0.008633
0 0.527499 0.534074 0.011922 0.008633
0 0.544903 0.513840 0.011922 0.008633
0 0.549805 0.504433 0.011922 0.008633
0 0.533137 0.503723 0.011922 0.008633
0 0.549070 0.481359 0.011922 0.008633
0 0.535588 0.480294 0.011922 0.008633
0 0.541471 0.490234 0.011922 0.008633
0 0.525538 0.491121 0.011922 0.008633
0 0.513773 0.496624 0.011922 0.008633
0 0.518185 0.503723 0.011922 0.008633
0 0.526274 0.496979 0.011922 0.008633
0 0.523087 0.512065 0.011922 0.008633
0 0.506419 0.513130 0.011922 0.008633
0 0.498085 0.514373 0.011922 0.008633
0 0.500781 0.497866 0.011922 0.008633
0 0.491712 0.507096 0.011922 0.008633
0 0.489506 0.498576 0.011922 0.008633
0 0.477495 0.507096 0.011922 0.008633
0 0.474799 0.499286 0.011922 0.008633
0 0.479946 0.514195 0.011922 0.008633
0 0.489996 0.517923 0.011922 0.008633
0 0.503968 0.518988 0.011922 0.008633
0 0.532892 0.521117 0.011922 0.008633
0 0.527499 0.526087 0.011922 0.008633
0 0.518430 0.532122 0.011922 0.008633
0 0.499311 0.539399 0.011922 0.008633
0 0.486564 0.536559 0.011922 0.008633
0 0.485584 0.528572 0.011922 0.008633
0 0.494163 0.526087 0.011922 0.008633
0 0.503723 0.530347 0.011922 0.008633
0 0.517695 0.520585 0.011922 0.008633
0 0.472347 0.535849 0.011922 0.008633
0 0.477250 0.543127 0.011922 0.008633
0 0.490486 0.547031 0.011922 0.008633
0 0.510586 0.546144 0.011922 0.008633
0 0.521862 0.542594 0.011922 0.008633
0 0.526029 0.550049 0.011922 0.008633
0 0.530441 0.558391 0.011922 0.008633
0 0.542207 0.565313 0.011922 0.008633
0 0.548825 0.557148 0.011922 0.008633
0 0.541962 0.551646 0.011922 0.008633
0 0.518185 0.561053 0.011922 0.008633
0 0.504458 0.564426 0.011922 0.008633
0 0.491957 0.563361 0.011922 0.008633
0 0.496859 0.556438 0.011922 0.008633
0 0.484113 0.555728 0.011922 0.008633
0 0.479211 0.568863 0.011922 0.008633
0 0.469896 0.563538 0.011922 0.008633
0 0.468180 0.551469 0.011922 0.008633
0 0.472347 0.523247 0.011922 0.008633
0 0.474063 0.490056 0.011922 0.008633
0 0.483133 0.489524 0.011922 0.008633
0 0.493183 0.482424 0.011922 0.008633
0 0.498330 0.485087 0.011922 0.008633
0 0.511567 0.487926 0.011922 0.008633
0 0.508870 0.480117 0.011922 0.008633
0 0.521371 0.484554 0.011922 0.008633
0 0.521126 0.475147 0.011922 0.008633
0 0.497595 0.473017 0.011922 0.008633
0 0.482887 0.476922 0.011922 0.008633
0 0.469406 0.479407 0.011922 0.008633
0 0.464258 0.546321 0.011922 0.008633
0 0.459601 0.534962 0.011922 0.008633
0 0.464013 0.523780 0.011922 0.008633
0 0.457150 0.519698 0.011922 0.008633
0 0.462542 0.512065 0.011922 0.008633
0 0.445384 0.513130 0.011922 0.008633
0 0.453228 0.506031 0.011922 0.008633
0 0.463768 0.494494 0.011922 0.008633
0 0.452247 0.491121 0.011922 0.008633
0 0.451757 0.481892 0.011922 0.008633
0 0.458621 0.474969 0.011922 0.008633
0 0.508380 0.470710 0.011922 0.008633
0 0.514508 0.466095 0.011922 0.008633
0 0.536324 0.467515 0.011922 0.008633
0 0.560346 0.471597 0.011922 0.008633
0 0.563042 0.463255 0.011922 0.008633
0 0.577014 0.466627 0.011922 0.008633
0 0.596133 0.466272 0.011922 0.008633
0 0.609370 0.466450 0.011922 0.008633
0 0.622606 0.467515 0.011922 0.008633
0 0.616478 0.455978 0.011922 0.008633
0 0.605938 0.457043 0.011922 0.008633
0 0.584858 0.456865 0.011922 0.008633
0 0.575788 0.451008 0.011922 0.008633
0 0.596623 0.448168 0.011922 0.008633
0 0.607654 0.451363 0.011922 0.008633
0 0.621381 0.444973 0.011922 0.008633
0 0.631676 0.449233 0.011922 0.008633
0 0.612801 0.438406 0.011922 0.008633
0 0.621626 0.437341 0.011922 0.008633
0 0.618194 0.430951 0.011922 0.008633
0 0.616968 0.420657 0.011922 0.008633
0 0.621626 0.411782 0.011922 0.008633
0 0.618684 0.404328 0.011922 0.008633
0 0.631676 0.400245 0.011922 0.008633
0 0.647608 0.400600 0.011922 0.008633
0 0.616723 0.393323 0.011922 0.008633
0 0.603242 0.392613 0.011922 0.008633
0 0.599810 0.400068 0.011922 0.008633
0 0.611086 0.403085 0.011922 0.008633
0 0.602506 0.411072 0.011922 0.008633
0 0.607409 0.419769 0.011922 0.008633
0 0.588044 0.421012 0.011922 0.008633
0 0.601771 0.427402 0.011922 0.008633
0 0.598094 0.437341 0.011922 0.008633
0 0.579465 0.434324 0.011922 0.008633
0 0.573582 0.441778 0.011922 0.008633
0 0.563532 0.443553 0.011922 0.008633
0 0.555933 0.453315 0.011922 0.008633
0 0.544413 0.446571 0.011922 0.008633
0 0.535098 0.438761 0.011922 0.008633
0 0.528235 0.445861 0.011922 0.008633
0 0.545393 0.436986 0.011922 0.008633
0 0.546374 0.429354 0.011922 0.008633
0 0.556914 0.436099 0.011922 0.008633
0 0.562061 0.428644 0.011922 0.008633
0 0.573827 0.424384 0.011922 0.008633
0 0.572356 0.413380 0.011922 0.008633
0 0.588289 0.412492 0.011922 0.008633
0 0.583877 0.402198 0.011922 0.008633
0 0.569660 0.402020 0.011922 0.008633
0 0.557649 0.401133 0.011922 0.008633
0 0.549805 0.396163 0.011922 0.008633
0 0.537059 0.401843 0.011922 0.008633
0 0.543187 0.411782 0.011922 0.008633
0 0.534363 0.410717 0.011922 0.008633
0 0.540981 0.422787 0.011922 0.008633
0 0.531666 0.420302 0.011922 0.008633
0 0.518920 0.412492 0.011922 0.008633
0 0.520146 0.421544 0.011922 0.008633
0 0.516224 0.428999 0.011922 0.008633
0 0.530686 0.430064 0.011922 0.008633
0 0.515734 0.448346 0.011922 0.008633
0 0.542942 0.459350 0.011922 0.008633
0 0.532157 0.453848 0.011922 0.008633
0 0.521371 0.463965 0.011922 0.008633
0 0.510831 0.458818 0.011922 0.008633
0 0.490241 0.462545 0.011922 0.008633
0 0.501762 0.453670 0.011922 0.008633
0 0.489996 0.452960 0.011922 0.008633
0 0.499556 0.444796 0.011922 0.008633
0 0.497350 0.436631 0.011922 0.008633
0 0.503968 0.426692 0.011922 0.008633
0 0.493918 0.427934 0.011922 0.008633
0 0.481662 0.431839 0.011922 0.008633
0 0.476514 0.420834 0.011922 0.008633
0 0.492202 0.418882 0.011922 0.008633
0 0.503723 0.419592 0.011922 0.008633
0 0.489996 0.411072 0.011922 0.008633
0 0.504213 0.409120 0.011922 0.008633
0 0.524068 0.404505 0.011922 0.008633
0 0.511076 0.397583 0.011922 0.008633
0 0.522842 0.394920 0.011922 0.008633
0 0.545148 0.389063 0.011922 0.008633
0 0.501517 0.389596 0.011922 0.008633
0 0.517449 0.389596 0.011922 0.008633
0 0.492692 0.402553 0.011922 0.008633
0 0.483133 0.403795 0.011922 0.008633
0 0.472838 0.411427 0.011922 0.008633
0 0.461807 0.421722 0.011922 0.008633
0 0.464503 0.431661 0.011922 0.008633
0 0.468916 0.437874 0.011922 0.008633
0 0.484358 0.440003 0.011922 0.008633
0 0.476514 0.450476 0.011922 0.008633
0 0.480681 0.461480 0.011922 0.008633
0 0.468180 0.454558 0.011922 0.008633
0 0.466955 0.447458 0.011922 0.008633
0 0.460827 0.441956 0.011922 0.008633
0 0.449796 0.446571 0.011922 0.008633
0 0.456905 0.452605 0.011922 0.008633
0 0.463768 0.462013 0.011922 0.008633
0 0.454208 0.469467 0.011922 0.008633
0 0.444894 0.476212 0.011922 0.008633
0 0.439256 0.468402 0.011922 0.008633
0 0.445384 0.460415 0.011922 0.008633
0 0.437540 0.456865 0.011922 0.008633
0 0.435334 0.448878 0.011922 0.008633
0 0.422343 0.449943 0.011922 0.008633
0 0.420627 0.462723 0.011922 0.008633
0 0.419401 0.473550 0.011922 0.008633
0 0.408861 0.474082 0.011922 0.008633
0 0.433618 0.476744 0.011922 0.008633
0 0.418421 0.483134 0.011922 0.008633
0 0.406410 0.486151 0.011922 0.008633
0 0.406900 0.493606 0.011922 0.008633
0 0.422588 0.490234 0.011922 0.008633
0 0.432638 0.487216 0.011922 0.008633
0 0.437540 0.495914 0.011922 0.008633
0 0.428961 0.498398 0.011922 0.008633
0 0.419646 0.498398 0.011922 0.008633
0 0.414009 0.498576 0.011922 0.008633
0 0.438521 0.504788 0.011922 0.008633
0 0.431412 0.514018 0.011922 0.008633
0 0.426755 0.521472 0.011922 0.008633
0 0.445384 0.521827 0.011922 0.008633
0 0.450777 0.529460 0.011922 0.008633
0 0.447100 0.537447 0.011922 0.008633
0 0.435334 0.533009 0.011922 0.008633
0 0.427245 0.528750 0.011922 0.008633
0 0.454944 0.549694 0.011922 0.008633
0 0.443913 0.547209 0.011922 0.008633
0 0.431167 0.550759 0.011922 0.008633
0 0.416460 0.552889 0.011922 0.008633
0 0.423078 0.543837 0.011922 0.008633
0 0.408861 0.553421 0.011922 0.008633
0 0.405675 0.543127 0.011922 0.008633
0 0.414989 0.537802 0.011922 0.008633
0 0.412783 0.525732 0.011922 0.008633
0 0.409842 0.516503 0.011922 0.008633
0 0.415970 0.511000 0.011922 0.008633
0 0.422833 0.502836 0.011922 0.008633
0 0.619665 0.371669 0.011922 0.008633
0 0.604958 0.373266 0.011922 0.008633
0 0.617214 0.381786 0.011922 0.008633
0 0.601771 0.386046 0.011922 0.008633
0 0.591721 0.383916 0.011922 0.008633
0 0.579955 0.375574 0.011922 0.008633
0 0.566228 0.378591 0.011922 0.008633
0 0.558875 0.381963 0.011922 0.008633
0 0.545393 0.382141 0.011922 0.008633
0 0.593437 0.362439 0.011922 0.008633
0 0.574317 0.367942 0.011922 0.008633
0 0.554953 0.372734 0.011922 0.008633
0 0.540981 0.375041 0.011922 0.008633
0 0.528480 0.373266 0.011922 0.008633
0 0.524313 0.379834 0.011922 0.008633
0 0.498820 0.382673 0.011922 0.008633
0 0.505193 0.375929 0.011922 0.008633
0 0.514263 0.370959 0.011922 0.008633
0 0.500291 0.367232 0.011922 0.008633
0 0.488035 0.374864 0.011922 0.008633
0 0.488280 0.365634 0.011922 0.008633
0 0.483133 0.384981 0.011922 0.008633
0 0.473573 0.390483 0.011922 0.008633
0 0.472347 0.382851 0.011922 0.008633
0 0.472592 0.375041 0.011922 0.008633
0 0.469406 0.367054 0.011922 0.008633
0 0.463523 0.359777 0.011922 0.008633
0 0.457395 0.365102 0.011922 0.008633
0 0.456905 0.376284 0.011922 0.008633
0 0.461562 0.386046 0.011922 0.008633
0 0.453228 0.382141 0.011922 0.008633
0 0.452002 0.390661 0.011922 0.008633
0 0.457150 0.396873 0.011922 0.008633
0 0.448325 0.398470 0.011922 0.008633
0 0.467200 0.404505 0.011922 0.008633
0 0.460091 0.415155 0.011922 0.008633
0 0.446119 0.411250 0.011922 0.008633
0 0.448325 0.421189 0.011922 0.008633
0 0.455434 0.432549 0.011922 0.008633
0 0.436805 0.438761 0.011922 0.008633
0 0.441462 0.433791 0.011922 0.008633
0 0.440727 0.427402 0.011922 0.008633
0 0.437295 0.415510 0.011922 0.008633
0 0.442688 0.407877 0.011922 0.008633
0 0.435824 0.403973 0.011922 0.008633
0 0.435579 0.395275 0.011922 0.008633
0 0.439256 0.386401 0.011922 0.008633
0 0.441952 0.376639 0.011922 0.008633
0 0.425039 0.376106 0.011922 0.008633
0 0.427000 0.387643 0.011922 0.008633
0 0.421607 0.398293 0.011922 0.008633
0 0.412048 0.403263 0.011922 0.008633
0 0.419401 0.412670 0.011922 0.008633
0 0.425774 0.421544 0.011922 0.008633
0 0.425529 0.433081 0.011922 0.008633
0 0.422343 0.444441 0.011922 0.008633
0 0.605938 0.354630 0.011922 0.008633
0 0.597849 0.346465 0.011922 0.008633
0 0.595153 0.353032 0.011922 0.008633
0 0.582897 0.349305 0.011922 0.008633
0 0.593682 0.339188 0.011922 0.008633
0 0.591231 0.331911 0.011922 0.008633
0 0.587554 0.335815 0.011922 0.008633
0 0.575543 0.335993 0.011922 0.008633
0 0.586328 0.324988 0.011922 0.008633
0 0.571376 0.330313 0.011922 0.008633
0 0.557159 0.332088 0.011922 0.008633
0 0.558385 0.339898 0.011922 0.008633
0 0.566228 0.344158 0.011922 0.008633
0 0.554953 0.354275 0.011922 0.008633
0 0.565248 0.357647 0.011922 0.008633
0 0.575543 0.358357 0.011922 0.008633
0 0.562552 0.366522 0.011922 0.008633
0 0.554218 0.359954 0.011922 0.008633
0 0.544413 0.350902 0.011922 0.008633
0 0.542697 0.358002 0.011922 0.008633
0 0.532892 0.363682 0.011922 0.008633
0 0.545148 0.366167 0.011922 0.008633
0 0.515734 0.359954 0.011922 0.008633
0 0.529951 0.352145 0.011922 0.008633
0 0.531912 0.341495 0.011922 0.008633
0 0.540981 0.332266 0.011922 0.008633
0 0.552992 0.346820 0.011922 0.008633
0 0.522352 0.346465 0.011922 0.008633
0 0.518920 0.333686 0.011922 0.008633
0 0.503232 0.335993 0.011922 0.008633
0 0.498820 0.343803 0.011922 0.008633
0 0.507400 0.354097 0.011922 0.008633
0 0.496859 0.358357 0.011922 0.008633
0 0.482887 0.350902 0.011922 0.008633
0 0.467690 0.347707 0.011922 0.008633
0 0.485339 0.339543 0.011922 0.008633
0 0.470631 0.339365 0.011922 0.008633
0 0.457395 0.337235 0.011922 0.008633
0 0.452247 0.344158 0.011922 0.008633
0 0.447345 0.349482 0.011922 0.008633
0 0.453963 0.354097 0.011922 0.008633
0 0.446855 0.357647 0.011922 0.008633
0 0.433863 0.349305 0.011922 0.008633
0 0.417931 0.352855 0.011922 0.008633
0 0.415479 0.358889 0.011922 0.008633
0 0.431167 0.359244 0.011922 0.008633
0 0.441707 0.367942 0.011922 0.008633
0 0.425039 0.366877 0.011922 0.008633
0 0.409106 0.369362 0.011922 0.008633
0 0.399301 0.363149 0.011922 0.008633
0 0.389497 0.357115 0.011922 0.008633
0 0.400282 0.353387 0.011922 0.008633
0 0.387290 0.339898 0.011922 0.008633
0 0.403468 0.343270 0.011922 0.008633
0 0.419156 0.343093 0.011922 0.008633
0 0.392438 0.333331 0.011922 0.008633
0 0.395625 0.328716 0.011922 0.008633
0 0.406165 0.335638 0.011922 0.008633
0 0.428961 0.336170 0.011922 0.008633
0 0.448325 0.334041 0.011922 0.008633
0 0.464013 0.329426 0.011922 0.008633
0 0.482397 0.331733 0.011922 0.008633
0 0.483133 0.324278 0.011922 0.008633
0 0.472838 0.324278 0.011922 0.008633
0 0.469406 0.316469 0.011922 0.008633
0 0.450532 0.323746 0.011922 0.008633
0 0.432638 0.327828 0.011922 0.008633
0 0.423078 0.327118 0.011922 0.008633
0 0.385575 0.322326 0.011922 0.008633
0 0.394644 0.318954 0.011922 0.008633
0 0.408126 0.321084 0.011922 0.008633
0 0.397586 0.310967 0.011922 0.008633
0 0.386065 0.313629 0.011922 0.008633
0 0.410087 0.311144 0.011922 0.008633
0 0.404204 0.302269 0.011922 0.008633
0 0.418421 0.302269 0.011922 0.008633
0 0.425039 0.314694 0.011922 0.008633
0 0.433128 0.310257 0.011922 0.008633
0 0.444894 0.313274 0.011922 0.008633
0 0.455924 0.312741 0.011922 0.008633
0 0.468916 0.308304 0.011922 0.008633
0 0.483623 0.309902 0.011922 0.008633
0 0.491467 0.315049 0.011922 0.008633
0 0.500046 0.320019 0.011922 0.008633
0 0.507400 0.328716 0.011922 0.008633
0 0.524558 0.326941 0.011922 0.008633
0 0.522352 0.318776 0.011922 0.008633
0 0.541716 0.323391 0.011922 0.008633
0 0.557159 0.320729 0.011922 0.008633
0 0.570886 0.319486 0.011922 0.008633
0 0.582652 0.313096 0.011922 0.008633
0 0.570150 0.310967 0.011922 0.008633
0 0.557894 0.308482 0.011922 0.008633
0 0.546619 0.307772 0.011922 0.008633
0 0.534363 0.311144 0.011922 0.008633
0 0.519165 0.308127 0.011922 0.008633
0 0.504703 0.312564 0.011922 0.008633
0 0.497595 0.305287 0.011922 0.008633
0 0.496124 0.298542 0.011922 0.008633
0 0.513528 0.299962 0.011922 0.008633
0 0.525293 0.296235 0.011922 0.008633
0 0.529215 0.304044 0.011922 0.008633
0 0.544658 0.297832 0.011922 0.008633
0 0.559855 0.299785 0.011922 0.008633
0 0.573337 0.301382 0.011922 0.008633
0 0.464013 0.296767 0.011922 0.008633
0 0.448816 0.295702 0.011922 0.008633
0 0.431167 0.295702 0.011922 0.008633
0 0.403223 0.295347 0.011922 0.008633
0 0.388026 0.302447 0.011922 0.008633
0 0.560591 0.292330 0.011922 0.008633
0 0.571131 0.284698 0.011922 0.008633
0 0.565003 0.276356 0.011922 0.008633
0 0.577014 0.260736 0.011922 0.008633
0 0.565003 0.265174 0.011922 0.008633
0 0.570886 0.256476 0.011922 0.008633
0 0.581916 0.246714 0.011922 0.008633
0 0.568925 0.249199 0.011922 0.008633
0 0.571621 0.240680 0.011922 0.008633
0 0.552257 0.239082 0.011922 0.008633
0 0.540001 0.238017 0.011922 0.008633
0 0.529460 0.238017 0.011922 0.008633
0 0.549560 0.246714 0.011922 0.008633
0 0.546864 0.253459 0.011922 0.008633
0 0.555933 0.250974 0.011922 0.008633
0 0.534608 0.259671 0.011922 0.008633
0 0.532157 0.255589 0.011922 0.008633
0 0.521371 0.253992 0.011922 0.008633
0 0.521371 0.249199 0.011922 0.008633
0 0.520146 0.242100 0.011922 0.008633
0 0.551276 0.281680 0.011922 0.008633
0 0.538040 0.280970 0.011922 0.008633
0 0.542942 0.290555 0.011922 0.008633
0 0.525538 0.287005 0.011922 0.008633
0 0.520391 0.278485 0.011922 0.008633
0 0.506174 0.286828 0.011922 0.008633
0 0.494163 0.289490 0.011922 0.008633
0 0.484848 0.287183 0.011922 0.008633
0 0.489261 0.276178 0.011922 0.008633
0 0.505684 0.277243 0.011922 0.008633
0 0.510586 0.261091 0.011922 0.008633
0 0.494653 0.262156 0.011922 0.008633
0 0.500536 0.255056 0.011922 0.008633
0 0.481417 0.255766 0.011922 0.008633
0 0.478720 0.247957 0.011922 0.008633
0 0.488035 0.241567 0.011922 0.008633
0 0.502987 0.242455 0.011922 0.008633
0 0.517695 0.235000 0.011922 0.008633
0 0.466955 0.255056 0.011922 0.008633
0 0.457640 0.249732 0.011922 0.008633
0 0.444158 0.248312 0.011922 0.008633
0 0.433128 0.247779 0.011922 0.008633
0 0.511076 0.264641 0.011922 0.008633
0 0.468916 0.277776 0.011922 0.008633
0 0.456169 0.280260 0.011922 0.008633
0 0.446365 0.272096 0.011922 0.008633
0 0.460827 0.268546 0.011922 0.008633
0 0.448571 0.264286 0.011922 0.008633
0 0.450532 0.256831 0.011922 0.008633
0 0.436560 0.264819 0.011922 0.008633
0 0.417440 0.275113 0.011922 0.008633
0 0.423568 0.265351 0.011922 0.008633
0 0.414744 0.264286 0.011922 0.008633
0 0.428716 0.255944 0.011922 0.008633
0 0.418666 0.257719 0.011922 0.008633
0 0.420872 0.249199 0.011922 0.008633
0 0.408371 0.247424 0.011922 0.008633
0 0.406900 0.258429 0.011922 0.008633
0 0.439256 0.234822 0.011922 0.008633
0 0.420872 0.236242 0.011922 0.008633
0 0.410822 0.238372 0.011922 0.008633
0 0.397340 0.245117 0.011922 0.008633
0 0.389251 0.242100 0.011922 0.008633
0 0.377241 0.245294 0.011922 0.008633
0 0.391212 0.256121 0.011922 0.008633
0 0.392438 0.265174 0.011922 0.008633
0 0.405184 0.268546 0.011922 0.008633
0 0.407881 0.277243 0.011922 0.008633
0 0.395870 0.277421 0.011922 0.008633
0 0.429451 0.284343 0.011922 0.008633
0 0.409596 0.283278 0.011922 0.008633
0 0.416215 0.292685 0.011922 0.008633
0 0.384839 0.293040 0.011922 0.008633
0 0.378956 0.277598 0.011922 0.008633
0 0.524803 0.265174 0.011922 0.008633
0 0.542207 0.268013 0.011922 0.008633
0 0.550541 0.271741 0.011922 0.008633
0 0.552011 0.259671 0.011922 0.008633
0 0.490731 0.268191 0.011922 0.008633
0 0.358611 0.252749 0.011922 0.008633
0 0.355180 0.261091 0.011922 0.008633
0 0.368171 0.266416 0.011922 0.008633
0 0.358121 0.276001 0.011922 0.008633
0 0.369887 0.286118 0.011922 0.008633
0 0.370377 0.300495 0.011922 0.008633
0 0.361063 0.297477 0.011922 0.008633
0 0.355915 0.290200 0.011922 0.008633
0 0.344885 0.284165 0.011922 0.008633
0 0.352238 0.280615 0.011922 0.008633
0 0.343169 0.262334 0.011922 0.008633
0 0.345620 0.256654 0.011922 0.008633
0 0.331648 0.266593 0.011922 0.008633
0 0.321108 0.259849 0.011922 0.008633
0 0.303459 0.253992 0.011922 0.008633
0 0.290223 0.258251 0.011922 0.008633
0 0.277231 0.256121 0.011922 0.008633
0 0.264730 0.256121 0.011922 0.008633
0 0.276006 0.262866 0.011922 0.008633
0 0.266201 0.264996 0.011922 0.008633
0 0.260318 0.268723 0.011922 0.008633
0 0.251494 0.273338 0.011922 0.008633
0 0.275025 0.268191 0.011922 0.008633
0 0.288507 0.269078 0.011922 0.008633
0 0.287036 0.274758 0.011922 0.008633
0 0.278702 0.273338 0.011922 0.008633
0 0.270123 0.277776 0.011922 0.008633
0 0.257131 0.280260 0.011922 0.008633
0 0.264240 0.287005 0.011922 0.008633
0 0.277967 0.286650 0.011922 0.008633
0 0.289978 0.282390 0.011922 0.008633
0 0.295861 0.278485 0.011922 0.008633
0 0.300518 0.271386 0.011922 0.008633
0 0.312529 0.278130 0.011922 0.008633
0 0.327481 0.280438 0.011922 0.008633
0 0.334590 0.286473 0.011922 0.008633
0 0.323804 0.288070 0.011922 0.008633
0 0.305175 0.283100 0.011922 0.008633
0 0.311058 0.293217 0.011922 0.008633
0 0.295615 0.289667 0.011922 0.008633
0 0.287526 0.291442 0.011922 0.008633
0 0.305175 0.297122 0.011922 0.008633
0 0.293409 0.296767 0.011922 0.008633
0 0.283359 0.301027 0.011922 0.008633
0 0.275515 0.294992 0.011922 0.008633
0 0.268407 0.298897 0.011922 0.008633
0 0.260073 0.294637 0.011922 0.008633
0 0.252229 0.300850 0.011922 0.008633
0 0.258112 0.309547 0.011922 0.008633
0 0.243405 0.302624 0.011922 0.008633
0 0.246591 0.307772 0.011922 0.008633
0 0.261053 0.317001 0.011922 0.008633
0 0.268407 0.311677 0.011922 0.008633
0 0.277967 0.309369 0.011922 0.008633
0 0.284340 0.314339 0.011922 0.008633
0 0.291203 0.308837 0.011922 0.008633
0 0.306891 0.302802 0.011922 0.008633
0 0.260808 0.323214 0.011922 0.008633
0 0.267427 0.325521 0.011922 0.008633
0 0.279437 0.325876 0.011922 0.008633
0 0.276496 0.318421 0.011922 0.008633
0 0.291939 0.323214 0.011922 0.008633
0 0.299537 0.315936 0.011922 0.008633
0 0.307871 0.320906 0.011922 0.008633
0 0.315960 0.315049 0.011922 0.008633
0 0.306891 0.309547 0.011922 0.008633
0 0.316206 0.306529 0.011922 0.008633
0 0.326501 0.301737 0.011922 0.008633
0 0.335080 0.294637 0.011922 0.008633
0 0.345130 0.293750 0.011922 0.008633
0 0.347826 0.302624 0.011922 0.008633
0 0.339737 0.301559 0.011922 0.008633
0 0.326255 0.309369 0.011922 0.008633
0 0.335570 0.309724 0.011922 0.008633
0 0.348316 0.309369 0.011922 0.008633
0 0.373073 0.308482 0.011922 0.008633
0 0.365230 0.314339 0.011922 0.008633
0 0.352974 0.315759 0.011922 0.008633
0 0.338511 0.315936 0.011922 0.008633
0 0.330177 0.320729 0.011922 0.008633
0 0.325520 0.317001 0.011922 0.008633
0 0.315225 0.323036 0.011922 0.008633
0 0.315470 0.329426 0.011922 0.008633
0 0.303459 0.329603 0.011922 0.008633
0 0.291693 0.333508 0.011922 0.008633
0 0.254680 0.353565 0.011922 0.008633
0 0.274290 0.334396 0.011922 0.008633
0 0.273309 0.341673 0.011922 0.008633
0 0.259338 0.335815 0.011922 0.008633
0 0.257131 0.343448 0.011922 0.008633
0 0.249288 0.337945 0.011922 0.008633
0 0.247082 0.329248 0.011922 0.008633
0 0.238257 0.336348 0.011922 0.008633
0 0.239973 0.344690 0.011922 0.008633
0 0.220363 0.290910 0.011922 0.008633
0 0.216196 0.307772 0.011922 0.008633
0 0.209333 0.340608 0.011922 0.008633
0 0.279928 0.346110 0.011922 0.008633
0 0.289487 0.346110 0.011922 0.008633
0 0.299047 0.343803 0.011922 0.008633
0 0.258357 0.363859 0.011922 0.008633
0 0.268162 0.361019 0.011922 0.008633
0 0.281153 0.353210 0.011922 0.008633
0 0.293164 0.352322 0.011922 0.008633
0 0.303704 0.356582 0.011922 0.008633
0 0.291448 0.361019 0.011922 0.008633
0 0.280418 0.368474 0.011922 0.008633
0 0.269142 0.369539 0.011922 0.008633
0 0.259338 0.375219 0.011922 0.008633
0 0.254680 0.374864 0.011922 0.008633
0 0.251984 0.368119 0.011922 0.008633
0 0.313999 0.337058 0.011922 0.008633
0 0.322334 0.337235 0.011922 0.008633
0 0.334590 0.337945 0.011922 0.008633
0 0.340472 0.334041 0.011922 0.008633
0 0.353464 0.331378 0.011922 0.008633
0 0.383614 0.329958 0.011922 0.008633
0 0.367926 0.326408 0.011922 0.008633
0 0.368906 0.319664 0.011922 0.008633
0 0.356896 0.322504 0.011922 0.008633
0 0.339247 0.325876 0.011922 0.008633
0 0.326010 0.328716 0.011922 0.008633
0 0.377241 0.336348 0.011922 0.008633
0 0.376260 0.342915 0.011922 0.008633
0 0.380917 0.349127 0.011922 0.008633
0 0.376995 0.359777 0.011922 0.008633
0 0.371848 0.351435 0.011922 0.008633
0 0.364984 0.346998 0.011922 0.008633
0 0.364004 0.335815 0.011922 0.008633
0 0.354689 0.340963 0.011922 0.008633
0 0.353219 0.349660 0.011922 0.008633
0 0.343659 0.345400 0.011922 0.008633
0 0.335080 0.348950 0.011922 0.008633
0 0.342188 0.352500 0.011922 0.008633
0 0.352238 0.357292 0.011922 0.008633
0 0.363024 0.358712 0.011922 0.008633
0 0.354935 0.361907 0.011922 0.008633
0 0.341453 0.358535 0.011922 0.008633
0 0.344394 0.366877 0.011922 0.008633
0 0.331158 0.363682 0.011922 0.008633
0 0.322824 0.357292 0.011922 0.008633
0 0.332874 0.354807 0.011922 0.008633
0 0.313264 0.353920 0.011922 0.008633
0 0.314980 0.362617 0.011922 0.008633
0 0.323559 0.368829 0.011922 0.008633
0 0.314245 0.375574 0.011922 0.008633
0 0.299292 0.377526 0.011922 0.008633
0 0.281398 0.380011 0.011922 0.008633
0 0.263995 0.385691 0.011922 0.008633
0 0.255661 0.382318 0.011922 0.008633
0 0.246591 0.387111 0.011922 0.008633
0 0.339002 0.818950 0.011922 0.008633
0 0.349542 0.816997 0.011922 0.008633
0 0.359837 0.812205 0.011922 0.008633
0 0.342679 0.811850 0.011922 0.008633
0 0.350032 0.806880 0.011922 0.008633
0 0.363269 0.802265 0.011922 0.008633
0 0.326991 0.817707 0.011922 0.008633
0 0.319147 0.821612 0.011922 0.008633
0 0.309832 0.810607 0.011922 0.008633
0 0.330668 0.810785 0.011922 0.008633
0 0.313509 0.805993 0.011922 0.008633
0 0.329932 0.801200 0.011922 0.008633
0 0.339982 0.805460 0.011922 0.008633
0 0.340227 0.797651 0.011922 0.008633
0 0.319147 0.797473 0.011922 0.008633
0 0.309342 0.796763 0.011922 0.008633
0 0.302724 0.801733 0.011922 0.008633
0 0.299047 0.794278 0.011922 0.008633
0 0.266201 0.791438 0.011922 0.008633
0 0.293164 0.786114 0.011922 0.008633
0 0.307871 0.786114 0.011922 0.008633
0 0.321353 0.788421 0.011922 0.008633
0 0.335080 0.789841 0.011922 0.008633
0 0.327481 0.780789 0.011922 0.008633
0 0.348807 0.783451 0.011922 0.008633
0 0.348071 0.791793 0.011922 0.008633
0 0.356160 0.788776 0.011922 0.008633
0 0.361063 0.779369 0.011922 0.008633
0 0.355670 0.774044 0.011922 0.008633
0 0.357631 0.763750 0.011922 0.008633
0 0.343414 0.766767 0.011922 0.008633
0 0.339002 0.775996 0.011922 0.008633
0 0.337286 0.759490 0.011922 0.008633
0 0.329932 0.766234 0.011922 0.008633
0 0.318166 0.772624 0.011922 0.008633
0 0.310568 0.777949 0.011922 0.008633
0 0.302969 0.771914 0.011922 0.008633
0 0.307381 0.766412 0.011922 0.008633
0 0.299047 0.780789 0.011922 0.008633
0 0.292674 0.774399 0.011922 0.008633
0 0.295615 0.766057 0.011922 0.008633
0 0.283604 0.780611 0.011922 0.008633
0 0.274535 0.789663 0.011922 0.008633
0 0.271348 0.783451 0.011922 0.008633
0 0.261544 0.780079 0.011922 0.008633
0 0.274045 0.772447 0.011922 0.008633
0 0.253945 0.772092 0.011922 0.008633
0 0.259828 0.787711 0.011922 0.008633
0 0.250513 0.788066 0.011922 0.008633
0 0.248552 0.779546 0.011922 0.008633
0 0.238012 0.788598 0.011922 0.008633
0 0.237277 0.782919 0.011922 0.008633
0 0.221344 0.783274 0.011922 0.008633
0 0.225756 0.778836 0.011922 0.008633
0 0.200754 0.793923 0.011922 0.008633
0 0.209823 0.783629 0.011922 0.008633
0 0.218157 0.774577 0.011922 0.008633
0 0.220854 0.768187 0.011922 0.008633
0 0.236296 0.769607 0.011922 0.008633
0 0.248062 0.770849 0.011922 0.008633
0 0.205411 0.776174 0.011922 0.008633
0 0.197322 0.778659 0.011922 0.008633
0 0.192665 0.770849 0.011922 0.008633
0 0.198548 0.768364 0.011922 0.008633
0 0.192665 0.761975 0.011922 0.008633
0 0.195116 0.756472 0.011922 0.008633
0 0.205411 0.756472 0.011922 0.008633
0 0.209333 0.768364 0.011922 0.008633
0 0.218648 0.758425 0.011922 0.008633
0 0.222079 0.753100 0.011922 0.008633
0 0.232865 0.752035 0.011922 0.008633
0 0.230168 0.759312 0.011922 0.008633
0 0.238257 0.759845 0.011922 0.008633
0 0.253700 0.763572 0.011922 0.008633
0 0.249042 0.755585 0.011922 0.008633
0 0.262769 0.758070 0.011922 0.008633
0 0.263014 0.764814 0.011922 0.008633
0 0.276496 0.758602 0.011922 0.008633
0 0.285320 0.764459 0.011922 0.008633
0 0.300518 0.760200 0.011922 0.008633
0 0.310568 0.757537 0.011922 0.008633
0 0.325520 0.760022 0.011922 0.008633
0 0.349542 0.754875 0.011922 0.008633
0 0.388761 0.746000 0.011922 0.008633
0 0.401507 0.746710 0.011922 0.008633
0 0.402243 0.734641 0.011922 0.008633
0 0.389497 0.736771 0.011922 0.008633
0 0.379692 0.738723 0.011922 0.008633
0 0.360572 0.747953 0.011922 0.008633
0 0.350522 0.745468 0.011922 0.008633
0 0.339002 0.749728 0.011922 0.008633
0 0.330913 0.753810 0.011922 0.008633
0 0.320863 0.751858 0.011922 0.008633
0 0.335325 0.741740 0.011922 0.008633
0 0.327726 0.744048 0.011922 0.008633
0 0.316451 0.742983 0.011922 0.008633
0 0.311303 0.746533 0.011922 0.008633
0 0.304685 0.749728 0.011922 0.008633
0 0.290223 0.753632 0.011922 0.008633
0 0.282624 0.749550 0.011922 0.008633
0 0.285565 0.745290 0.011922 0.008633
0 0.296351 0.744580 0.011922 0.008633
0 0.269142 0.750083 0.011922 0.008633
0 0.255170 0.748840 0.011922 0.008633
0 0.242424 0.746178 0.011922 0.008633
0 0.246101 0.741208 0.011922 0.008633
0 0.260318 0.744580 0.011922 0.008633
0 0.271594 0.742983 0.011922 0.008633
0 0.259583 0.735883 0.011922 0.008633
0 0.272574 0.735173 0.011922 0.008633
0 0.282134 0.734996 0.011922 0.008633
0 0.295615 0.734996 0.011922 0.008633
0 0.306891 0.738191 0.011922 0.008633
0 0.170114 0.749905 0.011922 0.008633
0 0.166682 0.742805 0.011922 0.008633
0 0.163741 0.735706 0.011922 0.008633
0 0.157367 0.724524 0.011922 0.008633
0 0.148543 0.703757 0.011922 0.008633
0 0.143150 0.700030 0.011922 0.008633
0 0.139228 0.698610 0.011922 0.008633
0 0.146092 0.691510 0.011922 0.008633
0 0.137758 0.682990 0.011922 0.008633
0 0.136777 0.671631 0.011922 0.008633
0 0.133591 0.662224 0.011922 0.008633
0 0.171830 0.670744 0.011922 0.008633
0 0.171339 0.663821 0.011922 0.008633
0 0.199283 0.742983 0.011922 0.008633
0 0.194381 0.734818 0.011922 0.008633
0 0.203205 0.729493 0.011922 0.008633
0 0.204185 0.738546 0.011922 0.008633
0 0.234825 0.738723 0.011922 0.008633
0 0.238257 0.733931 0.011922 0.008633
0 0.236541 0.720619 0.011922 0.008633
0 0.243405 0.715649 0.011922 0.008633
0 0.248552 0.727896 0.011922 0.008633
0 0.249778 0.722571 0.011922 0.008633
0 0.259092 0.728251 0.011922 0.008633
0 0.261789 0.723281 0.011922 0.008633
0 0.273064 0.725411 0.011922 0.008633
0 0.272329 0.717601 0.011922 0.008633
0 0.278947 0.720796 0.011922 0.008633
0 0.290223 0.726654 0.011922 0.008633
0 0.297331 0.719376 0.011922 0.008633
0 0.300518 0.726831 0.011922 0.008633
0 0.310077 0.724169 0.011922 0.008633
0 0.321108 0.721684 0.011922 0.008633
0 0.327971 0.725589 0.011922 0.008633
0 0.331648 0.717069 0.011922 0.008633
0 0.341208 0.724701 0.011922 0.008633
0 0.338021 0.731801 0.011922 0.008633
0 0.322334 0.731091 0.011922 0.008633
0 0.357631 0.725766 0.011922 0.008633
0 0.364494 0.724346 0.011922 0.008633
0 0.366700 0.728961 0.011922 0.008633
0 0.366700 0.735706 0.011922 0.008633
0 0.380427 0.726831 0.011922 0.008633
0 0.375770 0.724169 0.011922 0.008633
0 0.380182 0.716714 0.011922 0.008633
0 0.378711 0.710857 0.011922 0.008633
0 0.368416 0.716182 0.011922 0.008633
0 0.351258 0.716714 0.011922 0.008633
0 0.356650 0.712987 0.011922 0.008633
0 0.361063 0.707307 0.011922 0.008633
0 0.341453 0.708372 0.011922 0.008633
0 0.324049 0.709437 0.011922 0.008633
0 0.313264 0.713164 0.011922 0.008633
0 0.302724 0.711922 0.011922 0.008633
0 0.288017 0.710857 0.011922 0.008633
0 0.277476 0.710502 0.011922 0.008633
0 0.256151 0.712987 0.011922 0.008633
0 0.389742 0.725234 0.011922 0.008633
0 0.389006 0.716714 0.011922 0.008633
0 0.401262 0.712454 0.011922 0.008633
0 0.400772 0.720264 0.011922 0.008633
0 0.390232 0.707839 0.011922 0.008633
0 0.399792 0.703757 0.011922 0.008633
0 0.382388 0.702337 0.011922 0.008633
0 0.364984 0.700740 0.011922 0.008633
0 0.344639 0.700562 0.011922 0.008633
0 0.360572 0.693995 0.011922 0.008633
0 0.372828 0.694350 0.011922 0.008633
0 0.389497 0.696480 0.011922 0.008633
0 0.404939 0.696302 0.011922 0.008633
0 0.404939 0.688493 0.011922 0.008633
0 0.420137 0.692398 0.011922 0.008633
0 0.422098 0.680151 0.011922 0.008633
0 0.426265 0.672518 0.011922 0.008633
0 0.421852 0.666129 0.011922 0.008633
0 0.409596 0.669146 0.011922 0.008633
0 0.407881 0.681393 0.011922 0.008633
0 0.389006 0.675181 0.011922 0.008633
0 0.385575 0.690090 0.011922 0.008633
0 0.377976 0.685475 0.011922 0.008633
0 0.371848 0.679618 0.011922 0.008633
0 0.357386 0.684233 0.011922 0.008633
0 0.348316 0.690978 0.011922 0.008633
0 0.332874 0.697722 0.011922 0.008633
0 0.312529 0.701450 0.011922 0.008633
0 0.259583 0.702515 0.011922 0.008633
0 0.272574 0.703047 0.011922 0.008633
0 0.284095 0.701272 0.011922 0.008633
0 0.297331 0.702692 0.011922 0.008633
0 0.306401 0.695592 0.011922 0.008633
0 0.316696 0.694350 0.011922 0.008633
0 0.326991 0.689025 0.011922 0.008633
0 0.344394 0.680151 0.011922 0.008633
0 0.343414 0.670744 0.011922 0.008633
0 0.357386 0.670566 0.011922 0.008633
0 0.367191 0.669501 0.011922 0.008633
0 0.387045 0.663466 0.011922 0.008633
0 0.396605 0.658852 0.011922 0.008633
0 0.407390 0.661691 0.011922 0.008633
0 0.422343 0.658674 0.011922 0.008633
0 0.384349 0.655302 0.011922 0.008633
0 0.361553 0.658497 0.011922 0.008633
0 0.350032 0.656722 0.011922 0.008633
0 0.348561 0.662224 0.011922 0.008633
0 0.326010 0.656544 0.011922 0.008633
0 0.326010 0.664886 0.011922 0.008633
0 0.326746 0.673583 0.011922 0.008633
0 0.328952 0.681748 0.011922 0.008633
0 0.316206 0.682103 0.011922 0.008633
0 0.315225 0.675003 0.011922 0.008633
0 0.314245 0.660804 0.011922 0.008633
0 0.306401 0.667549 0.011922 0.008633
0 0.303949 0.653882 0.011922 0.008633
0 0.296841 0.660449 0.011922 0.008633
0 0.300763 0.675358 0.011922 0.008633
0 0.289487 0.675536 0.011922 0.008633
0 0.284585 0.668791 0.011922 0.008633
0 0.287036 0.658319 0.011922 0.008633
0 0.294390 0.653882 0.011922 0.008633
0 0.276006 0.654769 0.011922 0.008633
0 0.277722 0.662934 0.011922 0.008633
0 0.264485 0.670389 0.011922 0.008633
0 0.263995 0.660626 0.011922 0.008633
0 0.252229 0.659207 0.011922 0.008633
0 0.254435 0.668969 0.011922 0.008633
0 0.273800 0.676423 0.011922 0.008633
0 0.267917 0.679796 0.011922 0.008633
0 0.279437 0.684765 0.011922 0.008633
0 0.283850 0.693285 0.011922 0.008633
0 0.291939 0.689735 0.011922 0.008633
0 0.305175 0.683345 0.011922 0.008633
0 0.310568 0.687960 0.011922 0.008633
0 0.268897 0.692575 0.011922 0.008633
0 0.257867 0.684410 0.011922 0.008633
0 0.254925 0.694173 0.011922 0.008633
0 0.252964 0.680683 0.011922 0.008633
0 0.229433 0.710857 0.011922 0.008633
0 0.244385 0.705177 0.011922 0.008633
0 0.241934 0.697012 0.011922 0.008633
0 0.249042 0.685830 0.011922 0.008633
0 0.244630 0.676601 0.011922 0.008633
0 0.238257 0.684943 0.011922 0.008633
0 0.226001 0.687960 0.011922 0.008633
0 0.221099 0.678731 0.011922 0.008633
0 0.230413 0.675891 0.011922 0.008633
0 0.221589 0.671276 0.011922 0.008633
0 0.228452 0.667194 0.011922 0.008633
0 0.237522 0.672696 0.011922 0.008633
0 0.241199 0.661159 0.011922 0.008633
0 0.245856 0.653349 0.011922 0.008633
0 0.230413 0.648734 0.011922 0.008633
0 0.260073 0.652462 0.011922 0.008633
0 0.265711 0.649622 0.011922 0.008633
0 0.276741 0.647847 0.011922 0.008633
0 0.290468 0.644830 0.011922 0.008633
0 0.298557 0.648379 0.011922 0.008633
0 0.317921 0.650864 0.011922 0.008633
0 0.331403 0.645717 0.011922 0.008633
0 0.346600 0.647670 0.011922 0.008633
0 0.364494 0.648734 0.011922 0.008633
0 0.374054 0.649444 0.011922 0.008633
0 0.388271 0.648734 0.011922 0.008633
0 0.403468 0.650864 0.011922 0.008633
0 0.410577 0.645007 0.011922 0.008633
0 0.397586 0.643232 0.011922 0.008633
0 0.211049 0.656012 0.011922 0.008633
0 0.214971 0.660449 0.011922 0.008633
0 0.209578 0.665774 0.011922 0.008633
0 0.208843 0.669856 0.011922 0.008633
0 0.211049 0.678376 0.011922 0.008633
0 0.204921 0.688315 0.011922 0.008633
0 0.198793 0.686363 0.011922 0.008633
0 0.197567 0.673406 0.011922 0.008633
0 0.209823 0.696125 0.011922 0.008633
0 0.200509 0.695415 0.011922 0.008633
0 0.191929 0.696835 0.011922 0.008633
0 0.198057 0.702870 0.011922 0.008633
0 0.204185 0.708727 0.011922 0.008633
0 0.226001 0.703757 0.011922 0.008633
0 0.431412 0.573300 0.011922 0.008633
0 0.427245 0.569573 0.011922 0.008633
0 0.427490 0.561763 0.011922 0.008633
0 0.417440 0.561586 0.011922 0.008633
0 0.439256 0.556793 0.011922 0.008633
0 0.454208 0.556793 0.011922 0.008633
0 0.447835 0.560876 0.011922 0.008633
0 0.445139 0.568685 0.011922 0.008633
0 0.456169 0.566201 0.011922 0.008633
0 0.462542 0.572235 0.011922 0.008633
0 0.447835 0.574010 0.011922 0.008633
0 0.423568 0.585902 0.011922 0.008633
0 0.421117 0.578270 0.011922 0.008633
0 0.408861 0.574898 0.011922 0.008633
0 0.402733 0.566378 0.011922 0.008633
0 0.405675 0.583062 0.011922 0.008633
0 0.414009 0.594422 0.011922 0.008633
0 0.427735 0.602586 0.011922 0.008633
0 0.413763 0.600457 0.011922 0.008633
0 0.424794 0.610041 0.011922 0.008633
0 0.402978 0.605781 0.011922 0.008633
0 0.405920 0.616253 0.011922 0.008633
0 0.397831 0.615721 0.011922 0.008633
0 0.388761 0.622998 0.011922 0.008633
0 0.391212 0.633648 0.011922 0.008633
0 0.401017 0.627435 0.011922 0.008633
0 0.407635 0.636310 0.011922 0.008633
0 0.417440 0.628678 0.011922 0.008633
0 0.419892 0.638617 0.011922 0.008633
0 0.426020 0.632760 0.011922 0.008633
0 0.423323 0.621933 0.011922 0.008633
0 0.381162 0.612526 0.011922 0.008633
0 0.387045 0.604716 0.011922 0.008633
0 0.395625 0.597084 0.011922 0.008633
0 0.389006 0.579690 0.011922 0.008633
0 0.384104 0.591404 0.011922 0.008633
0 0.373809 0.609331 0.011922 0.008633
0 0.367436 0.621223 0.011922 0.008633
0 0.376015 0.625838 0.011922 0.008633
0 0.380917 0.633470 0.011922 0.008633
0 0.367436 0.628500 0.011922 0.008633
0 0.381408 0.641280 0.011922 0.008633
0 0.371603 0.639505 0.011922 0.008633
0 0.355670 0.632228 0.011922 0.008633
0 0.360817 0.643765 0.011922 0.008633
0 0.345375 0.633115 0.011922 0.008633
0 0.350768 0.625838 0.011922 0.008633
0 0.350522 0.616786 0.011922 0.008633
0 0.353464 0.605959 0.011922 0.008633
0 0.364004 0.602941 0.011922 0.008633
0 0.365475 0.593179 0.011922 0.008633
0 0.377241 0.583062 0.011922 0.008633
0 0.352483 0.584305 0.011922 0.008633
0 0.364004 0.584482 0.011922 0.008633
0 0.357876 0.579157 0.011922 0.008633
0 0.350277 0.576140 0.011922 0.008633
0 0.371358 0.577205 0.011922 0.008633
0 0.387781 0.571170 0.011922 0.008633
0 0.377731 0.566201 0.011922 0.008633
0 0.389742 0.562296 0.011922 0.008633
0 0.394399 0.552179 0.011922 0.008633
0 0.400037 0.534607 0.011922 0.008633
0 0.392193 0.539044 0.011922 0.008633
0 0.385084 0.546676 0.011922 0.008633
0 0.378466 0.536204 0.011922 0.008633
0 0.389006 0.529815 0.011922 0.008633
0 0.397586 0.520230 0.011922 0.008633
0 0.377486 0.525377 0.011922 0.008633
0 0.365720 0.533009 0.011922 0.008633
0 0.365475 0.542062 0.011922 0.008633
0 0.371603 0.554664 0.011922 0.008633
0 0.355425 0.557858 0.011922 0.008633
0 0.363024 0.563893 0.011922 0.008633
0 0.352483 0.548096 0.011922 0.008633
0 0.350032 0.539932 0.011922 0.008633
0 0.346355 0.548274 0.011922 0.008633
0 0.336551 0.546499 0.011922 0.008633
0 0.340718 0.558213 0.011922 0.008633
0 0.347581 0.565491 0.011922 0.008633
0 0.352974 0.570460 0.011922 0.008633
0 0.337286 0.571703 0.011922 0.008633
0 0.326010 0.564781 0.011922 0.008633
0 0.326501 0.557326 0.011922 0.008633
0 0.321598 0.547564 0.011922 0.008633
0 0.314490 0.559101 0.011922 0.008633
0 0.309587 0.544546 0.011922 0.008633
0 0.300273 0.552001 0.011922 0.008633
0 0.300763 0.560698 0.011922 0.008633
0 0.290713 0.549516 0.011922 0.008633
0 0.288262 0.561053 0.011922 0.008633
0 0.287036 0.566911 0.011922 0.008633
0 0.286791 0.573833 0.011922 0.008633
0 0.306891 0.571525 0.011922 0.008633
0 0.299537 0.579512 0.011922 0.008633
0 0.313754 0.576495 0.011922 0.008633
0 0.326255 0.574188 0.011922 0.008633
0 0.329932 0.584127 0.011922 0.008633
0 0.320373 0.584127 0.011922 0.008633
0 0.311303 0.584127 0.011922 0.008633
0 0.297331 0.589630 0.011922 0.008633
0 0.304440 0.591404 0.011922 0.008633
0 0.310077 0.596374 0.011922 0.008633
0 0.322824 0.594422 0.011922 0.008633
0 0.339737 0.594067 0.011922 0.008633
0 0.350277 0.598149 0.011922 0.008633
0 0.328216 0.602231 0.011922 0.008633
0 0.317431 0.603119 0.011922 0.008633
0 0.299047 0.599569 0.011922 0.008633
0 0.289487 0.601167 0.011922 0.008633
0 0.298802 0.607911 0.011922 0.008633
0 0.284585 0.611994 0.011922 0.008633
0 0.312284 0.611639 0.011922 0.008633
0 0.298557 0.615543 0.011922 0.008633
0 0.289978 0.618383 0.011922 0.008633
0 0.285811 0.628500 0.011922 0.008633
0 0.297331 0.627258 0.011922 0.008633
0 0.309587 0.619448 0.011922 0.008633
0 0.324294 0.621756 0.011922 0.008633
0 0.342188 0.613236 0.011922 0.008633
0 0.331158 0.612171 0.011922 0.008633
0 0.336060 0.621756 0.011922 0.008633
0 0.333364 0.630453 0.011922 0.008633
0 0.321108 0.634003 0.011922 0.008633
0 0.311058 0.628323 0.011922 0.008633
0 0.305175 0.638085 0.011922 0.008633
0 0.313999 0.641457 0.011922 0.008633
0 0.241689 0.647492 0.011922 0.008633
0 0.253210 0.646250 0.011922 0.008633
0 0.282624 0.641812 0.011922 0.008633
0 0.274290 0.636842 0.011922 0.008633
0 0.258847 0.635778 0.011922 0.008633
0 0.247817 0.629210 0.011922 0.008633
0 0.247572 0.622821 0.011922 0.008633
0 0.262034 0.627258 0.011922 0.008633
0 0.259828 0.621401 0.011922 0.008633
0 0.276006 0.618738 0.011922 0.008633
0 0.277231 0.580222 0.011922 0.008633
0 0.269142 0.582530 0.011922 0.008633
0 0.280663 0.534962 0.011922 0.008633
0 0.299047 0.534962 0.011922 0.008633
0 0.182615 0.534607 0.011922 0.008633
0 0.285320 0.591049 0.011922 0.008633
0 0.271594 0.590694 0.011922 0.008633
0 0.269387 0.574720 0.011922 0.008633
0 0.162270 0.496269 0.011922 0.008633
0 0.264485 0.442311 0.011922 0.008633
0 0.271103 0.444441 0.011922 0.008633
0 0.254680 0.448523 0.011922 0.008633
0 0.264975 0.449411 0.011922 0.008633
0 0.259828 0.460948 0.011922 0.008633
0 0.267672 0.457930 0.011922 0.008633
0 0.265466 0.468935 0.011922 0.008633
0 0.271839 0.476744 0.011922 0.008633
0 0.280173 0.471420 0.011922 0.008633
0 0.279192 0.480117 0.011922 0.008633
0 0.285075 0.479407 0.011922 0.008633
0 0.282624 0.483489 0.011922 0.008633
0 0.280663 0.486684 0.011922 0.008633
0 0.285320 0.491299 0.011922 0.008633
0 0.290713 0.485264 0.011922 0.008633
0 0.295615 0.491831 0.011922 0.008633
0 0.286056 0.497689 0.011922 0.008633
0 0.289732 0.505676 0.011922 0.008633
0 0.278947 0.505321 0.011922 0.008633
0 0.281644 0.512775 0.011922 0.008633
0 0.293409 0.514905 0.011922 0.008633
0 0.290958 0.530347 0.011922 0.008633
0 0.283114 0.520230 0.011922 0.008633
0 0.273555 0.518988 0.011922 0.008633
0 0.262769 0.516680 0.011922 0.008633
0 0.268162 0.510468 0.011922 0.008633
0 0.300273 0.528572 0.011922 0.008633
0 0.306891 0.536027 0.011922 0.008633
0 0.319637 0.538334 0.011922 0.008633
0 0.334835 0.539044 0.011922 0.008633
0 0.320863 0.530880 0.011922 0.008633
0 0.330913 0.528927 0.011922 0.008633
0 0.341943 0.531590 0.011922 0.008633
0 0.355915 0.529992 0.011922 0.008633
0 0.359102 0.521650 0.011922 0.008633
0 0.340963 0.523070 0.011922 0.008633
0 0.328462 0.520763 0.011922 0.008633
0 0.322824 0.514905 0.011922 0.008633
0 0.317431 0.523957 0.011922 0.008633
0 0.304685 0.507628 0.011922 0.008633
0 0.311058 0.510823 0.011922 0.008633
0 0.322579 0.506031 0.011922 0.008633
0 0.334344 0.511710 0.011922 0.008633
0 0.347581 0.516325 0.011922 0.008633
0 0.347581 0.508516 0.011922 0.008633
0 0.347336 0.501593 0.011922 0.008633
0 0.334835 0.499286 0.011922 0.008633
0 0.325520 0.495914 0.011922 0.008633
0 0.311548 0.501771 0.011922 0.008633
0 0.300518 0.499996 0.011922 0.008633
0 0.299537 0.494494 0.011922 0.008633
0 0.304930 0.480294 0.011922 0.008633
0 0.317186 0.480117 0.011922 0.008633
0 0.327726 0.485264 0.011922 0.008633
0 0.341943 0.490589 0.011922 0.008633
0 0.351258 0.488104 0.011922 0.008633
0 0.383614 0.517568 0.011922 0.008633
0 0.396115 0.514905 0.011922 0.008633
0 0.402243 0.507806 0.011922 0.008633
0 0.387536 0.510823 0.011922 0.008633
0 0.386555 0.504966 0.011922 0.008633
0 0.396115 0.499286 0.011922 0.008633
0 0.377486 0.504788 0.011922 0.008633
0 0.368661 0.506563 0.011922 0.008633
0 0.370377 0.515260 0.011922 0.008633
0 0.355180 0.513663 0.011922 0.008633
0 0.362288 0.492896 0.011922 0.008633
0 0.373319 0.494316 0.011922 0.008633
0 0.379692 0.490411 0.011922 0.008633
0 0.388026 0.492896 0.011922 0.008633
0 0.389742 0.484554 0.011922 0.008633
0 0.395134 0.478697 0.011922 0.008633
0 0.406165 0.463610 0.011922 0.008633
0 0.406410 0.458285 0.011922 0.008633
0 0.399301 0.452605 0.011922 0.008633
0 0.408126 0.447813 0.011922 0.008633
0 0.408126 0.440003 0.011922 0.008633
0 0.395134 0.443908 0.011922 0.008633
0 0.377976 0.442133 0.011922 0.008633
0 0.386310 0.451363 0.011922 0.008633
0 0.379692 0.454913 0.011922 0.008633
0 0.385575 0.466450 0.011922 0.008633
0 0.384594 0.474437 0.011922 0.008633
0 0.381898 0.481892 0.011922 0.008633
0 0.372093 0.484554 0.011922 0.008633
0 0.361798 0.486329 0.011922 0.008633
0 0.356896 0.481714 0.011922 0.008633
0 0.366210 0.474082 0.011922 0.008633
0 0.373073 0.468402 0.011922 0.008633
0 0.365965 0.466095 0.011922 0.008633
0 0.369397 0.458108 0.011922 0.008633
0 0.364249 0.451186 0.011922 0.008633
0 0.364984 0.438939 0.011922 0.008633
0 0.354444 0.439826 0.011922 0.008633
0 0.350032 0.451718 0.011922 0.008633
0 0.349542 0.460238 0.011922 0.008633
0 0.352483 0.468580 0.011922 0.008633
0 0.344885 0.474969 0.011922 0.008633
0 0.336305 0.468757 0.011922 0.008633
0 0.327726 0.466627 0.011922 0.008633
0 0.324540 0.460238 0.011922 0.008633
0 0.338021 0.459528 0.011922 0.008633
0 0.336060 0.455268 0.011922 0.008633
0 0.333119 0.446216 0.011922 0.008633
0 0.343414 0.445861 0.011922 0.008633
0 0.340718 0.438229 0.011922 0.008633
0 0.328216 0.439294 0.011922 0.008633
0 0.317186 0.437341 0.011922 0.008633
0 0.305175 0.441246 0.011922 0.008633
0 0.314735 0.447103 0.011922 0.008633
0 0.295861 0.454558 0.011922 0.008633
0 0.279683 0.451895 0.011922 0.008633
0 0.278947 0.441601 0.011922 0.008633
0 0.269142 0.437874 0.011922 0.008633
0 0.284095 0.463255 0.011922 0.008633
0 0.303459 0.462900 0.011922 0.008633
0 0.313509 0.463787 0.011922 0.008633
0 0.307626 0.468757 0.011922 0.008633
0 0.292919 0.471420 0.011922 0.008633
0 0.316696 0.472485 0.011922 0.008633
0 0.302479 0.523602 0.011922 0.008633
0 0.273800 0.430064 0.011922 0.008633
0 0.260318 0.428644 0.011922 0.008633
0 0.233600 0.437164 0.011922 0.008633
0 0.239483 0.422787 0.011922 0.008633
0 0.243160 0.429531 0.011922 0.008633
0 0.252229 0.421544 0.011922 0.008633
0 0.263505 0.422964 0.011922 0.008633
0 0.261544 0.411427 0.011922 0.008633
0 0.266936 0.400423 0.011922 0.008633
0 0.255661 0.401310 0.011922 0.008633
0 0.251003 0.409120 0.011922 0.008633
0 0.239238 0.411427 0.011922 0.008633
0 0.259828 0.393855 0.011922 0.008633
0 0.305910 0.433614 0.011922 0.008633
0 0.305420 0.430064 0.011922 0.008633
0 0.314490 0.430064 0.011922 0.008633
0 0.326501 0.434679 0.011922 0.008633
0 0.339492 0.432016 0.011922 0.008633
0 0.354935 0.432194 0.011922 0.008633
0 0.370377 0.432016 0.011922 0.008633
0 0.380672 0.433259 0.011922 0.008633
0 0.393418 0.435211 0.011922 0.008633
0 0.412293 0.433436 0.011922 0.008633
0 0.396605 0.425449 0.011922 0.008633
0 0.412293 0.422964 0.011922 0.008633
0 0.406900 0.415865 0.011922 0.008633
0 0.397095 0.418704 0.011922 0.008633
0 0.387290 0.422964 0.011922 0.008633
0 0.379447 0.423319 0.011922 0.008633
0 0.370377 0.421899 0.011922 0.008633
0 0.375525 0.416752 0.011922 0.008633
0 0.364984 0.413735 0.011922 0.008633
0 0.357631 0.424384 0.011922 0.008633
0 0.349542 0.425804 0.011922 0.008633
0 0.348561 0.414800 0.011922 0.008633
0 0.339002 0.424739 0.011922 0.008633
0 0.337776 0.415510 0.011922 0.008633
0 0.329197 0.424917 0.011922 0.008633
0 0.318902 0.421367 0.011922 0.008633
0 0.317676 0.415155 0.011922 0.008633
0 0.325030 0.413380 0.011922 0.008633
0 0.333364 0.409297 0.011922 0.008633
0 0.343659 0.407877 0.011922 0.008633
0 0.360082 0.407522 0.011922 0.008633
0 0.371848 0.403973 0.011922 0.008633
0 0.382633 0.408055 0.011922 0.008633
0 0.395379 0.408055 0.011922 0.008633
0 0.397340 0.400600 0.011922 0.008633
0 0.408371 0.393323 0.011922 0.008633
0 0.414009 0.386046 0.011922 0.008633
0 0.411067 0.378236 0.011922 0.008633
0 0.400037 0.388531 0.011922 0.008633
0 0.398076 0.381609 0.011922 0.008633
0 0.396605 0.373089 0.011922 0.008633
0 0.298067 0.421012 0.011922 0.008633
0 0.297576 0.414800 0.011922 0.008633
0 0.309342 0.412492 0.011922 0.008633
0 0.313754 0.408055 0.011922 0.008633
0 0.314245 0.399890 0.011922 0.008633
0 0.322579 0.403618 0.011922 0.008633
0 0.314490 0.395453 0.011922 0.008633
0 0.320373 0.392436 0.011922 0.008633
0 0.328707 0.395098 0.011922 0.008633
0 0.333364 0.399535 0.011922 0.008633
0 0.349297 0.398470 0.011922 0.008633
0 0.358856 0.399003 0.011922 0.008633
0 0.371113 0.397228 0.011922 0.008633
0 0.384594 0.399358 0.011922 0.008633
0 0.390232 0.391726 0.011922 0.008633
0 0.383123 0.384093 0.011922 0.008633
0 0.376995 0.389951 0.011922 0.008633
0 0.379447 0.373266 0.011922 0.008633
0 0.372093 0.376461 0.011922 0.008633
0 0.364249 0.379124 0.011922 0.008633
0 0.366700 0.383916 0.011922 0.008633
0 0.358856 0.390838 0.011922 0.008633
0 0.349542 0.392081 0.011922 0.008633
0 0.350277 0.384626 0.011922 0.008633
0 0.351013 0.377526 0.011922 0.008633
0 0.359102 0.369717 0.011922 0.008633
0 0.369152 0.369007 0.011922 0.008633
0 0.381162 0.366344 0.011922 0.008633
0 0.344394 0.372024 0.011922 0.008633
0 0.341453 0.379301 0.011922 0.008633
0 0.340718 0.386046 0.011922 0.008633
0 0.338021 0.393323 0.011922 0.008633
0 0.330423 0.389241 0.011922 0.008633
0 0.321353 0.384803 0.011922 0.008633
0 0.322579 0.376284 0.011922 0.008633
0 0.335325 0.371314 0.011922 0.008633
0 0.333854 0.381254 0.011922 0.008633
0 0.190081 0.846926 0.011922 0.008633
0 0.171606 0.845639 0.011922 0.008633
0 0.164500 0.829689 0.011922 0.008633
0 0.627999 0.850366 0.011922 0.008633
0 0.636088 0.851431 0.011922 0.008633
0 0.663296 0.850543 0.011922 0.008633
0 0.686828 0.849478 0.011922 0.008633
0 0.692956 0.841136 0.011922 0.008633
0 0.716978 0.833504 0.011922 0.008633
0 0.731930 0.832972 0.011922 0.008633
0 0.746392 0.810252 0.011922 0.008633
0 0.741245 0.836521 0.011922 0.008633
0 0.746147 0.846638 0.011922 0.008633
0 0.725802 0.856755 0.011922 0.008633
0 0.715752 0.865630 0.011922 0.008633
0 0.711585 0.873617 0.011922 0.008633
0 0.698594 0.881072 0.011922 0.008633
0 0.699084 0.888882 0.011922 0.008633
0 0.714281 0.887817 0.011922 0.008633
0 0.721390 0.900419 0.011922 0.008633
0 0.728743 0.905388 0.011922 0.008633
0 0.734381 0.899176 0.011922 0.008633
0 0.742470 0.898466 0.011922 0.008633
0 0.756442 0.890479 0.011922 0.008633
0 0.762325 0.891012 0.011922 0.008633
0 0.781199 0.895094 0.011922 0.008633
0 0.779483 0.889947 0.011922 0.008633
0 0.774336 0.884267 0.011922 0.008633
0 0.769433 0.879120 0.011922 0.008633
0 0.760854 0.864565 0.011922 0.008633
0 0.758893 0.845218 0.011922 0.008633
0 0.774336 0.849301 0.011922 0.008633
0 0.769924 0.837231 0.011922 0.008633
0 0.759629 0.829599 0.011922 0.008633
0 0.691240 0.736771 0.011922 0.008633
0 0.699084 0.725589 0.011922 0.008633
0 0.742960 0.700917 0.011922 0.008633
0 0.681925 0.684943 0.011922 0.008633
0 0.681680 0.699675 0.011922 0.008633
0 0.713546 0.686540 0.011922 0.008633
0 0.659129 0.684055 0.011922 0.008633
0 0.648834 0.687073 0.011922 0.008633
0 0.198057 0.642167 0.011922 0.008633
0 0.211539 0.634535 0.011922 0.008633
0 0.204431 0.627968 0.011922 0.008633
0 0.212765 0.618738 0.011922 0.008633
0 0.212765 0.610396 0.011922 0.008633
0 0.222324 0.580755 0.011922 0.008633
0 0.212765 0.545256 0.011922 0.008633
0 0.182615 0.522005 0.011922 0.008633
0 0.230658 0.536382 0.011922 0.008633
0 0.246591 0.550049 0.011922 0.008633
0 0.250023 0.569395 0.011922 0.008633
0 0.256641 0.574720 0.011922 0.008633
0 0.259338 0.568330 0.011922 0.008633
0 0.263259 0.563361 0.011922 0.008633
0 0.263505 0.552711 0.011922 0.008633
0 0.262034 0.541707 0.011922 0.008633
0 0.273064 0.544369 0.011922 0.008633
0 0.268162 0.539044 0.011922 0.008633
0 0.258112 0.525200 0.011922 0.008633
0 0.272329 0.530170 0.011922 0.008633
0 0.261789 0.534962 0.011922 0.008633
0 0.272084 0.553599 0.011922 0.008633
0 0.281398 0.554131 0.011922 0.008633
0 0.278212 0.560698 0.011922 0.008633
0 0.275270 0.567798 0.011922 0.008633
0 0.245121 0.600989 0.011922 0.008633
0 0.255906 0.598327 0.011922 0.008633
0 0.262769 0.594422 0.011922 0.008633
0 0.276251 0.601167 0.011922 0.008633
0 0.278457 0.604894 0.011922 0.008633
0 0.273064 0.611106 0.011922 0.008633
0 0.268652 0.609864 0.011922 0.008633
0 0.263259 0.610574 0.011922 0.008633
0 0.263014 0.602231 0.011922 0.008633
0 0.249042 0.606136 0.011922 0.008633
0 0.177467 0.510645 0.011922 0.008633
0 0.167662 0.510468 0.011922 0.008633
0 0.173545 0.504611 0.011922 0.008633
0 0.152465 0.497689 0.011922 0.008633
0 0.161780 0.455445 0.011922 0.008633
0 0.231639 0.511533 0.011922 0.008633
0 0.230658 0.503013 0.011922 0.008633
0 0.253700 0.507983 0.011922 0.008633
0 0.260073 0.504256 0.011922 0.008633
0 0.272329 0.500351 0.011922 0.008633
0 0.266446 0.493251 0.011922 0.008633
0 0.260318 0.492364 0.011922 0.008633
0 0.250513 0.492719 0.011922 0.008633
0 0.247327 0.488459 0.011922 0.008633
0 0.251739 0.482602 0.011922 0.008633
0 0.256641 0.475502 0.011922 0.008633
0 0.258847 0.470710 0.011922 0.008633
0 0.254190 0.463965 0.011922 0.008633
0 0.235316 0.467160 0.011922 0.008633
0 0.235316 0.462013 0.011922 0.008633
0 0.242179 0.455978 0.011922 0.008633
0 0.237767 0.446748 0.011922 0.008633
0 0.223550 0.447103 0.011922 0.008633
0 0.213745 0.444441 0.011922 0.008633
0 0.227717 0.479052 0.011922 0.008633
0 0.213500 0.481004 0.011922 0.008633
0 0.308852 0.384093 0.011922 0.008633
0 0.311303 0.390128 0.011922 0.008633
0 0.299537 0.388353 0.011922 0.008633
0 0.299537 0.398470 0.011922 0.008633
0 0.308607 0.403085 0.011922 0.008633
0 0.290468 0.404150 0.011922 0.008633
0 0.289978 0.412137 0.011922 0.008633
0 0.307871 0.420657 0.011922 0.008633
0 0.615253 0.195597 0.011922 0.008633
0 0.600300 0.194532 0.011922 0.008633
0 0.590005 0.189029 0.011922 0.008633
0 0.599320 0.181752 0.011922 0.008633
0 0.577749 0.210151 0.011922 0.008633
0 0.575053 0.193999 0.011922 0.008633
0 0.585593 0.219913 0.011922 0.008633