0 0.579564 0.726006 0.048828 0.048828
0 0.521741 0.792395 0.048828 0.048828
0 0.481050 0.770979 0.048828 0.048828
0 0.393244 0.815953 0.048828 0.048828
0 0.358979 0.843794 0.048828 0.048828
0 0.294730 0.871635 0.048828 0.048828
0 0.258323 0.858785 0.048828 0.048828
0 0.159809 0.933742 0.048828 0.048828
0 0.048445 0.938025 0.048828 0.048828
0 0.003472 0.993707 0.048828 0.048828
0 0.072003 0.963724 0.048828 0.048828
0 0.181225 0.982999 0.048828 0.048828
0 0.243332 0.972291 0.048828 0.048828
0 0.322282 0.987762 0.048828 0.048828
0 0.384463 0.998975 0.048828 0.048828
0 0.367134 0.950045 0.048828 0.048828
0 0.402812 0.949026 0.048828 0.048828
0 0.340631 0.888884 0.048828 0.048828
0 0.423199 0.869516 0.048828 0.048828
0 0.448683 0.826702 0.048828 0.048828
0 0.464993 0.862380 0.048828 0.048828
0 0.481302 0.899077 0.048828 0.048828
0 0.393637 0.908251 0.048828 0.048828
0 0.488438 0.950045 0.048828 0.048828
0 0.543484 0.939852 0.048828 0.048828
0 0.555716 0.972471 0.048828 0.048828
0 0.584258 0.993878 0.048828 0.048828
0 0.839098 0.982665 0.048828 0.048828
0 0.767743 0.997955 0.048828 0.048828
0 0.791188 0.929658 0.048828 0.048828
0 0.759588 0.913348 0.048828 0.048828
0 0.686194 0.904174 0.048828 0.048828
0 0.652555 0.861361 0.048828 0.048828
0 0.716775 0.858303 0.048828 0.048828
0 0.771821 0.852186 0.048828 0.048828
0 0.836040 0.806315 0.048828 0.048828
0 0.780995 0.780831 0.048828 0.048828
0 0.691291 0.797141 0.048828 0.048828
0 0.702504 0.752289 0.048828 0.048828
0 0.604645 0.826702 0.048828 0.048828
0 0.603626 0.780831 0.048828 0.048828
0 0.555716 0.819567 0.048828 0.048828
0 0.528193 0.893980 0.048828 0.048828
0 0.705562 0.677876 0.048828 0.048828
0 0.760608 0.698263 0.048828 0.048828
0 0.816673 0.692147 0.048828 0.048828
0 0.846234 0.758405 0.048828 0.048828
0 0.763666 0.639140 0.048828 0.048828
0 0.980790 0.732921 0.048828 0.048828
0 0.931860 0.796122 0.048828 0.048828
0 0.950209 0.832819 0.048828 0.048828
0 0.885989 0.833838 0.048828 0.048828
0 0.890067 0.867477 0.048828 0.048828
0 0.890067 0.924561 0.048828 0.048828