0 0.060287 0.457026 0.048828 0.048828
0 0.060287 0.499981 0.048828 0.048828
0 0.038810 0.582822 0.048828 0.048828
0 0.068469 0.566458 0.048828 0.048828
0 0.113469 0.549072 0.048828 0.048828
0 0.108355 0.509185 0.048828 0.048828
0 0.167674 0.462140 0.048828 0.048828
0 0.166651 0.494867 0.048828 0.048828
0 0.160515 0.552140 0.048828 0.048828
0 0.229038 0.578731 0.048828 0.048828
0 0.209606 0.532708 0.048828 0.048828
0 0.251538 0.524526 0.048828 0.048828
0 0.284266 0.566458 0.048828 0.048828
0 0.314948 0.564413 0.048828 0.048828
0 0.344607 0.581800 0.048828 0.048828
0 0.293470 0.604300 0.048828 0.048828
0 0.244379 0.618618 0.048828 0.048828
0 0.290402 0.644186 0.048828 0.048828
0 0.332334 0.625777 0.048828 0.048828
0 0.351766 0.873279 0.048828 0.048828
0 0.327220 0.847710 0.048828 0.048828
0 0.302675 0.802710 0.048828 0.048828
0 0.399834 0.799642 0.048828 0.048828
0 0.352789 0.760778 0.048828 0.048828
0 0.323129 0.720891 0.048828 0.048828
0 0.416198 0.760778 0.048828 0.048828
0 0.390630 0.722937 0.048828 0.048828
0 0.370175 0.699414 0.048828 0.048828
0 0.369152 0.656459 0.048828 0.048828
0 0.448926 0.713732 0.048828 0.048828
0 0.424380 0.681005 0.048828 0.048828
0 0.409039 0.638050 0.048828 0.048828
0 0.391653 0.607368 0.048828 0.048828
0 0.690291 0.898847 0.048828 0.048828
0 0.671882 0.857938 0.048828 0.048828
0 0.704609 0.812937 0.048828 0.048828
0 0.710745 0.767937 0.048828 0.048828
0 0.739382 0.714755 0.048828 0.048828
0 0.769041 0.724982 0.048828 0.048828
0 0.776200 0.768960 0.048828 0.048828
0 0.638131 0.823165 0.048828 0.048828
0 0.590063 0.788392 0.048828 0.048828
0 0.540972 0.754641 0.048828 0.048828
0 0.472449 0.679982 0.048828 0.048828
0 0.533813 0.693277 0.048828 0.048828
0 0.595177 0.705550 0.048828 0.048828
0 0.649381 0.701459 0.048828 0.048828
0 0.699495 0.684073 0.048828 0.048828
0 0.780291 0.664641 0.048828 0.048828
0 0.850860 0.647254 0.048828 0.048828
0 0.840633 0.685096 0.048828 0.048828
0 0.882565 0.690209 0.048828 0.048828
0 0.823246 0.742369 0.048828 0.048828
0 0.776200 0.809869 0.048828 0.048828
0 0.751655 0.823165 0.048828 0.048828
0 0.777223 0.868165 0.048828 0.048828
0 0.809951 0.801687 0.048828 0.048828
0 0.864155 0.820096 0.048828 0.048828
0 0.878474 0.863051 0.048828 0.048828
0 0.907110 0.851801 0.048828 0.048828
0 0.941883 0.764869 0.048828 0.048828
0 0.924497 0.735210 0.048828 0.048828
0 0.741427 0.934643 0.048828 0.048828
0 0.974611 0.399753 0.048828 0.048828
0 0.956201 0.357821 0.048828 0.048828
0 0.923474 0.310775 0.048828 0.048828
0 0.964383 0.240207 0.048828 0.048828
0 0.983815 0.647254 0.048828 0.048828
0 0.969497 0.593050 0.048828 0.048828
0 0.943929 0.524526 0.048828 0.048828
0 0.891769 0.541913 0.048828 0.048828
0 0.898928 0.504072 0.048828 0.048828
0 0.903019 0.462140 0.048828 0.048828
0 0.908133 0.396685 0.048828 0.048828
0 0.866201 0.383389 0.048828 0.048828
0 0.864155 0.335321 0.048828 0.048828
0 0.858019 0.288275 0.048828 0.048828
0 0.814041 0.298502 0.048828 0.048828
0 0.868246 0.613504 0.048828 0.048828
0 0.795632 0.610436 0.048828 0.048828
0 0.843701 0.570549 0.048828 0.048828
0 0.814041 0.542936 0.048828 0.048828
0 0.770064 0.558277 0.048828 0.048828
0 0.729155 0.586913 0.048828 0.048828
0 0.669836 0.595095 0.048828 0.048828
0 0.711768 0.547027 0.048828 0.048828
0 0.635063 0.560322 0.048828 0.048828
0 0.626881 0.642141 0.048828 0.048828
0 0.571654 0.641118 0.048828 0.048828
0 0.524608 0.652368 0.048828 0.048828
0 0.504153 0.620663 0.048828 0.048828
0 0.475517 0.601231 0.048828 0.048828
0 0.549154 0.602254 0.048828 0.048828
0 0.573699 0.567481 0.048828 0.048828
0 0.428471 0.540890 0.048828 0.048828
0 0.485744 0.541913 0.048828 0.048828
0 0.536881 0.531686 0.048828 0.048828
0 0.617677 0.518390 0.048828 0.048828
0 0.676995 0.513276 0.048828 0.048828
0 0.719950 0.490776 0.048828 0.048828
0 0.759837 0.491799 0.048828 0.048828
0 0.789496 0.516345 0.048828 0.048828
0 0.832451 0.516345 0.048828 0.048828
0 0.801769 0.474412 0.048828 0.048828
0 0.858019 0.471344 0.048828 0.048828
0 0.800746 0.439640 0.048828 0.048828
0 0.832451 0.438617 0.048828 0.048828
0 0.867224 0.416117 0.048828 0.048828
0 0.789496 0.399753 0.048828 0.048828
0 0.806882 0.338389 0.048828 0.048828
0 0.773132 0.356798 0.048828 0.048828
0 0.730177 0.373162 0.048828 0.048828
0 0.724041 0.444753 0.048828 0.048828
0 0.691313 0.398730 0.048828 0.048828
0 0.670859 0.461117 0.048828 0.048828
0 0.607449 0.463162 0.048828 0.048828
0 0.643245 0.416117 0.048828 0.048828
0 0.606427 0.416117 0.048828 0.048828
0 0.533813 0.476458 0.048828 0.048828
0 0.538926 0.433503 0.048828 0.048828
0 0.540972 0.376230 0.048828 0.048828
0 0.584949 0.381344 0.048828 0.048828
0 0.624836 0.373162 0.048828 0.048828
0 0.672904 0.371116 0.048828 0.048828
0 0.735291 0.322025 0.048828 0.048828
0 0.695404 0.316912 0.048828 0.048828
0 0.646313 0.308730 0.048828 0.048828
0 0.568585 0.312821 0.048828 0.048828
0 0.603358 0.271911 0.048828 0.048828
0 0.658586 0.270889 0.048828 0.048828
0 0.727109 0.286230 0.048828 0.048828
0 0.763928 0.289298 0.048828 0.048828
0 0.804837 0.247366 0.048828 0.048828
0 0.837564 0.265775 0.048828 0.048828
0 0.826314 0.219752 0.048828 0.048828
0 0.800746 0.179865 0.048828 0.048828
0 0.769041 0.199297 0.048828 0.048828
0 0.728132 0.200320 0.048828 0.048828
0 0.681086 0.209525 0.048828 0.048828
0 0.625859 0.234070 0.048828 0.048828
0 0.637109 0.209525 0.048828 0.048828
0 0.575745 0.226911 0.048828 0.048828
0 0.527676 0.267820 0.048828 0.048828
0 0.502108 0.302593 0.048828 0.048828
0 0.520517 0.335321 0.048828 0.048828
0 0.481653 0.362935 0.048828 0.048828
0 0.458130 0.468276 0.048828 0.048828
0 0.462221 0.423276 0.048828 0.048828
0 0.431539 0.382366 0.048828 0.048828
0 0.432562 0.326116 0.048828 0.048828
0 0.466312 0.318957 0.048828 0.048828
0 0.479608 0.264752 0.048828 0.048828
0 0.431539 0.255548 0.048828 0.048828
0 0.412107 0.290320 0.048828 0.048828
0 0.415175 0.493844 0.048828 0.048828
0 0.420289 0.448844 0.048828 0.048828
0 0.400857 0.408958 0.048828 0.048828
0 0.403925 0.210547 0.048828 0.048828
0 0.439721 0.194184 0.048828 0.048828
0 0.438698 0.156342 0.048828 0.048828
0 0.406994 0.116456 0.048828 0.048828
0 0.453017 0.093956 0.048828 0.048828
0 0.418244 0.062251 0.048828 0.048828
0 0.436653 0.025433 0.048828 0.048828
0 0.491880 0.001910 0.048828 0.048828
0 0.487790 0.053046 0.048828 0.048828
0 0.549154 0.019296 0.048828 0.048828
0 0.589040 0.026455 0.048828 0.048828
0 0.546085 0.056115 0.048828 0.048828
0 0.584949 0.067365 0.048828 0.048828
0 0.615631 0.074524 0.048828 0.048828
0 0.659609 0.058160 0.048828 0.048828
0 0.693359 0.083728 0.048828 0.048828
0 0.726086 0.159411 0.048828 0.048828
0 0.654495 0.184979 0.048828 0.048828
0 0.640177 0.145092 0.048828 0.048828
0 0.657563 0.099069 0.048828 0.048828
0 0.566540 0.110319 0.048828 0.048828
0 0.600290 0.175774 0.048828 0.048828
0 0.553244 0.170661 0.048828 0.048828
0 0.516426 0.108274 0.048828 0.048828
0 0.507221 0.159411 0.048828 0.048828
0 0.485744 0.166570 0.048828 0.048828
0 0.510290 0.209525 0.048828 0.048828
0 0.775178 0.153274 0.048828 0.048828
0 0.829382 0.148161 0.048828 0.048828
0 0.757791 0.117479 0.048828 0.048828
0 0.809951 0.103160 0.048828 0.048828
0 0.814041 0.053046 0.048828 0.048828
0 0.783359 0.023387 0.048828 0.048828
0 0.739382 0.040774 0.048828 0.048828
0 0.695404 0.037705 0.048828 0.048828
0 0.895860 0.037705 0.048828 0.048828
0 0.971542 0.088842 0.048828 0.048828
0 0.986883 0.182933 0.048828 0.048828
0 0.983815 0.131797 0.048828 0.048828
0 0.353811 0.396685 0.048828 0.048828
0 0.299607 0.389526 0.048828 0.048828
0 0.331311 0.348616 0.048828 0.048828
0 0.378357 0.353730 0.048828 0.048828
0 0.344607 0.292366 0.048828 0.048828
0 0.389607 0.262707 0.048828 0.048828
0 0.345630 0.225888 0.048828 0.048828
0 0.299607 0.227934 0.048828 0.048828
0 0.291425 0.270889 0.048828 0.048828
0 0.262788 0.244297 0.048828 0.048828
0 0.211651 0.288275 0.048828 0.048828
0 0.203470 0.253502 0.048828 0.048828
0 0.180969 0.222820 0.048828 0.048828
0 0.155401 0.200320 0.048828 0.048828
0 0.166651 0.157365 0.048828 0.048828
0 0.213697 0.187024 0.048828 0.048828
0 0.196310 0.136910 0.048828 0.048828
0 0.229038 0.115433 0.048828 0.048828
0 0.276084 0.136910 0.048828 0.048828
0 0.293470 0.187024 0.048828 0.048828
0 0.318016 0.157365 0.048828 0.048828
0 0.306766 0.111342 0.048828 0.048828
0 0.280175 0.064296 0.048828 0.048828
0 0.361993 0.084751 0.048828 0.048828
0 0.352789 0.145092 0.048828 0.048828
0 0.377334 0.171683 0.048828 0.048828
0 0.333357 0.188047 0.048828 0.048828
0 0.243356 0.026455 0.048828 0.048828
0 0.292447 0.015205 0.048828 0.048828
0 0.311879 0.049978 0.048828 0.048828
0 0.364039 0.016228 0.048828 0.048828
0 0.152333 0.087819 0.048828 0.048828
0 0.806882 0.921347 0.048828 0.048828
0 0.821201 0.961234 0.048828 0.048828
0 0.887678 0.912142 0.048828 0.048828
0 0.941883 0.901915 0.048828 0.048828
0 0.946997 0.976575 0.048828 0.048828
0 0.997111 0.999075 0.048828 0.048828
0 0.987906 0.828278 0.048828 0.048828
0 0.999156 0.808846 0.048828 0.048828
0 0.978702 0.707596 0.048828 0.048828
0 0.904042 0.160433 0.048828 0.048828
0 0.996088 0.036683 0.048828 0.048828