0 0.973134 0.614381 0.048828 0.048828
0 0.996416 0.548898 0.048828 0.048828
0 0.965858 0.698780 0.048828 0.048828
0 0.986230 0.743891 0.048828 0.048828
0 0.933844 0.767174 0.048828 0.048828
0 0.928023 0.726429 0.048828 0.048828
0 0.836347 0.786091 0.048828 0.048828
0 0.786872 0.797732 0.048828 0.048828
0 0.788327 0.749711 0.048828 0.048828
0 0.833437 0.752622 0.048828 0.048828
0 0.737396 0.809373 0.048828 0.048828
0 0.724299 0.781725 0.048828 0.048828
0 0.714113 0.740980 0.048828 0.048828
0 0.650085 0.729339 0.048828 0.048828
0 0.623892 0.775905 0.048828 0.048828
0 0.587513 0.749711 0.048828 0.048828
0 0.529306 0.778815 0.048828 0.048828
0 0.443451 0.794822 0.048828 0.048828
0 0.535127 0.736615 0.048828 0.048828
0 0.441996 0.758443 0.048828 0.048828
0 0.583148 0.711877 0.048828 0.048828
0 0.519120 0.687139 0.048828 0.048828
0 0.369237 0.842842 0.048828 0.048828
0 0.369237 0.796277 0.048828 0.048828
0 0.325582 0.772994 0.048828 0.048828
0 0.302300 0.823925 0.048828 0.048828
0 0.239727 0.803553 0.048828 0.048828
0 0.140776 0.800642 0.048828 0.048828
0 0.072382 0.812284 0.048828 0.048828
0 0.161148 0.775905 0.048828 0.048828
0 0.213534 0.764263 0.048828 0.048828
0 0.279017 0.754077 0.048828 0.048828
0 0.318306 0.727884 0.048828 0.048828
0 0.377968 0.719153 0.048828 0.048828
0 0.431810 0.687139 0.048828 0.048828
0 0.343044 0.674043 0.048828 0.048828
0 0.284837 0.663856 0.048828 0.048828
0 0.247003 0.700236 0.048828 0.048828
0 0.210624 0.671132 0.048828 0.048828
0 0.172789 0.700236 0.048828 0.048828
0 0.203348 0.727884 0.048828 0.048828
0 0.136410 0.735160 0.048828 0.048828
0 0.098576 0.767174 0.048828 0.048828
0 0.046189 0.796277 0.048828 0.048828
0 0.006900 0.819560 0.048828 0.048828
0 0.027272 0.759898 0.048828 0.048828
0 0.066562 0.726429 0.048828 0.048828
0 0.005100 0.610987 0.048828 0.048828
0 0.067053 0.623134 0.048828 0.048828
0 0.053691 0.668081 0.048828 0.048828
0 0.101067 0.674155 0.048828 0.048828
0 0.113214 0.629208 0.048828 0.048828
0 0.178812 0.608557 0.048828 0.048828
0 0.223758 0.583047 0.048828 0.048828
0 0.173953 0.658363 0.048828 0.048828
0 0.226188 0.630423 0.048828 0.048828
0 0.057897 0.037174 0.048828 0.048828
0 0.112110 0.034162 0.048828 0.048828
0 0.223547 0.028139 0.048828 0.048828
0 0.288804 0.028139 0.048828 0.048828
0 0.352052 0.036170 0.048828 0.048828
0 0.386186 0.076328 0.048828 0.048828
0 0.289808 0.074320 0.048828 0.048828
0 0.226559 0.075324 0.048828 0.048828
0 0.146244 0.081348 0.048828 0.048828
0 0.067937 0.082352 0.048828 0.048828
0 0.008704 0.069300 0.048828 0.048828
0 0.032799 0.125521 0.048828 0.048828
0 0.096047 0.129537 0.048828 0.048828
0 0.157287 0.134556 0.048828 0.048828
0 0.212504 0.123513 0.048828 0.048828
0 0.337997 0.109458 0.048828 0.048828
0 0.377150 0.128533 0.048828 0.048828
0 0.332977 0.146604 0.048828 0.048828
0 0.240614 0.159655 0.048828 0.048828
0 0.382170 0.167687 0.048828 0.048828
0 0.330969 0.216880 0.048828 0.048828
0 0.280772 0.197805 0.048828 0.048828
0 0.260693 0.234951 0.048828 0.048828
0 0.218528 0.201821 0.048828 0.048828
0 0.137209 0.197805 0.048828 0.048828
0 0.105082 0.172706 0.048828 0.048828
0 0.380162 0.223907 0.048828 0.048828
0 0.390202 0.266073 0.048828 0.048828
0 0.343016 0.264065 0.048828 0.048828
0 0.243626 0.267077 0.048828 0.048828
0 0.173350 0.274104 0.048828 0.048828
0 0.148252 0.256033 0.048828 0.048828
0 0.112110 0.233947 0.048828 0.048828
0 0.040830 0.226919 0.048828 0.048828
0 0.017740 0.183750 0.048828 0.048828
0 0.019747 0.277116 0.048828 0.048828
0 0.072956 0.275108 0.048828 0.048828
0 0.122149 0.285148 0.048828 0.048828
0 0.323942 0.312254 0.048828 0.048828
0 0.382170 0.365463 0.048828 0.048828
0 0.342013 0.343376 0.048828 0.048828
0 0.285792 0.352412 0.048828 0.048828
0 0.250654 0.323297 0.048828 0.048828
0 0.196441 0.339360 0.048828 0.048828
0 0.150260 0.322293 0.048828 0.048828
0 0.129177 0.371487 0.048828 0.048828
0 0.086008 0.373494 0.048828 0.048828
0 0.086008 0.323297 0.048828 0.048828
0 0.004688 0.310246 0.048828 0.048828
0 0.023763 0.351408 0.048828 0.048828
0 0.051874 0.578298 0.048828 0.048828
0 0.089019 0.592354 0.048828 0.048828
0 0.137209 0.571271 0.048828 0.048828
0 0.035811 0.537137 0.048828 0.048828
0 0.002680 0.515050 0.048828 0.048828
0 0.013724 0.486940 0.048828 0.048828
0 0.009708 0.441762 0.048828 0.048828
0 0.024767 0.389557 0.048828 0.048828
0 0.052878 0.415660 0.048828 0.048828
0 0.110102 0.406624 0.048828 0.048828
0 0.107090 0.435739 0.048828 0.048828
0 0.163311 0.393573 0.048828 0.048828
0 0.173350 0.420680 0.048828 0.048828
0 0.246638 0.386546 0.048828 0.048828
0 0.333981 0.390561 0.048828 0.048828
0 0.313902 0.434735 0.048828 0.048828
0 0.324946 0.462845 0.048828 0.048828
0 0.234591 0.456822 0.048828 0.048828
0 0.179374 0.467865 0.048828 0.048828
0 0.128173 0.507019 0.048828 0.048828
0 0.062917 0.459833 0.048828 0.048828
0 0.057897 0.516054 0.048828 0.048828
0 0.165319 0.517058 0.048828 0.048828
0 0.205477 0.499991 0.048828 0.048828
0 0.325949 0.528101 0.048828 0.048828
0 0.332977 0.585326 0.048828 0.048828
0 0.283784 0.562235 0.048828 0.048828
0 0.285792 0.606409 0.048828 0.048828
0 0.394217 0.646566 0.048828 0.048828
0 0.393214 0.601389 0.048828 0.048828
0 0.388194 0.559224 0.048828 0.048828
0 0.394217 0.492963 0.048828 0.048828
0 0.398233 0.441762 0.048828 0.048828
0 0.477545 0.640543 0.048828 0.048828
0 0.524730 0.643555 0.048828 0.048828
0 0.489592 0.610425 0.048828 0.048828
0 0.448430 0.578298 0.048828 0.048828
0 0.413292 0.536133 0.048828 0.048828
0 0.436383 0.512038 0.048828 0.048828
0 0.434375 0.441762 0.048828 0.048828
0 0.476541 0.396585 0.048828 0.048828
0 0.526738 0.404617 0.048828 0.048828
0 0.569907 0.428711 0.048828 0.048828
0 0.591994 0.384538 0.048828 0.048828
0 0.577939 0.483928 0.048828 0.048828
0 0.512682 0.488948 0.048828 0.048828
0 0.517702 0.543160 0.048828 0.048828
0 0.583962 0.541153 0.048828 0.048828
0 0.555852 0.598377 0.048828 0.048828
0 0.586974 0.665641 0.048828 0.048828
0 0.620104 0.679696 0.048828 0.048828
0 0.661266 0.686724 0.048828 0.048828
0 0.639179 0.617452 0.048828 0.048828
0 0.617092 0.572275 0.048828 0.048828
0 0.629140 0.517058 0.048828 0.048828
0 0.677329 0.450798 0.048828 0.048828
0 0.693392 0.510030 0.048828 0.048828
0 0.702427 0.538141 0.048828 0.048828
0 0.685360 0.594361 0.048828 0.048828
0 0.739573 0.635523 0.048828 0.048828
0 0.791778 0.647570 0.048828 0.048828
0 0.853019 0.664637 0.048828 0.048828
0 0.818885 0.603397 0.048828 0.048828
0 0.779731 0.596369 0.048828 0.048828
0 0.789770 0.691744 0.048828 0.048828
0 0.728530 0.689736 0.048828 0.048828
0 0.867074 0.704795 0.048828 0.048828
0 0.873097 0.561231 0.048828 0.048828
0 0.790774 0.541153 0.048828 0.048828
0 0.735557 0.505011 0.048828 0.048828
0 0.759652 0.483928 0.048828 0.048828
0 0.815873 0.506015 0.048828 0.048828
0 0.857034 0.498987 0.048828 0.048828
0 0.932330 0.505011 0.048828 0.048828
0 0.970480 0.435739 0.048828 0.048828
0 0.903216 0.451802 0.048828 0.048828
0 0.821896 0.428711 0.048828 0.048828
0 0.763668 0.436743 0.048828 0.048828
0 0.743589 0.395581 0.048828 0.048828
0 0.770695 0.367471 0.048828 0.048828
0 0.650222 0.383534 0.048828 0.048828
0 0.648215 0.313258 0.048828 0.048828
0 0.605045 0.314262 0.048828 0.048828
0 0.527742 0.315266 0.048828 0.048828
0 0.484572 0.305226 0.048828 0.048828
0 0.431363 0.333337 0.048828 0.048828
0 0.471521 0.248002 0.048828 0.048828
0 0.436383 0.217884 0.048828 0.048828
0 0.442407 0.180738 0.048828 0.048828
0 0.527742 0.240974 0.048828 0.048828
0 0.563883 0.276112 0.048828 0.048828
0 0.600025 0.246998 0.048828 0.048828
0 0.655242 0.248002 0.048828 0.048828
0 0.609061 0.202824 0.048828 0.048828
0 0.533765 0.184754 0.048828 0.048828
0 0.484572 0.144596 0.048828 0.048828
0 0.588982 0.136564 0.048828 0.048828
0 0.724514 0.320286 0.048828 0.048828
0 0.764672 0.310246 0.048828 0.048828
0 0.806837 0.338357 0.048828 0.048828
0 0.866070 0.351408 0.048828 0.048828
0 0.999594 0.372490 0.048828 0.048828
0 0.983531 0.324301 0.048828 0.048828
0 0.931326 0.281132 0.048828 0.048828
0 0.955420 0.266073 0.048828 0.048828
0 0.942369 0.202824 0.048828 0.048828
0 0.902212 0.165679 0.048828 0.048828
0 0.896188 0.112470 0.048828 0.048828
0 0.875105 0.036170 0.048828 0.048828
0 0.863058 0.084359 0.048828 0.048828
0 0.828924 0.028139 0.048828 0.048828
0 0.800814 0.068296 0.048828 0.048828
0 0.799810 0.104438 0.048828 0.048828
0 0.796798 0.148612 0.048828 0.048828
0 0.807841 0.199813 0.048828 0.048828
0 0.768687 0.184754 0.048828 0.048828
0 0.681345 0.203828 0.048828 0.048828
0 0.700419 0.248002 0.048828 0.048828
0 0.758648 0.276112 0.048828 0.048828
0 0.757644 0.217884 0.048828 0.048828
0 0.793786 0.234951 0.048828 0.048828
0 0.822900 0.249006 0.048828 0.048828
0 0.845991 0.300207 0.048828 0.048828
0 0.664278 0.152627 0.048828 0.048828
0 0.725518 0.144596 0.048828 0.048828
0 0.721502 0.093395 0.048828 0.048828
0 0.667289 0.089379 0.048828 0.048828
0 0.694396 0.046210 0.048828 0.048828
0 0.750617 0.040186 0.048828 0.048828
0 0.623116 0.064281 0.048828 0.048828
0 0.587978 0.104438 0.048828 0.048828
0 0.548824 0.079340 0.048828 0.048828
0 0.482564 0.083355 0.048828 0.048828
0 0.479552 0.041190 0.048828 0.048828
0 0.557860 0.040186 0.048828 0.048828
0 0.588982 0.029143 0.048828 0.048828
0 0.661266 0.016091 0.048828 0.048828
0 0.986543 0.012076 0.048828 0.048828
0 0.972487 0.153631 0.048828 0.048828