0 0.706418 0.982434 0.048828 0.048828
0 0.735979 0.982434 0.048828 0.048828
0 0.795102 0.970202 0.048828 0.048828
0 0.868496 0.955931 0.048828 0.048828
0 0.907232 0.995686 0.048828 0.048828
0 0.897038 0.936563 0.048828 0.048828
0 0.743115 0.931466 0.048828 0.048828
0 0.765541 0.908021 0.048828 0.048828
0 0.760444 0.884575 0.048828 0.048828
0 0.722728 0.883556 0.048828 0.048828
0 0.716611 0.815259 0.048828 0.048828
0 0.777773 0.855014 0.048828 0.048828
0 0.776754 0.815259 0.048828 0.048828
0 0.816509 0.808123 0.048828 0.048828
0 0.838935 0.833607 0.048828 0.048828
0 0.797141 0.874382 0.048828 0.048828
0 0.845051 0.888653 0.048828 0.048828
0 0.896019 0.900885 0.048828 0.048828
0 0.900096 0.838704 0.048828 0.048828
0 0.875632 0.816278 0.048828 0.048828
0 0.889903 0.775504 0.048828 0.048828
0 0.902135 0.742884 0.048828 0.048828
0 0.877671 0.727594 0.048828 0.048828
0 0.874612 0.695993 0.048828 0.048828
0 0.820586 0.757155 0.048828 0.048828
0 0.775734 0.772446 0.048828 0.048828
0 0.736999 0.770407 0.048828 0.048828
0 0.788986 0.735749 0.048828 0.048828
0 0.787967 0.697013 0.048828 0.048828
0 0.739037 0.693955 0.048828 0.048828
0 0.729863 0.655219 0.048828 0.048828
0 0.766560 0.664393 0.048828 0.048828
0 0.779812 0.631774 0.048828 0.048828
0 0.793064 0.607309 0.048828 0.048828
0 0.812431 0.638909 0.048828 0.048828
0 0.811412 0.668471 0.048828 0.048828
0 0.857283 0.648083 0.048828 0.048828
0 0.848109 0.622599 0.048828 0.048828
0 0.858303 0.599154 0.048828 0.048828
0 0.711515 0.574689 0.048828 0.048828
0 0.748212 0.536973 0.048828 0.048828
0 0.796122 0.581825 0.048828 0.048828
0 0.837915 0.567554 0.048828 0.048828
0 0.800199 0.549205 0.048828 0.048828
0 0.851167 0.541050 0.048828 0.048828
0 0.831799 0.515566 0.048828 0.048828
0 0.865438 0.499257 0.048828 0.048828
0 0.856264 0.448289 0.048828 0.048828
0 0.814470 0.459502 0.048828 0.048828
0 0.833838 0.424843 0.048828 0.048828
0 0.787967 0.470715 0.048828 0.048828
0 0.701321 0.501295 0.048828 0.048828
0 0.746173 0.474792 0.048828 0.048828
0 0.732921 0.437076 0.048828 0.048828
0 0.791025 0.429940 0.048828 0.048828
0 0.764521 0.408533 0.048828 0.048828
0 0.795102 0.381011 0.048828 0.048828
0 0.828741 0.388146 0.048828 0.048828
0 0.766560 0.368778 0.048828 0.048828
0 0.735979 0.336159 0.048828 0.048828
0 0.754328 0.298442 0.048828 0.048828
0 0.762483 0.271939 0.048828 0.048828
0 0.824664 0.272958 0.048828 0.048828
0 0.849128 0.280094 0.048828 0.048828
0 0.856264 0.329023 0.048828 0.048828
0 0.720689 0.274997 0.048828 0.048828
0 0.744134 0.252571 0.048828 0.048828
0 0.724766 0.207719 0.048828 0.048828
0 0.728844 0.159809 0.048828 0.048828
0 0.781851 0.151654 0.048828 0.048828
0 0.783889 0.110880 0.048828 0.048828
0 0.726805 0.105783 0.048828 0.048828
0 0.695205 0.108841 0.048828 0.048828
0 0.687050 0.062970 0.048828 0.048828
0 0.750250 0.044621 0.048828 0.048828
0 0.792044 0.034428 0.048828 0.048828
0 0.813451 0.062970 0.048828 0.048828
0 0.669721 0.036466 0.048828 0.048828
0 0.695205 0.014040 0.048828 0.048828
0 0.670740 0.009963 0.048828 0.048828
0 0.925581 0.120054 0.048828 0.048828
0 0.926600 0.161848 0.048828 0.048828