0 0.004369 0.726006 0.048828 0.048828
0 0.009063 0.993878 0.048828 0.048828
0 0.263903 0.982665 0.048828 0.048828
0 0.192548 0.997955 0.048828 0.048828
0 0.215993 0.929658 0.048828 0.048828
0 0.184393 0.913348 0.048828 0.048828
0 0.110999 0.904174 0.048828 0.048828
0 0.077360 0.861361 0.048828 0.048828
0 0.141580 0.858303 0.048828 0.048828
0 0.196625 0.852186 0.048828 0.048828
0 0.260845 0.806315 0.048828 0.048828
0 0.205800 0.780831 0.048828 0.048828
0 0.116096 0.797141 0.048828 0.048828
0 0.127309 0.752289 0.048828 0.048828
0 0.029450 0.826702 0.048828 0.048828
0 0.028431 0.780831 0.048828 0.048828
0 0.130367 0.677876 0.048828 0.048828
0 0.185412 0.698263 0.048828 0.048828
0 0.241477 0.692147 0.048828 0.048828
0 0.271039 0.758405 0.048828 0.048828
0 0.188470 0.639140 0.048828 0.048828
0 0.425982 0.594288 0.048828 0.048828
0 0.405594 0.732921 0.048828 0.048828
0 0.511608 0.745153 0.048828 0.048828
0 0.356665 0.796122 0.048828 0.048828
0 0.375014 0.832819 0.048828 0.048828
0 0.310794 0.833838 0.048828 0.048828
0 0.314871 0.867477 0.048828 0.048828
0 0.314871 0.924561 0.048828 0.048828