0 0.908234 0.979776 0.048828 0.048828
0 0.950984 0.964071 0.048828 0.048828
0 0.596764 0.245162 0.048828 0.048828
0 0.568846 0.273081 0.048828 0.048828
0 0.608106 0.289658 0.048828 0.048828
0 0.624683 0.309724 0.048828 0.048828
0 0.594147 0.316704 0.048828 0.048828
0 0.615959 0.344623 0.048828 0.048828
0 0.637770 0.363817 0.048828 0.048828
0 0.574080 0.348985 0.048828 0.048828
0 0.581933 0.369924 0.048828 0.048828
0 0.590657 0.390863 0.048828 0.048828
0 0.562738 0.386501 0.048828 0.048828
0 0.566228 0.410930 0.048828 0.048828
0 0.585422 0.423144 0.048828 0.048828
0 0.609851 0.424017 0.048828 0.048828
0 0.663944 0.421399 0.048828 0.048828
0 0.663944 0.394353 0.048828 0.048828
0 0.686628 0.448446 0.048828 0.048828
0 0.655219 0.444956 0.048828 0.048828
0 0.604617 0.451936 0.048828 0.048828
0 0.556631 0.448446 0.048828 0.048828
0 0.574080 0.479854 0.048828 0.048828
0 0.605489 0.490324 0.048828 0.048828
0 0.664817 0.468512 0.048828 0.048828
0 0.610724 0.531330 0.048828 0.048828
0 0.628173 0.507773 0.048828 0.048828
0 0.644750 0.529585 0.048828 0.048828
0 0.672669 0.515625 0.048828 0.048828
0 0.690990 0.483344 0.048828 0.048828
0 0.661327 0.554886 0.048828 0.048828
0 0.686628 0.562738 0.048828 0.048828
0 0.709312 0.556631 0.048828 0.048828
0 0.731124 0.530457 0.048828 0.048828
0 0.762532 0.513881 0.048828 0.048828
0 0.727634 0.595892 0.048828 0.048828
0 0.757298 0.586295 0.048828 0.048828
0 0.761660 0.625556 0.048828 0.048828
0 0.790451 0.615086 0.048828 0.048828
0 0.844544 0.578443 0.048828 0.048828
0 0.814008 0.641260 0.048828 0.048828
0 0.862866 0.610724 0.048828 0.048828
0 0.865483 0.649985 0.048828 0.048828
0 0.796558 0.684011 0.048828 0.048828
0 0.819242 0.689246 0.048828 0.048828
0 0.888167 0.684011 0.048828 0.048828
0 0.883805 0.708440 0.048828 0.048828
0 0.855886 0.728506 0.048828 0.048828
0 0.814008 0.745083 0.048828 0.048828
0 0.834074 0.760787 0.048828 0.048828
0 0.887295 0.752935 0.048828 0.048828
0 0.918703 0.752935 0.048828 0.048828
0 0.901254 0.777364 0.048828 0.048828
0 0.862866 0.793069 0.048828 0.048828
0 0.834947 0.825350 0.048828 0.048828
0 0.873335 0.841054 0.048828 0.048828
0 0.895147 0.810518 0.048828 0.048828
0 0.918703 0.829712 0.048828 0.048828
0 0.937897 0.852396 0.048828 0.048828
0 0.937897 0.888167 0.048828 0.048828
0 0.905616 0.881187 0.048828 0.048828
0 0.863738 0.876825 0.048828 0.048828
0 0.861993 0.929173 0.048828 0.048828
0 0.909106 0.917831 0.048828 0.048828
0 0.934408 0.922193 0.048828 0.048828
0 0.917831 0.960581 0.048828 0.048828
0 0.816625 0.141339 0.048828 0.048828
0 0.838437 0.184090 0.048828 0.048828
0 0.855013 0.231203 0.048828 0.048828
0 0.866355 0.261739 0.048828 0.048828
0 0.872463 0.309724 0.048828 0.048828
0 0.814880 0.213753 0.048828 0.048828
0 0.565356 0.110803 0.048828 0.048828
0 0.589785 0.094226 0.048828 0.048828
0 0.588912 0.162278 0.048828 0.048828
0 0.583678 0.204156 0.048828 0.048828
0 0.493814 0.232948 0.048828 0.048828
0 0.530457 0.217243 0.048828 0.048828
0 0.507773 0.266101 0.048828 0.048828
0 0.513881 0.302745 0.048828 0.048828
0 0.838437 0.535692 0.048828 0.048828
0 0.975413 0.727634 0.048828 0.048828