0 0.047285 0.611781 0.048828 0.048828
0 0.030975 0.644400 0.048828 0.048828
0 0.024859 0.677020 0.048828 0.048828
0 0.056459 0.686194 0.048828 0.048828
0 0.065634 0.713717 0.048828 0.048828
0 0.076846 0.752453 0.048828 0.048828
0 0.073788 0.800363 0.048828 0.048828
0 0.026898 0.780995 0.048828 0.048828
0 0.031995 0.719833 0.048828 0.048828
0 0.122718 0.756530 0.048828 0.048828
0 0.123737 0.823808 0.048828 0.048828
0 0.159415 0.846234 0.048828 0.048828
0 0.118640 0.904338 0.048828 0.048828
0 0.078885 0.862544 0.048828 0.048828
0 0.027917 0.868660 0.048828 0.048828
0 0.072769 0.931860 0.048828 0.048828
0 0.115582 0.949190 0.048828 0.048828
0 0.035053 0.961422 0.048828 0.048828
0 0.690502 0.997100 0.048828 0.048828
0 0.618128 0.997100 0.048828 0.048828
0 0.547792 0.985887 0.048828 0.048828
0 0.410178 0.986906 0.048828 0.048828
0 0.344939 0.985887 0.048828 0.048828
0 0.297029 0.997100 0.048828 0.048828
0 0.252177 0.995061 0.048828 0.048828
0 0.226693 0.992003 0.048828 0.048828
0 0.185918 0.959383 0.048828 0.048828
0 0.256254 0.945112 0.048828 0.048828
0 0.317416 0.958364 0.048828 0.048828
0 0.354113 0.955306 0.048828 0.048828
0 0.223635 0.911473 0.048828 0.048828
0 0.252177 0.899241 0.048828 0.048828
0 0.232809 0.871718 0.048828 0.048828
0 0.265428 0.834002 0.048828 0.048828
0 0.251157 0.796285 0.048828 0.048828
0 0.304164 0.766724 0.048828 0.048828
0 0.322513 0.730027 0.048828 0.048828
0 0.384694 0.759588 0.048828 0.048828
0 0.437701 0.782014 0.048828 0.048828
0 0.371442 0.828905 0.048828 0.048828
0 0.352074 0.897202 0.048828 0.048828
0 0.389791 0.887008 0.048828 0.048828
0 0.419352 0.936957 0.048828 0.048828
0 0.434642 0.906376 0.048828 0.048828
0 0.441778 0.852350 0.048828 0.048828
0 0.472359 0.871718 0.048828 0.048828
0 0.459107 0.956325 0.048828 0.048828
0 0.493765 0.972635 0.048828 0.048828
0 0.500901 0.925744 0.048828 0.048828
0 0.527404 0.948170 0.048828 0.048828
0 0.667057 0.960403 0.048828 0.048828
0 0.600798 0.964480 0.048828 0.048828
0 0.573276 0.912493 0.048828 0.048828
0 0.631379 0.914531 0.048828 0.048828
0 0.717006 0.903318 0.048828 0.048828
0 0.684386 0.890067 0.048828 0.048828
0 0.654825 0.870699 0.048828 0.048828
0 0.627302 0.859486 0.048828 0.048828
0 0.588566 0.847253 0.048828 0.048828
0 0.543714 0.834002 0.048828 0.048828
0 0.499882 0.818711 0.048828 0.048828
0 0.574295 0.811576 0.048828 0.048828
0 0.521288 0.792208 0.048828 0.048828
0 0.503959 0.744298 0.048828 0.048828
0 0.540656 0.732065 0.048828 0.048828
0 0.509056 0.702504 0.048828 0.048828
0 0.554927 0.678039 0.048828 0.048828
0 0.572256 0.689252 0.048828 0.048828
0 0.525366 0.640323 0.048828 0.048828
0 0.456049 0.636245 0.048828 0.048828
0 0.369403 0.639304 0.048828 0.048828
0 0.302125 0.662749 0.048828 0.048828
0 0.564101 0.621974 0.048828 0.048828
0 0.612011 0.638284 0.048828 0.048828
0 0.662980 0.652555 0.048828 0.048828
0 0.710890 0.655613 0.048828 0.048828
0 0.701715 0.710659 0.048828 0.048828
0 0.675212 0.684155 0.048828 0.048828
0 0.615070 0.692310 0.048828 0.048828
0 0.606915 0.739201 0.048828 0.048828
0 0.656863 0.736143 0.048828 0.048828
0 0.642592 0.789150 0.048828 0.048828
0 0.678270 0.799343 0.048828 0.048828
0 0.696618 0.841137 0.048828 0.048828
0 0.001414 0.605665 0.048828 0.048828
0 0.022820 0.573045 0.048828 0.048828
0 0.076846 0.566929 0.048828 0.048828
0 0.068692 0.156126 0.048828 0.048828
0 0.107427 0.195881 0.048828 0.048828
0 0.097234 0.136758 0.048828 0.048828
0 0.016704 0.008319 0.048828 0.048828
0 0.039130 0.033803 0.048828 0.048828
0 0.045246 0.088848 0.048828 0.048828
0 0.096214 0.101081 0.048828 0.048828
0 0.100292 0.038899 0.048828 0.048828
0 0.075827 0.016473 0.048828 0.048828
0 0.077866 0.270295 0.048828 0.048828
0 0.082963 0.308011 0.048828 0.048828
0 0.083982 0.339611 0.048828 0.048828
0 0.088059 0.364076 0.048828 0.048828
0 0.079905 0.422179 0.048828 0.048828
0 0.132911 0.446644 0.048828 0.048828
0 0.150241 0.343689 0.048828 0.048828
0 0.154318 0.376308 0.048828 0.048828
0 0.155337 0.403831 0.048828 0.048828
0 0.166550 0.435431 0.048828 0.048828
0 0.176744 0.480283 0.048828 0.048828
0 0.175725 0.521058 0.048828 0.048828
0 0.417313 0.587316 0.048828 0.048828
0 0.531482 0.563871 0.048828 0.048828
0 0.590605 0.554697 0.048828 0.048828
0 0.616089 0.590374 0.048828 0.048828
0 0.672154 0.585277 0.048828 0.048828
0 0.715986 0.605665 0.048828 0.048828
0 0.677251 0.544503 0.048828 0.048828
0 0.674193 0.513922 0.048828 0.048828
0 0.728219 0.461935 0.048828 0.048828
0 0.727199 0.398734 0.048828 0.048828
0 0.689483 0.444605 0.048828 0.048828
0 0.693560 0.397715 0.048828 0.048828
0 0.690502 0.363056 0.048828 0.048828
0 0.663999 0.395676 0.048828 0.048828
0 0.648708 0.475186 0.048828 0.048828
0 0.624244 0.530232 0.048828 0.048828
0 0.557985 0.506787 0.048828 0.048828
0 0.494785 0.522077 0.048828 0.048828
0 0.510075 0.467031 0.048828 0.048828
0 0.578373 0.470089 0.048828 0.048828
0 0.559005 0.417083 0.048828 0.048828
0 0.511095 0.428296 0.048828 0.048828
0 0.470320 0.418102 0.048828 0.048828
0 0.450952 0.473148 0.048828 0.048828
0 0.395907 0.467031 0.048828 0.048828
0 0.410178 0.408928 0.048828 0.048828
0 0.455030 0.372231 0.048828 0.048828
0 0.487649 0.385482 0.048828 0.048828
0 0.428526 0.354902 0.048828 0.048828
0 0.420371 0.310050 0.048828 0.048828
0 0.390810 0.257043 0.048828 0.048828
0 0.273583 0.232578 0.048828 0.048828
0 0.343919 0.217288 0.048828 0.048828
0 0.413236 0.179571 0.048828 0.048828
0 0.339842 0.161223 0.048828 0.048828
0 0.340861 0.104139 0.048828 0.048828
0 0.336784 0.075596 0.048828 0.048828
0 0.301106 0.069480 0.048828 0.048828
0 0.260332 0.059287 0.048828 0.048828
0 0.278680 0.131661 0.048828 0.048828
0 0.252177 0.009338 0.048828 0.048828
0 0.293971 0.017493 0.048828 0.048828
0 0.326590 0.020551 0.048828 0.048828
0 0.386732 0.041958 0.048828 0.048828
0 0.414255 0.023609 0.048828 0.048828
0 0.423430 0.058267 0.048828 0.048828
0 0.427507 0.113313 0.048828 0.048828
0 0.468281 0.097003 0.048828 0.048828
0 0.451972 0.170397 0.048828 0.048828
0 0.450952 0.203017 0.048828 0.048828
0 0.447894 0.237675 0.048828 0.048828
0 0.446875 0.288643 0.048828 0.048828
0 0.562063 0.355921 0.048828 0.048828
0 0.615070 0.374269 0.048828 0.048828
0 0.694580 0.339611 0.048828 0.048828
0 0.705793 0.308011 0.048828 0.048828
0 0.697638 0.257043 0.048828 0.048828
0 0.665018 0.284566 0.048828 0.048828
0 0.643612 0.342669 0.048828 0.048828
0 0.606915 0.315146 0.048828 0.048828
0 0.619147 0.284566 0.048828 0.048828
0 0.642592 0.253985 0.048828 0.048828
0 0.671134 0.236656 0.048828 0.048828
0 0.724141 0.210152 0.048828 0.048828
0 0.683367 0.183649 0.048828 0.048828
0 0.707831 0.166320 0.048828 0.048828
0 0.704773 0.128603 0.048828 0.048828
0 0.659921 0.145932 0.048828 0.048828
0 0.670115 0.094964 0.048828 0.048828
0 0.605895 0.087829 0.048828 0.048828
0 0.550850 0.074577 0.048828 0.048828
0 0.559005 0.118410 0.048828 0.048828
0 0.576334 0.169378 0.048828 0.048828
0 0.604876 0.204036 0.048828 0.048828
0 0.585508 0.236656 0.048828 0.048828
0 0.591624 0.275391 0.048828 0.048828
0 0.563082 0.315146 0.048828 0.048828
0 0.542695 0.262140 0.048828 0.048828
0 0.498862 0.219326 0.048828 0.048828
0 0.519250 0.156126 0.048828 0.048828
0 0.514153 0.106177 0.048828 0.048828
0 0.510075 0.045016 0.048828 0.048828
0 0.479494 0.018512 0.048828 0.048828
0 0.566140 0.008319 0.048828 0.048828
0 0.583469 0.049093 0.048828 0.048828
0 0.608953 0.008319 0.048828 0.048828
0 0.661960 0.030745 0.048828 0.048828
0 0.724141 0.027686 0.048828 0.048828
0 0.528424 0.190784 0.048828 0.048828
0 0.516191 0.296798 0.048828 0.048828
0 0.994272 0.304953 0.048828 0.048828
0 0.983059 0.191804 0.048828 0.048828
0 0.962672 0.148991 0.048828 0.048828
0 0.923936 0.144913 0.048828 0.048828
0 0.947381 0.111274 0.048828 0.048828
0 0.907626 0.078655 0.048828 0.048828
0 0.946362 0.074577 0.048828 0.048828
0 0.983059 0.047054 0.048828 0.048828
0 0.866852 0.136758 0.048828 0.048828
0 0.905588 0.184668 0.048828 0.048828
0 0.903549 0.222385 0.048828 0.048828
0 0.858697 0.207094 0.048828 0.048828
0 0.868891 0.253985 0.048828 0.048828
0 0.914762 0.279469 0.048828 0.048828
0 0.878065 0.289662 0.048828 0.048828
0 0.940246 0.318205 0.048828 0.048828
0 0.898452 0.351844 0.048828 0.048828
0 0.825058 0.346747 0.048828 0.048828
0 0.815884 0.382424 0.048828 0.048828
0 0.875007 0.383444 0.048828 0.048828
0 0.939227 0.370192 0.048828 0.048828
0 0.754722 0.348785 0.048828 0.048828
0 0.806710 0.300875 0.048828 0.048828
0 0.761858 0.292721 0.048828 0.048828
0 0.820981 0.253985 0.048828 0.048828
0 0.813845 0.209133 0.048828 0.048828
0 0.810787 0.179571 0.048828 0.048828
0 0.756761 0.173455 0.048828 0.048828
0 0.751664 0.230539 0.048828 0.048828
0 0.776129 0.130642 0.048828 0.048828
0 0.836271 0.111274 0.048828 0.048828
0 0.796516 0.098022 0.048828 0.048828
0 0.742490 0.098022 0.048828 0.048828
0 0.758800 0.053170 0.048828 0.048828
0 0.820981 0.043996 0.048828 0.048828
0 0.849523 0.015454 0.048828 0.048828
0 0.903549 0.020551 0.048828 0.048828
0 0.793458 0.424218 0.048828 0.048828
0 0.833213 0.419121 0.048828 0.048828
0 0.829136 0.449702 0.048828 0.048828
0 0.872968 0.454799 0.048828 0.048828
0 0.914762 0.415044 0.048828 0.048828
0 0.952478 0.433392 0.048828 0.048828
0 0.969807 0.488438 0.048828 0.048828
0 0.960633 0.629110 0.048828 0.048828
0 0.957575 0.560813 0.048828 0.048828
0 0.923936 0.493535 0.048828 0.048828
0 0.901510 0.531251 0.048828 0.048828
0 0.882142 0.485380 0.048828 0.048828
0 0.812826 0.508825 0.048828 0.048828
0 0.764916 0.483341 0.048828 0.048828
0 0.761858 0.525135 0.048828 0.048828
0 0.787342 0.562851 0.048828 0.048828
0 0.825058 0.579161 0.048828 0.048828
0 0.881123 0.591394 0.048828 0.048828
0 0.890297 0.644400 0.048828 0.048828
0 0.841368 0.634207 0.048828 0.048828
0 0.761858 0.606684 0.048828 0.048828
0 0.771032 0.654594 0.048828 0.048828
0 0.754722 0.688233 0.048828 0.048828
0 0.745548 0.718814 0.048828 0.048828
0 0.811806 0.702504 0.048828 0.048828
0 0.733316 0.763666 0.048828 0.048828
0 0.738412 0.801382 0.048828 0.048828
0 0.781226 0.816673 0.048828 0.048828
0 0.828116 0.747356 0.048828 0.048828
0 0.852581 0.717794 0.048828 0.048828
0 0.933110 0.681097 0.048828 0.048828
0 0.977962 0.672942 0.048828 0.048828
0 0.988156 0.714736 0.048828 0.048828
0 0.985098 0.763666 0.048828 0.048828
0 0.950440 0.726969 0.048828 0.048828
0 0.907626 0.745317 0.048828 0.048828
0 0.929033 0.782014 0.048828 0.048828
0 0.872968 0.768763 0.048828 0.048828
0 0.838310 0.804440 0.048828 0.048828
0 0.970827 0.820750 0.048828 0.048828
0 0.924956 0.841137 0.048828 0.048828
0 0.883162 0.829924 0.048828 0.048828
0 0.822000 0.828905 0.048828 0.048828
0 0.834232 0.872737 0.048828 0.048828
0 0.781226 0.873757 0.048828 0.048828
0 0.725161 0.858466 0.048828 0.048828
0 0.747587 0.915551 0.048828 0.048828
0 0.795497 0.926764 0.048828 0.048828
0 0.853600 0.922686 0.048828 0.048828
0 0.737393 0.953267 0.048828 0.048828
0 0.893355 0.881912 0.048828 0.048828
0 0.906607 0.947151 0.048828 0.048828
0 0.872968 0.987925 0.048828 0.048828
0 0.791419 0.989964 0.048828 0.048828
0 0.976943 0.899241 0.048828 0.048828
0 0.973885 0.949190 0.048828 0.048828
0 0.964711 0.975693 0.048828 0.048828
0 0.339842 0.370192 0.048828 0.048828
0 0.275622 0.348785 0.048828 0.048828
0 0.325571 0.275391 0.048828 0.048828