0 0.561409 0.991256 0.048828 0.048828
0 0.530292 0.948469 0.048828 0.048828
0 0.518623 0.853820 0.048828 0.048828
0 0.488802 0.820110 0.048828 0.048828
0 0.501768 0.665820 0.048828 0.048828
0 0.627534 0.824000 0.048828 0.048828
0 0.597713 0.865489 0.048828 0.048828
0 0.636610 0.713792 0.048828 0.048828
0 0.644389 0.680082 0.048828 0.048828
0 0.659948 0.645075 0.048828 0.048828
0 0.667727 0.611364 0.048828 0.048828
0 0.657355 0.577654 0.048828 0.048828
0 0.609382 0.621737 0.048828 0.048828
0 0.735148 0.580247 0.048828 0.048828
0 0.745521 0.613957 0.048828 0.048828
0 0.724776 0.650261 0.048828 0.048828
0 0.768859 0.650261 0.048828 0.048828
0 0.775341 0.677489 0.048828 0.048828
0 0.733852 0.703420 0.048828 0.048828
0 0.775341 0.716385 0.048828 0.048828
0 0.758486 0.747503 0.048828 0.048828
0 0.779231 0.776027 0.048828 0.048828
0 0.759783 0.801958 0.048828 0.048828
0 0.781824 0.829186 0.048828 0.048828
0 0.784417 0.874565 0.048828 0.048828
0 0.793493 0.905683 0.048828 0.048828
0 0.739038 0.914759 0.048828 0.048828
0 0.679396 0.936800 0.048828 0.048828
0 0.624941 0.910869 0.048828 0.048828
0 0.678100 0.796772 0.048828 0.048828
0 0.774045 0.949766 0.048828 0.048828
0 0.802569 0.940690 0.048828 0.048828
0 0.803866 0.989959 0.048828 0.048828
0 0.949080 0.993849 0.048828 0.048828
0 0.884252 0.976993 0.048828 0.048828
0 0.893328 0.930317 0.048828 0.048828
0 0.885549 0.895310 0.048828 0.048828
0 0.876473 0.833076 0.048828 0.048828
0 0.875176 0.859007 0.048828 0.048828
0 0.863507 0.769544 0.048828 0.048828
0 0.837576 0.717682 0.048828 0.048828
0 0.930928 0.834372 0.048828 0.048828
0 0.930928 0.862896 0.048828 0.048828
0 0.958156 0.891421 0.048828 0.048828
0 0.982791 0.939393 0.048828 0.048828
0 0.980198 0.864193 0.048828 0.048828
0 0.981494 0.835669 0.048828 0.048828
0 0.968529 0.796772 0.048828 0.048828
0 0.989273 0.788993 0.048828 0.048828
0 0.981494 0.747503 0.048828 0.048828
0 0.980198 0.702123 0.048828 0.048828
0 0.929632 0.772137 0.048828 0.048828
0 0.963297 0.642756 0.048828 0.048828
0 0.993878 0.605040 0.048828 0.048828
0 0.983684 0.569362 0.048828 0.048828
0 0.970432 0.495968 0.048828 0.048828
0 0.859322 0.662124 0.048828 0.048828
0 0.905193 0.634601 0.048828 0.048828
0 0.945968 0.595865 0.048828 0.048828
0 0.922522 0.513297 0.048828 0.048828
0 0.825683 0.591788 0.048828 0.048828
0 0.843012 0.559168 0.048828 0.048828
0 0.821606 0.521452 0.048828 0.048828
0 0.793064 0.496987 0.048828 0.048828
0 0.790005 0.555091 0.048828 0.048828
0 0.759425 0.516355 0.048828 0.048828
0 0.687050 0.553052 0.048828 0.048828
0 0.680934 0.515336 0.048828 0.048828
0 0.581036 0.520433 0.048828 0.048828
0 0.584094 0.489852 0.048828 0.048828
0 0.612636 0.471503 0.048828 0.048828
0 0.669721 0.473542 0.048828 0.048828
0 0.621811 0.443980 0.048828 0.048828
0 0.683992 0.443980 0.048828 0.048828
0 0.612636 0.400148 0.048828 0.048828
0 0.632004 0.373644 0.048828 0.048828
0 0.595307 0.367528 0.048828 0.048828
0 0.606520 0.334909 0.048828 0.048828
0 0.652392 0.353257 0.048828 0.048828
0 0.688069 0.325734 0.048828 0.048828
0 0.649333 0.308405 0.048828 0.048828
0 0.683992 0.296173 0.048828 0.048828
0 0.628946 0.285979 0.048828 0.048828
0 0.654430 0.246224 0.048828 0.048828
0 0.697243 0.247244 0.048828 0.048828
0 0.710495 0.204430 0.048828 0.048828
0 0.674818 0.182004 0.048828 0.048828
0 0.671759 0.140211 0.048828 0.048828
0 0.701321 0.145307 0.048828 0.048828
0 0.686031 0.095359 0.048828 0.048828
0 0.656469 0.068855 0.048828 0.048828
0 0.693166 0.050507 0.048828 0.048828
0 0.738018 0.047449 0.048828 0.048828
0 0.765541 0.061720 0.048828 0.048828
0 0.774715 0.014829 0.048828 0.048828
0 0.734960 0.001577 0.048828 0.048828
0 0.873593 0.000558 0.048828 0.048828
0 0.923542 0.024003 0.048828 0.048828
0 0.959219 0.046429 0.048828 0.048828
0 0.918445 0.104533 0.048828 0.048828
0 0.878690 0.062739 0.048828 0.048828
0 0.827722 0.068855 0.048828 0.048828
0 0.872574 0.132056 0.048828 0.048828
0 0.915387 0.149385 0.048828 0.048828
0 0.931697 0.309425 0.048828 0.048828
0 0.834857 0.161617 0.048828 0.048828
0 0.765541 0.217682 0.048828 0.048828
0 0.839954 0.217682 0.048828 0.048828
0 0.857283 0.258457 0.048828 0.048828
0 0.833838 0.251321 0.048828 0.048828
0 0.782870 0.265592 0.048828 0.048828
0 0.862380 0.314521 0.048828 0.048828
0 0.844032 0.298212 0.048828 0.048828
0 0.792044 0.311463 0.048828 0.048828
0 0.813451 0.276805 0.048828 0.048828
0 0.829761 0.335928 0.048828 0.048828
0 0.854225 0.355296 0.048828 0.048828
0 0.818548 0.367528 0.048828 0.048828
0 0.836896 0.394032 0.048828 0.048828
0 0.808354 0.407283 0.048828 0.048828
0 0.870535 0.431748 0.048828 0.048828
0 0.821606 0.443980 0.048828 0.048828
0 0.793064 0.448058 0.048828 0.048828
0 0.760444 0.428690 0.048828 0.048828
0 0.771657 0.377722 0.048828 0.048828
0 0.784909 0.350199 0.048828 0.048828
0 0.985723 0.159578 0.048828 0.048828
0 0.587341 0.778620 0.048828 0.048828