0 0.860092 0.457026 0.048828 0.048828
0 0.860092 0.499981 0.048828 0.048828
0 0.838614 0.582822 0.048828 0.048828
0 0.868274 0.566458 0.048828 0.048828
0 0.913274 0.549072 0.048828 0.048828
0 0.908160 0.509185 0.048828 0.048828
0 0.967479 0.462140 0.048828 0.048828
0 0.966456 0.494867 0.048828 0.048828
0 0.960320 0.552140 0.048828 0.048828
0 0.980774 0.222820 0.048828 0.048828
0 0.955206 0.200320 0.048828 0.048828
0 0.966456 0.157365 0.048828 0.048828
0 0.996115 0.136910 0.048828 0.048828
0 0.762932 0.360889 0.048828 0.048828
0 0.952138 0.087819 0.048828 0.048828