0 0.674818 0.981809 0.048828 0.048828
0 0.671759 0.940015 0.048828 0.048828
0 0.701321 0.945112 0.048828 0.048828
0 0.686031 0.895163 0.048828 0.048828
0 0.656469 0.868660 0.048828 0.048828
0 0.693166 0.850311 0.048828 0.048828
0 0.646275 0.773859 0.048828 0.048828
0 0.601423 0.756530 0.048828 0.048828
0 0.738018 0.847253 0.048828 0.048828
0 0.765541 0.861524 0.048828 0.048828
0 0.774715 0.814634 0.048828 0.048828
0 0.734960 0.801382 0.048828 0.048828
0 0.731902 0.761627 0.048828 0.048828
0 0.706418 0.713717 0.048828 0.048828
0 0.744134 0.711678 0.048828 0.048828
0 0.735979 0.673962 0.048828 0.048828
0 0.730882 0.641342 0.048828 0.048828
0 0.700302 0.615858 0.048828 0.048828
0 0.674818 0.651536 0.048828 0.048828
0 0.768599 0.658671 0.048828 0.048828
0 0.791025 0.637265 0.048828 0.048828
0 0.847090 0.611781 0.048828 0.048828
0 0.830780 0.644400 0.048828 0.048828
0 0.824664 0.677020 0.048828 0.048828
0 0.856264 0.686194 0.048828 0.048828
0 0.865438 0.713717 0.048828 0.048828
0 0.876651 0.752453 0.048828 0.048828
0 0.873593 0.800363 0.048828 0.048828
0 0.826702 0.780995 0.048828 0.048828
0 0.794083 0.758569 0.048828 0.048828
0 0.773696 0.704543 0.048828 0.048828
0 0.831799 0.719833 0.048828 0.048828
0 0.922522 0.756530 0.048828 0.048828
0 0.923542 0.823808 0.048828 0.048828
0 0.959219 0.846234 0.048828 0.048828
0 0.918445 0.904338 0.048828 0.048828
0 0.878690 0.862544 0.048828 0.048828
0 0.827722 0.868660 0.048828 0.048828
0 0.872574 0.931860 0.048828 0.048828
0 0.915387 0.949190 0.048828 0.048828
0 0.834857 0.961422 0.048828 0.048828
0 0.985723 0.959383 0.048828 0.048828
0 0.683992 0.566929 0.048828 0.048828
0 0.724766 0.572026 0.048828 0.048828
0 0.771657 0.568968 0.048828 0.048828
0 0.801218 0.605665 0.048828 0.048828
0 0.822625 0.573045 0.048828 0.048828
0 0.876651 0.566929 0.048828 0.048828
0 0.785928 0.528193 0.048828 0.048828
0 0.728844 0.526154 0.048828 0.048828
0 0.742095 0.497612 0.048828 0.048828
0 0.713553 0.491496 0.048828 0.048828
0 0.744134 0.469070 0.048828 0.048828
0 0.747192 0.431354 0.048828 0.048828
0 0.710495 0.450722 0.048828 0.048828
0 0.714573 0.418102 0.048828 0.048828
0 0.720689 0.380386 0.048828 0.048828
0 0.664624 0.358979 0.048828 0.048828
0 0.679914 0.312088 0.048828 0.048828
0 0.720689 0.303934 0.048828 0.048828
0 0.727824 0.223404 0.048828 0.048828
0 0.706418 0.182629 0.048828 0.048828
0 0.735979 0.182629 0.048828 0.048828
0 0.795102 0.170397 0.048828 0.048828
0 0.868496 0.156126 0.048828 0.048828
0 0.907232 0.195881 0.048828 0.048828
0 0.897038 0.136758 0.048828 0.048828
0 0.743115 0.131661 0.048828 0.048828
0 0.765541 0.108216 0.048828 0.048828
0 0.760444 0.084771 0.048828 0.048828
0 0.722728 0.083751 0.048828 0.048828
0 0.716611 0.015454 0.048828 0.048828
0 0.777773 0.055209 0.048828 0.048828
0 0.776754 0.015454 0.048828 0.048828
0 0.816509 0.008319 0.048828 0.048828
0 0.838935 0.033803 0.048828 0.048828
0 0.797141 0.074577 0.048828 0.048828
0 0.845051 0.088848 0.048828 0.048828
0 0.896019 0.101081 0.048828 0.048828
0 0.900096 0.038899 0.048828 0.048828
0 0.875632 0.016473 0.048828 0.048828
0 0.877671 0.270295 0.048828 0.048828
0 0.882767 0.308011 0.048828 0.048828
0 0.883787 0.339611 0.048828 0.048828
0 0.887864 0.364076 0.048828 0.048828
0 0.879709 0.422179 0.048828 0.048828
0 0.932716 0.446644 0.048828 0.048828
0 0.950045 0.343689 0.048828 0.048828
0 0.954123 0.376308 0.048828 0.048828
0 0.955142 0.403831 0.048828 0.048828
0 0.966355 0.435431 0.048828 0.048828
0 0.976549 0.480283 0.048828 0.048828
0 0.975529 0.521058 0.048828 0.048828
0 0.759425 0.336553 0.048828 0.048828