0 0.940580 0.800642 0.048828 0.048828
0 0.872187 0.812284 0.048828 0.048828
0 0.960953 0.775905 0.048828 0.048828
0 0.972594 0.700236 0.048828 0.048828
0 0.936215 0.735160 0.048828 0.048828
0 0.898380 0.767174 0.048828 0.048828
0 0.845994 0.796277 0.048828 0.048828
0 0.806704 0.819560 0.048828 0.048828
0 0.751408 0.815194 0.048828 0.048828
0 0.752863 0.777360 0.048828 0.048828
0 0.827077 0.759898 0.048828 0.048828
0 0.866366 0.726429 0.048828 0.048828
0 0.784877 0.729339 0.048828 0.048828
0 0.694656 0.754077 0.048828 0.048828
0 0.699022 0.703146 0.048828 0.048828
0 0.645180 0.722063 0.048828 0.048828
0 0.633539 0.770084 0.048828 0.048828
0 0.632084 0.828291 0.048828 0.048828
0 0.594249 0.860304 0.048828 0.048828
0 0.550594 0.841387 0.048828 0.048828
0 0.559325 0.805008 0.048828 0.048828
0 0.540408 0.775905 0.048828 0.048828
0 0.531677 0.754077 0.048828 0.048828
0 0.492387 0.805008 0.048828 0.048828
0 0.486567 0.842842 0.048828 0.048828
0 0.755773 0.855939 0.048828 0.048828
0 0.713573 0.839932 0.048828 0.048828
0 0.675739 0.848663 0.048828 0.048828
0 0.674284 0.898139 0.048828 0.048828
0 0.604436 0.903960 0.048828 0.048828
0 0.522946 0.906870 0.048828 0.048828
0 0.473470 0.912691 0.048828 0.048828
0 0.423994 0.864670 0.048828 0.048828
0 0.387615 0.864670 0.048828 0.048828
0 0.428360 0.819560 0.048828 0.048828
0 0.389070 0.831201 0.048828 0.048828
0 0.403622 0.793367 0.048828 0.048828
0 0.374519 0.738070 0.048828 0.048828
0 0.399256 0.707512 0.048828 0.048828
0 0.448732 0.716243 0.048828 0.048828
0 0.409443 0.748256 0.048828 0.048828
0 0.410898 0.943249 0.048828 0.048828
0 0.371608 0.938884 0.048828 0.048828
0 0.406532 0.908325 0.048828 0.048828
0 0.351236 0.917056 0.048828 0.048828
0 0.348325 0.851573 0.048828 0.048828
0 0.291574 0.810829 0.048828 0.048828
0 0.212995 0.783180 0.048828 0.048828
0 0.015091 0.821015 0.048828 0.048828
0 0.084939 0.559084 0.048828 0.048828
0 0.112588 0.557629 0.048828 0.048828
0 0.183891 0.585277 0.048828 0.048828
0 0.229001 0.578001 0.048828 0.048828
0 0.157698 0.531436 0.048828 0.048828
0 0.111133 0.518339 0.048828 0.048828
0 0.148967 0.502332 0.048828 0.048828
0 0.096581 0.487781 0.048828 0.048828
0 0.047105 0.479050 0.048828 0.048828
0 0.070388 0.452857 0.048828 0.048828
0 0.138781 0.420843 0.048828 0.048828
0 0.134415 0.391739 0.048828 0.048828
0 0.112588 0.358270 0.048828 0.048828
0 0.099491 0.393194 0.048828 0.048828
0 0.066022 0.401926 0.048828 0.048828
0 0.057291 0.266595 0.048828 0.048828
0 0.073298 0.110891 0.048828 0.048828
0 0.320212 0.534456 0.048828 0.048828
0 0.360299 0.521094 0.048828 0.048828
0 0.380950 0.546604 0.048828 0.048828
0 0.421038 0.511376 0.048828 0.048828
0 0.470843 0.528382 0.048828 0.048828
0 0.452622 0.495584 0.048828 0.048828
0 0.440474 0.456711 0.048828 0.048828
0 0.459910 0.576973 0.048828 0.048828
0 0.411320 0.606128 0.048828 0.048828
0 0.428326 0.640141 0.048828 0.048828
0 0.506072 0.666866 0.048828 0.048828
0 0.544944 0.702094 0.048828 0.048828
0 0.609327 0.705739 0.048828 0.048828
0 0.636052 0.670510 0.048828 0.048828
0 0.612971 0.625564 0.048828 0.048828
0 0.599609 0.596409 0.048828 0.048828
0 0.679783 0.636497 0.048828 0.048828
0 0.679783 0.587906 0.048828 0.048828
0 0.752670 0.618275 0.048828 0.048828
0 0.736878 0.655933 0.048828 0.048828
0 0.787898 0.665651 0.048828 0.048828
0 0.804905 0.610987 0.048828 0.048828
0 0.866858 0.623134 0.048828 0.048828
0 0.853495 0.668081 0.048828 0.048828
0 0.900871 0.674155 0.048828 0.048828
0 0.913019 0.629208 0.048828 0.048828
0 0.978617 0.608557 0.048828 0.048828
0 0.973757 0.658363 0.048828 0.048828
0 0.497568 0.632853 0.048828 0.048828
0 0.509716 0.590336 0.048828 0.048828
0 0.281339 0.461570 0.048828 0.048828
0 0.305635 0.433631 0.048828 0.048828
0 0.361514 0.464000 0.048828 0.048828
0 0.393098 0.431201 0.048828 0.048828
0 0.343293 0.404476 0.048828 0.048828
0 0.321427 0.374107 0.048828 0.048828
0 0.287413 0.321872 0.048828 0.048828
0 0.306850 0.295147 0.048828 0.048828
0 0.265547 0.262348 0.048828 0.048828
0 0.197520 0.250200 0.048828 0.048828
0 0.168366 0.217402 0.048828 0.048828
0 0.146500 0.170026 0.048828 0.048828
0 0.201165 0.170026 0.048828 0.048828
0 0.240037 0.197965 0.048828 0.048828
0 0.146500 0.095925 0.048828 0.048828
0 0.225460 0.093495 0.048828 0.048828
0 0.195091 0.064341 0.048828 0.048828
0 0.219386 0.030327 0.048828 0.048828
0 0.153789 0.027898 0.048828 0.048828
0 0.117346 0.054623 0.048828 0.048828
0 0.111272 0.025468 0.048828 0.048828
0 0.247326 0.006032 0.048828 0.048828
0 0.247326 0.146945 0.048828 0.048828
0 0.274051 0.160308 0.048828 0.048828
0 0.316568 0.154234 0.048828 0.048828
0 0.310494 0.205254 0.048828 0.048828
0 0.353011 0.201610 0.048828 0.048828
0 0.304420 0.241697 0.048828 0.048828
0 0.342078 0.256274 0.048828 0.048828
0 0.380950 0.222261 0.048828 0.048828
0 0.447763 0.197965 0.048828 0.048828
0 0.410105 0.162737 0.048828 0.048828
0 0.370017 0.125079 0.048828 0.048828
0 0.345722 0.083777 0.048828 0.048828
0 0.310494 0.105643 0.048828 0.048828
0 0.295917 0.072844 0.048828 0.048828
0 0.291058 0.036401 0.048828 0.048828
0 0.329930 0.023039 0.048828 0.048828
0 0.353011 0.040045 0.048828 0.048828
0 0.389454 0.049764 0.048828 0.048828
0 0.423467 0.117791 0.048828 0.048828
0 0.433185 0.054623 0.048828 0.048828
0 0.444118 0.012106 0.048828 0.048828
0 0.388239 0.001173 0.048828 0.048828
0 0.357739 0.354420 0.048828 0.048828
0 0.372798 0.320286 0.048828 0.048828
0 0.405928 0.275108 0.048828 0.048828
0 0.393881 0.364459 0.048828 0.048828
0 0.455122 0.352412 0.048828 0.048828
0 0.411952 0.330325 0.048828 0.048828
0 0.449098 0.307234 0.048828 0.048828
0 0.488252 0.300207 0.048828 0.048828
0 0.489256 0.262057 0.048828 0.048828
0 0.530417 0.240974 0.048828 0.048828
0 0.580614 0.234951 0.048828 0.048828
0 0.474196 0.227923 0.048828 0.048828
0 0.476204 0.173710 0.048828 0.048828
0 0.524393 0.162667 0.048828 0.048828
0 0.472189 0.128533 0.048828 0.048828
0 0.499295 0.095403 0.048828 0.048828
0 0.521382 0.107450 0.048828 0.048828
0 0.555516 0.127529 0.048828 0.048828
0 0.543468 0.079340 0.048828 0.048828
0 0.507327 0.034162 0.048828 0.048828
0 0.554512 0.003040 0.048828 0.048828
0 0.467169 0.078336 0.048828 0.048828
0 0.592661 0.031151 0.048828 0.048828
0 0.618764 0.059261 0.048828 0.048828
0 0.653902 0.033158 0.048828 0.048828
0 0.673981 0.003040 0.048828 0.048828
0 0.720162 0.001032 0.048828 0.048828
0 0.710123 0.036170 0.048828 0.048828
0 0.741245 0.031151 0.048828 0.048828
0 0.793450 0.033158 0.048828 0.048828
0 0.857702 0.037174 0.048828 0.048828
0 0.911915 0.034162 0.048828 0.048828
0 0.946049 0.081348 0.048828 0.048828
0 0.867741 0.082352 0.048828 0.048828
0 0.808509 0.069300 0.048828 0.048828
0 0.760320 0.100422 0.048828 0.048828
0 0.727190 0.059261 0.048828 0.048828
0 0.727190 0.103434 0.048828 0.048828
0 0.666953 0.072312 0.048828 0.048828
0 0.608725 0.096407 0.048828 0.048828
0 0.622780 0.133553 0.048828 0.048828
0 0.654906 0.148612 0.048828 0.048828
0 0.693056 0.127529 0.048828 0.048828
0 0.730201 0.137568 0.048828 0.048828
0 0.775379 0.143592 0.048828 0.048828
0 0.832603 0.125521 0.048828 0.048828
0 0.895852 0.129537 0.048828 0.048828
0 0.957092 0.134556 0.048828 0.048828
0 0.937013 0.197805 0.048828 0.048828
0 0.904887 0.172706 0.048828 0.048828
0 0.973155 0.274104 0.048828 0.048828
0 0.948057 0.256033 0.048828 0.048828
0 0.911915 0.233947 0.048828 0.048828
0 0.840635 0.226919 0.048828 0.048828
0 0.817544 0.183750 0.048828 0.048828
0 0.752288 0.180738 0.048828 0.048828
0 0.792446 0.221899 0.048828 0.048828
0 0.758312 0.219891 0.048828 0.048828
0 0.698075 0.240974 0.048828 0.048828
0 0.708115 0.171702 0.048828 0.048828
0 0.645870 0.177726 0.048828 0.048828
0 0.595673 0.189773 0.048828 0.048828
0 0.677996 0.202824 0.048828 0.048828
0 0.663941 0.248002 0.048828 0.048828
0 0.623784 0.228927 0.048828 0.048828
0 0.432031 0.391565 0.048828 0.048828
0 0.465161 0.395581 0.048828 0.048828
0 0.497287 0.343376 0.048828 0.048828
0 0.557524 0.326309 0.048828 0.048828
0 0.595673 0.326309 0.048828 0.048828
0 0.568567 0.276112 0.048828 0.048828
0 0.645870 0.294183 0.048828 0.048828
0 0.699079 0.288159 0.048828 0.048828
0 0.734217 0.273100 0.048828 0.048828
0 0.781402 0.269085 0.048828 0.048828
0 0.819552 0.277116 0.048828 0.048828
0 0.872761 0.275108 0.048828 0.048828
0 0.921954 0.285148 0.048828 0.048828
0 0.996246 0.339360 0.048828 0.048828
0 0.950064 0.322293 0.048828 0.048828
0 0.928982 0.371487 0.048828 0.048828
0 0.885812 0.373494 0.048828 0.048828
0 0.885812 0.323297 0.048828 0.048828
0 0.804493 0.310246 0.048828 0.048828
0 0.823568 0.351408 0.048828 0.048828
0 0.752288 0.308238 0.048828 0.048828
0 0.745261 0.365463 0.048828 0.048828
0 0.692052 0.375502 0.048828 0.048828
0 0.693056 0.324301 0.048828 0.048828
0 0.612740 0.370483 0.048828 0.048828
0 0.579610 0.391565 0.048828 0.048828
0 0.523390 0.395581 0.048828 0.048828
0 0.489256 0.429715 0.048828 0.048828
0 0.530417 0.447786 0.048828 0.048828
0 0.502307 0.479912 0.048828 0.048828
0 0.558527 0.499991 0.048828 0.048828
0 0.529413 0.537137 0.048828 0.048828
0 0.582622 0.556212 0.048828 0.048828
0 0.651894 0.561231 0.048828 0.048828
0 0.613744 0.525090 0.048828 0.048828
0 0.600693 0.485936 0.048828 0.048828
0 0.616756 0.450798 0.048828 0.048828
0 0.667957 0.403613 0.048828 0.048828
0 0.719158 0.418672 0.048828 0.048828
0 0.690044 0.472885 0.048828 0.048828
0 0.726186 0.478908 0.048828 0.048828
0 0.705103 0.520070 0.048828 0.048828
0 0.741245 0.524086 0.048828 0.048828
0 0.737229 0.567255 0.048828 0.048828
0 0.789434 0.576291 0.048828 0.048828
0 0.851678 0.578298 0.048828 0.048828
0 0.888824 0.592354 0.048828 0.048828
0 0.937013 0.571271 0.048828 0.048828
0 0.835615 0.537137 0.048828 0.048828
0 0.802485 0.515050 0.048828 0.048828
0 0.813529 0.486940 0.048828 0.048828
0 0.809513 0.441762 0.048828 0.048828
0 0.780398 0.395581 0.048828 0.048828
0 0.824572 0.389557 0.048828 0.048828
0 0.852682 0.415660 0.048828 0.048828
0 0.909907 0.406624 0.048828 0.048828
0 0.906895 0.435739 0.048828 0.048828
0 0.963116 0.393573 0.048828 0.048828
0 0.973155 0.420680 0.048828 0.048828
0 0.979179 0.467865 0.048828 0.048828
0 0.927978 0.507019 0.048828 0.048828
0 0.862722 0.459833 0.048828 0.048828
0 0.857702 0.516054 0.048828 0.048828
0 0.965124 0.517058 0.048828 0.048828