0 0.120475 0.991672 0.048828 0.048828
0 0.120475 0.956088 0.048828 0.048828
0 0.125383 0.894736 0.048828 0.048828
0 0.148696 0.860379 0.048828 0.048828
0 0.067712 0.905780 0.048828 0.048828
0 0.055441 0.936456 0.048828 0.048828
0 0.056669 0.975721 0.048828 0.048828
0 0.016176 0.932774 0.048828 0.048828
0 0.022311 0.905780 0.048828 0.048828
0 0.724178 0.985537 0.048828 0.048828
0 0.694729 0.981856 0.048828 0.048828
0 0.628469 0.959769 0.048828 0.048828
0 0.575706 0.951180 0.048828 0.048828
0 0.553619 0.938910 0.048828 0.048828
0 0.508219 0.952407 0.048828 0.048828
0 0.488586 0.996580 0.048828 0.048828
0 0.406375 0.984310 0.048828 0.048828
0 0.363428 0.984310 0.048828 0.048828
0 0.282444 0.957315 0.048828 0.048828
0 0.257903 0.904552 0.048828 0.048828
0 0.192870 0.862833 0.048828 0.048828
0 0.164648 0.841974 0.048828 0.048828
0 0.218638 0.903325 0.048828 0.048828
0 0.184281 0.911915 0.048828 0.048828
0 0.226000 0.938910 0.048828 0.048828
0 0.176918 0.952407 0.048828 0.048828
0 0.206367 0.970813 0.048828 0.048828
0 0.157286 0.997807 0.048828 0.048828
0 0.549938 0.978175 0.048828 0.048828
0 0.957335 0.347484 0.048828 0.048828
0 0.970422 0.392852 0.048828 0.048828
0 0.975657 0.439092 0.048828 0.048828
0 0.980892 0.522849 0.048828 0.048828
0 0.945993 0.603988 0.048828 0.048828
0 0.952973 0.906732 0.048828 0.048828
0 0.954718 0.854385 0.048828 0.048828
0 0.977402 0.796802 0.048828 0.048828
0 0.952100 0.753179 0.048828 0.048828
0 0.942503 0.706938 0.048828 0.048828
0 0.947738 0.659825 0.048828 0.048828
0 0.863109 0.994851 0.048828 0.048828
0 0.917202 0.993979 0.048828 0.048828
0 0.968677 0.940758 0.048828 0.048828
0 0.907605 0.934651 0.048828 0.048828
0 0.885793 0.911095 0.048828 0.048828
0 0.834318 0.937268 0.048828 0.048828
0 0.788077 0.925926 0.048828 0.048828
0 0.785460 0.961697 0.048828 0.048828
0 0.754051 0.941631 0.048828 0.048828
0 0.742709 0.904115 0.048828 0.048828
0 0.763648 0.833445 0.048828 0.048828
0 0.801164 0.883176 0.048828 0.048828
0 0.863109 0.863982 0.048828 0.048828
0 0.909350 0.869216 0.048828 0.048828
0 0.914584 0.827338 0.048828 0.048828
0 0.909350 0.794185 0.048828 0.048828
0 0.897135 0.761903 0.048828 0.048828
0 0.820358 0.775863 0.048828 0.048828
0 0.873579 0.687744 0.048828 0.048828
0 0.875324 0.739219 0.048828 0.048828
0 0.873579 0.647611 0.048828 0.048828
0 0.833445 0.597008 0.048828 0.048828
0 0.784588 0.605733 0.048828 0.048828
0 0.630162 0.925054 0.048828 0.048828
0 0.663315 0.944248 0.048828 0.048828
0 0.696469 0.944248 0.048828 0.048828
0 0.693851 0.905860 0.048828 0.048828
0 0.685999 0.854385 0.048828 0.048828
0 0.654591 0.860492 0.048828 0.048828
0 0.652846 0.831700 0.048828 0.048828
0 0.711301 0.822976 0.048828 0.048828
0 0.744454 0.778480 0.048828 0.048828
0 0.754924 0.716535 0.048828 0.048828
0 0.758414 0.659825 0.048828 0.048828
0 0.750561 0.623182 0.048828 0.048828
0 0.741837 0.595263 0.048828 0.048828
0 0.725260 0.558620 0.048828 0.048828
0 0.728750 0.528956 0.048828 0.048828
0 0.701704 0.513252 0.048828 0.048828
0 0.718280 0.474863 0.048828 0.048828
0 0.696469 0.446944 0.048828 0.048828
0 0.658953 0.494057 0.048828 0.048828
0 0.932906 0.448689 0.048828 0.048828
0 0.914584 0.361443 0.048828 0.048828
0 0.930289 0.320437 0.048828 0.048828
0 0.896263 0.283794 0.048828 0.048828
0 0.823848 0.001988 0.048828 0.048828
0 0.864854 0.034270 0.048828 0.048828
0 0.861364 0.069168 0.048828 0.048828
0 0.894518 0.084872 0.048828 0.048828
0 0.872706 0.123261 0.048828 0.048828
0 0.911967 0.177353 0.048828 0.048828
0 0.881431 0.179971 0.048828 0.048828
0 0.817741 0.185206 0.048828 0.048828
0 0.753179 0.172991 0.048828 0.048828
0 0.773245 0.103194 0.048828 0.048828
0 0.926799 0.209635 0.048828 0.048828
0 0.878813 0.235808 0.048828 0.048828
0 0.814251 0.290774 0.048828 0.048828
0 0.798547 0.236681 0.048828 0.048828
0 0.725260 0.266345 0.048828 0.048828
0 0.847405 0.366678 0.048828 0.048828
0 0.911967 0.400704 0.048828 0.048828
0 0.874451 0.398959 0.048828 0.048828
0 0.874451 0.432113 0.048828 0.048828
0 0.831700 0.443455 0.048828 0.048828
0 0.905860 0.494930 0.048828 0.048828
0 0.895390 0.534191 0.048828 0.048828
0 0.877941 0.486205 0.048828 0.048828
0 0.841298 0.485333 0.048828 0.048828
0 0.815996 0.547278 0.048828 0.048828
0 0.668550 0.337887 0.048828 0.048828
0 0.651973 0.306478 0.048828 0.048828
0 0.666805 0.285539 0.048828 0.048828
0 0.662443 0.230574 0.048828 0.048828
0 0.665060 0.189568 0.048828 0.048828
0 0.626672 0.185206 0.048828 0.048828
0 0.625799 0.237553 0.048828 0.048828
0 0.605733 0.298626 0.048828 0.048828
0 0.592646 0.261982 0.048828 0.048828
0 0.616202 0.364933 0.048828 0.048828
0 0.583921 0.386745 0.048828 0.048828
0 0.453052 0.425133 0.048828 0.048828
0 0.399831 0.403321 0.048828 0.048828
0 0.362316 0.382382 0.048828 0.048828
0 0.360571 0.338759 0.048828 0.048828
0 0.547278 0.488823 0.048828 0.048828
0 0.685999 0.547278 0.048828 0.048828
0 0.634524 0.533318 0.048828 0.048828
0 0.697341 0.592646 0.048828 0.048828
0 0.624927 0.564727 0.048828 0.048828
0 0.581304 0.581304 0.048828 0.048828
0 0.594391 0.620565 0.048828 0.048828
0 0.651101 0.628417 0.048828 0.048828
0 0.703448 0.644993 0.048828 0.048828
0 0.619692 0.657208 0.048828 0.048828
0 0.555130 0.654591 0.048828 0.048828
0 0.511507 0.599625 0.048828 0.048828
0 0.478353 0.580431 0.048828 0.048828
0 0.460904 0.631907 0.048828 0.048828
0 0.413791 0.607478 0.048828 0.048828
0 0.392852 0.540298 0.048828 0.048828
0 0.337887 0.518486 0.048828 0.048828
0 0.719153 0.680764 0.048828 0.048828
0 0.674657 0.697341 0.048828 0.048828
0 0.703448 0.720025 0.048828 0.048828
0 0.703448 0.767138 0.048828 0.048828
0 0.655463 0.778480 0.048828 0.048828
0 0.634524 0.717408 0.048828 0.048828
0 0.619692 0.693851 0.048828 0.048828
0 0.571707 0.687744 0.048828 0.048828
0 0.593518 0.738347 0.048828 0.048828
0 0.589156 0.795057 0.048828 0.048828
0 0.604860 0.855257 0.048828 0.048828
0 0.569962 0.836935 0.048828 0.048828
0 0.562110 0.808144 0.048828 0.048828
0 0.539425 0.768883 0.048828 0.048828
0 0.539425 0.723515 0.048828 0.048828
0 0.501037 0.793312 0.048828 0.048828
0 0.501037 0.739219 0.048828 0.048828
0 0.482715 0.713918 0.048828 0.048828
0 0.487078 0.676402 0.048828 0.048828
0 0.460031 0.754051 0.048828 0.048828
0 0.450434 0.801164 0.048828 0.048828
0 0.452179 0.844787 0.048828 0.048828
0 0.450434 0.897135 0.048828 0.048828
0 0.483588 0.893645 0.048828 0.048828
0 0.535936 0.880558 0.048828 0.048828
0 0.584794 0.885793 0.048828 0.048828
0 0.505399 0.833445 0.048828 0.048828
0 0.540298 0.906732 0.048828 0.048828
0 0.505399 0.924182 0.048828 0.048828
0 0.405066 0.930289 0.048828 0.048828
0 0.405066 0.891900 0.048828 0.048828
0 0.408556 0.850895 0.048828 0.048828
0 0.409429 0.797674 0.048828 0.048828
0 0.400704 0.745327 0.048828 0.048828
0 0.404194 0.732240 0.048828 0.048828
0 0.432113 0.690362 0.048828 0.048828
0 0.411173 0.636269 0.048828 0.048828
0 0.364933 0.719153 0.048828 0.048828
0 0.372785 0.801164 0.048828 0.048828
0 0.330907 0.833445 0.048828 0.048828
0 0.335269 0.795057 0.048828 0.048828
0 0.329162 0.768883 0.048828 0.048828
0 0.224466 0.749689 0.048828 0.048828
0 0.286411 0.706066 0.048828 0.048828
0 0.316075 0.644993 0.048828 0.048828
0 0.320437 0.597008 0.048828 0.048828
0 0.329162 0.556002 0.048828 0.048828
0 0.294263 0.556002 0.048828 0.048828
0 0.307350 0.523721 0.048828 0.048828
0 0.275069 0.458286 0.048828 0.048828
0 0.267217 0.494930 0.048828 0.048828
0 0.255875 0.535063 0.048828 0.048828
0 0.250640 0.625799 0.048828 0.048828
0 0.213997 0.630162 0.048828 0.048828
0 0.212252 0.678147 0.048828 0.048828
0 0.218359 0.720898 0.048828 0.048828
0 0.180843 0.702576 0.048828 0.048828
0 0.194803 0.776735 0.048828 0.048828
0 0.207017 0.816869 0.048828 0.048828
0 0.108429 0.669422 0.048828 0.048828
0 0.127623 0.635396 0.048828 0.048828
0 0.104067 0.609223 0.048828 0.048828
0 0.128496 0.578686 0.048828 0.048828
0 0.174736 0.583921 0.048828 0.048828
0 0.177353 0.549023 0.048828 0.048828
0 0.172991 0.505399 0.048828 0.048828
0 0.172119 0.467011 0.048828 0.048828
0 0.227956 0.487950 0.048828 0.048828
0 0.222722 0.423388 0.048828 0.048828
0 0.097959 0.543788 0.048828 0.048828
0 0.111046 0.496675 0.048828 0.048828
0 0.096214 0.461776 0.048828 0.048828
0 0.143327 0.445200 0.048828 0.048828
0 0.094470 0.428623 0.048828 0.048828
0 0.094470 0.401576 0.048828 0.048828
0 0.066551 0.378892 0.048828 0.048828
0 0.090107 0.371040 0.048828 0.048828
0 0.075275 0.344866 0.048828 0.048828
0 0.134603 0.339632 0.048828 0.048828
0 0.125878 0.305606 0.048828 0.048828
0 0.150307 0.277687 0.048828 0.048828
0 0.103194 0.282921 0.048828 0.048828
0 0.320437 0.884048 0.048828 0.048828
0 0.343994 0.423388 0.048828 0.048828
0 0.323055 0.369295 0.048828 0.048828
0 0.319565 0.335269 0.048828 0.048828
0 0.343121 0.302116 0.048828 0.048828
0 0.321310 0.301243 0.048828 0.048828
0 0.325672 0.278559 0.048828 0.048828
0 0.330907 0.241916 0.048828 0.048828
0 0.419898 0.271579 0.048828 0.048828
0 0.468756 0.222722 0.048828 0.048828
0 0.528956 0.202655 0.048828 0.048828
0 0.496675 0.181716 0.048828 0.048828
0 0.543788 0.168629 0.048828 0.048828
0 0.407684 0.165139 0.048828 0.048828
0 0.337014 0.194803 0.048828 0.048828
0 0.263727 0.250640 0.048828 0.048828
0 0.244533 0.223594 0.048828 0.048828
0 0.246278 0.175609 0.048828 0.048828
0 0.105812 0.253258 0.048828 0.048828
0 0.131985 0.242788 0.048828 0.048828
0 0.109301 0.227956 0.048828 0.048828
0 0.144200 0.200910 0.048828 0.048828
0 0.108429 0.179971 0.048828 0.048828
0 0.151180 0.164267 0.048828 0.048828
0 0.035142 0.025545 0.048828 0.048828
0 0.073530 0.041249 0.048828 0.048828
0 0.095342 0.010713 0.048828 0.048828
0 0.118898 0.029907 0.048828 0.048828
0 0.138093 0.052591 0.048828 0.048828
0 0.138093 0.088362 0.048828 0.048828
0 0.105812 0.081383 0.048828 0.048828
0 0.063933 0.077020 0.048828 0.048828
0 0.062188 0.129368 0.048828 0.048828
0 0.109301 0.118026 0.048828 0.048828
0 0.134603 0.122388 0.048828 0.048828
0 0.118026 0.160777 0.048828 0.048828
0 0.249768 0.130241 0.048828 0.048828
0 0.286411 0.129368 0.048828 0.048828
0 0.320437 0.141583 0.048828 0.048828
0 0.258493 0.070913 0.048828 0.048828
0 0.254130 0.104067 0.048828 0.048828
0 0.247151 0.012458 0.048828 0.048828
0 0.663315 0.000244 0.048828 0.048828
0 0.631034 0.023800 0.048828 0.048828
0 0.446944 0.043867 0.048828 0.048828
0 0.471373 0.078765 0.048828 0.048828
0 0.475736 0.111919 0.048828 0.048828
0 0.517614 0.098832 0.048828 0.048828
0 0.508889 0.062188 0.048828 0.048828
0 0.551640 0.041249 0.048828 0.048828
0 0.607478 0.075275 0.048828 0.048828
0 0.641504 0.061316 0.048828 0.048828
0 0.628417 0.105812 0.048828 0.048828
0 0.644993 0.119771 0.048828 0.048828
0 0.593518 0.135475 0.048828 0.048828
0 0.536808 0.137220 0.048828 0.048828
0 0.462649 0.139838 0.048828 0.048828
0 0.482715 0.146817 0.048828 0.048828
0 0.996596 0.212252 0.048828 0.048828
0 0.499292 0.462649 0.048828 0.048828
0 0.541170 0.440837 0.048828 0.048828
0 0.611840 0.427750 0.048828 0.048828
0 0.482715 0.312585 0.048828 0.048828
0 0.519359 0.261110 0.048828 0.048828
0 0.500165 0.237553 0.048828 0.048828
0 0.377147 0.218359 0.048828 0.048828
0 0.378020 0.117154 0.048828 0.048828
0 0.432113 0.142455 0.048828 0.048828
0 0.423388 0.084872 0.048828 0.048828