0 0.800746 0.979670 0.048828 0.048828
0 0.769041 0.999102 0.048828 0.048828
0 0.439721 0.993988 0.048828 0.048828
0 0.438698 0.956147 0.048828 0.048828
0 0.406994 0.916260 0.048828 0.048828
0 0.453017 0.893760 0.048828 0.048828
0 0.418244 0.862056 0.048828 0.048828
0 0.436653 0.825237 0.048828 0.048828
0 0.416198 0.796601 0.048828 0.048828
0 0.491880 0.801714 0.048828 0.048828
0 0.487790 0.852851 0.048828 0.048828
0 0.549154 0.819101 0.048828 0.048828
0 0.589040 0.826260 0.048828 0.048828
0 0.546085 0.855919 0.048828 0.048828
0 0.584949 0.867169 0.048828 0.048828
0 0.615631 0.874328 0.048828 0.048828
0 0.659609 0.857965 0.048828 0.048828
0 0.693359 0.883533 0.048828 0.048828
0 0.726086 0.959215 0.048828 0.048828
0 0.654495 0.984784 0.048828 0.048828
0 0.640177 0.944897 0.048828 0.048828
0 0.657563 0.898874 0.048828 0.048828
0 0.566540 0.910124 0.048828 0.048828
0 0.600290 0.975579 0.048828 0.048828
0 0.553244 0.970465 0.048828 0.048828
0 0.516426 0.908079 0.048828 0.048828
0 0.507221 0.959215 0.048828 0.048828
0 0.485744 0.966374 0.048828 0.048828
0 0.775178 0.953079 0.048828 0.048828
0 0.829382 0.947965 0.048828 0.048828
0 0.757791 0.917283 0.048828 0.048828
0 0.809951 0.902965 0.048828 0.048828
0 0.814041 0.852851 0.048828 0.048828
0 0.783359 0.823192 0.048828 0.048828
0 0.739382 0.840578 0.048828 0.048828
0 0.695404 0.837510 0.048828 0.048828
0 0.699495 0.793532 0.048828 0.048828
0 0.752677 0.793532 0.048828 0.048828
0 0.803814 0.797623 0.048828 0.048828
0 0.895860 0.837510 0.048828 0.048828
0 0.971542 0.888647 0.048828 0.048828
0 0.986883 0.982738 0.048828 0.048828
0 0.983815 0.931601 0.048828 0.048828
0 0.166651 0.957170 0.048828 0.048828
0 0.213697 0.986829 0.048828 0.048828
0 0.196310 0.936715 0.048828 0.048828
0 0.229038 0.915238 0.048828 0.048828
0 0.276084 0.936715 0.048828 0.048828
0 0.293470 0.986829 0.048828 0.048828
0 0.318016 0.957170 0.048828 0.048828
0 0.306766 0.911147 0.048828 0.048828
0 0.280175 0.864101 0.048828 0.048828
0 0.361993 0.884556 0.048828 0.048828
0 0.352789 0.944897 0.048828 0.048828
0 0.377334 0.971488 0.048828 0.048828
0 0.333357 0.987852 0.048828 0.048828
0 0.243356 0.826260 0.048828 0.048828
0 0.292447 0.815010 0.048828 0.048828
0 0.311879 0.849783 0.048828 0.048828
0 0.364039 0.816033 0.048828 0.048828
0 0.348698 0.784328 0.048828 0.048828
0 0.300629 0.775123 0.048828 0.048828
0 0.258697 0.742396 0.048828 0.048828
0 0.280175 0.691259 0.048828 0.048828
0 0.348698 0.742396 0.048828 0.048828
0 0.404948 0.747509 0.048828 0.048828
0 0.414153 0.696373 0.048828 0.048828
0 0.822223 0.700464 0.048828 0.048828
0 0.775178 0.704555 0.048828 0.048828
0 0.783359 0.751600 0.048828 0.048828
0 0.735291 0.750578 0.048828 0.048828
0 0.729155 0.702509 0.048828 0.048828
0 0.687223 0.737282 0.048828 0.048828
0 0.661654 0.779214 0.048828 0.048828
0 0.608472 0.772055 0.048828 0.048828
0 0.562449 0.759782 0.048828 0.048828
0 0.519494 0.749555 0.048828 0.048828
0 0.668813 0.690236 0.048828 0.048828
0 0.799723 0.639100 0.048828 0.048828
0 0.738359 0.638077 0.048828 0.048828
0 0.693359 0.577736 0.048828 0.048828
0 0.674950 0.537849 0.048828 0.048828
0 0.640177 0.530690 0.048828 0.048828
0 0.606427 0.618645 0.048828 0.048828
0 0.596199 0.571599 0.048828 0.048828
0 0.593131 0.534781 0.048828 0.048828
0 0.553244 0.537849 0.048828 0.048828
0 0.327220 0.571599 0.048828 0.048828
0 0.332334 0.535804 0.048828 0.048828
0 0.375289 0.637054 0.048828 0.048828
0 0.368130 0.588986 0.048828 0.048828
0 0.416198 0.588986 0.048828 0.048828
0 0.503131 0.573645 0.048828 0.048828
0 0.494949 0.625804 0.048828 0.048828
0 0.555290 0.630918 0.048828 0.048828
0 0.535858 0.683077 0.048828 0.048828
0 0.479608 0.693305 0.048828 0.048828
0 0.319038 0.675918 0.048828 0.048828
0 0.159111 0.468853 0.048828 0.048828
0 0.177431 0.352826 0.048828 0.048828
0 0.185573 0.314150 0.048828 0.048828
0 0.212035 0.202195 0.048828 0.048828
0 0.247657 0.153342 0.048828 0.048828
0 0.280226 0.051564 0.048828 0.048828
0 0.329080 0.145199 0.048828 0.048828
0 0.329080 0.097364 0.048828 0.048828
0 0.349435 0.088204 0.048828 0.048828
0 0.378951 0.086168 0.048828 0.048828
0 0.458337 0.157413 0.048828 0.048828
0 0.336204 0.237817 0.048828 0.048828
0 0.372844 0.174715 0.048828 0.048828
0 0.380986 0.130950 0.048828 0.048828
0 0.416609 0.116702 0.048828 0.048828
0 0.469533 0.098382 0.048828 0.048828
0 0.397271 0.022048 0.048828 0.048828
0 0.574264 0.104548 0.048828 0.048828
0 0.572962 0.047272 0.048828 0.048828
0 0.539118 0.005617 0.048828 0.048828
0 0.640652 0.006919 0.048828 0.048828
0 0.643255 0.052479 0.048828 0.048828
0 0.613316 0.056384 0.048828 0.048828
0 0.597695 0.014729 0.048828 0.048828
0 0.932237 0.133186 0.048828 0.048828
0 0.891884 0.190462 0.048828 0.048828
0 0.152333 0.887624 0.048828 0.048828
0 0.904042 0.960238 0.048828 0.048828
0 0.996088 0.836487 0.048828 0.048828
0 0.971542 0.791487 0.048828 0.048828
0 0.906087 0.707623 0.048828 0.048828
0 0.990974 0.723987 0.048828 0.048828
0 0.973588 0.693305 0.048828 0.048828
0 0.945974 0.656486 0.048828 0.048828
0 0.870292 0.620691 0.048828 0.048828
0 0.308811 0.617622 0.048828 0.048828
0 0.252561 0.660577 0.048828 0.048828
0 0.218811 0.651373 0.048828 0.048828
0 0.199379 0.607395 0.048828 0.048828
0 0.233129 0.555236 0.048828 0.048828
0 0.170742 0.536826 0.048828 0.048828
0 0.236462 0.426106 0.048828 0.048828
0 0.277173 0.453586 0.048828 0.048828
0 0.275137 0.381324 0.048828 0.048828
0 0.264960 0.318222 0.048828 0.048828
0 0.293457 0.352826 0.048828 0.048828
0 0.396253 0.405750 0.048828 0.048828
0 0.429840 0.426106 0.048828 0.048828
0 0.468515 0.458675 0.048828 0.048828
0 0.542813 0.497350 0.048828 0.048828
0 0.513297 0.458675 0.048828 0.048828
0 0.500066 0.416946 0.048828 0.048828
0 0.522457 0.375217 0.048828 0.048828
0 0.360631 0.341630 0.048828 0.048828
0 0.418644 0.328399 0.048828 0.048828
0 0.387093 0.269368 0.048828 0.048828
0 0.410502 0.211355 0.048828 0.048828
0 0.462316 0.289392 0.048828 0.048828
0 0.507876 0.288091 0.048828 0.048828
0 0.531307 0.272470 0.048828 0.048828
0 0.557342 0.272470 0.048828 0.048828
0 0.559945 0.345366 0.048828 0.048828
0 0.763013 0.385720 0.048828 0.048828
0 0.748695 0.331047 0.048828 0.048828
0 0.736979 0.251643 0.048828 0.048828
0 0.664083 0.337556 0.048828 0.048828
0 0.652367 0.320634 0.048828 0.048828
0 0.790350 0.312823 0.048828 0.048828
0 0.854134 0.242530 0.048828 0.048828
0 0.937444 0.314125 0.048828 0.048828
0 0.977797 0.276375 0.048828 0.048828
0 0.990815 0.338858 0.048828 0.048828
0 0.997323 0.049876 0.048828 0.048828
0 0.992116 0.167031 0.048828 0.048828