0 0.002764 0.940690 0.048828 0.048828
0 0.004061 0.989959 0.048828 0.048828
0 0.149276 0.993849 0.048828 0.048828
0 0.084448 0.976993 0.048828 0.048828
0 0.093524 0.930317 0.048828 0.048828
0 0.085744 0.895310 0.048828 0.048828
0 0.076668 0.833076 0.048828 0.048828
0 0.075372 0.859007 0.048828 0.048828
0 0.063703 0.769544 0.048828 0.048828
0 0.037772 0.717682 0.048828 0.048828
0 0.131124 0.834372 0.048828 0.048828
0 0.131124 0.862896 0.048828 0.048828
0 0.158351 0.891421 0.048828 0.048828
0 0.182986 0.939393 0.048828 0.048828
0 0.210214 0.976993 0.048828 0.048828
0 0.246517 0.988662 0.048828 0.048828
0 0.356725 0.984773 0.048828 0.048828
0 0.306159 0.952359 0.048828 0.048828
0 0.351539 0.929021 0.048828 0.048828
0 0.376173 0.957545 0.048828 0.048828
0 0.316531 0.905683 0.048828 0.048828
0 0.383952 0.899200 0.048828 0.048828
0 0.303566 0.848634 0.048828 0.048828
0 0.347649 0.864193 0.048828 0.048828
0 0.328200 0.835669 0.048828 0.048828
0 0.312642 0.779917 0.048828 0.048828
0 0.288007 0.750096 0.048828 0.048828
0 0.245221 0.952359 0.048828 0.048828
0 0.250407 0.906979 0.048828 0.048828
0 0.246517 0.883641 0.048828 0.048828
0 0.180393 0.864193 0.048828 0.048828
0 0.181689 0.835669 0.048828 0.048828
0 0.243924 0.852524 0.048828 0.048828
0 0.238738 0.820110 0.048828 0.048828
0 0.168724 0.796772 0.048828 0.048828
0 0.189469 0.788993 0.048828 0.048828
0 0.236145 0.772137 0.048828 0.048828
0 0.227069 0.728054 0.048828 0.048828
0 0.181689 0.747503 0.048828 0.048828
0 0.180393 0.702123 0.048828 0.048828
0 0.210214 0.682675 0.048828 0.048828
0 0.129827 0.772137 0.048828 0.048828
0 0.426488 0.922061 0.048828 0.048828
0 0.470320 0.913906 0.048828 0.048828
0 0.511095 0.909829 0.048828 0.048828
0 0.500901 0.959778 0.048828 0.048828
0 0.556966 0.987300 0.048828 0.048828
0 0.623224 0.982203 0.048828 0.048828
0 0.677251 0.989339 0.048828 0.048828
0 0.710890 0.998513 0.048828 0.048828
0 0.722103 0.968952 0.048828 0.048828
0 0.718025 0.938371 0.048828 0.048828
0 0.647689 0.944487 0.048828 0.048828
0 0.652786 0.909829 0.048828 0.048828
0 0.692541 0.898616 0.048828 0.048828
0 0.747587 0.907790 0.048828 0.048828
0 0.794477 0.880267 0.048828 0.048828
0 0.796516 0.935313 0.048828 0.048828
0 0.806710 0.993416 0.048828 0.048828
0 0.851561 0.995455 0.048828 0.048828
0 0.869910 0.957739 0.048828 0.048828
0 0.912723 0.958758 0.048828 0.048828
0 0.961653 0.965894 0.048828 0.048828
0 0.951459 0.920022 0.048828 0.048828
0 0.916801 0.917984 0.048828 0.048828
0 0.897433 0.884345 0.048828 0.048828
0 0.925975 0.862938 0.048828 0.048828
0 0.974904 0.856822 0.048828 0.048828
0 0.935149 0.828280 0.048828 0.048828
0 0.865833 0.851725 0.048828 0.048828
0 0.853600 0.802796 0.048828 0.048828
0 0.912723 0.782409 0.048828 0.048828
0 0.948401 0.767118 0.048828 0.048828
0 0.939227 0.720227 0.048828 0.048828
0 0.890297 0.697802 0.048828 0.048828
0 0.827097 0.747750 0.048828 0.048828
0 0.797535 0.785467 0.048828 0.048828
0 0.814864 0.709015 0.048828 0.048828
0 0.786322 0.741634 0.048828 0.048828
0 0.740451 0.736537 0.048828 0.048828
0 0.751664 0.795660 0.048828 0.048828
0 0.780206 0.830319 0.048828 0.048828
0 0.738412 0.850706 0.048828 0.048828
0 0.654825 0.869054 0.048828 0.048828
0 0.670115 0.830319 0.048828 0.048828
0 0.693560 0.791583 0.048828 0.048828
0 0.643612 0.756925 0.048828 0.048828
0 0.689483 0.711053 0.048828 0.048828
0 0.770013 0.679453 0.048828 0.048828
0 0.628321 0.690666 0.048828 0.048828
0 0.703754 0.663143 0.048828 0.048828
0 0.737393 0.632562 0.048828 0.048828
0 0.670115 0.627466 0.048828 0.048828
0 0.700696 0.616253 0.048828 0.048828
0 0.689483 0.569362 0.048828 0.048828
0 0.646670 0.561207 0.048828 0.048828
0 0.650747 0.507181 0.048828 0.048828
0 0.693560 0.477619 0.048828 0.048828
0 0.726180 0.462329 0.048828 0.048828
0 0.741470 0.504123 0.048828 0.048828
0 0.747587 0.556110 0.048828 0.048828
0 0.780206 0.533684 0.048828 0.048828
0 0.831174 0.576497 0.048828 0.048828
0 0.845445 0.513297 0.048828 0.048828
0 0.811806 0.505142 0.048828 0.048828
0 0.800593 0.462329 0.048828 0.048828
0 0.863794 0.449077 0.048828 0.048828
0 0.890297 0.480677 0.048828 0.048828
0 0.946362 0.484755 0.048828 0.048828
0 0.914762 0.524510 0.048828 0.048828
0 0.960633 0.530626 0.048828 0.048828
0 0.789380 0.609117 0.048828 0.048828
0 0.857678 0.643775 0.048828 0.048828
0 0.926994 0.664163 0.048828 0.048828
0 0.944323 0.636640 0.048828 0.048828
0 0.987137 0.430729 0.048828 0.048828
0 0.933110 0.427671 0.048828 0.048828
0 0.566140 0.939390 0.048828 0.048828
0 0.597740 0.911868 0.048828 0.048828
0 0.586527 0.875170 0.048828 0.048828
0 0.560024 0.858861 0.048828 0.048828
0 0.496824 0.859880 0.048828 0.048828
0 0.423430 0.867016 0.048828 0.048828
0 0.403042 0.827260 0.048828 0.048828
0 0.449933 0.821144 0.048828 0.048828
0 0.481533 0.804835 0.048828 0.048828
0 0.567160 0.828280 0.048828 0.048828
0 0.581431 0.781389 0.048828 0.048828
0 0.534540 0.771196 0.048828 0.048828
0 0.592644 0.726344 0.048828 0.048828
0 0.516191 0.713092 0.048828 0.048828
0 0.498862 0.746731 0.048828 0.048828
0 0.455030 0.757944 0.048828 0.048828
0 0.407120 0.783428 0.048828 0.048828
0 0.362268 0.795660 0.048828 0.048828
0 0.357171 0.755905 0.048828 0.048828
0 0.403042 0.752847 0.048828 0.048828
0 0.449933 0.706976 0.048828 0.048828
0 0.504978 0.685569 0.048828 0.048828
0 0.561043 0.685569 0.048828 0.048828
0 0.593663 0.624407 0.048828 0.048828
0 0.522308 0.624407 0.048828 0.048828
0 0.468281 0.630524 0.048828 0.048828
0 0.403042 0.686589 0.048828 0.048828
0 0.391829 0.658046 0.048828 0.048828
0 0.398965 0.626446 0.048828 0.048828
0 0.371442 0.608098 0.048828 0.048828
0 0.313338 0.710034 0.048828 0.048828
0 0.292951 0.659066 0.048828 0.048828
0 0.241983 0.637659 0.048828 0.048828
0 0.163492 0.642756 0.048828 0.048828
0 0.194073 0.605040 0.048828 0.048828
0 0.183879 0.569362 0.048828 0.048828
0 0.255235 0.561207 0.048828 0.048828
0 0.268487 0.592807 0.048828 0.048828
0 0.343919 0.522471 0.048828 0.048828
0 0.304164 0.472523 0.048828 0.048828
0 0.237906 0.423593 0.048828 0.048828
0 0.170628 0.495968 0.048828 0.048828
0 0.356152 0.406264 0.048828 0.048828
0 0.381636 0.449077 0.048828 0.048828
0 0.431584 0.519413 0.048828 0.048828
0 0.437701 0.588730 0.048828 0.048828
0 0.522308 0.590769 0.048828 0.048828
0 0.574295 0.580575 0.048828 0.048828
0 0.614050 0.560188 0.048828 0.048828
0 0.595702 0.533684 0.048828 0.048828
0 0.560024 0.541839 0.048828 0.048828
0 0.525366 0.542859 0.048828 0.048828
0 0.487649 0.527568 0.048828 0.048828
0 0.498862 0.481697 0.048828 0.048828
0 0.556966 0.503103 0.048828 0.048828
0 0.601818 0.496987 0.048828 0.048828
0 0.580411 0.453155 0.048828 0.048828
0 0.459107 0.466406 0.048828 0.048828
0 0.514153 0.447039 0.048828 0.048828
0 0.476436 0.432767 0.048828 0.048828
0 0.421391 0.409322 0.048828 0.048828
0 0.451972 0.395051 0.048828 0.048828
0 0.518230 0.394032 0.048828 0.048828
0 0.577353 0.399129 0.048828 0.048828
0 0.626283 0.405245 0.048828 0.048828
0 0.692541 0.384857 0.048828 0.048828
0 0.683367 0.427671 0.048828 0.048828
0 0.711909 0.427671 0.048828 0.048828
0 0.738412 0.395051 0.048828 0.048828
0 0.774090 0.419516 0.048828 0.048828
0 0.824039 0.404225 0.048828 0.048828
0 0.897433 0.417477 0.048828 0.048828
0 0.890297 0.380780 0.048828 0.048828
0 0.945343 0.386896 0.048828 0.048828
0 0.059517 0.662124 0.048828 0.048828
0 0.105389 0.634601 0.048828 0.048828
0 0.146163 0.595865 0.048828 0.048828
0 0.122718 0.513297 0.048828 0.048828
0 0.025878 0.591788 0.048828 0.048828
0 0.043208 0.559168 0.048828 0.048828
0 0.021801 0.521452 0.048828 0.048828
0 0.073788 0.000558 0.048828 0.048828
0 0.123737 0.024003 0.048828 0.048828
0 0.159415 0.046429 0.048828 0.048828
0 0.118640 0.104533 0.048828 0.048828
0 0.078885 0.062739 0.048828 0.048828
0 0.027917 0.068855 0.048828 0.048828
0 0.072769 0.132056 0.048828 0.048828
0 0.115582 0.149385 0.048828 0.048828
0 0.131892 0.309425 0.048828 0.048828
0 0.035053 0.161617 0.048828 0.048828
0 0.040149 0.217682 0.048828 0.048828
0 0.057479 0.258457 0.048828 0.048828
0 0.034033 0.251321 0.048828 0.048828
0 0.062575 0.314521 0.048828 0.048828
0 0.044227 0.298212 0.048828 0.048828
0 0.013646 0.276805 0.048828 0.048828
0 0.029956 0.335928 0.048828 0.048828
0 0.054421 0.355296 0.048828 0.048828
0 0.018743 0.367528 0.048828 0.048828
0 0.037091 0.394032 0.048828 0.048828
0 0.008549 0.407283 0.048828 0.048828
0 0.070730 0.431748 0.048828 0.048828
0 0.021801 0.443980 0.048828 0.048828
0 0.254215 0.342044 0.048828 0.048828
0 0.313338 0.355296 0.048828 0.048828
0 0.345958 0.355296 0.048828 0.048828
0 0.415275 0.349180 0.048828 0.048828
0 0.500901 0.353257 0.048828 0.048828
0 0.552888 0.355296 0.048828 0.048828
0 0.599779 0.359373 0.048828 0.048828
0 0.641573 0.352238 0.048828 0.048828
0 0.678270 0.357335 0.048828 0.048828
0 0.684386 0.308405 0.048828 0.048828
0 0.630360 0.319618 0.048828 0.048828
0 0.654825 0.275786 0.048828 0.048828
0 0.615070 0.285979 0.048828 0.048828
0 0.540656 0.318599 0.048828 0.048828
0 0.498862 0.317580 0.048828 0.048828
0 0.423430 0.285979 0.048828 0.048828
0 0.483572 0.270689 0.048828 0.048828
0 0.528424 0.271708 0.048828 0.048828
0 0.570218 0.271708 0.048828 0.048828
0 0.637495 0.244186 0.048828 0.048828
0 0.640554 0.215643 0.048828 0.048828
0 0.690502 0.197295 0.048828 0.048828
0 0.618128 0.197295 0.048828 0.048828
0 0.602837 0.235011 0.048828 0.048828
0 0.562063 0.236031 0.048828 0.048828
0 0.547792 0.186082 0.048828 0.048828
0 0.520269 0.213605 0.048828 0.048828
0 0.474398 0.233992 0.048828 0.048828
0 0.398965 0.235011 0.048828 0.048828
0 0.410178 0.187101 0.048828 0.048828
0 0.344939 0.186082 0.048828 0.048828
0 0.364307 0.231953 0.048828 0.048828
0 0.336784 0.302289 0.048828 0.048828
0 0.330668 0.261515 0.048828 0.048828
0 0.298048 0.236031 0.048828 0.048828
0 0.296009 0.295154 0.048828 0.048828
0 0.238925 0.276805 0.048828 0.048828
0 0.202228 0.276805 0.048828 0.048828
0 0.207325 0.230934 0.048828 0.048828
0 0.297029 0.197295 0.048828 0.048828
0 0.252177 0.195256 0.048828 0.048828
0 0.226693 0.192198 0.048828 0.048828
0 0.185918 0.159578 0.048828 0.048828
0 0.256254 0.145307 0.048828 0.048828
0 0.317416 0.158559 0.048828 0.048828
0 0.354113 0.155501 0.048828 0.048828
0 0.223635 0.111668 0.048828 0.048828
0 0.252177 0.099436 0.048828 0.048828
0 0.232809 0.071913 0.048828 0.048828
0 0.265428 0.034197 0.048828 0.048828
0 0.371442 0.029100 0.048828 0.048828
0 0.352074 0.097397 0.048828 0.048828
0 0.389791 0.087204 0.048828 0.048828
0 0.419352 0.137153 0.048828 0.048828
0 0.434642 0.106572 0.048828 0.048828
0 0.441778 0.052545 0.048828 0.048828
0 0.472359 0.071913 0.048828 0.048828
0 0.459107 0.156520 0.048828 0.048828
0 0.493765 0.172830 0.048828 0.048828
0 0.500901 0.125940 0.048828 0.048828
0 0.527404 0.148365 0.048828 0.048828
0 0.667057 0.160598 0.048828 0.048828
0 0.600798 0.164675 0.048828 0.048828
0 0.573276 0.112688 0.048828 0.048828
0 0.631379 0.114727 0.048828 0.048828
0 0.717006 0.103514 0.048828 0.048828
0 0.684386 0.090262 0.048828 0.048828
0 0.654825 0.070894 0.048828 0.048828
0 0.627302 0.059681 0.048828 0.048828
0 0.588566 0.047449 0.048828 0.048828
0 0.543714 0.034197 0.048828 0.048828
0 0.499882 0.018907 0.048828 0.048828
0 0.574295 0.011771 0.048828 0.048828
0 0.696618 0.041333 0.048828 0.048828
0 0.738412 0.001577 0.048828 0.048828
0 0.781226 0.016868 0.048828 0.048828
0 0.838310 0.004635 0.048828 0.048828
0 0.970827 0.020945 0.048828 0.048828
0 0.924956 0.041333 0.048828 0.048828
0 0.883162 0.030120 0.048828 0.048828
0 0.822000 0.029100 0.048828 0.048828
0 0.834232 0.072933 0.048828 0.048828
0 0.781226 0.073952 0.048828 0.048828
0 0.725161 0.058662 0.048828 0.048828
0 0.747587 0.115746 0.048828 0.048828
0 0.795497 0.126959 0.048828 0.048828
0 0.853600 0.122881 0.048828 0.048828
0 0.737393 0.153462 0.048828 0.048828
0 0.893355 0.082107 0.048828 0.048828
0 0.906607 0.147346 0.048828 0.048828
0 0.872968 0.188121 0.048828 0.048828
0 0.848503 0.219721 0.048828 0.048828
0 0.868891 0.252340 0.048828 0.048828
0 0.908646 0.256418 0.048828 0.048828
0 0.905588 0.308405 0.048828 0.048828
0 0.862774 0.324715 0.048828 0.048828
0 0.933110 0.357335 0.048828 0.048828
0 0.813845 0.364470 0.048828 0.048828
0 0.812826 0.304328 0.048828 0.048828
0 0.772051 0.337967 0.048828 0.048828
0 0.738412 0.313502 0.048828 0.048828
0 0.764916 0.293115 0.048828 0.048828
0 0.741470 0.260495 0.048828 0.048828
0 0.790400 0.238069 0.048828 0.048828
0 0.832194 0.277824 0.048828 0.048828
0 0.730257 0.209527 0.048828 0.048828
0 0.791419 0.190159 0.048828 0.048828
0 0.976943 0.099436 0.048828 0.048828
0 0.973885 0.149385 0.048828 0.048828
0 0.964711 0.175888 0.048828 0.048828
0 0.922917 0.207488 0.048828 0.048828
0 0.996311 0.211566 0.048828 0.048828
0 0.974904 0.258457 0.048828 0.048828
0 0.970827 0.338986 0.048828 0.048828