0 0.350380 0.981192 0.048828 0.048828
0 0.293156 0.946054 0.048828 0.048828
0 0.070281 0.943042 0.048828 0.048828
0 0.068273 0.914931 0.048828 0.048828
0 0.025103 0.890837 0.048828 0.048828
0 0.319258 0.892845 0.048828 0.048828
0 0.356404 0.820561 0.048828 0.048828
0 0.310223 0.837628 0.048828 0.048828
0 0.138549 0.898868 0.048828 0.048828
0 0.175695 0.844656 0.048828 0.048828
0 0.149592 0.820561 0.048828 0.048828
0 0.067269 0.854695 0.048828 0.048828
0 0.001009 0.854695 0.048828 0.048828
0 0.026107 0.805502 0.048828 0.048828
0 0.014060 0.736230 0.048828 0.048828
0 0.123490 0.721171 0.048828 0.048828
0 0.068273 0.642863 0.048828 0.048828
0 0.055222 0.594674 0.048828 0.048828
0 0.169671 0.537450 0.048828 0.048828
0 0.163647 0.419989 0.048828 0.048828
0 0.291148 0.483237 0.048828 0.048828
0 0.271069 0.427016 0.048828 0.048828
0 0.047190 0.236267 0.048828 0.048828
0 0.043174 0.132861 0.048828 0.048828
0 0.223884 0.101739 0.048828 0.048828
0 0.251994 0.158964 0.048828 0.048828
0 0.260026 0.229240 0.048828 0.048828
0 0.431700 0.968140 0.048828 0.048828
0 0.463826 0.904892 0.048828 0.048828
0 0.643531 0.765344 0.048828 0.048828
0 0.393550 0.674990 0.048828 0.048828
0 0.392546 0.758317 0.048828 0.048828
0 0.523058 0.684025 0.048828 0.048828
0 0.300183 0.669970 0.048828 0.048828
0 0.258018 0.687037 0.048828 0.048828