0 0.984535 0.152827 0.048828 0.048828
0 0.979627 0.064480 0.048828 0.048828
0 0.969810 0.093929 0.048828 0.048828
0 0.942815 0.139330 0.048828 0.048828
0 0.932999 0.201909 0.048828 0.048828
0 0.948951 0.300072 0.048828 0.048828
0 0.934226 0.246082 0.048828 0.048828
0 0.893734 0.222768 0.048828 0.048828
0 0.891280 0.287801 0.048828 0.048828
0 0.885145 0.334429 0.048828 0.048828
0 0.945270 0.356516 0.048828 0.048828
0 0.991897 0.335656 0.048828 0.048828
0 0.029898 0.168779 0.048828 0.048828
0 0.028671 0.222768 0.048828 0.048828
0 0.027444 0.265715 0.048828 0.048828
0 0.065483 0.265715 0.048828 0.048828
0 0.083888 0.304980 0.048828 0.048828
0 0.126835 0.307434 0.048828 0.048828
0 0.039715 0.318477 0.048828 0.048828
0 0.186959 0.279212 0.048828 0.048828
0 0.141559 0.255898 0.048828 0.048828
0 0.140332 0.231358 0.048828 0.048828
0 0.183278 0.232585 0.048828 0.048828
0 0.265490 0.257125 0.048828 0.048828
0 0.326842 0.281666 0.048828 0.048828
0 0.310890 0.241174 0.048828 0.048828
0 0.269171 0.211725 0.048828 0.048828
0 0.304755 0.177368 0.048828 0.048828
0 0.237268 0.181049 0.048828 0.048828
0 0.184505 0.192092 0.048828 0.048828
0 0.134197 0.185957 0.048828 0.048828
0 0.076526 0.217860 0.048828 0.048828
0 0.097386 0.141784 0.048828 0.048828
0 0.183278 0.147919 0.048828 0.048828
0 0.226225 0.129513 0.048828 0.048828
0 0.261809 0.118470 0.048828 0.048828
0 0.325615 0.117243 0.048828 0.048828
0 0.321934 0.074297 0.048828 0.048828
0 0.263036 0.071842 0.048828 0.048828
0 0.200457 0.071842 0.048828 0.048828
0 0.162419 0.103746 0.048828 0.048828
0 0.157510 0.065707 0.048828 0.048828
0 0.083888 0.096383 0.048828 0.048828
0 0.037261 0.112335 0.048828 0.048828
0 0.023763 0.082886 0.048828 0.048828
0 0.078980 0.064480 0.048828 0.048828
0 0.120699 0.030123 0.048828 0.048828
0 0.054439 0.026442 0.048828 0.048828
0 0.002904 0.014172 0.048828 0.048828
0 0.152602 0.000674 0.048828 0.048828
0 0.182051 0.021534 0.048828 0.048828
0 0.255674 0.010491 0.048828 0.048828
0 0.320707 0.012945 0.048828 0.048828
0 0.380832 0.012945 0.048828 0.048828
0 0.357518 0.043621 0.048828 0.048828
0 0.356291 0.085340 0.048828 0.048828
0 0.367334 0.116016 0.048828 0.048828
0 0.436048 0.135649 0.048828 0.048828
0 0.471632 0.157735 0.048828 0.048828
0 0.458135 0.101291 0.048828 0.048828
0 0.412735 0.062026 0.048828 0.048828
0 0.427459 0.008036 0.048828 0.048828
0 0.553844 0.092702 0.048828 0.048828
0 0.536666 0.086567 0.048828 0.048828
0 0.504763 0.054664 0.048828 0.048828
0 0.537893 0.050983 0.048828 0.048828
0 0.567342 0.006809 0.048828 0.048828
0 0.521941 0.005582 0.048828 0.048828
0 0.599245 0.037485 0.048828 0.048828
0 0.654461 0.037485 0.048828 0.048828
0 0.699862 0.055891 0.048828 0.048828
0 0.736673 0.020307 0.048828 0.048828
0 0.775938 0.017853 0.048828 0.048828
0 0.828701 0.009264 0.048828 0.048828
0 0.875328 0.012945 0.048828 0.048828
0 0.963675 0.016626 0.048828 0.048828
0 0.940361 0.032577 0.048828 0.048828
0 0.882691 0.057118 0.048828 0.048828
0 0.909685 0.090248 0.048828 0.048828
0 0.870420 0.104973 0.048828 0.048828
0 0.828701 0.052210 0.048828 0.048828
0 0.772257 0.043621 0.048828 0.048828
0 0.785754 0.081659 0.048828 0.048828
0 0.899869 0.133194 0.048828 0.048828
0 0.856923 0.136876 0.048828 0.048828
0 0.773484 0.141784 0.048828 0.048828
0 0.902323 0.176141 0.048828 0.048828
0 0.849560 0.161416 0.048828 0.048828
0 0.831155 0.190865 0.048828 0.048828
0 0.767349 0.185957 0.048828 0.048828
0 0.855696 0.219087 0.048828 0.048828
0 0.799252 0.242401 0.048828 0.048828
0 0.746489 0.228903 0.048828 0.048828
0 0.702316 0.231358 0.048828 0.048828
0 0.664278 0.231358 0.048828 0.048828
0 0.728084 0.149146 0.048828 0.048828
0 0.681456 0.174914 0.048828 0.048828
0 0.710905 0.096383 0.048828 0.048828
0 0.676548 0.112335 0.048828 0.048828
0 0.658142 0.071842 0.048828 0.048828
0 0.660596 0.134421 0.048828 0.048828
0 0.594336 0.093929 0.048828 0.048828
0 0.604153 0.145465 0.048828 0.048828
0 0.548936 0.136876 0.048828 0.048828
0 0.588201 0.187184 0.048828 0.048828
0 0.602926 0.239947 0.048828 0.048828
0 0.561206 0.228903 0.048828 0.048828
0 0.510898 0.195773 0.048828 0.048828
0 0.450773 0.201909 0.048828 0.048828
0 0.404145 0.181049 0.048828 0.048828
0 0.356291 0.160189 0.048828 0.048828
0 0.395556 0.238720 0.048828 0.048828
0 0.458135 0.241174 0.048828 0.048828
0 0.519487 0.273077 0.048828 0.048828
0 0.447092 0.281666 0.048828 0.048828
0 0.406599 0.282893 0.048828 0.048828
0 0.483903 0.324613 0.048828 0.048828
0 0.558752 0.317250 0.048828 0.048828
0 0.612742 0.317250 0.048828 0.048828
0 0.670413 0.280439 0.048828 0.048828
0 0.732992 0.285347 0.048828 0.048828
0 0.769803 0.314796 0.048828 0.048828
0 0.833609 0.277985 0.048828 0.048828
0 0.845879 0.320931 0.048828 0.048828
0 0.962448 0.394554 0.048828 0.048828
0 0.926864 0.399462 0.048828 0.048828
0 0.963675 0.438727 0.048828 0.048828
0 0.991897 0.257125 0.048828 0.048828
0 0.912139 0.455906 0.048828 0.048828
0 0.856923 0.457133 0.048828 0.048828
0 0.766122 0.480446 0.048828 0.048828
0 0.817657 0.490263 0.048828 0.048828
0 0.872874 0.492717 0.048828 0.048828
0 0.910912 0.525847 0.048828 0.048828
0 0.912139 0.554069 0.048828 0.048828
0 0.919502 0.584745 0.048828 0.048828
0 0.947724 0.565112 0.048828 0.048828
0 0.957540 0.616648 0.048828 0.048828
0 0.990670 0.594561 0.048828 0.048828
0 0.953859 0.736898 0.048828 0.048828
0 0.951405 0.702541 0.048828 0.048828
0 0.937907 0.658367 0.048828 0.048828
0 0.881463 0.671865 0.048828 0.048828
0 0.897415 0.723400 0.048828 0.048828
0 0.902323 0.766347 0.048828 0.048828
0 0.903550 0.801931 0.048828 0.048828
0 0.903550 0.833834 0.048828 0.048828
0 0.921956 0.880461 0.048828 0.048828
0 0.929318 0.919726 0.048828 0.048828
0 0.883918 0.896413 0.048828 0.048828
0 0.839744 0.889050 0.048828 0.048828
0 0.855696 0.864510 0.048828 0.048828
0 0.852015 0.795796 0.048828 0.048828
0 0.852015 0.727081 0.048828 0.048828
0 0.829928 0.646097 0.048828 0.048828
0 0.863058 0.551615 0.048828 0.048828
0 0.829928 0.577383 0.048828 0.048828
0 0.825020 0.541798 0.048828 0.048828
0 0.773484 0.567566 0.048828 0.048828
0 0.747716 0.520939 0.048828 0.048828
0 0.867966 0.430138 0.048828 0.048828
0 0.845879 0.368786 0.048828 0.048828
0 0.816430 0.411732 0.048828 0.048828
0 0.806614 0.362651 0.048828 0.048828
0 0.753851 0.379829 0.048828 0.048828
0 0.762441 0.430138 0.048828 0.048828
0 0.721948 0.412959 0.048828 0.048828
0 0.712132 0.357743 0.048828 0.048828
0 0.683910 0.330748 0.048828 0.048828
0 0.640964 0.351607 0.048828 0.048828
0 0.667959 0.385964 0.048828 0.048828
0 0.670413 0.427684 0.048828 0.048828
0 0.638510 0.406824 0.048828 0.048828
0 0.617650 0.453452 0.048828 0.048828
0 0.701089 0.468176 0.048828 0.048828
0 0.690045 0.512349 0.048828 0.048828
0 0.671640 0.556523 0.048828 0.048828
0 0.725630 0.566339 0.048828 0.048828
0 0.780846 0.619102 0.048828 0.048828
0 0.748943 0.608059 0.048828 0.048828
0 0.688818 0.604377 0.048828 0.048828
0 0.762441 0.641189 0.048828 0.048828
0 0.748943 0.662048 0.048828 0.048828
0 0.708451 0.635053 0.048828 0.048828
0 0.652007 0.632599 0.048828 0.048828
0 0.615196 0.590880 0.048828 0.048828
0 0.613969 0.540571 0.048828 0.048828
0 0.633602 0.495171 0.048828 0.048828
0 0.585747 0.504987 0.048828 0.048828
0 0.564887 0.442408 0.048828 0.048828
0 0.599245 0.370013 0.048828 0.048828
0 0.567342 0.384737 0.048828 0.048828
0 0.509671 0.399462 0.048828 0.048828
0 0.464270 0.435046 0.048828 0.048828
0 0.497400 0.503760 0.048828 0.048828
0 0.531757 0.528301 0.048828 0.048828
0 0.572250 0.567566 0.048828 0.048828
0 0.557525 0.610513 0.048828 0.048828
0 0.505990 0.639962 0.048828 0.048828
0 0.496173 0.593334 0.048828 0.048828
0 0.426232 0.631372 0.048828 0.048828
0 0.433594 0.572474 0.048828 0.048828
0 0.463043 0.545480 0.048828 0.048828
0 0.393102 0.597015 0.048828 0.048828
0 0.399237 0.563885 0.048828 0.048828
0 0.388194 0.536890 0.048828 0.048828
0 0.417643 0.507441 0.048828 0.048828
0 0.425005 0.454679 0.048828 0.048828
0 0.437275 0.409278 0.048828 0.048828
0 0.442184 0.373694 0.048828 0.048828
0 0.429913 0.339337 0.048828 0.048828
0 0.380832 0.304980 0.048828 0.048828
0 0.391875 0.350380 0.048828 0.048828
0 0.368561 0.390873 0.048828 0.048828
0 0.385740 0.415413 0.048828 0.048828
0 0.389421 0.475538 0.048828 0.048828
0 0.339112 0.473084 0.048828 0.048828
0 0.337885 0.425230 0.048828 0.048828
0 0.337885 0.383510 0.048828 0.048828
0 0.315799 0.335656 0.048828 0.048828
0 0.270398 0.334429 0.048828 0.048828
0 0.234814 0.320931 0.048828 0.048828
0 0.261809 0.378602 0.048828 0.048828
0 0.283895 0.414186 0.048828 0.048828
0 0.283895 0.453452 0.048828 0.048828
0 0.237268 0.397008 0.048828 0.048828
0 0.278987 0.511122 0.048828 0.048828
0 0.335431 0.520939 0.048828 0.048828
0 0.336658 0.568793 0.048828 0.048828
0 0.361199 0.588426 0.048828 0.048828
0 0.339112 0.619102 0.048828 0.048828
0 0.290031 0.601923 0.048828 0.048828
0 0.251992 0.562658 0.048828 0.048828
0 0.237268 0.685362 0.048828 0.048828
0 0.280214 0.665729 0.048828 0.048828
0 0.342793 0.655913 0.048828 0.048828
0 0.394329 0.668183 0.048828 0.048828
0 0.236041 0.752849 0.048828 0.048828
0 0.281441 0.719719 0.048828 0.048828
0 0.320707 0.708676 0.048828 0.048828
0 0.234814 0.830153 0.048828 0.048828
0 0.251992 0.804385 0.048828 0.048828
0 0.288804 0.773709 0.048828 0.048828
0 0.336658 0.755303 0.048828 0.048828
0 0.383286 0.727081 0.048828 0.048828
0 0.444638 0.682908 0.048828 0.048828
0 0.469178 0.706222 0.048828 0.048828
0 0.544028 0.660821 0.048828 0.048828
0 0.541574 0.698859 0.048828 0.048828
0 0.598017 0.676773 0.048828 0.048828
0 0.656915 0.703768 0.048828 0.048828
0 0.713359 0.695178 0.048828 0.048828
0 0.768576 0.700086 0.048828 0.048828
0 0.796798 0.663275 0.048828 0.048828
0 0.789436 0.741806 0.048828 0.048828
0 0.779619 0.774936 0.048828 0.048828
0 0.740354 0.734444 0.048828 0.048828
0 0.735446 0.798250 0.048828 0.048828
0 0.691272 0.746714 0.048828 0.048828
0 0.682683 0.801931 0.048828 0.048828
0 0.625012 0.772482 0.048828 0.048828
0 0.601699 0.731989 0.048828 0.048828
0 0.563660 0.771255 0.048828 0.048828
0 0.589428 0.799477 0.048828 0.048828
0 0.642191 0.832607 0.048828 0.048828
0 0.694954 0.857147 0.048828 0.048828
0 0.724403 0.865737 0.048828 0.048828
0 0.763668 0.846104 0.048828 0.048828
0 0.782073 0.885369 0.048828 0.048828
0 0.773484 0.912364 0.048828 0.048828
0 0.707224 0.901321 0.048828 0.048828
0 0.661824 0.920953 0.048828 0.048828
0 0.655688 0.873099 0.048828 0.048828
0 0.615196 0.890278 0.048828 0.048828
0 0.602926 0.851012 0.048828 0.048828
0 0.559979 0.868191 0.048828 0.048828
0 0.529303 0.893959 0.048828 0.048828
0 0.558752 0.831380 0.048828 0.048828
0 0.517033 0.819109 0.048828 0.048828
0 0.485130 0.798250 0.048828 0.048828
0 0.526849 0.734444 0.048828 0.048828
0 0.448319 0.731989 0.048828 0.048828
0 0.412735 0.772482 0.048828 0.048828
0 0.407826 0.801931 0.048828 0.048828
0 0.398010 0.833834 0.048828 0.048828
0 0.353837 0.793341 0.048828 0.048828
0 0.305982 0.794568 0.048828 0.048828
0 0.285123 0.824017 0.048828 0.048828
0 0.249538 0.847331 0.048828 0.048828
0 0.244630 0.890278 0.048828 0.048828
0 0.267944 0.868191 0.048828 0.048828
0 0.328069 0.837515 0.048828 0.048828
0 0.334204 0.880461 0.048828 0.048828
0 0.371015 0.864510 0.048828 0.048828
0 0.308436 0.917272 0.048828 0.048828
0 0.347702 0.902548 0.048828 0.048828
0 0.391875 0.927089 0.048828 0.048828
0 0.476541 0.902548 0.048828 0.048828
0 0.493719 0.858374 0.048828 0.048828
0 0.983308 0.946721 0.048828 0.048828
0 0.944042 0.997030 0.048828 0.048828
0 0.844652 0.994576 0.048828 0.048828
0 0.883918 0.952857 0.048828 0.048828
0 0.764895 0.947948 0.048828 0.048828
0 0.703543 0.994576 0.048828 0.048828
0 0.734219 0.960219 0.048828 0.048828
0 0.685137 0.952857 0.048828 0.048828
0 0.605380 0.933224 0.048828 0.048828
0 0.552617 0.927089 0.048828 0.048828
0 0.582066 0.990895 0.048828 0.048828
0 0.550163 0.979851 0.048828 0.048828
0 0.504763 0.998257 0.048828 0.048828
0 0.454454 0.955311 0.048828 0.048828
0 0.384513 0.974943 0.048828 0.048828
0 0.350156 0.938132 0.048828 0.048828
0 0.356291 0.985987 0.048828 0.048828
0 0.304755 0.962673 0.048828 0.048828
0 0.291258 0.989668 0.048828 0.048828
0 0.222544 0.947948 0.048828 0.048828
0 0.276533 0.940586 0.048828 0.048828
0 0.210273 0.976170 0.048828 0.048828
0 0.011654 0.981985 0.048828 0.048828
0 0.045457 0.975225 0.048828 0.048828
0 0.180668 0.988746 0.048828 0.048828
0 0.134471 0.961704 0.048828 0.048828
0 0.193062 0.901986 0.048828 0.048828
0 0.141231 0.905366 0.048828 0.048828
0 0.083766 0.915507 0.048828 0.048828
0 0.024048 0.914380 0.048828 0.048828
0 0.009400 0.821986 0.048828 0.048828
0 0.029682 0.869310 0.048828 0.048828
0 0.073626 0.829873 0.048828 0.048828
0 0.091654 0.871563 0.048828 0.048828
0 0.142358 0.854662 0.048828 0.048828
0 0.188555 0.855789 0.048828 0.048828
0 0.203203 0.790437 0.048828 0.048828
0 0.163766 0.796070 0.048828 0.048828
0 0.123203 0.796070 0.048828 0.048828
0 0.102921 0.776916 0.048828 0.048828
0 0.177287 0.756634 0.048828 0.048828
0 0.187428 0.710437 0.048828 0.048828
0 0.141231 0.704803 0.048828 0.048828
0 0.147992 0.666493 0.048828 0.048828
0 0.127710 0.736352 0.048828 0.048828
0 0.097288 0.730718 0.048828 0.048828
0 0.095034 0.698043 0.048828 0.048828
0 0.054471 0.694662 0.048828 0.048828
0 0.044330 0.726211 0.048828 0.048828
0 0.042076 0.784803 0.048828 0.048828
0 0.002640 0.779169 0.048828 0.048828
0 0.006020 0.684521 0.048828 0.048828
0 0.045457 0.649592 0.048828 0.048828
0 0.100668 0.624803 0.048828 0.048828
0 0.162639 0.627057 0.048828 0.048828
0 0.214470 0.616916 0.048828 0.048828
0 0.196442 0.553818 0.048828 0.048828
0 0.160386 0.591001 0.048828 0.048828
0 0.116442 0.576353 0.048828 0.048828
0 0.101795 0.551564 0.048828 0.048828
0 0.039823 0.591001 0.048828 0.048828
0 0.021795 0.619169 0.048828 0.048828
0 0.009400 0.531282 0.048828 0.048828
0 0.080386 0.534663 0.048828 0.048828
0 0.133344 0.496353 0.048828 0.048828
0 0.211090 0.505367 0.048828 0.048828
0 0.173907 0.469311 0.048828 0.048828
0 0.198696 0.434381 0.048828 0.048828
0 0.182921 0.327339 0.048828 0.048828
0 0.164893 0.390438 0.048828 0.048828
0 0.128837 0.365649 0.048828 0.048828
0 0.105175 0.335227 0.048828 0.048828
0 0.055598 0.348748 0.048828 0.048828
0 0.080386 0.389311 0.048828 0.048828
0 0.122076 0.420860 0.048828 0.048828
0 0.124330 0.458043 0.048828 0.048828
0 0.096161 0.470437 0.048828 0.048828
0 0.062358 0.442269 0.048828 0.048828
0 0.026302 0.431001 0.048828 0.048828
0 0.034189 0.390438 0.048828 0.048828
0 0.051090 0.494099 0.048828 0.048828