0 0.008623 0.285587 0.048828 0.048828
0 0.019556 0.330412 0.048828 0.048828
0 0.011903 0.368677 0.048828 0.048828
0 0.022836 0.424435 0.048828 0.048828
0 0.012996 0.511898 0.048828 0.048828
0 0.057821 0.511898 0.048828 0.048828
0 0.054541 0.463794 0.048828 0.048828
0 0.031582 0.547977 0.048828 0.048828
0 0.067661 0.567656 0.048828 0.048828
0 0.067661 0.609201 0.048828 0.048828
0 0.025022 0.619041 0.048828 0.048828
0 0.009039 0.690720 0.048828 0.048828
0 0.063028 0.704217 0.048828 0.048828
0 0.031125 0.658817 0.048828 0.048828
0 0.088796 0.660044 0.048828 0.048828
0 0.118245 0.619551 0.048828 0.048828
0 0.147694 0.683357 0.048828 0.048828
0 0.137878 0.556972 0.048828 0.048828
0 0.144013 0.507891 0.048828 0.048828
0 0.128062 0.456355 0.048828 0.048828
0 0.088796 0.410955 0.048828 0.048828
0 0.119472 0.383960 0.048828 0.048828
0 0.094931 0.349603 0.048828 0.048828
0 0.049531 0.314019 0.048828 0.048828
0 0.081434 0.309111 0.048828 0.048828
0 0.132970 0.332424 0.048828 0.048828
0 0.061801 0.266164 0.048828 0.048828
0 0.069164 0.236715 0.048828 0.048828
0 0.083888 0.214629 0.048828 0.048828
0 0.128062 0.245304 0.048828 0.048828
0 0.146467 0.203585 0.048828 0.048828
0 0.105975 0.181498 0.048828 0.048828
0 0.066710 0.170455 0.048828 0.048828
0 0.029898 0.150822 0.048828 0.048828
0 0.132970 0.145914 0.048828 0.048828
0 0.091250 0.142233 0.048828 0.048828
0 0.043396 0.100514 0.048828 0.048828
0 0.010266 0.107876 0.048828 0.048828
0 0.022536 0.071065 0.048828 0.048828
0 0.077753 0.069838 0.048828 0.048828
0 0.135424 0.104195 0.048828 0.048828
0 0.085115 0.039162 0.048828 0.048828
0 0.040942 0.017075 0.048828 0.048828
0 0.093704 0.003578 0.048828 0.048828
0 0.713359 0.007259 0.048828 0.048828
0 0.747716 0.033027 0.048828 0.048828
0 0.800479 0.004805 0.048828 0.048828
0 0.967356 0.120147 0.048828 0.048828
0 0.952632 0.176590 0.048828 0.048828
0 0.887599 0.194996 0.048828 0.048828
0 0.831155 0.158185 0.048828 0.048828
0 0.842198 0.112784 0.048828 0.048828
0 0.886372 0.060022 0.048828 0.048828
0 0.850788 0.063703 0.048828 0.048828
0 0.807841 0.056340 0.048828 0.048828
0 0.764895 0.064930 0.048828 0.048828
0 0.764895 0.179044 0.048828 0.048828
0 0.798025 0.207266 0.048828 0.048828
0 0.891280 0.250213 0.048828 0.048828
0 0.798025 0.256348 0.048828 0.048828
0 0.843425 0.310338 0.048828 0.048828
0 0.877782 0.328743 0.048828 0.048828
0 0.907231 0.356965 0.048828 0.048828
0 0.816430 0.336105 0.048828 0.048828
0 0.750170 0.311565 0.048828 0.048828
0 0.696181 0.266164 0.048828 0.048828
0 0.739127 0.245304 0.048828 0.048828
0 0.688818 0.202358 0.048828 0.048828
0 0.746489 0.137325 0.048828 0.048828
0 0.698635 0.143460 0.048828 0.048828
0 0.686364 0.078427 0.048828 0.048828
0 0.639737 0.110330 0.048828 0.048828
0 0.609061 0.100514 0.048828 0.048828
0 0.584520 0.037935 0.048828 0.048828
0 0.550163 0.002351 0.048828 0.048828
0 0.513352 0.030573 0.048828 0.048828
0 0.395556 0.010940 0.048828 0.048828
0 0.345247 0.057568 0.048828 0.048828
0 0.373469 0.036708 0.048828 0.048828
0 0.467951 0.082108 0.048828 0.048828
0 0.509671 0.096833 0.048828 0.048828
0 0.572250 0.099287 0.048828 0.048828
0 0.584520 0.141006 0.048828 0.048828
0 0.532984 0.137325 0.048828 0.048828
0 0.485130 0.132417 0.048828 0.048828
0 0.470405 0.171682 0.048828 0.048828
0 0.493719 0.172909 0.048828 0.048828
0 0.558752 0.190088 0.048828 0.048828
0 0.606607 0.179044 0.048828 0.048828
0 0.653234 0.240396 0.048828 0.048828
0 0.616423 0.221991 0.048828 0.048828
0 0.666732 0.288251 0.048828 0.048828
0 0.627466 0.269845 0.048828 0.048828
0 0.578385 0.266164 0.048828 0.048828
0 0.539120 0.261256 0.048828 0.048828
0 0.627466 0.321381 0.048828 0.048828
0 0.569796 0.309111 0.048828 0.048828
0 0.508444 0.312792 0.048828 0.048828
0 0.472860 0.266164 0.048828 0.048828
0 0.456908 0.226899 0.048828 0.048828
0 0.409053 0.186407 0.048828 0.048828
0 0.384513 0.219537 0.048828 0.048828
0 0.417643 0.144687 0.048828 0.048828
0 0.401691 0.089471 0.048828 0.048828
0 0.348929 0.115238 0.048828 0.048828
0 0.324388 0.084562 0.048828 0.048828
0 0.309663 0.185180 0.048828 0.048828
0 0.308436 0.236715 0.048828 0.048828
0 0.228679 0.235488 0.048828 0.048828
0 0.229906 0.191315 0.048828 0.048828
0 0.232360 0.126282 0.048828 0.048828
0 0.236041 0.064930 0.048828 0.048828
0 0.217635 0.088243 0.048828 0.048828
0 0.226225 0.294386 0.048828 0.048828
0 0.292485 0.268618 0.048828 0.048828
0 0.281441 0.331197 0.048828 0.048828
0 0.320707 0.309111 0.048828 0.048828
0 0.330523 0.354511 0.048828 0.048828
0 0.364880 0.318927 0.048828 0.048828
0 0.375923 0.275980 0.048828 0.048828
0 0.395556 0.331197 0.048828 0.048828
0 0.426232 0.299294 0.048828 0.048828
0 0.478995 0.336105 0.048828 0.048828
0 0.557525 0.350830 0.048828 0.048828
0 0.598017 0.350830 0.048828 0.048828
0 0.656915 0.350830 0.048828 0.048828
0 0.704770 0.325062 0.048828 0.048828
0 0.698976 0.998146 0.048828 0.048828
0 0.925454 0.963217 0.048828 0.048828
0 0.934468 0.931668 0.048828 0.048828
0 0.982919 0.929414 0.048828 0.048828
0 0.999820 0.882090 0.048828 0.048828
0 0.952497 0.576739 0.048828 0.048828
0 0.954750 0.535049 0.048828 0.048828
0 0.901792 0.549697 0.048828 0.048828
0 0.955877 0.620683 0.048828 0.048828
0 0.922074 0.611669 0.048828 0.048828
0 0.883764 0.585753 0.048828 0.048828
0 0.953623 0.668006 0.048828 0.048828
0 0.890525 0.661246 0.048828 0.048828
0 0.838694 0.624063 0.048828 0.048828
0 0.915314 0.702936 0.048828 0.048828
0 0.995313 0.727725 0.048828 0.048828
0 0.941229 0.762654 0.048828 0.048828
0 0.891652 0.760401 0.048828 0.048828
0 0.838694 0.736739 0.048828 0.048828
0 0.851088 0.781809 0.048828 0.048828
0 0.934468 0.825753 0.048828 0.048828
0 0.982919 0.808851 0.048828 0.048828
0 0.923201 0.883217 0.048828 0.048828
0 0.884891 0.862936 0.048828 0.048828
0 0.834187 0.839274 0.048828 0.048828
0 0.881511 0.915893 0.048828 0.048828
0 0.820666 0.888851 0.048828 0.048828
0 0.808272 0.950823 0.048828 0.048828
0 0.757567 0.927161 0.048828 0.048828
0 0.753060 0.879837 0.048828 0.048828
0 0.697849 0.954203 0.048828 0.048828
0 0.700103 0.918147 0.048828 0.048828
0 0.702356 0.865189 0.048828 0.048828
0 0.656159 0.892231 0.048828 0.048828
0 0.764328 0.834767 0.048828 0.048828
0 0.801511 0.802091 0.048828 0.048828
0 0.749680 0.791950 0.048828 0.048828
0 0.755314 0.741246 0.048828 0.048828
0 0.703483 0.791950 0.048828 0.048828
0 0.629117 0.830260 0.048828 0.048828
0 0.597568 0.788570 0.048828 0.048828
0 0.655033 0.766034 0.048828 0.048828
0 0.709117 0.731105 0.048828 0.048828
0 0.765455 0.697302 0.048828 0.048828
0 0.812779 0.681528 0.048828 0.048828
0 0.916440 0.483218 0.048828 0.048828
0 0.913060 0.426880 0.048828 0.048828
0 0.888271 0.450542 0.048828 0.048828
0 0.877004 0.377303 0.048828 0.048828
0 0.831933 0.370542 0.048828 0.048828
0 0.844328 0.420120 0.048828 0.048828
0 0.840948 0.458430 0.048828 0.048828
0 0.790243 0.479838 0.048828 0.048828
0 0.787990 0.377303 0.048828 0.048828
0 0.726018 0.364909 0.048828 0.048828
0 0.745173 0.429134 0.048828 0.048828
0 0.689962 0.385190 0.048828 0.048828
0 0.637004 0.400965 0.048828 0.048828
0 0.664047 0.426880 0.048828 0.048828
0 0.643765 0.457303 0.048828 0.048828
0 0.626864 0.496739 0.048828 0.048828
0 0.678694 0.498993 0.048828 0.048828
0 0.746300 0.532796 0.048828 0.048828
0 0.824046 0.549697 0.048828 0.048828
0 0.804891 0.588007 0.048828 0.048828
0 0.745173 0.588007 0.048828 0.048828
0 0.705737 0.590260 0.048828 0.048828
0 0.724892 0.639838 0.048828 0.048828
0 0.668554 0.643218 0.048828 0.048828
0 0.695596 0.677021 0.048828 0.048828
0 0.675314 0.708570 0.048828 0.048828
0 0.630244 0.723218 0.048828 0.048828
0 0.625737 0.669133 0.048828 0.048828
0 0.649399 0.590260 0.048828 0.048828
0 0.616723 0.562091 0.048828 0.048828
0 0.547991 0.527162 0.048828 0.048828
0 0.593061 0.609415 0.048828 0.048828
0 0.582920 0.654485 0.048828 0.048828
0 0.581793 0.696175 0.048828 0.048828
0 0.581793 0.751387 0.048828 0.048828
0 0.579540 0.837020 0.048828 0.048828
0 0.540103 0.851668 0.048828 0.048828
0 0.553624 0.896738 0.048828 0.048828
0 0.561512 0.941809 0.048828 0.048828
0 0.524329 0.982372 0.048828 0.048828
0 0.514188 0.921527 0.048828 0.048828
0 0.486019 0.825753 0.048828 0.048828
0 0.517568 0.793077 0.048828 0.048828
0 0.458977 0.870823 0.048828 0.048828
0 0.451089 0.922654 0.048828 0.048828
0 0.446582 0.982372 0.048828 0.048828
0 0.547991 0.405472 0.048828 0.048828
0 0.564892 0.440401 0.048828 0.048828
0 0.597568 0.493359 0.048828 0.048828
0 0.537850 0.475331 0.048828 0.048828
0 0.508554 0.426880 0.048828 0.048828
0 0.514188 0.366035 0.048828 0.048828
0 0.467991 0.385190 0.048828 0.048828
0 0.369963 0.360402 0.048828 0.048828
0 0.386864 0.386317 0.048828 0.048828
0 0.416160 0.412232 0.048828 0.048828
0 0.438695 0.446035 0.048828 0.048828
0 0.481512 0.497866 0.048828 0.048828
0 0.436442 0.508007 0.048828 0.048828
0 0.399259 0.540683 0.048828 0.048828
0 0.382357 0.491106 0.048828 0.048828
0 0.314752 0.509134 0.048828 0.048828
0 0.348554 0.447162 0.048828 0.048828
0 0.342921 0.397585 0.048828 0.048828
0 0.296724 0.407725 0.048828 0.048828
0 0.284329 0.460683 0.048828 0.048828
0 0.259541 0.424627 0.048828 0.048828
0 0.258414 0.377303 0.048828 0.048828
0 0.198696 0.388571 0.048828 0.048828
0 0.189682 0.343500 0.048828 0.048828
0 0.146865 0.305191 0.048828 0.048828
0 0.166020 0.418993 0.048828 0.048828
0 0.227991 0.461810 0.048828 0.048828
0 0.257287 0.508007 0.048828 0.048828
0 0.181794 0.548570 0.048828 0.048828
0 0.216724 0.576739 0.048828 0.048828
0 0.283203 0.555331 0.048828 0.048828
0 0.342921 0.554204 0.048828 0.048828
0 0.498413 0.558711 0.048828 0.048828
0 0.447709 0.569979 0.048828 0.048828
0 0.482639 0.602655 0.048828 0.048828
0 0.528836 0.586880 0.048828 0.048828
0 0.528836 0.638711 0.048828 0.048828
0 0.506301 0.648852 0.048828 0.048828
0 0.538977 0.673640 0.048828 0.048828
0 0.528836 0.717584 0.048828 0.048828
0 0.482639 0.715330 0.048828 0.048828
0 0.454470 0.660119 0.048828 0.048828
0 0.413906 0.680401 0.048828 0.048828
0 0.371090 0.711950 0.048828 0.048828
0 0.411653 0.750260 0.048828 0.048828
0 0.351935 0.754767 0.048828 0.048828
0 0.342921 0.795330 0.048828 0.048828
0 0.371090 0.821245 0.048828 0.048828
0 0.406019 0.835893 0.048828 0.048828
0 0.427428 0.799837 0.048828 0.048828
0 0.480385 0.775048 0.048828 0.048828
0 0.416160 0.878710 0.048828 0.048828
0 0.347428 0.861809 0.048828 0.048828
0 0.403766 0.911386 0.048828 0.048828
0 0.366583 0.906879 0.048828 0.048828
0 0.331653 0.904626 0.048828 0.048828
0 0.260667 0.896738 0.048828 0.048828
0 0.275315 0.846034 0.048828 0.048828
0 0.284329 0.798710 0.048828 0.048828
0 0.239259 0.799837 0.048828 0.048828
0 0.291090 0.748006 0.048828 0.048828
0 0.256160 0.725471 0.048828 0.048828
0 0.304611 0.704063 0.048828 0.048828
0 0.333907 0.655612 0.048828 0.048828
0 0.368836 0.617302 0.048828 0.048828
0 0.380104 0.588007 0.048828 0.048828
0 0.420667 0.635330 0.048828 0.048828
0 0.298977 0.589133 0.048828 0.048828
0 0.252780 0.608288 0.048828 0.048828
0 0.275315 0.643218 0.048828 0.048828
0 0.212217 0.716457 0.048828 0.048828
0 0.175034 0.688288 0.048828 0.048828
0 0.120949 0.731105 0.048828 0.048828
0 0.172780 0.736739 0.048828 0.048828
0 0.073626 0.757020 0.048828 0.048828
0 0.048837 0.781809 0.048828 0.048828
0 0.028555 0.831386 0.048828 0.048828
0 0.049964 0.901245 0.048828 0.048828
0 0.066865 0.835893 0.048828 0.048828
0 0.092781 0.889978 0.048828 0.048828
0 0.132217 0.837020 0.048828 0.048828
0 0.147992 0.778429 0.048828 0.048828
0 0.196442 0.811105 0.048828 0.048828
0 0.215597 0.883217 0.048828 0.048828
0 0.138978 0.930541 0.048828 0.048828
0 0.125456 0.958710 0.048828 0.048828
0 0.173907 0.963217 0.048828 0.048828
0 0.200949 0.995893 0.048828 0.048828
0 0.264048 0.986879 0.048828 0.048828
0 0.303484 0.954203 0.048828 0.048828
0 0.391371 0.965470 0.048828 0.048828
0 0.990670 0.506664 0.048828 0.048828
0 0.956313 0.391322 0.048828 0.048828