0 0.996913 0.112110 0.048828 0.048828
0 0.975831 0.302859 0.048828 0.048828
0 0.982858 0.350044 0.048828 0.048828
0 0.902543 0.045850 0.048828 0.048828
0 0.885476 0.141224 0.048828 0.048828
0 0.857366 0.326953 0.048828 0.048828
0 0.956756 0.873097 0.048828 0.048828
0 0.980850 0.791778 0.048828 0.048828
0 0.995909 0.829928 0.048828 0.048828
0 0.979846 0.727526 0.048828 0.048828
0 0.662601 0.976503 0.048828 0.048828
0 0.991894 0.979515 0.048828 0.048828
0 0.973823 0.927310 0.048828 0.048828
0 0.915594 0.929318 0.048828 0.048828
0 0.875437 0.914259 0.048828 0.048828