0 0.057897 0.694401 0.048828 0.048828
0 0.112110 0.691389 0.048828 0.048828
0 0.223547 0.685365 0.048828 0.048828
0 0.288804 0.685365 0.048828 0.048828
0 0.352052 0.693397 0.048828 0.048828
0 0.386186 0.733554 0.048828 0.048828
0 0.289808 0.731547 0.048828 0.048828
0 0.226559 0.732551 0.048828 0.048828
0 0.146244 0.738574 0.048828 0.048828
0 0.067937 0.739578 0.048828 0.048828
0 0.008704 0.726527 0.048828 0.048828
0 0.032799 0.782748 0.048828 0.048828
0 0.096047 0.786763 0.048828 0.048828
0 0.157287 0.791783 0.048828 0.048828
0 0.212504 0.780740 0.048828 0.048828
0 0.337997 0.766685 0.048828 0.048828
0 0.377150 0.785759 0.048828 0.048828
0 0.332977 0.803830 0.048828 0.048828
0 0.240614 0.816882 0.048828 0.048828
0 0.382170 0.824913 0.048828 0.048828
0 0.330969 0.874106 0.048828 0.048828
0 0.280772 0.855031 0.048828 0.048828
0 0.260693 0.892177 0.048828 0.048828
0 0.218528 0.859047 0.048828 0.048828
0 0.137209 0.855031 0.048828 0.048828
0 0.105082 0.829933 0.048828 0.048828
0 0.380162 0.881134 0.048828 0.048828
0 0.390202 0.923299 0.048828 0.048828
0 0.343016 0.921291 0.048828 0.048828
0 0.243626 0.924303 0.048828 0.048828
0 0.173350 0.931331 0.048828 0.048828
0 0.148252 0.913260 0.048828 0.048828
0 0.112110 0.891173 0.048828 0.048828
0 0.040830 0.884146 0.048828 0.048828
0 0.017740 0.840976 0.048828 0.048828
0 0.019747 0.934343 0.048828 0.048828
0 0.072956 0.932335 0.048828 0.048828
0 0.122149 0.942374 0.048828 0.048828
0 0.323942 0.969481 0.048828 0.048828
0 0.250654 0.980524 0.048828 0.048828
0 0.196441 0.996587 0.048828 0.048828
0 0.150260 0.979520 0.048828 0.048828
0 0.086008 0.980524 0.048828 0.048828
0 0.004688 0.967473 0.048828 0.048828
0 0.648215 0.970485 0.048828 0.048828
0 0.605045 0.971488 0.048828 0.048828
0 0.527742 0.972492 0.048828 0.048828
0 0.484572 0.962453 0.048828 0.048828
0 0.431363 0.990563 0.048828 0.048828
0 0.471521 0.905228 0.048828 0.048828
0 0.436383 0.875110 0.048828 0.048828
0 0.442407 0.837964 0.048828 0.048828
0 0.527742 0.898201 0.048828 0.048828
0 0.563883 0.933339 0.048828 0.048828
0 0.600025 0.904224 0.048828 0.048828
0 0.655242 0.905228 0.048828 0.048828
0 0.609061 0.860051 0.048828 0.048828
0 0.533765 0.841980 0.048828 0.048828
0 0.484572 0.801822 0.048828 0.048828
0 0.588982 0.793791 0.048828 0.048828
0 0.724514 0.977512 0.048828 0.048828
0 0.764672 0.967473 0.048828 0.048828
0 0.806837 0.995583 0.048828 0.048828
0 0.983531 0.981528 0.048828 0.048828
0 0.931326 0.938358 0.048828 0.048828
0 0.955420 0.923299 0.048828 0.048828
0 0.942369 0.860051 0.048828 0.048828
0 0.902212 0.822905 0.048828 0.048828
0 0.896188 0.769696 0.048828 0.048828
0 0.875105 0.693397 0.048828 0.048828
0 0.863058 0.741586 0.048828 0.048828
0 0.828924 0.685365 0.048828 0.048828
0 0.800814 0.725523 0.048828 0.048828
0 0.799810 0.761665 0.048828 0.048828
0 0.796798 0.805838 0.048828 0.048828
0 0.807841 0.857039 0.048828 0.048828
0 0.768687 0.841980 0.048828 0.048828
0 0.681345 0.861055 0.048828 0.048828
0 0.700419 0.905228 0.048828 0.048828
0 0.758648 0.933339 0.048828 0.048828
0 0.757644 0.875110 0.048828 0.048828
0 0.793786 0.892177 0.048828 0.048828
0 0.822900 0.906232 0.048828 0.048828
0 0.845991 0.957433 0.048828 0.048828
0 0.664278 0.809854 0.048828 0.048828
0 0.725518 0.801822 0.048828 0.048828
0 0.721502 0.750621 0.048828 0.048828
0 0.667289 0.746606 0.048828 0.048828
0 0.694396 0.703436 0.048828 0.048828
0 0.750617 0.697413 0.048828 0.048828
0 0.623116 0.721507 0.048828 0.048828
0 0.587978 0.761665 0.048828 0.048828
0 0.548824 0.736566 0.048828 0.048828
0 0.482564 0.740582 0.048828 0.048828
0 0.479552 0.698417 0.048828 0.048828
0 0.557860 0.697413 0.048828 0.048828
0 0.588982 0.686369 0.048828 0.048828
0 0.661266 0.673318 0.048828 0.048828
0 0.986543 0.669302 0.048828 0.048828
0 0.982527 0.629145 0.048828 0.048828
0 0.970480 0.568908 0.048828 0.048828
0 0.999594 0.547825 0.048828 0.048828
0 0.976503 0.477550 0.048828 0.048828
0 0.933334 0.494617 0.048828 0.048828
0 0.881129 0.370128 0.048828 0.048828
0 0.898196 0.212509 0.048828 0.048828
0 0.797802 0.206485 0.048828 0.048828
0 0.797802 0.158296 0.048828 0.048828
0 0.870085 0.143237 0.048828 0.048828
0 0.868078 0.115127 0.048828 0.048828
0 0.824908 0.091032 0.048828 0.048828
0 0.730538 0.147253 0.048828 0.048828
0 0.752624 0.096052 0.048828 0.048828
0 0.938353 0.099064 0.048828 0.048828
0 0.975499 0.044851 0.048828 0.048828
0 0.949397 0.020756 0.048828 0.048828
0 0.867074 0.054890 0.048828 0.048828
0 0.800814 0.054890 0.048828 0.048828
0 0.825912 0.005697 0.048828 0.048828
0 0.775715 0.008709 0.048828 0.048828
0 0.860046 0.648219 0.048828 0.048828
0 0.833944 0.654243 0.048828 0.048828
0 0.811857 0.603042 0.048828 0.048828
0 0.786758 0.647216 0.048828 0.048828
0 0.748609 0.605050 0.048828 0.048828
0 0.797802 0.557865 0.048828 0.048828
0 0.784751 0.515699 0.048828 0.048828
0 0.788766 0.471526 0.048828 0.048828
0 0.761660 0.435384 0.048828 0.048828
0 0.749613 0.398238 0.048828 0.048828
0 0.738569 0.477550 0.048828 0.048828
0 0.708451 0.442412 0.048828 0.048828
0 0.729534 0.529754 0.048828 0.048828
0 0.680341 0.521723 0.048828 0.048828
0 0.711463 0.577944 0.048828 0.048828
0 0.692388 0.616093 0.048828 0.048828
0 0.645203 0.614085 0.048828 0.048828
0 0.662270 0.560877 0.048828 0.048828
0 0.661266 0.481565 0.048828 0.048828
0 0.626128 0.431368 0.048828 0.048828
0 0.692388 0.409282 0.048828 0.048828
0 0.726522 0.357077 0.048828 0.048828
0 0.681345 0.358081 0.048828 0.048828
0 0.716483 0.302864 0.048828 0.048828
0 0.711463 0.242627 0.048828 0.048828
0 0.693392 0.185403 0.048828 0.048828
0 0.687368 0.138217 0.048828 0.048828
0 0.652230 0.175363 0.048828 0.048828
0 0.665282 0.268730 0.048828 0.048828
0 0.623116 0.292824 0.048828 0.048828
0 0.625124 0.239615 0.048828 0.048828
0 0.617092 0.376151 0.048828 0.048828
0 0.579947 0.338002 0.048828 0.048828
0 0.563883 0.283789 0.048828 0.048828
0 0.605045 0.194438 0.048828 0.048828
0 0.549828 0.204478 0.048828 0.048828
0 0.616088 0.139221 0.048828 0.048828
0 0.681345 0.093040 0.048828 0.048828
0 0.628136 0.094044 0.048828 0.048828
0 0.699416 0.036819 0.048828 0.048828
0 0.639179 0.052882 0.048828 0.048828
0 0.659258 0.010717 0.048828 0.048828
0 0.599021 0.010717 0.048828 0.048828
0 0.556856 0.005697 0.048828 0.048828
0 0.558864 0.051879 0.048828 0.048828
0 0.565891 0.122154 0.048828 0.048828
0 0.496619 0.154281 0.048828 0.048828
0 0.464493 0.213513 0.048828 0.048828
0 0.490596 0.264714 0.048828 0.048828
0 0.497623 0.338002 0.048828 0.048828
0 0.551836 0.395226 0.048828 0.048828
0 0.572919 0.477550 0.048828 0.048828
0 0.601029 0.526743 0.048828 0.048828
0 0.554848 0.521723 0.048828 0.048828
0 0.582958 0.568908 0.048828 0.048828
0 0.579947 0.617097 0.048828 0.048828
0 0.539789 0.573928 0.048828 0.048828
0 0.504651 0.570916 0.048828 0.048828
0 0.480556 0.653239 0.048828 0.048828
0 0.444415 0.597018 0.048828 0.048828
0 0.435379 0.631152 0.048828 0.048828
0 0.329965 0.600030 0.048828 0.048828
0 0.378154 0.567904 0.048828 0.048828
0 0.405261 0.529754 0.048828 0.048828
0 0.483568 0.470522 0.048828 0.048828
0 0.553844 0.436388 0.048828 0.048828
0 0.507663 0.394222 0.048828 0.048828
0 0.462485 0.371132 0.048828 0.048828
0 0.437387 0.399242 0.048828 0.048828
0 0.385182 0.444419 0.048828 0.048828
0 0.337997 0.417313 0.048828 0.048828
0 0.378154 0.385187 0.048828 0.048828
0 0.323942 0.346033 0.048828 0.048828
0 0.397229 0.330974 0.048828 0.048828
0 0.449434 0.285797 0.048828 0.048828
0 0.367111 0.288809 0.048828 0.048828
0 0.348036 0.254675 0.048828 0.048828
0 0.426344 0.225560 0.048828 0.048828
0 0.381166 0.215521 0.048828 0.048828
0 0.444415 0.173355 0.048828 0.048828
0 0.376147 0.161308 0.048828 0.048828
0 0.343016 0.162312 0.048828 0.048828
0 0.359080 0.076977 0.048828 0.048828
0 0.421324 0.126170 0.048828 0.048828
0 0.453450 0.126170 0.048828 0.048828
0 0.476541 0.076977 0.048828 0.048828
0 0.499631 0.034812 0.048828 0.048828
0 0.394217 0.047863 0.048828 0.048828
0 0.360083 0.003689 0.048828 0.048828
0 0.284788 0.310895 0.048828 0.048828
0 0.239611 0.291820 0.048828 0.048828
0 0.296835 0.264714 0.048828 0.048828
0 0.299847 0.226564 0.048828 0.048828
0 0.303863 0.132194 0.048828 0.048828
0 0.238607 0.209497 0.048828 0.048828
0 0.248646 0.261702 0.048828 0.048828
0 0.226559 0.248651 0.048828 0.048828
0 0.186402 0.246643 0.048828 0.048828
0 0.167327 0.207489 0.048828 0.048828
0 0.210496 0.171347 0.048828 0.048828
0 0.157287 0.155284 0.048828 0.048828
0 0.163311 0.109103 0.048828 0.048828
0 0.224551 0.112115 0.048828 0.048828
0 0.263705 0.063926 0.048828 0.048828
0 0.195437 0.062922 0.048828 0.048828
0 0.295831 0.071957 0.048828 0.048828
0 0.288804 0.019752 0.048828 0.048828
0 0.228567 0.008709 0.048828 0.048828
0 0.160299 0.018748 0.048828 0.048828
0 0.113114 0.030796 0.048828 0.048828
0 0.090023 0.117135 0.048828 0.048828
0 0.117130 0.151269 0.048828 0.048828
0 0.095043 0.203474 0.048828 0.048828
0 0.105082 0.253671 0.048828 0.048828
0 0.101067 0.291820 0.048828 0.048828
0 0.149256 0.314911 0.048828 0.048828
0 0.195437 0.346033 0.048828 0.048828
0 0.239611 0.343021 0.048828 0.048828
0 0.292819 0.380167 0.048828 0.048828
0 0.247642 0.383179 0.048828 0.048828
0 0.207484 0.383179 0.048828 0.048828
0 0.163311 0.379163 0.048828 0.048828
0 0.090023 0.361092 0.048828 0.048828
0 0.097051 0.399242 0.048828 0.048828
0 0.168331 0.435384 0.048828 0.048828
0 0.206480 0.422333 0.048828 0.048828
0 0.262701 0.430364 0.048828 0.048828
0 0.321934 0.487589 0.048828 0.048828
0 0.308882 0.530758 0.048828 0.048828
0 0.302859 0.556861 0.048828 0.048828
0 0.255674 0.586979 0.048828 0.048828
0 0.310890 0.638180 0.048828 0.048828
0 0.237603 0.634164 0.048828 0.048828
0 0.224551 0.539794 0.048828 0.048828
0 0.242622 0.480561 0.048828 0.048828
0 0.198449 0.482569 0.048828 0.048828
0 0.142228 0.464498 0.048828 0.048828
0 0.153272 0.515699 0.048828 0.048828
0 0.191421 0.626133 0.048828 0.048828
0 0.113114 0.614085 0.048828 0.048828
0 0.103075 0.557865 0.048828 0.048828
0 0.088015 0.516703 0.048828 0.048828
0 0.148252 0.648219 0.048828 0.048828
0 0.031795 0.642196 0.048828 0.048828
0 0.041834 0.588987 0.048828 0.048828
0 0.033803 0.543810 0.048828 0.048828
0 0.029787 0.387195 0.048828 0.048828
0 0.016736 0.341014 0.048828 0.048828
0 0.046854 0.267726 0.048828 0.048828
0 0.044846 0.224556 0.048828 0.048828
0 0.047858 0.156288 0.048828 0.048828
0 0.043842 0.030796 0.048828 0.048828
0 0.041834 0.074969 0.048828 0.048828
0 0.972487 0.810858 0.048828 0.048828