0 0.969361 0.977173 0.048828 0.048828
0 0.960772 0.946497 0.048828 0.048828
0 0.943593 0.909685 0.048828 0.048828
0 0.909236 0.704770 0.048828 0.048828
0 0.901874 0.672867 0.048828 0.048828
0 0.901874 0.632375 0.048828 0.048828
0 0.896966 0.606607 0.048828 0.048828
0 0.884695 0.551390 0.048828 0.048828
0 0.882241 0.464270 0.048828 0.048828
0 0.863835 0.407826 0.048828 0.048828
0 0.874879 0.377150 0.048828 0.048828
0 0.873652 0.331750 0.048828 0.048828
0 0.896966 0.302301 0.048828 0.048828
0 0.894511 0.270398 0.048828 0.048828
0 0.901874 0.240949 0.048828 0.048828
0 0.920279 0.191868 0.048828 0.048828
0 0.920279 0.156283 0.048828 0.048828
0 0.925187 0.094931 0.048828 0.048828
0 0.948501 0.060574 0.048828 0.048828
0 0.867517 0.105975 0.048828 0.048828
0 0.855246 0.136651 0.048828 0.048828
0 0.856473 0.175916 0.048828 0.048828
0 0.851565 0.211500 0.048828 0.048828
0 0.820889 0.223771 0.048828 0.048828
0 0.800029 0.243403 0.048828 0.048828
0 0.811073 0.266717 0.048828 0.048828
0 0.856473 0.258128 0.048828 0.048828
0 0.795121 0.281441 0.048828 0.048828
0 0.857700 0.303528 0.048828 0.048828
0 0.797575 0.326842 0.048828 0.048828
0 0.771808 0.324388 0.048828 0.048828
0 0.726407 0.330523 0.048828 0.048828
0 0.721499 0.301074 0.048828 0.048828
0 0.721499 0.274079 0.048828 0.048828
0 0.726407 0.239722 0.048828 0.048828
0 0.755856 0.265490 0.048828 0.048828
0 0.750948 0.217635 0.048828 0.048828
0 0.795121 0.204138 0.048828 0.048828
0 0.782851 0.173462 0.048828 0.048828
0 0.759537 0.172235 0.048828 0.048828
0 0.765672 0.140332 0.048828 0.048828
0 0.815981 0.132970 0.048828 0.048828
0 0.822116 0.105975 0.048828 0.048828
0 0.644195 0.335431 0.048828 0.048828
0 0.636833 0.385740 0.048828 0.048828
0 0.617201 0.416416 0.048828 0.048828
0 0.584071 0.586974 0.048828 0.048828
0 0.592660 0.616423 0.048828 0.048828
0 0.603703 0.644645 0.048828 0.048828
0 0.598795 0.675321 0.048828 0.048828
0 0.602476 0.703543 0.048828 0.048828
0 0.743586 0.357518 0.048828 0.048828
0 0.787759 0.371015 0.048828 0.048828
0 0.819662 0.363653 0.048828 0.048828
0 0.808619 0.395556 0.048828 0.048828
0 0.839295 0.413962 0.048828 0.048828
0 0.817208 0.448319 0.048828 0.048828
0 0.785305 0.444638 0.048828 0.048828
0 0.784078 0.472860 0.048828 0.048828
0 0.788986 0.512125 0.048828 0.048828
0 0.809846 0.507217 0.048828 0.048828
0 0.815981 0.552617 0.048828 0.048828
0 0.770580 0.557525 0.048828 0.048828
0 0.764445 0.602926 0.048828 0.048828
0 0.788986 0.593109 0.048828 0.048828
0 0.822116 0.586974 0.048828 0.048828
0 0.823343 0.621331 0.048828 0.048828
0 0.833159 0.655688 0.048828 0.048828
0 0.804938 0.649553 0.048828 0.048828
0 0.744813 0.653234 0.048828 0.048828
0 0.755856 0.693727 0.048828 0.048828
0 0.829478 0.690045 0.048828 0.048828
0 0.828251 0.735446 0.048828 0.048828
0 0.856473 0.751397 0.048828 0.048828
0 0.860154 0.791890 0.048828 0.048828
0 0.820889 0.779619 0.048828 0.048828
0 0.779170 0.758760 0.048828 0.048828
0 0.779170 0.720721 0.048828 0.048828
0 0.780397 0.812749 0.048828 0.048828
0 0.834387 0.811522 0.048828 0.048828
0 0.857700 0.820112 0.048828 0.048828
0 0.889603 0.827474 0.048828 0.048828
0 0.845430 0.849560 0.048828 0.048828
0 0.800029 0.847106 0.048828 0.048828
0 0.872425 0.869193 0.048828 0.048828
0 0.827024 0.871647 0.048828 0.048828
0 0.795121 0.879009 0.048828 0.048828
0 0.760764 0.898642 0.048828 0.048828
0 0.782851 0.923183 0.048828 0.048828
0 0.820889 0.920729 0.048828 0.048828
0 0.857700 0.907231 0.048828 0.048828
0 0.884695 0.923183 0.048828 0.048828
0 0.860154 0.937907 0.048828 0.048828
0 0.882241 0.963675 0.048828 0.048828
0 0.849111 0.972264 0.048828 0.048828
0 0.779170 0.959994 0.048828 0.048828
0 0.727634 0.395556 0.048828 0.048828
0 0.730088 0.421324 0.048828 0.048828
0 0.738677 0.439729 0.048828 0.048828
0 0.726407 0.477768 0.048828 0.048828
0 0.698185 0.481449 0.048828 0.048828
0 0.722726 0.509671 0.048828 0.048828
0 0.719045 0.547709 0.048828 0.048828
0 0.703093 0.600472 0.048828 0.048828
0 0.709229 0.645872 0.048828 0.048828
0 0.688369 0.690045 0.048828 0.048828
0 0.703093 0.715813 0.048828 0.048828
0 0.704320 0.742808 0.048828 0.048828
0 0.723953 0.777165 0.048828 0.048828
0 0.721499 0.807841 0.048828 0.048828
0 0.689596 0.817657 0.048828 0.048828
0 0.709229 0.840971 0.048828 0.048828
0 0.709229 0.880236 0.048828 0.048828
0 0.712910 0.909685 0.048828 0.048828
0 0.712910 0.942815 0.048828 0.048828
0 0.712910 0.977173 0.048828 0.048828
0 0.748494 0.745262 0.048828 0.048828
0 0.646650 0.707224 0.048828 0.048828
0 0.673644 0.572250 0.048828 0.048828
0 0.992675 0.063028 0.048828 0.048828
0 0.964453 0.042169 0.048828 0.048828
0 0.984085 0.112110 0.048828 0.048828
0 0.976723 0.152602 0.048828 0.048828
0 0.995129 0.212727 0.048828 0.048828
0 0.957090 0.198003 0.048828 0.048828
0 0.952182 0.247084 0.048828 0.048828
0 0.981631 0.256901 0.048828 0.048828
0 0.954636 0.287577 0.048828 0.048828
0 0.957090 0.325615 0.048828 0.048828
0 0.925187 0.350156 0.048828 0.048828
0 0.943593 0.377150 0.048828 0.048828
0 0.920279 0.399237 0.048828 0.048828
0 0.965680 0.447092 0.048828 0.048828
0 0.953409 0.482676 0.048828 0.048828
0 0.947274 0.525622 0.048828 0.048828
0 0.944820 0.589428 0.048828 0.048828
0 0.991448 0.729311 0.048828 0.048828
0 0.996356 0.642191 0.048828 0.048828
0 0.634379 0.834836 0.048828 0.048828
0 0.661374 0.764895 0.048828 0.048828
0 0.627017 0.519487 0.048828 0.048828
0 0.646650 0.456908 0.048828 0.048828
0 0.609838 0.456908 0.048828 0.048828