0 0.256119 0.332408 0.048828 0.048828
0 0.238669 0.362944 0.048828 0.048828
0 0.203771 0.294020 0.048828 0.048828
0 0.132229 0.355092 0.048828 0.048828
0 0.195046 0.227713 0.048828 0.048828
0 0.010957 0.342878 0.048828 0.048828
0 0.077264 0.350730 0.048828 0.048828
0 0.207261 0.418782 0.048828 0.048828
0 0.180214 0.435359 0.048828 0.048828
0 0.165383 0.486834 0.048828 0.048828
0 0.171490 0.529585 0.048828 0.048828
0 0.105183 0.533075 0.048828 0.048828
0 0.077264 0.496431 0.048828 0.048828
0 0.046728 0.522605 0.048828 0.048828
0 0.024916 0.498176 0.048828 0.048828
0 0.000487 0.470257 0.048828 0.048828
0 0.033641 0.458043 0.048828 0.048828
0 0.073774 0.460660 0.048828 0.048828
0 0.104310 0.449318 0.048828 0.048828
0 0.082499 0.417910 0.048828 0.048828
0 0.137464 0.561866 0.048828 0.048828
0 0.217730 0.659582 0.048828 0.048828
0 0.243032 0.687501 0.048828 0.048828
0 0.217730 0.716292 0.048828 0.048828
0 0.186322 0.706695 0.048828 0.048828
0 0.137464 0.667434 0.048828 0.048828
0 0.134846 0.630791 0.048828 0.048828
0 0.084244 0.645622 0.048828 0.048828
0 0.095586 0.698843 0.048828 0.048828
0 0.112162 0.766022 0.048828 0.048828
0 0.075519 0.792196 0.048828 0.048828
0 0.024044 0.801793 0.048828 0.048828
0 0.065049 0.834074 0.048828 0.048828
0 0.061560 0.868973 0.048828 0.048828
0 0.094713 0.884677 0.048828 0.048828
0 0.072902 0.923065 0.048828 0.048828
0 0.112162 0.977158 0.048828 0.048828
0 0.081626 0.979776 0.048828 0.048828
0 0.017936 0.985010 0.048828 0.048828
0 0.256991 0.798303 0.048828 0.048828
0 0.215113 0.810518 0.048828 0.048828
0 0.236052 0.830584 0.048828 0.048828
0 0.203771 0.853268 0.048828 0.048828
0 0.236052 0.862866 0.048828 0.048828
0 0.219475 0.879442 0.048828 0.048828
0 0.260411 0.056254 0.048828 0.048828
0 0.260411 0.085289 0.048828 0.048828
0 0.354773 0.058069 0.048828 0.048828
0 0.374735 0.078030 0.048828 0.048828
0 0.340256 0.116138 0.048828 0.048828
0 0.362032 0.168763 0.048828 0.048828
0 0.271299 0.137914 0.048828 0.048828
0 0.244079 0.181465 0.048828 0.048828
0 0.213230 0.210500 0.048828 0.048828
0 0.264041 0.203241 0.048828 0.048828
0 0.265855 0.235905 0.048828 0.048828
0 0.258597 0.284901 0.048828 0.048828
0 0.302148 0.268569 0.048828 0.048828
0 0.327554 0.259496 0.048828 0.048828
0 0.352959 0.203241 0.048828 0.048828
0 0.325739 0.337526 0.048828 0.048828
0 0.365661 0.310306 0.048828 0.048828
0 0.407398 0.303047 0.048828 0.048828
0 0.396510 0.264940 0.048828 0.048828
0 0.318480 0.377448 0.048828 0.048828
0 0.331183 0.382892 0.048828 0.048828
0 0.376549 0.377448 0.048828 0.048828
0 0.400140 0.350228 0.048828 0.048828
0 0.403769 0.417371 0.048828 0.048828
0 0.314851 0.451849 0.048828 0.048828
0 0.258597 0.453664 0.048828 0.048828
0 0.218674 0.493586 0.048828 0.048828
0 0.245894 0.515362 0.048828 0.048828
0 0.323991 0.508168 0.048828 0.048828
0 0.310357 0.551548 0.048828 0.048828
0 0.258301 0.552787 0.048828 0.048828
0 0.254583 0.580055 0.048828 0.048828
0 0.351259 0.618477 0.048828 0.048828
0 0.295484 0.650703 0.048828 0.048828
0 0.295484 0.613520 0.048828 0.048828
0 0.315315 0.727547 0.048828 0.048828
0 0.348780 0.697801 0.048828 0.048828
0 0.314076 0.785801 0.048828 0.048828
0 0.389681 0.747378 0.048828 0.048828
0 0.395878 0.790758 0.048828 0.048828
0 0.444216 0.778364 0.048828 0.048828
0 0.482639 0.778364 0.048828 0.048828
0 0.435540 0.727547 0.048828 0.048828
0 0.411991 0.655660 0.048828 0.048828
0 0.402075 0.599886 0.048828 0.048828
0 0.362414 0.546590 0.048828 0.048828
0 0.345062 0.816787 0.048828 0.048828
0 0.306639 0.806871 0.048828 0.048828
0 0.321512 0.867603 0.048828 0.048828
0 0.319033 0.899829 0.048828 0.048828
0 0.317794 0.945688 0.048828 0.048828
0 0.351259 0.915941 0.048828 0.048828
0 0.368611 0.861406 0.048828 0.048828
0 0.425625 0.846533 0.048828 0.048828
0 0.416949 0.827941 0.048828 0.048828
0 0.452892 0.815547 0.048828 0.048828
0 0.475202 0.847772 0.048828 0.048828
0 0.477681 0.878758 0.048828 0.048828
0 0.421906 0.930814 0.048828 0.048828
0 0.372329 0.967997 0.048828 0.048828
0 0.330188 0.981631 0.048828 0.048828
0 0.394639 0.995265 0.048828 0.048828
0 0.234307 0.964944 0.048828 0.048828
0 0.225583 0.908234 0.048828 0.048828
0 0.086861 0.288785 0.048828 0.048828
0 0.138336 0.247779 0.048828 0.048828
0 0.182832 0.170130 0.048828 0.048828
0 0.222965 0.129124 0.048828 0.048828
0 0.215113 0.070669 0.048828 0.048828
0 0.182832 0.134359 0.048828 0.048828
0 0.085988 0.104696 0.048828 0.048828
0 0.005722 0.157043 0.048828 0.048828
0 0.066794 0.171875 0.048828 0.048828
0 0.273568 0.391736 0.048828 0.048828
0 0.015319 0.225968 0.048828 0.048828
0 0.265716 0.638643 0.048828 0.048828
0 0.199409 0.606362 0.048828 0.048828
0 0.222965 0.773874 0.048828 0.048828
0 0.050218 0.701460 0.048828 0.048828
0 0.032768 0.668306 0.048828 0.048828
0 0.032768 0.642133 0.048828 0.048828
0 0.024916 0.601999 0.048828 0.048828
0 0.045855 0.575825 0.048828 0.048828
0 0.080754 0.588040 0.048828 0.048828
0 0.109545 0.607234 0.048828 0.048828
0 0.194174 0.569718 0.048828 0.048828
0 0.060687 0.751190 0.048828 0.048828