0 0.992230 0.984535 0.048828 0.048828
0 0.983195 0.939357 0.048828 0.048828
0 0.929986 0.945381 0.048828 0.048828
0 0.989218 0.882133 0.048828 0.048828
0 0.991226 0.750617 0.048828 0.048828
0 0.985202 0.685360 0.048828 0.048828
0 0.984198 0.636167 0.048828 0.048828
0 0.999258 0.585970 0.048828 0.048828
0 0.941029 0.527742 0.048828 0.048828
0 0.949061 0.592998 0.048828 0.048828
0 0.926974 0.653234 0.048828 0.048828
0 0.887820 0.681345 0.048828 0.048828
0 0.917938 0.734553 0.048828 0.048828
0 0.944041 0.784751 0.048828 0.048828
0 0.943037 0.850007 0.048828 0.048828
0 0.929986 0.914259 0.048828 0.048828
0 0.977171 0.376147 0.048828 0.048828
0 0.911915 0.396225 0.048828 0.048828
0 0.901875 0.430359 0.048828 0.048828
0 0.966128 0.432367 0.048828 0.048828
0 0.941029 0.475537 0.048828 0.048828
0 0.875773 0.489592 0.048828 0.048828
0 0.835615 0.454454 0.048828 0.048828
0 0.795458 0.420320 0.048828 0.048828
0 0.839631 0.399237 0.048828 0.048828
0 0.786422 0.322938 0.048828 0.048828
0 0.852682 0.342013 0.048828 0.048828
0 0.916934 0.341009 0.048828 0.048828
0 0.807505 0.285792 0.048828 0.048828
0 0.820556 0.259689 0.048828 0.048828
0 0.863726 0.298843 0.048828 0.048828
0 0.957092 0.301855 0.048828 0.048828
0 0.972151 0.254670 0.048828 0.048828
0 0.932997 0.250654 0.048828 0.048828
0 0.779395 0.223547 0.048828 0.048828
0 0.816540 0.204473 0.048828 0.048828
0 0.871757 0.216520 0.048828 0.048828
0 0.828588 0.159295 0.048828 0.048828
0 0.781402 0.174354 0.048828 0.048828
0 0.879789 0.160299 0.048828 0.048828
0 0.855694 0.110102 0.048828 0.048828
0 0.913923 0.110102 0.048828 0.048828
0 0.941029 0.180378 0.048828 0.048828
0 0.974159 0.155280 0.048828 0.048828
0 0.966128 0.072956 0.048828 0.048828
0 0.851678 0.070948 0.048828 0.048828
0 0.789434 0.111106 0.048828 0.048828
0 0.959100 0.008704 0.048828 0.048828
0 0.877781 0.002680 0.048828 0.048828
0 0.904887 0.055889 0.048828 0.048828
0 0.776383 0.057897 0.048828 0.048828
0 0.715142 0.018744 0.048828 0.048828
0 0.717150 0.100063 0.048828 0.048828
0 0.679000 0.082996 0.048828 0.048828
0 0.657918 0.041834 0.048828 0.048828
0 0.612740 0.007700 0.048828 0.048828
0 0.282444 0.023763 0.048828 0.048828
0 0.338664 0.021755 0.048828 0.048828
0 0.570575 0.020751 0.048828 0.048828
0 0.526401 0.029787 0.048828 0.048828
0 0.450102 0.001677 0.048828 0.048828
0 0.474196 0.058901 0.048828 0.048828
0 0.410948 0.038822 0.048828 0.048828
0 0.377818 0.048862 0.048828 0.048828
0 0.450102 0.080988 0.048828 0.048828
0 0.401913 0.078980 0.048828 0.048828
0 0.360751 0.103075 0.048828 0.048828
0 0.328625 0.068941 0.048828 0.048828
0 0.299511 0.091027 0.048828 0.048828
0 0.265377 0.066933 0.048828 0.048828
0 0.233251 0.102071 0.048828 0.048828
0 0.257345 0.151264 0.048828 0.048828
0 0.197109 0.112110 0.048828 0.048828
0 0.210160 0.141224 0.048828 0.048828
0 0.269392 0.193429 0.048828 0.048828
0 0.299511 0.163311 0.048828 0.048828
0 0.338664 0.150260 0.048828 0.048828
0 0.364767 0.178370 0.048828 0.048828
0 0.392877 0.147248 0.048828 0.048828
0 0.457129 0.113114 0.048828 0.048828
0 0.268389 0.228567 0.048828 0.048828
0 0.295495 0.241618 0.048828 0.048828
0 0.344688 0.243626 0.048828 0.048828
0 0.332641 0.201461 0.048828 0.048828
0 0.395889 0.228567 0.048828 0.048828
0 0.427011 0.187406 0.048828 0.048828
0 0.461145 0.215516 0.048828 0.048828
0 0.494275 0.182386 0.048828 0.048828
0 0.457129 0.151264 0.048828 0.048828
0 0.495279 0.134197 0.048828 0.048828
0 0.537445 0.107090 0.048828 0.048828
0 0.572583 0.066933 0.048828 0.048828
0 0.613744 0.061913 0.048828 0.048828
0 0.624788 0.112110 0.048828 0.048828
0 0.591658 0.106086 0.048828 0.048828
0 0.536441 0.150260 0.048828 0.048828
0 0.574591 0.152268 0.048828 0.048828
0 0.626795 0.150260 0.048828 0.048828
0 0.728194 0.145240 0.048828 0.048828
0 0.696067 0.178370 0.048828 0.048828
0 0.645870 0.186402 0.048828 0.048828
0 0.586638 0.187406 0.048828 0.048828
0 0.552504 0.214512 0.048828 0.048828
0 0.533429 0.193429 0.048828 0.048828
0 0.491263 0.227563 0.048828 0.048828
0 0.492267 0.263705 0.048828 0.048828
0 0.443074 0.264709 0.048828 0.048828
0 0.394885 0.286796 0.048828 0.048828
0 0.243290 0.400241 0.048828 0.048828
0 0.323605 0.291815 0.048828 0.048828
0 0.319590 0.332977 0.048828 0.048828
0 0.262365 0.299847 0.048828 0.048828
0 0.253329 0.343016 0.048828 0.048828
0 0.221203 0.311894 0.048828 0.048828
0 0.212168 0.262701 0.048828 0.048828
0 0.176026 0.302859 0.048828 0.048828
0 0.183054 0.350044 0.048828 0.048828
0 0.102738 0.045850 0.048828 0.048828
0 0.085671 0.141224 0.048828 0.048828
0 0.057561 0.326953 0.048828 0.048828
0 0.346696 0.358076 0.048828 0.048828
0 0.385850 0.358076 0.048828 0.048828
0 0.425003 0.345024 0.048828 0.048828
0 0.258349 0.458470 0.048828 0.048828
0 0.298507 0.442407 0.048828 0.048828
0 0.351716 0.398233 0.048828 0.048828
0 0.400909 0.393214 0.048828 0.048828
0 0.444078 0.417308 0.048828 0.048828
0 0.393881 0.442407 0.048828 0.048828
0 0.348704 0.484572 0.048828 0.048828
0 0.302523 0.490596 0.048828 0.048828
0 0.262365 0.522722 0.048828 0.048828
0 0.243290 0.520714 0.048828 0.048828
0 0.232247 0.482564 0.048828 0.048828
0 0.486244 0.306875 0.048828 0.048828
0 0.520378 0.307879 0.048828 0.048828
0 0.570575 0.311894 0.048828 0.048828
0 0.594669 0.289808 0.048828 0.048828
0 0.647878 0.274748 0.048828 0.048828
0 0.771363 0.266717 0.048828 0.048828
0 0.707111 0.246638 0.048828 0.048828
0 0.711127 0.208488 0.048828 0.048828
0 0.661933 0.224551 0.048828 0.048828
0 0.589650 0.243626 0.048828 0.048828
0 0.535437 0.259689 0.048828 0.048828
0 0.745261 0.302859 0.048828 0.048828
0 0.741245 0.340005 0.048828 0.048828
0 0.760320 0.375143 0.048828 0.048828
0 0.744257 0.435379 0.048828 0.048828
0 0.723174 0.388194 0.048828 0.048828
0 0.695063 0.363095 0.048828 0.048828
0 0.691048 0.299847 0.048828 0.048828
0 0.652898 0.328961 0.048828 0.048828
0 0.646874 0.378154 0.048828 0.048828
0 0.607721 0.354060 0.048828 0.048828
0 0.572583 0.374139 0.048828 0.048828
0 0.601697 0.394217 0.048828 0.048828
0 0.642859 0.421324 0.048828 0.048828
0 0.687032 0.429355 0.048828 0.048828
0 0.653902 0.447426 0.048828 0.048828
0 0.598685 0.428351 0.048828 0.048828
0 0.610732 0.475537 0.048828 0.048828
0 0.556520 0.457466 0.048828 0.048828
0 0.522386 0.421324 0.048828 0.048828
0 0.563547 0.407269 0.048828 0.048828
0 0.483232 0.402249 0.048828 0.048828
0 0.490260 0.451442 0.048828 0.048828
0 0.525397 0.486580 0.048828 0.048828
0 0.487248 0.524730 0.048828 0.048828
0 0.426007 0.535773 0.048828 0.048828
0 0.352720 0.549828 0.048828 0.048828
0 0.281440 0.581954 0.048828 0.048828
0 0.247306 0.562880 0.048828 0.048828
0 0.210160 0.589986 0.048828 0.048828
0 0.283448 0.902212 0.048828 0.048828
0 0.310554 0.914259 0.048828 0.048828
0 0.243290 0.937350 0.048828 0.048828
0 0.285456 0.942369 0.048828 0.048828
0 0.296499 0.990558 0.048828 0.048828
0 0.864729 0.992566 0.048828 0.048828
0 0.835615 0.960440 0.048828 0.048828
0 0.871757 0.933334 0.048828 0.048828
0 0.871757 0.889160 0.048828 0.048828
0 0.818548 0.911247 0.048828 0.048828
0 0.748272 0.901208 0.048828 0.048828
0 0.782406 0.953413 0.048828 0.048828
0 0.755300 0.973491 0.048828 0.048828
0 0.713134 0.991562 0.048828 0.048828
0 0.692052 0.952409 0.048828 0.048828
0 0.695063 0.883137 0.048828 0.048828
0 0.651894 0.888156 0.048828 0.048828
0 0.633823 0.955420 0.048828 0.048828
0 0.584630 0.999594 0.048828 0.048828
0 0.576598 0.975499 0.048828 0.048828
0 0.564551 0.924298 0.048828 0.048828
0 0.606717 0.922290 0.048828 0.048828
0 0.595673 0.879121 0.048828 0.048828
0 0.544472 0.885145 0.048828 0.048828
0 0.499295 0.874101 0.048828 0.048828
0 0.450102 0.896188 0.048828 0.048828
0 0.489256 0.929318 0.048828 0.048828
0 0.411952 0.971484 0.048828 0.048828
0 0.345692 0.956424 0.048828 0.048828
0 0.342680 0.898196 0.048828 0.048828
0 0.302523 0.877113 0.048828 0.048828
0 0.321597 0.832940 0.048828 0.048828
0 0.266381 0.824908 0.048828 0.048828
0 0.156951 0.873097 0.048828 0.048828
0 0.181046 0.791778 0.048828 0.048828
0 0.196105 0.829928 0.048828 0.048828
0 0.233251 0.784751 0.048828 0.048828
0 0.279432 0.792782 0.048828 0.048828
0 0.271400 0.727526 0.048828 0.048828
0 0.293487 0.665282 0.048828 0.048828
0 0.247306 0.670301 0.048828 0.048828
0 0.228231 0.714475 0.048828 0.048828
0 0.180042 0.727526 0.048828 0.048828
0 0.264373 0.628136 0.048828 0.048828
0 0.453114 0.853019 0.048828 0.048828
0 0.451106 0.832940 0.048828 0.048828
0 0.488252 0.832940 0.048828 0.048828
0 0.537445 0.859042 0.048828 0.048828
0 0.590654 0.843983 0.048828 0.048828
0 0.653902 0.844987 0.048828 0.048828
0 0.717150 0.843983 0.048828 0.048828
0 0.759316 0.851011 0.048828 0.048828
0 0.811521 0.862054 0.048828 0.048828
0 0.888824 0.852015 0.048828 0.048828
0 0.824572 0.806837 0.048828 0.048828
0 0.888824 0.792782 0.048828 0.048828
0 0.866737 0.752624 0.048828 0.048828
0 0.826580 0.768687 0.048828 0.048828
0 0.786422 0.792782 0.048828 0.048828
0 0.754296 0.794790 0.048828 0.048828
0 0.717150 0.786758 0.048828 0.048828
0 0.738233 0.757644 0.048828 0.048828
0 0.695063 0.740577 0.048828 0.048828
0 0.664945 0.800814 0.048828 0.048828
0 0.631815 0.808845 0.048828 0.048828
0 0.627799 0.746601 0.048828 0.048828
0 0.588646 0.802821 0.048828 0.048828
0 0.583626 0.750617 0.048828 0.048828
0 0.548488 0.803825 0.048828 0.048828
0 0.506323 0.783747 0.048828 0.048828
0 0.501303 0.748609 0.048828 0.048828
0 0.531421 0.738569 0.048828 0.048828
0 0.565555 0.715479 0.048828 0.048828
0 0.607721 0.707447 0.048828 0.048828
0 0.674985 0.705439 0.048828 0.048828
0 0.723174 0.685360 0.048828 0.048828
0 0.767347 0.708451 0.048828 0.048828
0 0.819552 0.708451 0.048828 0.048828
0 0.827584 0.666285 0.048828 0.048828
0 0.872761 0.625124 0.048828 0.048828
0 0.895852 0.583962 0.048828 0.048828
0 0.883804 0.539789 0.048828 0.048828
0 0.838627 0.598017 0.048828 0.048828
0 0.830596 0.558864 0.048828 0.048828
0 0.824572 0.510675 0.048828 0.048828
0 0.420988 0.781739 0.048828 0.048828
0 0.418980 0.746601 0.048828 0.048828
0 0.467169 0.733550 0.048828 0.048828
0 0.485240 0.708451 0.048828 0.048828
0 0.487248 0.662270 0.048828 0.048828
0 0.521382 0.683352 0.048828 0.048828
0 0.488252 0.637171 0.048828 0.048828
0 0.512346 0.620104 0.048828 0.048828
0 0.546480 0.635163 0.048828 0.048828
0 0.565555 0.660262 0.048828 0.048828
0 0.630811 0.654238 0.048828 0.048828
0 0.669965 0.657250 0.048828 0.048828
0 0.720162 0.647211 0.048828 0.048828
0 0.775379 0.659258 0.048828 0.048828
0 0.798469 0.616088 0.048828 0.048828
0 0.769355 0.572919 0.048828 0.048828
0 0.744257 0.606049 0.048828 0.048828
0 0.754296 0.511679 0.048828 0.048828
0 0.724178 0.529749 0.048828 0.048828
0 0.692052 0.544809 0.048828 0.048828
0 0.702091 0.571915 0.048828 0.048828
0 0.669965 0.611069 0.048828 0.048828
0 0.631815 0.618096 0.048828 0.048828
0 0.634827 0.575931 0.048828 0.048828
0 0.637839 0.535773 0.048828 0.048828
0 0.670969 0.491600 0.048828 0.048828
0 0.712130 0.487584 0.048828 0.048828
0 0.761324 0.472525 0.048828 0.048828
0 0.610732 0.504651 0.048828 0.048828
0 0.598685 0.545813 0.048828 0.048828
0 0.595673 0.583962 0.048828 0.048828
0 0.584630 0.625124 0.048828 0.048828
0 0.553508 0.602033 0.048828 0.048828
0 0.516362 0.576935 0.048828 0.048828
0 0.521382 0.528746 0.048828 0.048828
0 0.573587 0.500635 0.048828 0.048828
0 0.567563 0.556856 0.048828 0.048828
0 0.192089 0.979515 0.048828 0.048828
0 0.174018 0.927310 0.048828 0.048828
0 0.115790 0.929318 0.048828 0.048828
0 0.075632 0.914259 0.048828 0.048828
0 0.465161 0.572919 0.048828 0.048828
0 0.475200 0.607053 0.048828 0.048828
0 0.427011 0.597014 0.048828 0.048828
0 0.427011 0.654238 0.048828 0.048828
0 0.464157 0.680341 0.048828 0.048828
0 0.389865 0.686364 0.048828 0.048828
0 0.387858 0.731542 0.048828 0.048828
0 0.461145 0.779731 0.048828 0.048828