0 0.125498 0.979515 0.048828 0.048828
0 0.082328 0.985539 0.048828 0.048828
0 0.044178 0.935342 0.048828 0.048828
0 0.089356 0.953413 0.048828 0.048828
0 0.145576 0.917271 0.048828 0.048828
0 0.187742 0.941365 0.048828 0.048828
0 0.110438 0.880125 0.048828 0.048828
0 0.146580 0.874101 0.048828 0.048828
0 0.132525 0.837959 0.048828 0.048828
0 0.127505 0.779731 0.048828 0.048828
0 0.146580 0.729534 0.048828 0.048828
0 0.134533 0.687368 0.048828 0.048828
0 0.187742 0.664278 0.048828 0.048828
0 0.252998 0.666285 0.048828 0.048828
0 0.126502 0.625124 0.048828 0.048828
0 0.071285 0.621108 0.048828 0.048828
0 0.057230 0.663274 0.048828 0.048828
0 0.103411 0.680341 0.048828 0.048828
0 0.068273 0.725518 0.048828 0.048828
0 0.088352 0.774711 0.048828 0.048828
0 0.009040 0.781739 0.048828 0.048828
0 0.065261 0.817881 0.048828 0.048828
0 0.050202 0.874101 0.048828 0.048828
0 0.010044 0.733550 0.048828 0.048828
0 0.138549 0.502643 0.048828 0.048828
0 0.078312 0.511679 0.048828 0.048828
0 0.128509 0.559868 0.048828 0.048828
0 0.065261 0.583962 0.048828 0.048828
0 0.024100 0.571915 0.048828 0.048828
0 0.031127 0.450438 0.048828 0.048828
0 0.082328 0.406265 0.048828 0.048828
0 0.049198 0.360083 0.048828 0.048828
0 0.038155 0.397229 0.048828 0.048828
0 0.032131 0.318922 0.048828 0.048828
0 0.022092 0.277760 0.048828 0.048828
0 0.007033 0.299847 0.048828 0.048828
0 0.002013 0.238607 0.048828 0.048828