0 0.842928 0.607015 0.048828 0.048828
0 0.836368 0.634347 0.048828 0.048828
0 0.837461 0.659493 0.048828 0.048828
0 0.835275 0.706504 0.048828 0.048828
0 0.810129 0.731650 0.048828 0.048828
0 0.825435 0.766635 0.048828 0.048828
0 0.895406 0.752423 0.048828 0.048828
0 0.932578 0.774288 0.048828 0.048828
0 0.963190 0.805994 0.048828 0.048828
0 0.963190 0.738210 0.048828 0.048828
0 0.862607 0.579682 0.048828 0.048828
0 0.833088 0.560003 0.048828 0.048828
0 0.857141 0.547977 0.048828 0.048828
0 0.870260 0.516272 0.048828 0.048828
0 0.847301 0.509712 0.048828 0.048828
0 0.860421 0.482379 0.048828 0.048828
0 0.869167 0.426622 0.048828 0.048828
0 0.860421 0.380703 0.048828 0.048828
0 0.854954 0.343531 0.048828 0.048828
0 0.895406 0.358837 0.048828 0.048828
0 0.894313 0.323852 0.048828 0.048828
0 0.869167 0.298706 0.048828 0.048828
0 0.908525 0.288867 0.048828 0.048828
0 0.886660 0.251695 0.048828 0.048828
0 0.954444 0.350091 0.048828 0.048828
0 0.969750 0.262628 0.048828 0.048828
0 0.957724 0.300893 0.048828 0.048828
0 0.988336 0.315106 0.048828 0.048828
0 0.995989 0.094261 0.048828 0.048828
0 0.985056 0.013357 0.048828 0.048828
0 0.973030 0.123780 0.048828 0.048828
0 0.927111 0.144552 0.048828 0.048828
0 0.904152 0.123780 0.048828 0.048828
0 0.895406 0.066929 0.048828 0.048828
0 0.923832 0.074582 0.048828 0.048828
0 0.923832 0.025384 0.048828 0.048828
0 0.824342 0.039596 0.048828 0.048828
0 0.866980 0.080048 0.048828 0.048828
0 0.952257 0.851912 0.048828 0.048828
0 0.877913 0.850819 0.048828 0.048828
0 0.918365 0.675892 0.048828 0.048828
0 0.897593 0.177351 0.048828 0.048828
0 0.979589 0.459420 0.048828 0.048828
0 0.946791 0.433181 0.048828 0.048828