0 0.040828 0.036658 0.048828 0.048828
0 0.082760 0.041772 0.048828 0.048828
0 0.023441 0.093931 0.048828 0.048828
0 0.010146 0.153250 0.048828 0.048828
0 0.064351 0.171659 0.048828 0.048828
0 0.078669 0.214614 0.048828 0.048828
0 0.107306 0.203364 0.048828 0.048828
0 0.142078 0.116431 0.048828 0.048828
0 0.124692 0.086772 0.048828 0.048828
0 0.313898 0.175750 0.048828 0.048828
0 0.007078 0.272909 0.048828 0.048828
0 0.021396 0.312796 0.048828 0.048828
0 0.087874 0.263705 0.048828 0.048828
0 0.142078 0.253478 0.048828 0.048828
0 0.147192 0.328137 0.048828 0.048828
0 0.197306 0.350637 0.048828 0.048828
0 0.201397 0.282114 0.048828 0.048828
0 0.251511 0.267796 0.048828 0.048828
0 0.188101 0.179841 0.048828 0.048828
0 0.199352 0.160409 0.048828 0.048828
0 0.178897 0.059158 0.048828 0.048828
0 0.257647 0.034613 0.048828 0.048828
0 0.380375 0.202341 0.048828 0.048828
0 0.493899 0.003931 0.048828 0.048828
0 0.470376 0.041772 0.048828 0.048828
0 0.310829 0.102113 0.048828 0.048828