0 0.014374 0.553831 0.048828 0.048828
0 0.006129 0.002817 0.048828 0.048828
0 0.022081 0.081348 0.048828 0.048828
0 0.071162 0.066623 0.048828 0.048828
0 0.109201 0.008952 0.048828 0.048828
0 0.046622 0.027358 0.048828 0.048828
0 0.092022 0.119386 0.048828 0.048828
0 0.090795 0.154970 0.048828 0.048828
0 0.035578 0.150062 0.048828 0.048828
0 0.052757 0.195462 0.048828 0.048828
0 0.079752 0.229819 0.048828 0.048828
0 0.007356 0.201597 0.048828 0.048828
0 0.004902 0.315712 0.048828 0.048828
0 0.017173 0.238409 0.048828 0.048828
0 0.071162 0.308350 0.048828 0.048828
0 0.002448 0.368475 0.048828 0.048828
0 0.002448 0.420010 0.048828 0.048828
0 0.008583 0.493633 0.048828 0.048828
0 0.093249 0.542714 0.048828 0.048828
0 0.099384 0.503449 0.048828 0.048828
0 0.138650 0.462957 0.048828 0.048828
0 0.138650 0.429827 0.048828 0.048828
0 0.089568 0.600385 0.048828 0.048828
0 0.060119 0.697321 0.048828 0.048828
0 0.098157 0.734132 0.048828 0.048828
0 0.053984 0.781987 0.048828 0.048828
0 0.004902 0.127975 0.048828 0.048828