0 0.053915 0.726969 0.048828 0.048828
0 0.031489 0.696388 0.048828 0.048828
0 0.062070 0.660710 0.048828 0.048828
0 0.010082 0.631149 0.048828 0.048828
0 0.033527 0.600568 0.048828 0.048828
0 0.037605 0.545522 0.048828 0.048828
0 0.092650 0.504748 0.048828 0.048828
0 0.146677 0.528193 0.048828 0.048828
0 0.117115 0.557755 0.048828 0.048828
0 0.154831 0.573045 0.048828 0.048828
0 0.198664 0.555716 0.048828 0.048828
0 0.203761 0.608723 0.048828 0.048828
0 0.183374 0.668865 0.048828 0.048828
0 0.161967 0.707601 0.048828 0.048828
0 0.110999 0.680078 0.048828 0.048828
0 0.227206 0.725949 0.048828 0.048828
0 0.269000 0.752453 0.048828 0.048828
0 0.207838 0.697407 0.048828 0.048828
0 0.254729 0.647458 0.048828 0.048828
0 0.304678 0.644400 0.048828 0.048828
0 0.313852 0.590374 0.048828 0.048828
0 0.252690 0.574064 0.048828 0.048828
0 0.298561 0.533290 0.048828 0.048828
0 0.341375 0.536348 0.048828 0.048828
0 0.352588 0.485380 0.048828 0.048828
0 0.133425 0.760608 0.048828 0.048828
0 0.070224 0.775898 0.048828 0.048828
0 0.044740 0.796285 0.048828 0.048828
0 0.328123 0.709640 0.048828 0.048828
0 0.401517 0.690272 0.048828 0.048828
0 0.410691 0.627071 0.048828 0.048828
0 0.347491 0.639304 0.048828 0.048828
0 0.366859 0.599548 0.048828 0.048828
0 0.411711 0.512903 0.048828 0.048828
0 0.367878 0.410967 0.048828 0.048828
0 0.273077 0.356940 0.048828 0.048828
0 0.187451 0.361018 0.048828 0.048828
0 0.177257 0.315146 0.048828 0.048828
0 0.175219 0.169378 0.048828 0.048828
0 0.241477 0.111274 0.048828 0.048828
0 0.166044 0.021570 0.048828 0.048828
0 0.207838 0.077635 0.048828 0.048828
0 0.263903 0.009338 0.048828 0.048828
0 0.222109 0.427276 0.048828 0.048828
0 0.166044 0.425238 0.048828 0.048828
0 0.175219 0.467031 0.048828 0.048828
0 0.101825 0.466012 0.048828 0.048828
0 0.077360 0.439509 0.048828 0.048828
0 0.109980 0.402812 0.048828 0.048828
0 0.132405 0.350824 0.048828 0.048828
0 0.061050 0.371211 0.048828 0.048828
0 0.034547 0.421160 0.048828 0.048828
0 0.007024 0.376308 0.048828 0.048828
0 0.015179 0.485380 0.048828 0.048828
0 0.028431 0.333495 0.048828 0.048828
0 0.075321 0.328398 0.048828 0.048828
0 0.156870 0.270295 0.048828 0.048828
0 0.122212 0.276411 0.048828 0.048828
0 0.059011 0.279469 0.048828 0.048828
0 0.105902 0.231559 0.048828 0.048828
0 0.068186 0.166320 0.048828 0.048828
0 0.049837 0.227481 0.048828 0.048828
0 0.014160 0.265198 0.048828 0.048828
0 0.011101 0.191804 0.048828 0.048828
0 0.006005 0.139816 0.048828 0.048828
0 0.040663 0.107197 0.048828 0.048828
0 0.016198 0.092926 0.048828 0.048828
0 0.087554 0.071519 0.048828 0.048828
0 0.034547 0.004241 0.048828 0.048828
0 0.431078 0.007299 0.048828 0.048828
0 0.534034 0.019532 0.048828 0.048828
0 0.444330 0.037880 0.048828 0.048828
0 0.497337 0.062345 0.048828 0.048828
0 0.400498 0.073558 0.048828 0.048828
0 0.372975 0.105158 0.048828 0.048828
0 0.399478 0.133700 0.048828 0.048828
0 0.461659 0.147971 0.048828 0.048828
0 0.521802 0.120448 0.048828 0.048828
0 0.533015 0.065403 0.048828 0.048828
0 0.582963 0.083751 0.048828 0.048828
0 0.602331 0.127584 0.048828 0.048828
0 0.534034 0.148991 0.048828 0.048828
0 0.580925 0.184668 0.048828 0.048828
0 0.465737 0.203017 0.048828 0.048828
0 0.393362 0.193842 0.048828 0.048828
0 0.394381 0.245830 0.048828 0.048828
0 0.322007 0.240733 0.048828 0.048828
0 0.365839 0.321263 0.048828 0.048828
0 0.312833 0.308011 0.048828 0.048828
0 0.273077 0.177533 0.048828 0.048828
0 0.301620 0.077635 0.048828 0.048828
0 0.348510 0.026667 0.048828 0.048828
0 0.017641 0.846027 0.048828 0.048828
0 0.042576 0.886307 0.048828 0.048828
0 0.008050 0.949604 0.048828 0.048828
0 0.080938 0.940014 0.048828 0.048828
0 0.090529 0.876716 0.048828 0.048828
0 0.094365 0.819173 0.048828 0.048828
0 0.119301 0.805746 0.048828 0.048828
0 0.167253 0.794238 0.048828 0.048828
0 0.148072 0.844108 0.048828 0.048828
0 0.196025 0.842190 0.048828 0.048828
0 0.201779 0.794238 0.048828 0.048828
0 0.249732 0.801910 0.048828 0.048828
0 0.332211 0.805746 0.048828 0.048828
0 0.339883 0.763548 0.048828 0.048828
0 0.372491 0.746285 0.048828 0.048828
0 0.443461 0.692578 0.048828 0.048828
0 0.466478 0.696414 0.048828 0.048828
0 0.451134 0.744367 0.048828 0.048828
0 0.456888 0.769302 0.048828 0.048828
0 0.412771 0.771220 0.048828 0.048828
0 0.516349 0.673397 0.048828 0.048828
0 0.481823 0.602427 0.048828 0.048828
0 0.424280 0.604345 0.048828 0.048828
0 0.399345 0.552556 0.048828 0.048828
0 0.449215 0.558310 0.048828 0.048828
0 0.520185 0.571737 0.048828 0.048828
0 0.516349 0.529539 0.048828 0.048828
0 0.552793 0.521866 0.048828 0.048828
0 0.583483 0.519948 0.048828 0.048828
0 0.535530 0.475832 0.048828 0.048828
0 0.483741 0.489258 0.048828 0.048828
0 0.464560 0.471995 0.048828 0.048828
0 0.443461 0.353073 0.048828 0.048828
0 0.508677 0.295529 0.048828 0.048828
0 0.539367 0.366499 0.048828 0.048828
0 0.568138 0.435551 0.048828 0.048828
0 0.671716 0.385680 0.048828 0.048828
0 0.596910 0.259085 0.048828 0.048828
0 0.733096 0.201542 0.048828 0.048828
0 0.662126 0.163180 0.048828 0.048828
0 0.660207 0.122899 0.048828 0.048828
0 0.742686 0.132490 0.048828 0.048828
0 0.698570 0.034666 0.048828 0.048828