0 0.631275 0.870501 0.012588 0.008633
0 0.632639 0.863718 0.012588 0.008633
0 0.630934 0.855533 0.012588 0.008633
0 0.630593 0.845242 0.012588 0.008633
0 0.622408 0.842201 0.012588 0.008633
0 0.618656 0.830040 0.012588 0.008633
0 0.603309 0.864888 0.012588 0.008633
0 0.615587 0.857404 0.012588 0.008633
0 0.601604 0.848282 0.012588 0.008633
0 0.601604 0.835653 0.012588 0.008633
0 0.592737 0.819047 0.012588 0.008633
0 0.585234 0.817176 0.012588 0.008633
0 0.573297 0.812031 0.012588 0.008633
0 0.587280 0.847581 0.012588 0.008633
0 0.590350 0.838693 0.012588 0.008633
0 0.580118 0.835887 0.012588 0.008633
0 0.596488 0.830274 0.012588 0.008633
0 0.580800 0.829338 0.012588 0.008633
0 0.572956 0.825596 0.012588 0.008633
0 0.563748 0.831209 0.012588 0.008633
0 0.551811 0.829338 0.012588 0.008633
0 0.537488 0.819983 0.012588 0.008633
0 0.526233 0.825596 0.012588 0.008633
0 0.552152 0.848984 0.012588 0.008633
0 0.567499 0.857404 0.012588 0.008633
0 0.525892 0.880090 0.012588 0.008633
0 0.522482 0.875178 0.012588 0.008633
0 0.514979 0.867928 0.012588 0.008633
0 0.509134 0.880169 0.012588 0.008633
0 0.507340 0.876127 0.012588 0.008633
0 0.507084 0.870680 0.012588 0.008633
0 0.505290 0.862948 0.012588 0.008633
0 0.296073 0.823910 0.012588 0.008633