0 0.054627 0.054144 0.048828 0.048828
0 0.085744 0.054144 0.048828 0.048828
0 0.138903 0.083965 0.048828 0.048828
0 0.211510 0.099523 0.048828 0.048828
0 0.184283 0.139717 0.048828 0.048828
0 0.206324 0.047661 0.048828 0.048828
0 0.297083 0.099523 0.048828 0.048828
0 0.135013 0.028213 0.048828 0.048828
0 0.068889 0.016544 0.048828 0.048828
0 0.102599 0.013951 0.048828 0.048828
0 0.680864 0.125455 0.048828 0.048828
0 0.670492 0.089151 0.048828 0.048828
0 0.709388 0.098227 0.048828 0.048828
0 0.632892 0.104710 0.048828 0.048828
0 0.604367 0.065813 0.048828 0.048828
0 0.644561 0.056737 0.048828 0.048828
0 0.686050 0.041178 0.048828 0.048828
0 0.718464 0.050254 0.048828 0.048828
0 0.779403 0.077482 0.048828 0.048828
0 0.844230 0.077482 0.048828 0.048828
0 0.859789 0.085261 0.048828 0.048828
0 0.907762 0.091744 0.048828 0.048828
0 0.942769 0.089151 0.048828 0.048828
0 0.980369 0.086558 0.048828 0.048828
0 0.564174 0.041178 0.048828 0.048828
0 0.787182 0.117675 0.048828 0.048828
0 0.827375 0.121565 0.048828 0.048828
0 0.920727 0.138420 0.048828 0.048828
0 0.957031 0.126751 0.048828 0.048828
0 0.958327 0.041178 0.048828 0.048828
0 0.863679 0.043771 0.048828 0.048828
0 0.822189 0.037289 0.048828 0.048828
0 0.787182 0.034696 0.048828 0.048828
0 0.741802 0.017840 0.048828 0.048828
0 0.700313 0.006171 0.048828 0.048828
0 0.654933 0.012654 0.048828 0.048828
0 0.369690 0.299193 0.048828 0.048828
0 0.359318 0.163055 0.048828 0.048828
0 0.376173 0.102117 0.048828 0.048828
0 0.352835 0.074889 0.048828 0.048828
0 0.150572 0.160462 0.048828 0.048828
0 0.100006 0.319938 0.048828 0.048828
0 0.046847 0.137124 0.048828 0.048828
0 0.736616 0.134531 0.048828 0.048828
0 0.796258 0.147496 0.048828 0.048828
0 0.861086 0.148793 0.048828 0.048828
0 0.966107 0.200655 0.048828 0.048828
0 0.940176 0.172131 0.048828 0.048828
0 0.879237 0.239552 0.048828 0.048828
0 0.937583 0.269373 0.048828 0.048828
0 0.985555 0.279745 0.048828 0.048828
0 0.909058 0.318642 0.048828 0.048828
0 0.826079 0.373097 0.048828 0.048828
0 0.854603 0.284931 0.048828 0.048828
0 0.819596 0.261593 0.048828 0.048828
0 0.771623 0.244738 0.048828 0.048828
0 0.745692 0.246034 0.048828 0.048828
0 0.745692 0.214917 0.048828 0.048828
0 0.750878 0.185096 0.048828 0.048828
0 0.781996 0.183800 0.048828 0.048828
0 0.887017 0.196765 0.048828 0.048828
0 0.841637 0.221400 0.048828 0.048828