0 0.984085 0.978624 0.048828 0.048828
0 0.979177 0.925862 0.048828 0.048828
0 0.991448 0.885369 0.048828 0.048828
0 0.980404 0.855920 0.048828 0.048828
0 0.980404 0.816655 0.048828 0.048828
0 0.970588 0.782298 0.048828 0.048828
0 0.966907 0.740579 0.048828 0.048828
0 0.969361 0.703768 0.048828 0.048828
0 0.970588 0.659594 0.048828 0.048828
0 0.977950 0.611740 0.048828 0.048828
0 0.941139 0.632599 0.048828 0.048828
0 0.977950 0.577383 0.048828 0.048828
0 0.957090 0.563885 0.048828 0.048828
0 0.980404 0.534436 0.048828 0.048828
0 0.947274 0.507441 0.048828 0.048828
0 0.981631 0.485355 0.048828 0.048828
0 0.966907 0.443635 0.048828 0.048828
0 0.955863 0.406824 0.048828 0.048828
0 0.985312 0.368786 0.048828 0.048828
0 0.948501 0.356516 0.048828 0.048828
0 0.966907 0.333202 0.048828 0.048828
0 0.946047 0.304980 0.048828 0.048828
0 0.981631 0.296391 0.048828 0.048828
0 0.961999 0.277985 0.048828 0.048828
0 0.964453 0.243628 0.048828 0.048828
0 0.975496 0.214179 0.048828 0.048828
0 0.969361 0.177368 0.048828 0.048828
0 0.960772 0.146692 0.048828 0.048828
0 0.943593 0.109881 0.048828 0.048828
0 0.780397 0.012945 0.048828 0.048828
0 0.834387 0.011718 0.048828 0.048828
0 0.857700 0.020307 0.048828 0.048828
0 0.889603 0.027669 0.048828 0.048828
0 0.845430 0.049756 0.048828 0.048828
0 0.800029 0.047302 0.048828 0.048828
0 0.872425 0.069388 0.048828 0.048828
0 0.827024 0.071842 0.048828 0.048828
0 0.795121 0.079205 0.048828 0.048828
0 0.760764 0.098837 0.048828 0.048828
0 0.782851 0.123378 0.048828 0.048828
0 0.820889 0.120924 0.048828 0.048828
0 0.857700 0.107427 0.048828 0.048828
0 0.884695 0.123378 0.048828 0.048828
0 0.860154 0.138103 0.048828 0.048828
0 0.882241 0.163870 0.048828 0.048828
0 0.849111 0.172460 0.048828 0.048828
0 0.779170 0.160189 0.048828 0.048828
0 0.823343 0.201909 0.048828 0.048828
0 0.858927 0.208044 0.048828 0.048828
0 0.815981 0.248536 0.048828 0.048828
0 0.788986 0.266942 0.048828 0.048828
0 0.813527 0.279212 0.048828 0.048828
0 0.801256 0.318477 0.048828 0.048828
0 0.838068 0.327067 0.048828 0.048828
0 0.721499 0.008036 0.048828 0.048828
0 0.689596 0.017853 0.048828 0.048828
0 0.709229 0.041167 0.048828 0.048828
0 0.709229 0.080432 0.048828 0.048828
0 0.712910 0.109881 0.048828 0.048828
0 0.712910 0.143011 0.048828 0.048828
0 0.712910 0.177368 0.048828 0.048828
0 0.699412 0.233812 0.048828 0.048828
0 0.709229 0.284120 0.048828 0.048828
0 0.704320 0.333202 0.048828 0.048828
0 0.852792 0.362651 0.048828 0.048828
0 0.804938 0.361424 0.048828 0.048828
0 0.825797 0.393327 0.048828 0.048828
0 0.856473 0.398235 0.048828 0.048828
0 0.838068 0.438727 0.048828 0.048828
0 0.857700 0.465722 0.048828 0.048828
0 0.817208 0.493944 0.048828 0.048828
0 0.854019 0.511122 0.048828 0.048828
0 0.827024 0.540571 0.048828 0.048828
0 0.855246 0.552842 0.048828 0.048828
0 0.850338 0.583518 0.048828 0.048828
0 0.814754 0.585972 0.048828 0.048828
0 0.844203 0.631372 0.048828 0.048828
0 0.818435 0.628918 0.048828 0.048828
0 0.819662 0.663275 0.048828 0.048828
0 0.850338 0.670638 0.048828 0.048828
0 0.822116 0.697632 0.048828 0.048828
0 0.828251 0.730762 0.048828 0.048828
0 0.829478 0.776163 0.048828 0.048828
0 0.909236 0.869418 0.048828 0.048828
0 0.923960 0.908683 0.048828 0.048828
0 0.895738 0.951629 0.048828 0.048828
0 0.850338 0.862056 0.048828 0.048828
0 0.834387 0.820336 0.048828 0.048828
0 0.814754 0.797023 0.048828 0.048828
0 0.782851 0.800704 0.048828 0.048828
0 0.781624 0.745487 0.048828 0.048828
0 0.801256 0.837515 0.048828 0.048828
0 0.817208 0.876780 0.048828 0.048828
0 0.823343 0.922181 0.048828 0.048828
0 0.830705 0.960219 0.048828 0.048828
0 0.787759 0.977397 0.048828 0.048828
0 0.782851 0.940586 0.048828 0.048828
0 0.775489 0.905002 0.048828 0.048828
0 0.768126 0.871872 0.048828 0.048828
0 0.764445 0.827699 0.048828 0.048828
0 0.759537 0.785979 0.048828 0.048828
0 0.753402 0.757757 0.048828 0.048828
0 0.757083 0.722173 0.048828 0.048828
0 0.749721 0.700086 0.048828 0.048828
0 0.731315 0.599469 0.048828 0.048828
0 0.733769 0.565112 0.048828 0.048828
0 0.722726 0.509895 0.048828 0.048828
0 0.716591 0.465722 0.048828 0.048828
0 0.708002 0.424003 0.048828 0.048828
0 0.710456 0.378602 0.048828 0.048828
0 0.722726 0.397008 0.048828 0.048828
0 0.634379 0.035031 0.048828 0.048828
0 0.754629 0.520939 0.048828 0.048828
0 0.773035 0.612967 0.048828 0.048828
0 0.884695 0.806839 0.048828 0.048828
0 0.882241 0.651005 0.048828 0.048828
0 0.874879 0.517258 0.048828 0.048828