0 0.977731 0.401638 0.048828 0.048828
0 0.997005 0.365231 0.048828 0.048828
0 0.975589 0.313832 0.048828 0.048828
0 0.932757 0.363089 0.048828 0.048828
0 0.874934 0.393072 0.048828 0.048828
0 0.915624 0.425196 0.048828 0.048828
0 0.979873 0.429479 0.048828 0.048828
0 0.941324 0.450895 0.048828 0.048828
0 0.857801 0.438045 0.048828 0.048828
0 0.832102 0.423054 0.048828 0.048828
0 0.707888 0.487302 0.048828 0.048828
0 0.817110 0.498011 0.048828 0.048828
0 0.763570 0.530135 0.048828 0.048828
0 0.643640 0.579392 0.048828 0.048828
0 0.660773 0.527993 0.048828 0.048828
0 0.590100 0.553692 0.048828 0.048828
0 0.594383 0.613657 0.048828 0.048828
0 0.551551 0.635074 0.048828 0.048828
0 0.510860 0.624365 0.048828 0.048828
0 0.453037 0.613657 0.048828 0.048828
0 0.013646 0.862774 0.048828 0.048828
0 0.097234 0.768993 0.048828 0.048828
0 0.055440 0.702735 0.048828 0.048828
0 0.041169 0.735354 0.048828 0.048828
0 0.035053 0.780206 0.048828 0.048828
0 0.024859 0.670115 0.048828 0.048828
0 0.004472 0.594682 0.048828 0.048828
0 0.163492 0.590605 0.048828 0.048828
0 0.125776 0.919859 0.048828 0.048828
0 0.126795 0.961653 0.048828 0.048828
0 0.614050 0.968788 0.048828 0.048828
0 0.658902 0.966749 0.048828 0.048828
0 0.632399 0.926994 0.048828 0.048828
0 0.561043 0.917820 0.048828 0.048828
0 0.605895 0.881123 0.048828 0.048828
0 0.608953 0.839329 0.048828 0.048828
0 0.707831 0.974904 0.048828 0.048828
0 0.692541 0.947381 0.048828 0.048828
0 0.668076 0.907626 0.048828 0.048828
0 0.717006 0.899471 0.048828 0.048828
0 0.687444 0.876026 0.048828 0.048828
0 0.739432 0.858697 0.048828 0.048828
0 0.680309 0.800593 0.048828 0.048828
0 0.626283 0.784284 0.048828 0.048828
0 0.653805 0.763896 0.048828 0.048828
0 0.625263 0.734335 0.048828 0.048828
0 0.539637 0.764916 0.048828 0.048828
0 0.540656 0.733316 0.048828 0.048828
0 0.659921 0.641573 0.048828 0.048828
0 0.726180 0.606915 0.048828 0.048828
0 0.732296 0.666038 0.048828 0.048828
0 0.690502 0.692541 0.048828 0.048828
0 0.748606 0.726180 0.048828 0.048828
0 0.772051 0.772051 0.048828 0.048828
0 0.757780 0.795497 0.048828 0.048828
0 0.794477 0.808748 0.048828 0.048828
0 0.778167 0.840348 0.048828 0.048828
0 0.800593 0.852581 0.048828 0.048828
0 0.788361 0.888259 0.048828 0.048828
0 0.823019 0.782245 0.048828 0.048828
0 0.847484 0.750645 0.048828 0.048828
0 0.803651 0.744528 0.048828 0.048828
0 0.835252 0.714967 0.048828 0.048828
0 0.850542 0.654825 0.048828 0.048828
0 0.797535 0.669096 0.048828 0.048828
0 0.809768 0.615070 0.048828 0.048828
0 0.848503 0.604876 0.048828 0.048828
0 0.815884 0.574295 0.048828 0.048828
0 0.850542 0.572256 0.048828 0.048828
0 0.880104 0.536579 0.048828 0.048828
0 0.893355 0.615070 0.048828 0.048828
0 0.934130 0.545753 0.048828 0.048828
0 0.942285 0.596721 0.048828 0.048828
0 0.989175 0.588566 0.048828 0.048828
0 0.968788 0.502940 0.048828 0.048828
0 0.955536 0.665018 0.048828 0.048828
0 0.914762 0.691522 0.048828 0.048828
0 0.941265 0.717006 0.048828 0.048828
0 0.908646 0.749625 0.048828 0.048828
0 0.937188 0.786322 0.048828 0.048828
0 0.875007 0.834232 0.048828 0.048828
0 0.908646 0.845445 0.048828 0.048828
0 0.963691 0.816903 0.048828 0.048828
0 0.850542 0.885200 0.048828 0.048828
0 0.881123 0.894375 0.048828 0.048828
0 0.842387 0.913743 0.048828 0.048828
0 0.869910 0.934130 0.048828 0.048828
0 0.915781 0.944323 0.048828 0.048828
0 0.929033 0.899471 0.048828 0.048828
0 0.977962 0.861755 0.048828 0.048828
0 0.964711 0.950440 0.048828 0.048828
0 0.976943 0.895394 0.048828 0.048828
0 0.955536 0.995291 0.048828 0.048828
0 0.914762 0.997330 0.048828 0.048828
0 0.869910 0.983059 0.048828 0.048828
0 0.824039 0.970827 0.048828 0.048828
0 0.802632 0.924956 0.048828 0.048828
0 0.750645 0.947381 0.048828 0.048828
0 0.777148 0.986117 0.048828 0.048828