0 0.030852 0.934154 0.048828 0.048828
0 0.113607 0.927111 0.048828 0.048828
0 0.178756 0.913025 0.048828 0.048828
0 0.233339 0.918308 0.048828 0.048828
0 0.294965 0.918308 0.048828 0.048828
0 0.358353 0.921829 0.048828 0.048828
0 0.388286 0.898939 0.048828 0.048828
0 0.504496 0.860203 0.048828 0.048828
0 0.550275 0.842595 0.048828 0.048828
0 0.625988 0.821466 0.048828 0.048828
0 0.666485 0.821466 0.048828 0.048828
0 0.747480 0.823227 0.048828 0.048828
0 0.703461 0.786251 0.048828 0.048828
0 0.754523 0.772165 0.048828 0.048828
0 0.816150 0.812662 0.048828 0.048828
0 0.807346 0.772165 0.048828 0.048828
0 0.810867 0.745753 0.048828 0.048828
0 0.867212 0.752796 0.048828 0.048828
0 0.909470 0.775686 0.048828 0.048828
0 0.907709 0.832031 0.048828 0.048828
0 0.967575 0.765122 0.048828 0.048828
0 0.967575 0.698213 0.048828 0.048828
0 0.923556 0.710538 0.048828 0.048828
0 0.909470 0.662998 0.048828 0.048828
0 0.972857 0.652433 0.048828 0.048828
0 0.969336 0.529180 0.048828 0.048828
0 0.981661 0.580242 0.048828 0.048828
0 0.935881 0.604893 0.048828 0.048828
0 0.909470 0.560874 0.048828 0.048828
0 0.868972 0.610175 0.048828 0.048828
0 0.849604 0.566156 0.048828 0.048828
0 0.802064 0.615457 0.048828 0.048828
0 0.782695 0.543266 0.048828 0.048828
0 0.782695 0.604893 0.048828 0.048828
0 0.738676 0.631304 0.048828 0.048828
0 0.777413 0.654194 0.048828 0.048828
0 0.842561 0.650673 0.048828 0.048828
0 0.839039 0.694691 0.048828 0.048828
0 0.780934 0.712299 0.048828 0.048828
0 0.740437 0.682366 0.048828 0.048828
0 0.673528 0.722864 0.048828 0.048828
0 0.643595 0.747514 0.048828 0.048828
0 0.627749 0.699974 0.048828 0.048828
0 0.627749 0.659476 0.048828 0.048828
0 0.680571 0.647151 0.048828 0.048828
0 0.687614 0.622500 0.048828 0.048828
0 0.724590 0.583764 0.048828 0.048828
0 0.856647 0.509812 0.048828 0.048828
0 0.828475 0.490444 0.048828 0.048828
0 0.770370 0.495726 0.048828 0.048828
0 0.728112 0.511573 0.048828 0.048828
0 0.680571 0.553831 0.048828 0.048828
0 0.633031 0.557352 0.048828 0.048828
0 0.569644 0.553831 0.048828 0.048828
0 0.518582 0.539745 0.048828 0.048828
0 0.610141 0.597850 0.048828 0.048828
0 0.664725 0.606654 0.048828 0.048828
0 0.581969 0.678845 0.048828 0.048828
0 0.544993 0.626022 0.048828 0.048828
0 0.509778 0.645390 0.048828 0.048828
0 0.520342 0.692931 0.048828 0.048828
0 0.571404 0.721103 0.048828 0.048828
0 0.597816 0.768643 0.048828 0.048828
0 0.560840 0.798576 0.048828 0.048828
0 0.527385 0.745753 0.048828 0.048828
0 0.518582 0.812662 0.048828 0.048828
0 0.504496 0.768643 0.048828 0.048828
0 0.486888 0.729907 0.048828 0.048828
0 0.465759 0.677084 0.048828 0.048828
0 0.460477 0.638347 0.048828 0.048828
0 0.449912 0.590807 0.048828 0.048828
0 0.423501 0.545027 0.048828 0.048828
0 0.522103 0.582003 0.048828 0.048828
0 0.411175 0.620740 0.048828 0.048828
0 0.379482 0.576721 0.048828 0.048828
0 0.347788 0.611936 0.048828 0.048828
0 0.414697 0.666519 0.048828 0.048828
0 0.381243 0.699974 0.048828 0.048828
0 0.353070 0.645390 0.048828 0.048828
0 0.390046 0.715821 0.048828 0.048828
0 0.437587 0.722864 0.048828 0.048828
0 0.449912 0.779208 0.048828 0.048828
0 0.388286 0.775686 0.048828 0.048828
0 0.351310 0.863724 0.048828 0.048828
0 0.337224 0.824987 0.048828 0.048828
0 0.294965 0.886614 0.048828 0.048828
0 0.286162 0.810901 0.048828 0.048828
0 0.303769 0.789772 0.048828 0.048828
0 0.340745 0.765122 0.048828 0.048828
0 0.344267 0.726385 0.048828 0.048828
0 0.293205 0.747514 0.048828 0.048828
0 0.275597 0.712299 0.048828 0.048828
0 0.312573 0.689409 0.048828 0.048828
0 0.249186 0.752796 0.048828 0.048828
0 0.224535 0.710538 0.048828 0.048828
0 0.206928 0.742232 0.048828 0.048828
0 0.226296 0.685888 0.048828 0.048828
0 0.213971 0.796815 0.048828 0.048828
0 0.169952 0.788012 0.048828 0.048828
0 0.145301 0.846117 0.048828 0.048828
0 0.224535 0.865485 0.048828 0.048828
0 0.118890 0.870767 0.048828 0.048828
0 0.097761 0.854920 0.048828 0.048828
0 0.051981 0.865485 0.048828 0.048828
0 0.039656 0.807380 0.048828 0.048828
0 0.071349 0.810901 0.048828 0.048828
0 0.110086 0.784490 0.048828 0.048828
0 0.110086 0.736950 0.048828 0.048828
0 0.036134 0.731667 0.048828 0.048828
0 0.029091 0.766882 0.048828 0.048828
0 0.053742 0.701734 0.048828 0.048828
0 0.090718 0.705256 0.048828 0.048828
0 0.134737 0.712299 0.048828 0.048828
0 0.171712 0.689409 0.048828 0.048828
0 0.009039 0.033493 0.048828 0.048828
0 0.063028 0.046991 0.048828 0.048828
0 0.031125 0.001590 0.048828 0.048828
0 0.088796 0.002817 0.048828 0.048828
0 0.147694 0.026131 0.048828 0.048828
0 0.989443 0.434735 0.048828 0.048828
0 0.950178 0.483816 0.048828 0.048828
0 0.918694 0.514441 0.048828 0.048828
0 0.923201 0.447962 0.048828 0.048828
0 0.984046 0.390497 0.048828 0.048828
0 0.986299 0.353314 0.048828 0.048828
0 0.867990 0.468243 0.048828 0.048828
0 0.880384 0.422046 0.048828 0.048828
0 0.853342 0.414159 0.048828 0.048828
0 0.815032 0.434441 0.048828 0.048828
0 0.772215 0.460356 0.048828 0.048828
0 0.722638 0.471624 0.048828 0.048828
0 0.753060 0.440075 0.048828 0.048828
0 0.774469 0.404018 0.048828 0.048828
0 0.713624 0.407399 0.048828 0.048828
0 0.698976 0.340920 0.048828 0.048828
0 0.787990 0.343173 0.048828 0.048828
0 0.842074 0.360075 0.048828 0.048828
0 0.899539 0.355568 0.048828 0.048828
0 0.922074 0.384863 0.048828 0.048828
0 0.925454 0.305990 0.048828 0.048828
0 0.934468 0.274441 0.048828 0.048828
0 0.982919 0.272188 0.048828 0.048828
0 0.999820 0.224864 0.048828 0.048828
0 0.953623 0.010780 0.048828 0.048828
0 0.890525 0.004019 0.048828 0.048828
0 0.915314 0.045709 0.048828 0.048828
0 0.995313 0.070498 0.048828 0.048828
0 0.941229 0.105428 0.048828 0.048828
0 0.891652 0.103174 0.048828 0.048828
0 0.838694 0.079512 0.048828 0.048828
0 0.851088 0.124582 0.048828 0.048828
0 0.934468 0.168526 0.048828 0.048828
0 0.982919 0.151625 0.048828 0.048828
0 0.923201 0.225991 0.048828 0.048828
0 0.884891 0.205709 0.048828 0.048828
0 0.834187 0.182047 0.048828 0.048828
0 0.881511 0.258667 0.048828 0.048828
0 0.820666 0.231624 0.048828 0.048828
0 0.808272 0.293596 0.048828 0.048828
0 0.757567 0.269934 0.048828 0.048828
0 0.753060 0.222610 0.048828 0.048828
0 0.697849 0.296976 0.048828 0.048828
0 0.700103 0.260920 0.048828 0.048828
0 0.702356 0.207962 0.048828 0.048828
0 0.656159 0.235005 0.048828 0.048828
0 0.764328 0.177540 0.048828 0.048828
0 0.801511 0.144864 0.048828 0.048828
0 0.749680 0.134723 0.048828 0.048828
0 0.755314 0.084019 0.048828 0.048828
0 0.703483 0.134723 0.048828 0.048828
0 0.629117 0.173033 0.048828 0.048828
0 0.597568 0.131343 0.048828 0.048828
0 0.655033 0.108808 0.048828 0.048828
0 0.709117 0.073878 0.048828 0.048828
0 0.765455 0.040076 0.048828 0.048828
0 0.812779 0.024301 0.048828 0.048828
0 0.695596 0.019794 0.048828 0.048828
0 0.675314 0.051343 0.048828 0.048828
0 0.630244 0.065991 0.048828 0.048828
0 0.625737 0.011907 0.048828 0.048828
0 0.581793 0.038949 0.048828 0.048828
0 0.581793 0.094160 0.048828 0.048828
0 0.579540 0.179794 0.048828 0.048828
0 0.540103 0.194441 0.048828 0.048828
0 0.553624 0.239512 0.048828 0.048828
0 0.561512 0.284582 0.048828 0.048828
0 0.585174 0.346554 0.048828 0.048828
0 0.580667 0.405145 0.048828 0.048828
0 0.638131 0.392751 0.048828 0.048828
0 0.586300 0.450215 0.048828 0.048828
0 0.597568 0.493032 0.048828 0.048828
0 0.664047 0.463736 0.048828 0.048828
0 0.644892 0.507680 0.048828 0.048828
0 0.558131 0.509934 0.048828 0.048828
0 0.516441 0.478384 0.048828 0.048828
0 0.469118 0.453596 0.048828 0.048828
0 0.507427 0.431060 0.048828 0.048828
0 0.527709 0.369089 0.048828 0.048828
0 0.524329 0.325145 0.048828 0.048828
0 0.514188 0.264300 0.048828 0.048828
0 0.486019 0.168526 0.048828 0.048828
0 0.517568 0.135850 0.048828 0.048828
0 0.458977 0.213596 0.048828 0.048828
0 0.451089 0.265427 0.048828 0.048828
0 0.446582 0.325145 0.048828 0.048828
0 0.465737 0.376976 0.048828 0.048828
0 0.443202 0.410779 0.048828 0.048828
0 0.454470 0.508807 0.048828 0.048828
0 0.406019 0.473877 0.048828 0.048828
0 0.364329 0.482891 0.048828 0.048828
0 0.342921 0.527962 0.048828 0.048828
0 0.302357 0.541483 0.048828 0.048828
0 0.301231 0.585426 0.048828 0.048828
0 0.277569 0.618102 0.048828 0.048828
0 0.270808 0.662046 0.048828 0.048828
0 0.223484 0.636130 0.048828 0.048828
0 0.194189 0.658666 0.048828 0.048828
0 0.538977 0.016414 0.048828 0.048828
0 0.528836 0.060357 0.048828 0.048828
0 0.482639 0.058104 0.048828 0.048828
0 0.454470 0.002893 0.048828 0.048828
0 0.413906 0.023174 0.048828 0.048828
0 0.371090 0.054723 0.048828 0.048828
0 0.411653 0.093033 0.048828 0.048828
0 0.351935 0.097540 0.048828 0.048828
0 0.342921 0.138104 0.048828 0.048828
0 0.371090 0.164019 0.048828 0.048828
0 0.406019 0.178667 0.048828 0.048828
0 0.427428 0.142611 0.048828 0.048828
0 0.480385 0.117822 0.048828 0.048828
0 0.416160 0.221484 0.048828 0.048828
0 0.347428 0.204582 0.048828 0.048828
0 0.403766 0.254160 0.048828 0.048828
0 0.366583 0.249653 0.048828 0.048828
0 0.331653 0.247399 0.048828 0.048828
0 0.260667 0.239512 0.048828 0.048828
0 0.275315 0.188808 0.048828 0.048828
0 0.284329 0.141484 0.048828 0.048828
0 0.239259 0.142611 0.048828 0.048828
0 0.291090 0.090780 0.048828 0.048828
0 0.256160 0.068245 0.048828 0.048828
0 0.304611 0.046836 0.048828 0.048828
0 0.212217 0.059230 0.048828 0.048828
0 0.175034 0.031062 0.048828 0.048828
0 0.120949 0.073878 0.048828 0.048828
0 0.172780 0.079512 0.048828 0.048828
0 0.073626 0.099794 0.048828 0.048828
0 0.048837 0.124582 0.048828 0.048828
0 0.028555 0.174160 0.048828 0.048828
0 0.049964 0.244019 0.048828 0.048828
0 0.066865 0.178667 0.048828 0.048828
0 0.092781 0.232751 0.048828 0.048828
0 0.132217 0.179794 0.048828 0.048828
0 0.147992 0.121202 0.048828 0.048828
0 0.196442 0.153878 0.048828 0.048828
0 0.215597 0.225991 0.048828 0.048828
0 0.138978 0.273314 0.048828 0.048828
0 0.125456 0.301483 0.048828 0.048828
0 0.173907 0.305990 0.048828 0.048828
0 0.117569 0.343173 0.048828 0.048828
0 0.132217 0.425427 0.048828 0.048828
0 0.145738 0.369089 0.048828 0.048828
0 0.200949 0.338666 0.048828 0.048828
0 0.264048 0.329652 0.048828 0.048828
0 0.303484 0.296976 0.048828 0.048828
0 0.347428 0.343173 0.048828 0.048828
0 0.391371 0.308244 0.048828 0.048828
0 0.402639 0.354441 0.048828 0.048828
0 0.371090 0.381483 0.048828 0.048828
0 0.306864 0.402892 0.048828 0.048828
0 0.399259 0.427680 0.048828 0.048828
0 0.340667 0.420920 0.048828 0.048828
0 0.320386 0.447962 0.048828 0.048828
0 0.267428 0.453596 0.048828 0.048828
0 0.298977 0.486272 0.048828 0.048828
0 0.246020 0.513314 0.048828 0.048828
0 0.195315 0.548243 0.048828 0.048828
0 0.152499 0.548243 0.048828 0.048828
0 0.170527 0.506553 0.048828 0.048828
0 0.180668 0.487398 0.048828 0.048828
0 0.199822 0.456976 0.048828 0.048828
0 0.231372 0.411906 0.048828 0.048828
0 0.229118 0.367962 0.048828 0.048828
0 0.181794 0.401765 0.048828 0.048828
0 0.168273 0.437821 0.048828 0.048828
0 0.138978 0.478384 0.048828 0.048828
0 0.113062 0.508807 0.048828 0.048828
0 0.082640 0.557257 0.048828 0.048828
0 0.102921 0.619229 0.048828 0.048828
0 0.151372 0.616975 0.048828 0.048828
0 0.205456 0.607961 0.048828 0.048828
0 0.241513 0.591060 0.048828 0.048828
0 0.089400 0.668806 0.048828 0.048828
0 0.021795 0.673313 0.048828 0.048828
0 0.012781 0.589933 0.048828 0.048828
0 0.027429 0.551624 0.048828 0.048828
0 0.000386 0.489652 0.048828 0.048828
0 0.994351 0.811436 0.048828 0.048828
0 0.077753 0.461730 0.048828 0.048828
0 0.090023 0.472773 0.048828 0.048828