0 0.538745 0.378980 0.048828 0.048828
0 0.584581 0.367521 0.048828 0.048828
0 0.620868 0.336963 0.048828 0.048828
0 0.695351 0.277759 0.048828 0.048828
0 0.699171 0.325504 0.048828 0.048828
0 0.741187 0.285398 0.048828 0.048828
0 0.779384 0.270119 0.048828 0.048828
0 0.813761 0.237652 0.048828 0.048828
0 0.851958 0.224283 0.048828 0.048828
0 0.892064 0.199455 0.048828 0.048828
0 0.918802 0.186086 0.048828 0.048828
0 0.903523 0.165078 0.048828 0.048828
0 0.699171 0.396168 0.048828 0.048828
0 0.729728 0.394258 0.048828 0.048828
0 0.752646 0.352242 0.048828 0.048828
0 0.804212 0.340783 0.048828 0.048828
0 0.859597 0.310226 0.048828 0.048828
0 0.813761 0.165078 0.048828 0.048828
0 0.641876 0.436275 0.048828 0.048828
0 0.681982 0.436275 0.048828 0.048828
0 0.981827 0.046668 0.048828 0.048828
0 0.832859 0.115423 0.048828 0.048828
0 0.929194 0.344286 0.048828 0.048828
0 0.929194 0.317042 0.048828 0.048828
0 0.982209 0.307470 0.048828 0.048828
0 0.979264 0.270654 0.048828 0.048828
0 0.920358 0.261818 0.048828 0.048828
0 0.944657 0.256664 0.048828 0.048828
0 0.799601 0.371530 0.048828 0.048828
0 0.776775 0.402456 0.048828 0.048828
0 0.765730 0.413501 0.048828 0.048828
0 0.936557 0.160942 0.048828 0.048828
0 0.736974 0.450786 0.048828 0.048828
0 0.904193 0.345292 0.048828 0.048828
0 0.875013 0.346414 0.048828 0.048828