0 0.171361 0.999260 0.048828 0.048828
0 0.198099 0.985891 0.048828 0.048828
0 0.182820 0.964883 0.048828 0.048828
0 0.412000 0.623022 0.048828 0.048828
0 0.266853 0.754801 0.048828 0.048828
0 0.093058 0.964883 0.048828 0.048828
0 0.492213 0.741432 0.048828 0.048828
0 0.314599 0.794908 0.048828 0.048828
0 0.261123 0.846473 0.048828 0.048828
0 0.112156 0.915227 0.048828 0.048828
0 0.415820 0.884670 0.048828 0.048828
0 0.988771 0.363285 0.048828 0.048828
0 0.958213 0.374744 0.048828 0.048828
0 0.921926 0.386203 0.048828 0.048828
0 0.874180 0.367105 0.048828 0.048828
0 0.845533 0.386203 0.048828 0.048828
0 0.786328 0.405301 0.048828 0.048828
0 0.215854 0.960746 0.048828 0.048828
0 0.469149 0.730277 0.048828 0.048828
0 0.508175 0.700824 0.048828 0.048828
0 0.607578 0.616147 0.048828 0.048828
0 0.480892 0.780357 0.048828 0.048828