0 0.020484 0.285398 0.048828 0.048828
0 0.058681 0.270119 0.048828 0.048828
0 0.093058 0.237652 0.048828 0.048828
0 0.131255 0.224283 0.048828 0.048828
0 0.171361 0.199455 0.048828 0.048828
0 0.198099 0.186086 0.048828 0.048828
0 0.182820 0.165078 0.048828 0.048828
0 0.009025 0.394258 0.048828 0.048828
0 0.031943 0.352242 0.048828 0.048828
0 0.083509 0.340783 0.048828 0.048828
0 0.138894 0.310226 0.048828 0.048828
0 0.093058 0.165078 0.048828 0.048828
0 0.261123 0.046668 0.048828 0.048828
0 0.112156 0.115423 0.048828 0.048828
0 0.415820 0.084865 0.048828 0.048828
0 0.208491 0.344286 0.048828 0.048828
0 0.208491 0.317042 0.048828 0.048828
0 0.261506 0.307470 0.048828 0.048828
0 0.258561 0.270654 0.048828 0.048828
0 0.307894 0.227211 0.048828 0.048828
0 0.199655 0.261818 0.048828 0.048828
0 0.223953 0.256664 0.048828 0.048828
0 0.078898 0.371530 0.048828 0.048828
0 0.056072 0.402456 0.048828 0.048828
0 0.045027 0.413501 0.048828 0.048828
0 0.215854 0.160942 0.048828 0.048828
0 0.016271 0.450786 0.048828 0.048828
0 0.183489 0.345292 0.048828 0.048828
0 0.154310 0.346414 0.048828 0.048828