0 0.793354 0.482399 0.008537 0.011905
0 0.801368 0.479605 0.008537 0.011905
0 0.807712 0.472155 0.008537 0.011905
0 0.820734 0.457720 0.008537 0.011905
0 0.821402 0.469361 0.008537 0.011905
0 0.828748 0.459583 0.008537 0.011905
0 0.835426 0.455858 0.008537 0.011905
0 0.841436 0.447942 0.008537 0.011905
0 0.848114 0.444682 0.008537 0.011905
0 0.855126 0.438629 0.008537 0.011905
0 0.859801 0.435370 0.008537 0.011905
0 0.857130 0.430248 0.008537 0.011905
0 0.897198 0.346899 0.008537 0.011905
0 0.871821 0.379028 0.008537 0.011905
0 0.821402 0.486590 0.008537 0.011905
0 0.826744 0.486124 0.008537 0.011905
0 0.830751 0.475880 0.008537 0.011905
0 0.839767 0.473086 0.008537 0.011905
0 0.849450 0.465636 0.008537 0.011905
0 0.841436 0.430248 0.008537 0.011905
0 0.911222 0.375768 0.008537 0.011905
0 0.811385 0.496368 0.008537 0.011905
0 0.818397 0.496368 0.008537 0.011905
0 0.880169 0.388806 0.008537 0.011905
0 0.870820 0.401378 0.008537 0.011905
0 0.844775 0.418141 0.008537 0.011905
0 0.897866 0.410691 0.008537 0.011905
0 0.998037 0.283572 0.008537 0.011905
0 0.992694 0.286366 0.008537 0.011905
0 0.986350 0.289160 0.008537 0.011905
0 0.978003 0.284504 0.008537 0.011905
0 0.972994 0.289160 0.008537 0.011905
0 0.962643 0.293816 0.008537 0.011905
0 0.861618 0.473940 0.008537 0.011905
0 0.861618 0.467298 0.008537 0.011905
0 0.870886 0.464964 0.008537 0.011905
0 0.870372 0.455988 0.008537 0.011905
0 0.878997 0.445396 0.008537 0.011905
0 0.860073 0.453834 0.008537 0.011905
0 0.864321 0.452577 0.008537 0.011905
0 0.838960 0.480583 0.008537 0.011905
0 0.834970 0.488123 0.008537 0.011905
0 0.833039 0.490815 0.008537 0.011905
0 0.862905 0.429239 0.008537 0.011905
0 0.907190 0.373048 0.008537 0.011905
0 0.914012 0.365868 0.008537 0.011905
0 0.931392 0.345222 0.008537 0.011905
0 0.828011 0.499906 0.008537 0.011905
0 0.857247 0.474185 0.008537 0.011905
0 0.852145 0.474459 0.008537 0.011905
0 0.909243 0.385259 0.008537 0.011905