0 0.022089 0.018019 0.048828 0.048828
0 0.034295 0.047663 0.048828 0.048828
0 0.052605 0.027610 0.048828 0.048828
0 0.084864 0.001453 0.048828 0.048828
0 0.102302 0.050279 0.048828 0.048828
0 0.063939 0.059869 0.048828 0.048828
0 0.020345 0.076435 0.048828 0.048828
0 0.019473 0.103463 0.048828 0.048828
0 0.056092 0.086898 0.048828 0.048828
0 0.005523 0.132235 0.048828 0.048828
0 0.049989 0.124389 0.048828 0.048828
0 0.070914 0.110438 0.048828 0.048828
0 0.091839 0.095616 0.048828 0.048828
0 0.131074 0.072948 0.048828 0.048828
0 0.163334 0.068588 0.048828 0.048828
0 0.206056 0.066844 0.048828 0.048828
0 0.244419 0.051151 0.048828 0.048828
0 0.266216 0.067716 0.048828 0.048828
0 0.387407 0.122645 0.048828 0.048828
0 0.421410 0.124389 0.048828 0.048828
0 0.121483 0.113926 0.048828 0.048828
0 0.138049 0.101720 0.048828 0.048828
0 0.165077 0.099976 0.048828 0.048828
0 0.199081 0.095616 0.048828 0.048828
0 0.213031 0.112182 0.048828 0.048828
0 0.245290 0.108695 0.048828 0.048828
0 0.207800 0.147057 0.048828 0.048828
0 0.175540 0.147057 0.048828 0.048828
0 0.159846 0.127004 0.048828 0.048828
0 0.001164 0.202858 0.048828 0.048828
0 0.029555 0.241639 0.048828 0.048828
0 0.036830 0.207340 0.048828 0.048828
0 0.064893 0.230206 0.048828 0.048828
0 0.052421 0.271781 0.048828 0.048828
0 0.086720 0.301922 0.048828 0.048828
0 0.095035 0.184474 0.048828 0.048828
0 0.152200 0.193828 0.048828 0.048828
0 0.157397 0.240600 0.048828 0.048828
0 0.191696 0.219812 0.048828 0.048828
0 0.238467 0.221891 0.048828 0.048828
0 0.221837 0.208379 0.048828 0.048828
0 0.247822 0.182395 0.048828 0.048828
0 0.263412 0.208379 0.048828 0.048828
0 0.304987 0.219812 0.048828 0.048828
0 0.371506 0.237481 0.048828 0.048828
0 0.419317 0.218773 0.048828 0.048828
0 0.450498 0.210458 0.048828 0.048828
0 0.411002 0.190710 0.048828 0.048828
0 0.377742 0.201104 0.048828 0.048828
0 0.339286 0.231245 0.048828 0.048828
0 0.337207 0.184474 0.048828 0.048828
0 0.361112 0.175120 0.048828 0.048828
0 0.328892 0.162647 0.048828 0.048828
0 0.293554 0.169923 0.048828 0.048828
0 0.298750 0.192789 0.048828 0.048828
0 0.475442 0.159529 0.048828 0.048828
0 0.502466 0.184474 0.048828 0.048828
0 0.547159 0.176159 0.048828 0.048828
0 0.551316 0.148096 0.048828 0.048828
0 0.551316 0.205261 0.048828 0.048828
0 0.585615 0.215655 0.048828 0.048828
0 0.617066 0.915300 0.048828 0.048828
0 0.345440 0.990020 0.048828 0.048828
0 0.414149 0.831199 0.048828 0.048828
0 0.450194 0.809798 0.048828 0.048828
0 0.374726 0.770375 0.048828 0.048828
0 0.340934 0.746721 0.048828 0.048828
0 0.315027 0.824441 0.048828 0.048828
0 0.236181 0.674632 0.048828 0.048828
0 0.271098 0.690401 0.048828 0.048828
0 0.390495 0.667874 0.048828 0.048828
0 0.373599 0.361497 0.048828 0.048828
0 0.005272 0.632956 0.048828 0.048828
0 0.024420 0.887519 0.048828 0.048828
0 0.046948 0.845842 0.048828 0.048828
0 0.155081 0.901035 0.048828 0.048828