0 0.665145 0.660748 0.048828 0.048828
0 0.641930 0.724062 0.048828 0.048828
0 0.614494 0.680798 0.048828 0.048828
0 0.593389 0.612208 0.048828 0.048828
0 0.570174 0.587938 0.048828 0.048828
0 0.565953 0.644920 0.048828 0.048828
0 0.526910 0.631202 0.048828 0.048828
0 0.522689 0.657583 0.048828 0.048828
0 0.523744 0.736725 0.048828 0.048828
0 0.371791 0.630147 0.048828 0.048828
0 0.278931 0.944605 0.048828 0.048828
0 0.246219 0.947770 0.048828 0.048828
0 0.217728 0.939329 0.048828 0.048828
0 0.159690 0.486636 0.048828 0.048828
0 0.271544 0.349456 0.048828 0.048828
0 0.371791 0.388499 0.048828 0.048828
0 0.594444 0.298805 0.048828 0.048828
0 0.639819 0.312523 0.048828 0.048828
0 0.670421 0.319910 0.048828 0.048828
0 0.714740 0.318854 0.048828 0.048828
0 0.802324 0.347346 0.048828 0.048828
0 0.825539 0.303026 0.048828 0.048828
0 0.156525 0.946715 0.048828 0.048828