0 0.880658 0.443645 0.048828 0.048828
0 0.932635 0.409660 0.048828 0.048828
0 0.838046 0.443822 0.048828 0.048828
0 0.956701 0.496391 0.048828 0.048828
0 0.994250 0.505403 0.048828 0.048828
0 0.952195 0.735203 0.048828 0.048828
0 0.976226 0.741211 0.048828 0.048828
0 0.665320 0.819313 0.048828 0.048828
0 0.582712 0.820815 0.048828 0.048828
0 0.455045 0.846349 0.048828 0.048828
0 0.171173 0.874886 0.048828 0.048828
0 0.869587 0.993541 0.048828 0.048828
0 0.839548 0.996545 0.048828 0.048828
0 0.761445 0.990537 0.048828 0.048828
0 0.719390 0.966506 0.048828 0.048828