0 0.601033 0.885125 0.048828 0.048828
0 0.636716 0.868473 0.048828 0.048828
0 0.543183 0.662484 0.048828 0.048828
0 0.550752 0.631126 0.048828 0.048828
0 0.518313 0.632207 0.048828 0.048828
0 0.499931 0.596524 0.048828 0.048828
0 0.479386 0.609500 0.048828 0.048828
0 0.457760 0.606256 0.048828 0.048828
0 0.437215 0.605175 0.048828 0.048828
0 0.415589 0.605175 0.048828 0.048828
0 0.482630 0.658159 0.048828 0.048828
0 0.520476 0.904696 0.048828 0.048828
0 0.411264 0.929566 0.048828 0.048828
0 0.323678 0.967412 0.048828 0.048828
0 0.375580 0.632207 0.048828 0.048828
0 0.357198 0.582467 0.048828 0.048828
0 0.615630 0.309978 0.048828 0.048828
0 0.039294 0.239693 0.048828 0.048828
0 0.025237 0.631126 0.048828 0.048828
0 0.269612 0.874420 0.048828 0.048828
0 0.239336 0.875501 0.048828 0.048828
0 0.199327 0.897127 0.048828 0.048828
0 0.110660 0.250506 0.048828 0.048828
0 0.459922 0.558678 0.048828 0.048828