0 0.990800 0.895728 0.048828 0.048828
0 0.967473 0.874856 0.048828 0.048828
0 0.956423 0.898184 0.048828 0.048828
0 0.920818 0.879767 0.048828 0.048828
0 0.901174 0.861351 0.048828 0.048828
0 0.890124 0.898184 0.048828 0.048828
0 0.847152 0.914144 0.048828 0.048828
0 0.817686 0.931333 0.048828 0.048828
0 0.879074 0.944838 0.048828 0.048828
0 0.898718 0.952205 0.048828 0.048828
0 0.924501 0.958344 0.048828 0.048828
0 0.969928 0.962027 0.048828 0.048828
0 0.645800 0.911689 0.048828 0.048828
0 0.681405 0.916600 0.048828 0.048828
0 0.853291 0.872401 0.048828 0.048828
0 0.828736 0.857668 0.048828 0.048828
0 0.793131 0.856440 0.048828 0.048828
0 0.777170 0.887134 0.048828 0.048828
0 0.740338 0.878539 0.048828 0.048828
0 0.713327 0.850301 0.048828 0.048828
0 0.681405 0.847845 0.048828 0.048828
0 0.644573 0.846618 0.048828 0.048828
0 0.621245 0.850301 0.048828 0.048828
0 0.581957 0.849073 0.048828 0.048828
0 0.623701 0.817152 0.048828 0.048828
0 0.639662 0.756991 0.048828 0.048828
0 0.662989 0.759447 0.048828 0.048828
0 0.696138 0.759447 0.048828 0.048828
0 0.745249 0.779091 0.048828 0.048828
0 0.782081 0.791369 0.048828 0.048828
0 0.814003 0.797507 0.048828 0.048828
0 0.854519 0.806102 0.048828 0.048828
0 0.893807 0.813468 0.048828 0.048828
0 0.919590 0.823290 0.048828 0.048828
0 0.982206 0.825746 0.048828 0.048828
0 0.854519 0.673504 0.048828 0.048828
0 0.800498 0.671048 0.048828 0.048828
0 0.766120 0.663682 0.048828 0.048828
0 0.728060 0.666137 0.048828 0.048828
0 0.610195 0.695604 0.048828 0.048828
0 0.589323 0.727525 0.048828 0.048828
0 0.640889 0.943611 0.048828 0.048828
0 0.336405 0.820835 0.048828 0.048828