0 0.727438 0.651264 0.006883 0.011854
0 0.717919 0.650370 0.006883 0.011854
0 0.710477 0.651562 0.006883 0.011854
0 0.742669 0.594633 0.006883 0.011854
0 0.714284 0.544260 0.006883 0.011854
0 0.721380 0.544260 0.006883 0.011854
0 0.726573 0.526079 0.006883 0.011854
0 0.740592 0.526675 0.006883 0.011854
0 0.736092 0.523694 0.006883 0.011854
0 0.767938 0.534126 0.006883 0.011854
0 0.775034 0.532934 0.006883 0.011854
0 0.784034 0.532934 0.006883 0.011854
0 0.749073 0.525780 0.006883 0.011854
0 0.720169 0.484350 0.006883 0.011854
0 0.761534 0.492398 0.006883 0.011854
0 0.607150 0.411325 0.006883 0.011854
0 0.603689 0.408344 0.006883 0.011854
0 0.598843 0.412517 0.006883 0.011854
0 0.595900 0.403277 0.006883 0.011854
0 0.579977 0.400297 0.006883 0.011854
0 0.574439 0.397614 0.006883 0.011854
0 0.568381 0.399402 0.006883 0.011854
0 0.563362 0.400595 0.006883 0.011854
0 0.557131 0.400893 0.006883 0.011854
0 0.553670 0.399104 0.006883 0.011854
0 0.547958 0.387480 0.006883 0.011854
0 0.542074 0.384499 0.006883 0.011854
0 0.559035 0.417882 0.006883 0.011854
0 0.564401 0.419671 0.006883 0.011854
0 0.569766 0.422353 0.006883 0.011854
0 0.576516 0.417286 0.006883 0.011854
0 0.585516 0.413709 0.006883 0.011854
0 0.584650 0.455140 0.006883 0.011854
0 0.579631 0.451861 0.006883 0.011854
0 0.597977 0.459015 0.006883 0.011854
0 0.566651 0.478091 0.006883 0.011854
0 0.561458 0.478091 0.006883 0.011854
0 0.557477 0.478389 0.006883 0.011854
0 0.552978 0.480475 0.006883 0.011854
0 0.563708 0.489417 0.006883 0.011854
0 0.578766 0.562442 0.006883 0.011854
0 0.571670 0.553798 0.006883 0.011854
0 0.561631 0.546943 0.006883 0.011854
0 0.556093 0.529953 0.006883 0.011854
0 0.553843 0.538001 0.006883 0.011854
0 0.549689 0.533530 0.006883 0.011854
0 0.547958 0.526973 0.006883 0.011854
0 0.545362 0.525780 0.006883 0.011854
0 0.543112 0.523396 0.006883 0.011854
0 0.535843 0.517435 0.006883 0.011854
0 0.532035 0.515944 0.006883 0.011854
0 0.526324 0.507599 0.006883 0.011854
0 0.519747 0.505810 0.006883 0.011854
0 0.522689 0.495974 0.006883 0.011854
0 0.519920 0.494186 0.006883 0.011854
0 0.513516 0.491205 0.006883 0.011854
0 0.506420 0.491503 0.006883 0.011854
0 0.501574 0.494186 0.006883 0.011854
0 0.495170 0.490907 0.006883 0.011854
0 0.503997 0.501637 0.006883 0.011854
0 0.494132 0.501339 0.006883 0.011854
0 0.492055 0.497465 0.006883 0.011854
0 0.487901 0.501637 0.006883 0.011854
0 0.483747 0.504320 0.006883 0.011854
0 0.487901 0.491503 0.006883 0.011854
0 0.514035 0.476302 0.006883 0.011854
0 0.510920 0.472129 0.006883 0.011854
0 0.505901 0.475110 0.006883 0.011854
0 0.503824 0.471533 0.006883 0.011854
0 0.500362 0.470341 0.006883 0.011854
0 0.499670 0.464976 0.006883 0.011854
0 0.496036 0.467658 0.006883 0.011854
0 0.494824 0.462889 0.006883 0.011854
0 0.497766 0.475408 0.006883 0.011854
0 0.493093 0.475110 0.006883 0.011854
0 0.488939 0.476302 0.006883 0.011854
0 0.487901 0.458717 0.006883 0.011854
0 0.505555 0.454842 0.006883 0.011854
0 0.502093 0.450669 0.006883 0.011854
0 0.493612 0.450073 0.006883 0.011854
0 0.534458 0.408940 0.006883 0.011854
0 0.522862 0.403277 0.006883 0.011854
0 0.512651 0.400893 0.006883 0.011854
0 0.504862 0.407450 0.006883 0.011854
0 0.498286 0.408344 0.006883 0.011854
0 0.547266 0.588373 0.006883 0.011854
0 0.546228 0.574364 0.006883 0.011854
0 0.477516 0.502830 0.006883 0.011854
0 0.480978 0.491205 0.006883 0.011854
0 0.472151 0.507003 0.006883 0.011854
0 0.467305 0.509983 0.006883 0.011854
0 0.462286 0.508791 0.006883 0.011854
0 0.457267 0.507897 0.006883 0.011854
0 0.452593 0.508791 0.006883 0.011854
0 0.448613 0.509983 0.006883 0.011854
0 0.441863 0.507301 0.006883 0.011854
0 0.435978 0.506705 0.006883 0.011854
0 0.420228 0.496869 0.006883 0.011854
0 0.436671 0.479581 0.006883 0.011854
0 0.416594 0.475706 0.006883 0.011854
0 0.413132 0.476302 0.006883 0.011854
0 0.411921 0.466168 0.006883 0.011854
0 0.408286 0.462293 0.006883 0.011854
0 0.407940 0.473322 0.006883 0.011854
0 0.413998 0.498359 0.006883 0.011854
0 0.404478 0.493590 0.006883 0.011854
0 0.397728 0.482263 0.006883 0.011854
0 0.401190 0.475408 0.006883 0.011854
0 0.401536 0.467062 0.006883 0.011854
0 0.397728 0.464976 0.006883 0.011854
0 0.394613 0.484648 0.006883 0.011854
0 0.394613 0.478389 0.006883 0.011854
0 0.389248 0.470937 0.006883 0.011854
0 0.388555 0.480475 0.006883 0.011854
0 0.381459 0.479283 0.006883 0.011854
0 0.378171 0.477196 0.006883 0.011854
0 0.368998 0.475110 0.006883 0.011854
0 0.378517 0.490311 0.006883 0.011854
0 0.387863 0.495974 0.006883 0.011854
0 0.381113 0.497465 0.006883 0.011854
0 0.362421 0.473918 0.006883 0.011854
0 0.357748 0.468553 0.006883 0.011854
0 0.481151 0.462591 0.006883 0.011854
0 0.476997 0.462293 0.006883 0.011854
0 0.472151 0.462889 0.006883 0.011854
0 0.473536 0.457226 0.006883 0.011854
0 0.467132 0.456928 0.006883 0.011854
0 0.464709 0.463486 0.006883 0.011854
0 0.458305 0.456034 0.006883 0.011854
0 0.453459 0.454842 0.006883 0.011854
0 0.437363 0.444410 0.006883 0.011854
0 0.443074 0.445304 0.006883 0.011854
0 0.449997 0.445006 0.006883 0.011854
0 0.457786 0.445304 0.006883 0.011854
0 0.465920 0.445900 0.006883 0.011854
0 0.442901 0.415498 0.006883 0.011854
0 0.438574 0.416690 0.006883 0.011854
0 0.431305 0.416690 0.006883 0.011854
0 0.434767 0.402681 0.006883 0.011854
0 0.426113 0.402681 0.006883 0.011854
0 0.429055 0.420863 0.006883 0.011854
0 0.424728 0.420565 0.006883 0.011854
0 0.419190 0.418478 0.006883 0.011854
0 0.413478 0.422949 0.006883 0.011854
0 0.408632 0.421161 0.006883 0.011854
0 0.392017 0.420565 0.006883 0.011854
0 0.383017 0.416690 0.006883 0.011854
0 0.375055 0.415200 0.006883 0.011854
0 0.370036 0.418776 0.006883 0.011854
0 0.363286 0.420863 0.006883 0.011854
0 0.366575 0.406854 0.006883 0.011854
0 0.361902 0.408642 0.006883 0.011854
0 0.357402 0.408642 0.006883 0.011854
0 0.425247 0.446198 0.006883 0.011854
0 0.419709 0.442621 0.006883 0.011854
0 0.415036 0.440237 0.006883 0.011854
0 0.409325 0.437256 0.006883 0.011854
0 0.401536 0.439045 0.006883 0.011854
0 0.395652 0.439939 0.006883 0.011854
0 0.351517 0.406556 0.006883 0.011854
0 0.356709 0.420565 0.006883 0.011854
0 0.353421 0.418180 0.006883 0.011854
0 0.347536 0.422949 0.006883 0.011854
0 0.336633 0.423843 0.006883 0.011854
0 0.330402 0.426824 0.006883 0.011854
0 0.358267 0.447390 0.006883 0.011854
0 0.352902 0.448881 0.006883 0.011854
0 0.334729 0.445602 0.006883 0.011854
0 0.332825 0.442323 0.006883 0.011854
0 0.355152 0.482263 0.006883 0.011854
0 0.350133 0.478389 0.006883 0.011854
0 0.347709 0.473322 0.006883 0.011854
0 0.350306 0.487331 0.006883 0.011854
0 0.357056 0.491503 0.006883 0.011854
0 0.352209 0.494782 0.006883 0.011854
0 0.357056 0.497763 0.006883 0.011854
0 0.352036 0.500445 0.006883 0.011854
0 0.338536 0.511175 0.006883 0.011854
0 0.340786 0.504022 0.006883 0.011854
0 0.343902 0.491801 0.006883 0.011854
0 0.340613 0.488225 0.006883 0.011854
0 0.342517 0.480177 0.006883 0.011854
0 0.337671 0.483456 0.006883 0.011854
0 0.335767 0.476898 0.006883 0.011854
0 0.339056 0.473024 0.006883 0.011854
0 0.332998 0.473024 0.006883 0.011854
0 0.329883 0.467658 0.006883 0.011854
0 0.329363 0.482860 0.006883 0.011854
0 0.326594 0.481965 0.006883 0.011854
0 0.321921 0.484350 0.006883 0.011854
0 0.317594 0.487032 0.006883 0.011854
0 0.317594 0.480475 0.006883 0.011854
0 0.311364 0.484648 0.006883 0.011854
0 0.308594 0.492100 0.006883 0.011854
0 0.302191 0.492994 0.006883 0.011854
0 0.321229 0.501637 0.006883 0.011854
0 0.325037 0.500743 0.006883 0.011854
0 0.299767 0.484350 0.006883 0.011854
0 0.306864 0.477495 0.006883 0.011854
0 0.310325 0.475408 0.006883 0.011854
0 0.315517 0.471831 0.006883 0.011854
0 0.319844 0.473620 0.006883 0.011854
0 0.324517 0.473024 0.006883 0.011854
0 0.313440 0.461995 0.006883 0.011854
0 0.310671 0.464380 0.006883 0.011854
0 0.307902 0.464678 0.006883 0.011854
0 0.305133 0.464976 0.006883 0.011854
0 0.306171 0.457822 0.006883 0.011854
0 0.303575 0.461995 0.006883 0.011854
0 0.300287 0.469149 0.006883 0.011854
0 0.299594 0.461399 0.006883 0.011854
0 0.296998 0.464380 0.006883 0.011854
0 0.294748 0.459313 0.006883 0.011854
0 0.292498 0.466764 0.006883 0.011854
0 0.288864 0.472726 0.006883 0.011854
0 0.286614 0.466764 0.006883 0.011854
0 0.269652 0.495080 0.006883 0.011854
0 0.273287 0.494484 0.006883 0.011854
0 0.277095 0.493292 0.006883 0.011854
0 0.280383 0.498359 0.006883 0.011854
0 0.273806 0.503128 0.006883 0.011854
0 0.282979 0.503724 0.006883 0.011854
0 0.287825 0.507003 0.006883 0.011854
0 0.286094 0.496570 0.006883 0.011854
0 0.289383 0.496272 0.006883 0.011854
0 0.292844 0.500743 0.006883 0.011854
0 0.308421 0.516541 0.006883 0.011854
0 0.264287 0.509685 0.006883 0.011854
0 0.260479 0.511175 0.006883 0.011854
0 0.259960 0.506406 0.006883 0.011854
0 0.259268 0.496570 0.006883 0.011854
0 0.255287 0.512666 0.006883 0.011854
0 0.251652 0.502830 0.006883 0.011854
0 0.250960 0.497167 0.006883 0.011854
0 0.245422 0.496570 0.006883 0.011854
0 0.245595 0.504618 0.006883 0.011854
0 0.249402 0.513262 0.006883 0.011854
0 0.241441 0.503426 0.006883 0.011854
0 0.237806 0.499253 0.006883 0.011854
0 0.231922 0.495676 0.006883 0.011854
0 0.228806 0.492696 0.006883 0.011854
0 0.232268 0.530848 0.006883 0.011854
0 0.254595 0.478687 0.006883 0.011854
0 0.246114 0.475706 0.006883 0.011854
0 0.242652 0.477495 0.006883 0.011854
0 0.236595 0.474812 0.006883 0.011854
0 0.218249 0.448881 0.006883 0.011854
0 0.221710 0.450073 0.006883 0.011854
0 0.232268 0.446794 0.006883 0.011854
0 0.236422 0.447688 0.006883 0.011854
0 0.239364 0.450371 0.006883 0.011854
0 0.252518 0.447688 0.006883 0.011854
0 0.256152 0.445602 0.006883 0.011854
0 0.262383 0.444708 0.006883 0.011854
0 0.266883 0.444112 0.006883 0.011854
0 0.272595 0.445304 0.006883 0.011854
0 0.278479 0.447092 0.006883 0.011854
0 0.284537 0.444410 0.006883 0.011854
0 0.288864 0.443217 0.006883 0.011854
0 0.300979 0.439939 0.006883 0.011854
0 0.302017 0.422353 0.006883 0.011854
0 0.324517 0.411325 0.006883 0.011854
0 0.318114 0.409835 0.006883 0.011854
0 0.314652 0.406258 0.006883 0.011854
0 0.308940 0.403575 0.006883 0.011854
0 0.310152 0.390461 0.006883 0.011854
0 0.306517 0.380625 0.006883 0.011854
0 0.299248 0.391951 0.006883 0.011854
0 0.293364 0.396124 0.006883 0.011854
0 0.287133 0.406556 0.006883 0.011854
0 0.282806 0.408940 0.006883 0.011854
0 0.292325 0.422949 0.006883 0.011854
0 0.287306 0.423545 0.006883 0.011854
0 0.279691 0.425334 0.006883 0.011854
0 0.221018 0.422651 0.006883 0.011854
0 0.226037 0.431295 0.006883 0.011854
0 0.231402 0.422055 0.006883 0.011854
0 0.218941 0.409835 0.006883 0.011854
0 0.223095 0.408344 0.006883 0.011854
0 0.233652 0.410431 0.006883 0.011854
0 0.245249 0.422651 0.006883 0.011854
0 0.247325 0.426228 0.006883 0.011854
0 0.250268 0.430401 0.006883 0.011854
0 0.255460 0.429805 0.006883 0.011854
0 0.263595 0.425334 0.006883 0.011854
0 0.272421 0.408344 0.006883 0.011854
0 0.231576 0.379432 0.006883 0.011854
0 0.229326 0.358866 0.006883 0.011854
0 0.228979 0.366318 0.006883 0.011854
0 0.225345 0.367808 0.006883 0.011854
0 0.221018 0.368702 0.006883 0.011854
0 0.217729 0.363039 0.006883 0.011854
0 0.205441 0.364529 0.006883 0.011854
0 0.196960 0.354991 0.006883 0.011854
0 0.204749 0.374067 0.006883 0.011854
0 0.197999 0.373769 0.006883 0.011854
0 0.191595 0.370788 0.006883 0.011854
0 0.210633 0.388374 0.006883 0.011854
0 0.204576 0.398210 0.006883 0.011854
0 0.205095 0.406556 0.006883 0.011854
0 0.207691 0.426228 0.006883 0.011854
0 0.200076 0.425632 0.006883 0.011854
0 0.187614 0.421161 0.006883 0.011854
0 0.188480 0.404469 0.006883 0.011854
0 0.195922 0.397614 0.006883 0.011854
0 0.184499 0.396720 0.006883 0.011854
0 0.180518 0.408940 0.006883 0.011854
0 0.174980 0.406258 0.006883 0.011854
0 0.167884 0.406556 0.006883 0.011854
0 0.192460 0.425036 0.006883 0.011854
0 0.188480 0.436064 0.006883 0.011854
0 0.181037 0.432785 0.006883 0.011854
0 0.199037 0.450669 0.006883 0.011854
0 0.192980 0.451265 0.006883 0.011854
0 0.180691 0.445602 0.006883 0.011854
0 0.172903 0.439641 0.006883 0.011854
0 0.165461 0.436660 0.006883 0.011854
0 0.170653 0.428612 0.006883 0.011854
0 0.175672 0.428910 0.006883 0.011854
0 0.165114 0.419671 0.006883 0.011854
0 0.163903 0.412517 0.006883 0.011854
0 0.164768 0.387480 0.006883 0.011854
0 0.196614 0.467360 0.006883 0.011854
0 0.188307 0.465274 0.006883 0.011854
0 0.179826 0.463784 0.006883 0.011854
0 0.173422 0.456630 0.006883 0.011854
0 0.176710 0.482263 0.006883 0.011854
0 0.159403 0.411027 0.006883 0.011854
0 0.157326 0.418180 0.006883 0.011854
0 0.155422 0.409536 0.006883 0.011854
0 0.152826 0.414007 0.006883 0.011854
0 0.148672 0.410133 0.006883 0.011854
0 0.146076 0.416094 0.006883 0.011854
0 0.143653 0.408344 0.006883 0.011854
0 0.139672 0.411623 0.006883 0.011854
0 0.136384 0.406556 0.006883 0.011854
0 0.134826 0.412219 0.006883 0.011854
0 0.129807 0.407748 0.006883 0.011854
0 0.127038 0.403277 0.006883 0.011854
0 0.125480 0.412219 0.006883 0.011854
0 0.119422 0.416094 0.006883 0.011854
0 0.115269 0.420267 0.006883 0.011854
0 0.123922 0.423545 0.006883 0.011854
0 0.126692 0.425334 0.006883 0.011854
0 0.130326 0.426824 0.006883 0.011854
0 0.136730 0.427718 0.006883 0.011854
0 0.145903 0.438747 0.006883 0.011854
0 0.152134 0.447688 0.006883 0.011854
0 0.158191 0.455140 0.006883 0.011854
0 0.158711 0.448583 0.006883 0.011854
0 0.147288 0.465274 0.006883 0.011854
0 0.140884 0.470937 0.006883 0.011854
0 0.134826 0.469149 0.006883 0.011854
0 0.124788 0.468255 0.006883 0.011854
0 0.116826 0.462293 0.006883 0.011854
0 0.110249 0.458121 0.006883 0.011854
0 0.103153 0.467658 0.006883 0.011854
0 0.101596 0.461101 0.006883 0.011854
0 0.098134 0.462293 0.006883 0.011854
0 0.093634 0.457524 0.006883 0.011854
0 0.090519 0.453650 0.006883 0.011854
0 0.083769 0.447986 0.006883 0.011854
0 0.078923 0.445006 0.006883 0.011854
0 0.071827 0.443814 0.006883 0.011854
0 0.091038 0.415498 0.006883 0.011854
0 0.096057 0.416690 0.006883 0.011854
0 0.120288 0.405960 0.006883 0.011854
0 0.116826 0.402383 0.006883 0.011854
0 0.111807 0.402085 0.006883 0.011854
0 0.109557 0.409536 0.006883 0.011854
0 0.104365 0.407450 0.006883 0.011854
0 0.100557 0.400595 0.006883 0.011854
0 0.096057 0.399999 0.006883 0.011854
0 0.090865 0.399700 0.006883 0.011854
0 0.087576 0.400595 0.006883 0.011854
0 0.082038 0.400297 0.006883 0.011854
0 0.087923 0.392547 0.006883 0.011854
0 0.090173 0.377942 0.006883 0.011854
0 0.093461 0.378538 0.006883 0.011854
0 0.098134 0.378538 0.006883 0.011854
0 0.105057 0.383307 0.006883 0.011854
0 0.110249 0.386288 0.006883 0.011854
0 0.114749 0.387778 0.006883 0.011854
0 0.120461 0.389864 0.006883 0.011854
0 0.125999 0.391653 0.006883 0.011854
0 0.129634 0.394037 0.006883 0.011854
0 0.138461 0.394633 0.006883 0.011854
0 0.149711 0.398806 0.006883 0.011854
0 0.159230 0.401787 0.006883 0.011854
0 0.148326 0.382711 0.006883 0.011854
0 0.120461 0.357674 0.006883 0.011854
0 0.112845 0.357078 0.006883 0.011854
0 0.107999 0.355289 0.006883 0.011854
0 0.102634 0.355885 0.006883 0.011854
0 0.086019 0.363039 0.006883 0.011854
0 0.083076 0.370788 0.006883 0.011854
0 0.090346 0.423247 0.006883 0.011854
0 0.100038 0.445602 0.006883 0.011854
0 0.047423 0.393441 0.006883 0.011854
0 0.065942 0.441131 0.006883 0.011854