0 0.867573 0.143628 0.048828 0.048828
0 0.834861 0.135186 0.048828 0.048828
0 0.803204 0.123579 0.048828 0.048828
0 0.802149 0.106695 0.048828 0.048828
0 0.833806 0.113026 0.048828 0.048828
0 0.773658 0.089811 0.048828 0.048828
0 0.769437 0.120413 0.048828 0.048828
0 0.708234 0.085590 0.048828 0.048828
0 0.737780 0.089811 0.048828 0.048828
0 0.639644 0.073983 0.048828 0.048828
0 0.610097 0.051823 0.048828 0.048828
0 0.580551 0.035995 0.048828 0.048828
0 0.558391 0.044436 0.048828 0.048828
0 0.488746 0.022277 0.048828 0.048828
0 0.968875 0.922387 0.048828 0.048828
0 0.747277 0.919221 0.048828 0.048828
0 0.713510 0.909724 0.048828 0.048828
0 0.532010 0.812643 0.048828 0.048828
0 0.495077 0.791538 0.048828 0.048828
0 0.954102 0.642751 0.048828 0.048828
0 0.923500 0.625867 0.048828 0.048828
0 0.888678 0.636420 0.048828 0.048828
0 0.756774 0.562554 0.048828 0.048828
0 0.800038 0.563609 0.048828 0.048828
0 0.824309 0.565719 0.048828 0.048828
0 0.870739 0.576272 0.048828 0.048828
0 0.918224 0.582603 0.048828 0.048828
0 0.972041 0.591045 0.048828 0.048828
0 0.997366 0.597376 0.048828 0.048828
0 0.998421 0.438037 0.048828 0.048828
0 0.985759 0.392662 0.048828 0.048828
0 0.914003 0.429595 0.048828 0.048828
0 0.885512 0.408490 0.048828 0.048828
0 0.857021 0.375778 0.048828 0.048828
0 0.833806 0.364171 0.048828 0.048828
0 0.811646 0.393717 0.048828 0.048828
0 0.763105 0.381054 0.048828 0.048828
0 0.763105 0.410601 0.048828 0.048828
0 0.738835 0.476025 0.048828 0.048828
0 0.714565 0.455976 0.048828 0.048828
0 0.695571 0.447534 0.048828 0.048828
0 0.660748 0.448589 0.048828 0.048828
0 0.628036 0.450699 0.048828 0.048828
0 0.597435 0.405325 0.048828 0.048828
0 0.598490 0.482356 0.048828 0.048828
0 0.591103 0.525621 0.048828 0.048828
0 0.643865 0.534062 0.048828 0.048828
0 0.537287 0.449644 0.048828 0.048828
0 0.503519 0.275532 0.048828 0.048828
0 0.526734 0.279752 0.048828 0.048828
0 0.458144 0.212218 0.048828 0.048828
0 0.501409 0.228046 0.048828 0.048828
0 0.546784 0.239654 0.048828 0.048828
0 0.526734 0.180561 0.048828 0.048828
0 0.562612 0.183727 0.048828 0.048828
0 0.639644 0.195334 0.048828 0.048828
0 0.718786 0.199555 0.048828 0.048828
0 0.796873 0.170009 0.048828 0.048828
0 0.698737 0.134131 0.048828 0.048828
0 0.671301 0.126744 0.048828 0.048828
0 0.612208 0.134131 0.048828 0.048828
0 0.538342 0.122523 0.048828 0.048828
0 0.415935 0.144683 0.048828 0.048828
0 0.366340 0.132020 0.048828 0.048828
0 0.338904 0.145738 0.048828 0.048828
0 0.300915 0.151015 0.048828 0.048828
0 0.495077 0.097198 0.048828 0.048828
0 0.460255 0.062375 0.048828 0.048828
0 0.258706 0.152070 0.048828 0.048828