0 0.008293 0.321515 0.048828 0.048828
0 0.043976 0.323678 0.048828 0.048828
0 0.020188 0.340979 0.048828 0.048828
0 0.036407 0.252312 0.048828 0.048828
0 0.061277 0.264206 0.048828 0.048828
0 0.069928 0.244742 0.048828 0.048828
0 0.103448 0.243661 0.048828 0.048828
0 0.153188 0.227441 0.048828 0.048828
0 0.209416 0.277182 0.048828 0.048828
0 0.128318 0.355036 0.048828 0.048828
0 0.153188 0.336653 0.048828 0.048828
0 0.201847 0.316109 0.048828 0.048828
0 0.246181 0.355036 0.048828 0.048828
0 0.246181 0.310702 0.048828 0.048828
0 0.276457 0.305296 0.048828 0.048828
0 0.302409 0.272856 0.048828 0.048828
0 0.342417 0.231767 0.048828 0.048828
0 0.381344 0.232848 0.048828 0.048828
0 0.778184 0.004692 0.048828 0.048828