0 0.995800 0.267904 0.048828 0.048828
0 0.915331 0.030102 0.048828 0.048828
0 0.934548 0.038509 0.048828 0.048828
0 0.935749 0.076942 0.048828 0.048828
0 0.998202 0.050519 0.048828 0.048828
0 0.954965 0.009684 0.048828 0.048828
0 0.995800 0.008483 0.048828 0.048828
0 0.861285 0.040911 0.048828 0.048828
0 0.828858 0.069735 0.048828 0.048828
0 0.879300 0.069735 0.048828 0.048828
0 0.820450 0.026499 0.048828 0.048828
0 0.784420 0.030102 0.048828 0.048828
0 0.735178 0.050519 0.048828 0.048828
0 0.761600 0.108168 0.048828 0.048828
0 0.688338 0.008483 0.048828 0.048828
0 0.665519 0.020493 0.048828 0.048828
0 0.609070 0.050519 0.048828 0.048828
0 0.935749 0.277512 0.048828 0.048828
0 0.965774 0.288321 0.048828 0.048828
0 0.921336 0.257095 0.048828 0.048828
0 0.924939 0.303935 0.048828 0.048828
0 0.960970 0.333960 0.048828 0.048828
0 0.896115 0.289522 0.048828 0.048828
0 0.864888 0.266703 0.048828 0.048828
0 0.801234 0.288321 0.048828 0.048828
0 0.863687 0.345971 0.048828 0.048828
0 0.815646 0.365187 0.048828 0.048828
0 0.767605 0.315945 0.048828 0.048828
0 0.713559 0.302734 0.048828 0.048828
0 0.670323 0.288321 0.048828 0.048828
0 0.658312 0.303935 0.048828 0.048828
0 0.630689 0.344769 0.048828 0.048828
0 0.577844 0.383202 0.048828 0.048828
0 0.555024 0.367589 0.048828 0.048828
0 0.553823 0.400017 0.048828 0.048828
0 0.535808 0.155008 0.048828 0.048828
0 0.541813 0.510511 0.048828 0.048828