0 0.615254 0.092714 0.008550 0.012821
0 0.609453 0.103016 0.008550 0.012821
0 0.617392 0.105763 0.008550 0.012821
0 0.618613 0.113089 0.008550 0.012821
0 0.630674 0.122475 0.008550 0.012821
0 0.641513 0.118354 0.008550 0.012821
0 0.642734 0.112631 0.008550 0.012821
0 0.650063 0.119270 0.008550 0.012821
0 0.662123 0.120872 0.008550 0.012821
0 0.668535 0.118583 0.008550 0.012821
0 0.664413 0.127511 0.008550 0.012821
0 0.659681 0.130258 0.008550 0.012821
0 0.654948 0.138041 0.008550 0.012821
0 0.649299 0.125451 0.008550 0.012821
0 0.636017 0.136210 0.008550 0.012821
0 0.631590 0.135065 0.008550 0.012821
0 0.626246 0.135981 0.008550 0.012821
0 0.631590 0.145596 0.008550 0.012821
0 0.638460 0.145138 0.008550 0.012821
0 0.636170 0.153608 0.008550 0.012821
0 0.641971 0.134837 0.008550 0.012821
0 0.642276 0.143765 0.008550 0.012821
0 0.656169 0.145138 0.008550 0.012821
0 0.656475 0.150861 0.008550 0.012821
0 0.665635 0.141475 0.008550 0.012821
0 0.669451 0.135294 0.008550 0.012821
0 0.680138 0.140560 0.008550 0.012821
0 0.685787 0.138270 0.008550 0.012821
0 0.674642 0.151548 0.008550 0.012821
0 0.666551 0.158874 0.008550 0.012821
0 0.660749 0.160705 0.008550 0.012821
0 0.647315 0.171693 0.008550 0.012821
0 0.640902 0.174440 0.008550 0.012821
0 0.640597 0.184055 0.008550 0.012821
0 0.646246 0.179935 0.008550 0.012821
0 0.657849 0.178790 0.008550 0.012821
0 0.673574 0.171236 0.008550 0.012821
0 0.679528 0.161621 0.008550 0.012821
0 0.687161 0.149717 0.008550 0.012821
0 0.697390 0.152693 0.008550 0.012821
0 0.665635 0.172380 0.008550 0.012821
0 0.675711 0.181079 0.008550 0.012821
0 0.663803 0.188405 0.008550 0.012821
0 0.657696 0.195959 0.008550 0.012821
0 0.668230 0.204430 0.008550 0.012821
0 0.624567 0.131174 0.008550 0.012821
0 0.622124 0.122017 0.008550 0.012821
0 0.634948 0.126824 0.008550 0.012821
0 0.635712 0.118812 0.008550 0.012821
0 0.634948 0.108739 0.008550 0.012821
0 0.627315 0.098209 0.008550 0.012821
0 0.632964 0.099124 0.008550 0.012821
0 0.605331 0.102329 0.008550 0.012821
0 0.614185 0.133005 0.008550 0.012821
0 0.607010 0.120185 0.008550 0.012821
0 0.604262 0.115149 0.008550 0.012821
0 0.676169 0.212213 0.008550 0.012821
0 0.684871 0.217707 0.008550 0.012821
0 0.690062 0.219310 0.008550 0.012821
0 0.692199 0.214960 0.008550 0.012821
0 0.691894 0.208321 0.008550 0.012821
0 0.700138 0.202598 0.008550 0.012821
0 0.706550 0.202598 0.008550 0.012821
0 0.700138 0.208321 0.008550 0.012821
0 0.704107 0.214731 0.008550 0.012821
0 0.707619 0.208779 0.008550 0.012821
0 0.697848 0.217249 0.008550 0.012821
0 0.706245 0.222515 0.008550 0.012821
0 0.709451 0.217249 0.008550 0.012821
0 0.715099 0.210382 0.008550 0.012821
0 0.718153 0.223201 0.008550 0.012821
0 0.711435 0.225720 0.008550 0.012821
0 0.703802 0.230069 0.008550 0.012821
0 0.703649 0.237166 0.008550 0.012821
0 0.710061 0.232816 0.008550 0.012821
0 0.696016 0.240371 0.008550 0.012821
0 0.680596 0.251588 0.008550 0.012821
0 0.691741 0.247925 0.008550 0.012821
0 0.701207 0.244720 0.008550 0.012821
0 0.708993 0.242660 0.008550 0.012821
0 0.712657 0.238997 0.008550 0.012821
0 0.716321 0.235105 0.008550 0.012821
0 0.723191 0.229153 0.008550 0.012821
0 0.728840 0.228009 0.008550 0.012821
0 0.736320 0.227551 0.008550 0.012821
0 0.743038 0.223430 0.008550 0.012821
0 0.746854 0.227780 0.008550 0.012821
0 0.768075 0.242202 0.008550 0.012821
0 0.774029 0.242660 0.008550 0.012821
0 0.721511 0.239913 0.008550 0.012821
0 0.724412 0.236708 0.008550 0.012821
0 0.729145 0.236250 0.008550 0.012821
0 0.735099 0.235105 0.008550 0.012821
0 0.737542 0.239455 0.008550 0.012821
0 0.743190 0.238539 0.008550 0.012821
0 0.736626 0.248612 0.008550 0.012821
0 0.730977 0.248612 0.008550 0.012821
0 0.728229 0.243347 0.008550 0.012821
0 0.700443 0.263263 0.008550 0.012821
0 0.693767 0.275356 0.008550 0.012821
0 0.705415 0.273446 0.008550 0.012821
0 0.706689 0.264440 0.008550 0.012821
0 0.711602 0.270444 0.008550 0.012821
0 0.709418 0.281360 0.008550 0.012821
0 0.715424 0.289274 0.008550 0.012821
0 0.716880 0.258436 0.008550 0.012821
0 0.726890 0.260892 0.008550 0.012821
0 0.727800 0.273173 0.008550 0.012821
0 0.733806 0.267715 0.008550 0.012821
0 0.741996 0.268261 0.008550 0.012821
0 0.739084 0.264713 0.008550 0.012821
0 0.743634 0.257890 0.008550 0.012821
0 0.746364 0.264713 0.008550 0.012821
0 0.753643 0.267715 0.008550 0.012821
0 0.765291 0.272354 0.008550 0.012821
0 0.773663 0.267442 0.008550 0.012821
0 0.779123 0.265259 0.008550 0.012821
0 0.772207 0.260074 0.008550 0.012821
0 0.766383 0.262803 0.008550 0.012821
0 0.759649 0.270717 0.008550 0.012821
0 0.759285 0.258436 0.008550 0.012821
0 0.763471 0.255980 0.008550 0.012821
0 0.757829 0.252705 0.008550 0.012821
0 0.751641 0.254616 0.008550 0.012821
0 0.752551 0.260619 0.008550 0.012821
0 0.783491 0.251887 0.008550 0.012821
0 0.788222 0.258436 0.008550 0.012821
0 0.796048 0.256253 0.008550 0.012821
0 0.796776 0.248885 0.008550 0.012821
0 0.796776 0.263894 0.008550 0.012821
0 0.802782 0.266623 0.008550 0.012821
0 0.537310 0.160421 0.008550 0.012821
0 0.534122 0.165201 0.008550 0.012821
0 0.527747 0.161018 0.008550 0.012821
0 0.525356 0.153849 0.008550 0.012821
0 0.519977 0.154446 0.008550 0.012821
0 0.514997 0.151459 0.008550 0.012821
0 0.512008 0.146082 0.008550 0.012821
0 0.511411 0.152654 0.008550 0.012821
0 0.507625 0.151758 0.008550 0.012821
0 0.504637 0.147277 0.008550 0.012821
0 0.499258 0.140704 0.008550 0.012821
0 0.490691 0.134132 0.008550 0.012821
0 0.490492 0.141899 0.008550 0.012821
0 0.481128 0.143393 0.008550 0.012821
0 0.479535 0.136821 0.008550 0.012821
0 0.474753 0.140107 0.008550 0.012821
0 0.471167 0.131145 0.008550 0.012821
0 0.462999 0.134431 0.008550 0.012821
0 0.456225 0.135327 0.008550 0.012821
0 0.453635 0.130249 0.008550 0.012821
0 0.370359 0.086036 0.008550 0.012821
0 0.542689 0.158330 0.008550 0.012821
0 0.314576 0.064527 0.008550 0.012821
0 0.304416 0.063631 0.008550 0.012821
0 0.293060 0.060643 0.008550 0.012821
0 0.268555 0.060345 0.008550 0.012821
0 0.256801 0.060942 0.008550 0.012821
0 0.249828 0.057058 0.008550 0.012821
0 0.236679 0.064228 0.008550 0.012821
0 0.233093 0.063631 0.008550 0.012821
0 0.272540 0.056760 0.008550 0.012821
0 0.283298 0.057656 0.008550 0.012821
0 0.808289 0.450325 0.008550 0.012821
0 0.868668 0.571960 0.008550 0.012821
0 0.878381 0.658561 0.008550 0.012821
0 0.875756 0.655412 0.008550 0.012821
0 0.867093 0.653443 0.008550 0.012821
0 0.859480 0.652262 0.008550 0.012821
0 0.853180 0.653443 0.008550 0.012821
0 0.815755 0.680812 0.008550 0.012821
0 0.805696 0.696782 0.008550 0.012821
0 0.799187 0.686431 0.008550 0.012821
0 0.790114 0.678742 0.008550 0.012821
0 0.784198 0.674010 0.008550 0.012821
0 0.777492 0.672827 0.008550 0.012821
0 0.768813 0.672827 0.008550 0.012821
0 0.762699 0.670756 0.008550 0.012821
0 0.761910 0.679333 0.008550 0.012821
0 0.775914 0.682291 0.008550 0.012821
0 0.780647 0.687910 0.008550 0.012821
0 0.771969 0.688206 0.008550 0.012821
0 0.765855 0.684657 0.008550 0.012821
0 0.779858 0.544176 0.008550 0.012821
0 0.773547 0.543585 0.008550 0.012821
0 0.769602 0.512236 0.008550 0.012821
0 0.780845 0.477042 0.008550 0.012821
0 0.774928 0.477929 0.008550 0.012821
0 0.770391 0.472605 0.008550 0.012821
0 0.760727 0.469944 0.008550 0.012821
0 0.772758 0.428243 0.008550 0.012821
0 0.779069 0.422624 0.008550 0.012821
0 0.765855 0.412273 0.008550 0.012821
0 0.759938 0.406062 0.008550 0.012821
0 0.755402 0.426469 0.008550 0.012821
0 0.741595 0.387134 0.008550 0.012821
0 0.747709 0.391275 0.008550 0.012821
0 0.768616 0.385360 0.008550 0.012821
0 0.765658 0.304916 0.008550 0.012821
0 0.677692 0.308465 0.008550 0.012821
0 0.671775 0.308465 0.008550 0.012821
0 0.675522 0.358742 0.008550 0.012821
0 0.686567 0.345138 0.008550 0.012821
0 0.681439 0.359038 0.008550 0.012821
0 0.685778 0.361404 0.008550 0.012821
0 0.689723 0.363179 0.008550 0.012821
0 0.695837 0.372642 0.008550 0.012821
0 0.701163 0.376191 0.008550 0.012821
0 0.698993 0.392162 0.008550 0.012821
0 0.691893 0.387134 0.008550 0.012821
0 0.685187 0.389500 0.008550 0.012821
0 0.684200 0.401626 0.008550 0.012821
0 0.682425 0.435341 0.008550 0.012821
0 0.687356 0.432679 0.008550 0.012821
0 0.704515 0.443031 0.008550 0.012821
0 0.708460 0.432088 0.008550 0.012821
0 0.727394 0.446580 0.008550 0.012821
0 0.687553 0.511644 0.008550 0.012821
0 0.691301 0.515193 0.008550 0.012821
0 0.697021 0.516376 0.008550 0.012821
0 0.691695 0.524361 0.008550 0.012821
0 0.629173 0.690572 0.008550 0.012821
0 0.620889 0.682291 0.008550 0.012821
0 0.635681 0.676967 0.008550 0.012821
0 0.641795 0.673122 0.008550 0.012821
0 0.633314 0.671052 0.008550 0.012821
0 0.628186 0.669574 0.008550 0.012821
0 0.622861 0.671348 0.008550 0.012821
0 0.617733 0.660405 0.008550 0.012821
0 0.609252 0.665433 0.008550 0.012821
0 0.564677 0.736708 0.008550 0.012821
0 0.564677 0.731089 0.008550 0.012821
0 0.561127 0.721625 0.008550 0.012821
0 0.560930 0.731385 0.008550 0.012821
0 0.554619 0.725470 0.008550 0.012821
0 0.548702 0.723695 0.008550 0.012821
0 0.542785 0.736413 0.008550 0.012821
0 0.520497 0.743511 0.008550 0.012821
0 0.522667 0.710978 0.008550 0.012821
0 0.539432 0.689684 0.008550 0.012821
0 0.536473 0.683474 0.008550 0.012821
0 0.520497 0.673418 0.008550 0.012821
0 0.516947 0.677559 0.008550 0.012821
0 0.512016 0.674305 0.008550 0.012821
0 0.508466 0.676376 0.008550 0.012821
0 0.505902 0.676671 0.008550 0.012821
0 0.495646 0.701219 0.008550 0.012821
0 0.504521 0.706246 0.008550 0.012821
0 0.512016 0.709204 0.008550 0.012821
0 0.518525 0.704176 0.008550 0.012821
0 0.517539 0.718076 0.008550 0.012821
0 0.509847 0.718076 0.008550 0.012821
0 0.500182 0.738779 0.008550 0.012821
0 0.497421 0.731385 0.008550 0.012821
0 0.493476 0.733159 0.008550 0.012821
0 0.485587 0.708021 0.008550 0.012821
0 0.484798 0.737004 0.008550 0.012821
0 0.479670 0.736413 0.008550 0.012821
0 0.476317 0.735821 0.008550 0.012821
0 0.470006 0.734342 0.008550 0.012821
0 0.472767 0.740553 0.008550 0.012821
0 0.502944 0.647097 0.008550 0.012821
0 0.507480 0.651237 0.008550 0.012821
0 0.561522 0.668686 0.008550 0.012821
0 0.535487 0.616635 0.008550 0.012821
0 0.525625 0.619001 0.008550 0.012821
0 0.516947 0.613086 0.008550 0.012821
0 0.510044 0.613086 0.008550 0.012821
0 0.475725 0.594158 0.008550 0.012821
0 0.468231 0.595637 0.008550 0.012821
0 0.458566 0.612494 0.008550 0.012821
0 0.458566 0.592679 0.008550 0.012821
0 0.451860 0.615747 0.008550 0.012821
0 0.453044 0.549796 0.008550 0.012821
0 0.449099 0.561921 0.008550 0.012821
0 0.464089 0.556302 0.008550 0.012821
0 0.476120 0.563696 0.008550 0.012821
0 0.511622 0.579370 0.008550 0.012821
0 0.516553 0.586764 0.008550 0.012821
0 0.536079 0.589722 0.008550 0.012821
0 0.542390 0.588539 0.008550 0.012821
0 0.553632 0.588243 0.008550 0.012821
0 0.562113 0.592383 0.008550 0.012821
0 0.525034 0.561034 0.008550 0.012821
0 0.502155 0.555415 0.008550 0.012821
0 0.551660 0.566653 0.008550 0.012821
0 0.598996 0.584102 0.008550 0.012821
0 0.630750 0.627577 0.008550 0.012821
0 0.636667 0.626099 0.008550 0.012821
0 0.633906 0.621367 0.008550 0.012821
0 0.640612 0.618705 0.008550 0.012821
0 0.644951 0.620775 0.008550 0.012821
0 0.649290 0.631422 0.008550 0.012821
0 0.654616 0.628760 0.008550 0.012821
0 0.659349 0.628760 0.008550 0.012821
0 0.662308 0.625507 0.008550 0.012821
0 0.666055 0.635562 0.008550 0.012821
0 0.671380 0.631718 0.008550 0.012821
0 0.677692 0.628169 0.008550 0.012821
0 0.670789 0.618113 0.008550 0.012821
0 0.663294 0.601847 0.008550 0.012821
0 0.656785 0.599481 0.008550 0.012821
0 0.643965 0.597707 0.008550 0.012821
0 0.636470 0.595932 0.008550 0.012821
0 0.631145 0.599777 0.008550 0.012821
0 0.627397 0.602734 0.008550 0.012821
0 0.624044 0.596819 0.008550 0.012821
0 0.636076 0.563991 0.008550 0.012821
0 0.644162 0.561330 0.008550 0.012821
0 0.650276 0.559851 0.008550 0.012821
0 0.676508 0.555711 0.008550 0.012821
0 0.676706 0.569019 0.008550 0.012821
0 0.671380 0.576709 0.008550 0.012821
0 0.665266 0.513419 0.008550 0.012821
0 0.675917 0.512827 0.008550 0.012821
0 0.674536 0.503659 0.008550 0.012821
0 0.638048 0.487688 0.008550 0.012821
0 0.631342 0.486505 0.008550 0.012821
0 0.626214 0.490646 0.008550 0.012821
0 0.617930 0.496857 0.008550 0.012821
0 0.639231 0.497744 0.008550 0.012821
0 0.643768 0.497448 0.008550 0.012821
0 0.621283 0.511348 0.008550 0.012821
0 0.652446 0.466986 0.008550 0.012821
0 0.656193 0.452494 0.008550 0.012821
0 0.638048 0.441848 0.008550 0.012821
0 0.640612 0.401034 0.008550 0.012821
0 0.629173 0.383585 0.008550 0.012821
0 0.630750 0.370868 0.008550 0.012821
0 0.634498 0.363179 0.008550 0.012821
0 0.619903 0.362883 0.008550 0.012821
0 0.613788 0.366728 0.008550 0.012821
0 0.594460 0.369981 0.008550 0.012821
0 0.598404 0.377670 0.008550 0.012821
0 0.630750 0.413456 0.008550 0.012821
0 0.626411 0.552457 0.008550 0.012821
0 0.620297 0.545359 0.008550 0.012821
0 0.613788 0.541515 0.008550 0.012821
0 0.595840 0.542698 0.008550 0.012821
0 0.519906 0.485027 0.008550 0.012821
0 0.521681 0.475563 0.008550 0.012821
0 0.527203 0.484731 0.008550 0.012821
0 0.555210 0.460184 0.008550 0.012821
0 0.552646 0.456043 0.008550 0.012821
0 0.545349 0.456635 0.008550 0.012821
0 0.559352 0.453677 0.008550 0.012821
0 0.538840 0.437116 0.008550 0.012821
0 0.522272 0.435341 0.008550 0.012821
0 0.511030 0.436820 0.008550 0.012821
0 0.500577 0.435341 0.008550 0.012821
0 0.494463 0.431496 0.008550 0.012821
0 0.488348 0.429426 0.008550 0.012821
0 0.482234 0.424990 0.008550 0.012821
0 0.477895 0.420554 0.008550 0.012821
0 0.484798 0.393049 0.008550 0.012821
0 0.471781 0.461367 0.008550 0.012821
0 0.481051 0.470831 0.008550 0.012821
0 0.492687 0.474084 0.008550 0.012821
0 0.504127 0.482365 0.008550 0.012821
0 0.481445 0.481478 0.008550 0.012821
0 0.468033 0.469056 0.008550 0.012821
0 0.460144 0.464029 0.008550 0.012821
0 0.469611 0.502772 0.008550 0.012821
0 0.458961 0.375304 0.008550 0.012821
0 0.457975 0.366728 0.008550 0.012821
0 0.463694 0.362883 0.008550 0.012821
0 0.459947 0.330942 0.008550 0.012821
0 0.432137 0.353419 0.008550 0.012821
0 0.418528 0.351053 0.008550 0.012821
0 0.429179 0.462846 0.008550 0.012821
0 0.421092 0.461663 0.008550 0.012821
0 0.416556 0.380923 0.008550 0.012821
0 0.423064 0.329168 0.008550 0.012821
0 0.429967 0.326210 0.008550 0.012821
0 0.431545 0.330351 0.008550 0.012821
0 0.432926 0.335970 0.008550 0.012821
0 0.439237 0.331534 0.008550 0.012821
0 0.476514 0.319999 0.008550 0.012821
0 0.485784 0.307578 0.008550 0.012821
0 0.502944 0.335378 0.008550 0.012821
0 0.511030 0.342476 0.008550 0.012821
0 0.513594 0.336561 0.008550 0.012821
0 0.530162 0.336265 0.008550 0.012821
0 0.532726 0.330942 0.008550 0.012821
0 0.535881 0.334195 0.008550 0.012821
0 0.537657 0.341589 0.008550 0.012821
0 0.539432 0.322661 0.008550 0.012821
0 0.548307 0.334195 0.008550 0.012821
0 0.564283 0.333604 0.008550 0.012821
0 0.566058 0.349278 0.008550 0.012821
0 0.561522 0.355785 0.008550 0.012821
0 0.563297 0.366728 0.008550 0.012821
0 0.572370 0.376191 0.008550 0.012821
0 0.578681 0.376191 0.008550 0.012821
0 0.571975 0.357559 0.008550 0.012821
0 0.579864 0.362291 0.008550 0.012821
0 0.586965 0.361108 0.008550 0.012821
0 0.548899 0.374121 0.008550 0.012821
0 0.546138 0.377966 0.008550 0.012821
0 0.543179 0.376487 0.008550 0.012821
0 0.538643 0.382402 0.008550 0.012821
0 0.531148 0.379740 0.008550 0.012821
0 0.482431 0.373530 0.008550 0.012821
0 0.648107 0.336265 0.008550 0.012821
0 0.629370 0.330351 0.008550 0.012821
0 0.619903 0.301663 0.008550 0.012821
0 0.611422 0.294269 0.008550 0.012821
0 0.618916 0.284214 0.008550 0.012821
0 0.636470 0.277707 0.008550 0.012821
0 0.643768 0.277412 0.008550 0.012821
0 0.642387 0.272975 0.008550 0.012821
0 0.639231 0.266469 0.008550 0.012821
0 0.628778 0.270018 0.008550 0.012821
0 0.628384 0.262920 0.008550 0.012821
0 0.628581 0.251682 0.008550 0.012821
0 0.624833 0.246358 0.008550 0.012821
0 0.615563 0.245471 0.008550 0.012821
0 0.618522 0.257005 0.008550 0.012821
0 0.622269 0.265582 0.008550 0.012821
0 0.620297 0.272088 0.008550 0.012821
0 0.618916 0.263511 0.008550 0.012821
0 0.613986 0.260850 0.008550 0.012821
0 0.603927 0.258188 0.008550 0.012821
0 0.594460 0.261145 0.008550 0.012821
0 0.600771 0.242809 0.008550 0.012821
0 0.591304 0.243992 0.008550 0.012821
0 0.570200 0.178336 0.008550 0.012821
0 0.564283 0.170351 0.008550 0.012821
0 0.549885 0.191349 0.008550 0.012821
0 0.551068 0.213234 0.008550 0.012821
0 0.560141 0.224473 0.008550 0.012821
0 0.565466 0.243105 0.008550 0.012821
0 0.576906 0.242809 0.008550 0.012821
0 0.572370 0.270314 0.008550 0.012821
0 0.565664 0.265582 0.008550 0.012821
0 0.560930 0.259963 0.008550 0.012821
0 0.554619 0.265286 0.008550 0.012821
0 0.551068 0.258484 0.008550 0.012821
0 0.546138 0.264399 0.008550 0.012821
0 0.539629 0.266765 0.008550 0.012821
0 0.541996 0.274454 0.008550 0.012821
0 0.552055 0.275933 0.008550 0.012821
0 0.559549 0.295452 0.008550 0.012821
0 0.580851 0.297523 0.008550 0.012821
0 0.585979 0.299297 0.008550 0.012821
0 0.594460 0.292199 0.008550 0.012821
0 0.592487 0.306395 0.008550 0.012821
0 0.598404 0.314380 0.008550 0.012821
0 0.606096 0.328576 0.008550 0.012821
0 0.517342 0.286284 0.008550 0.012821
0 0.530359 0.264103 0.008550 0.012821
0 0.543179 0.249611 0.008550 0.012821
0 0.538445 0.255231 0.008550 0.012821
0 0.509847 0.281552 0.008550 0.012821
0 0.485784 0.285988 0.008550 0.012821
0 0.490518 0.270018 0.008550 0.012821
0 0.479670 0.255526 0.008550 0.012821
0 0.488151 0.246062 0.008550 0.012821
0 0.479473 0.235120 0.008550 0.012821
0 0.485193 0.231571 0.008550 0.012821
0 0.490123 0.231571 0.008550 0.012821
0 0.486179 0.223290 0.008550 0.012821
0 0.489137 0.217079 0.008550 0.012821
0 0.492687 0.224177 0.008550 0.012821
0 0.496632 0.217671 0.008550 0.012821
0 0.493476 0.211164 0.008550 0.012821
0 0.499985 0.213234 0.008550 0.012821
0 0.497618 0.207319 0.008550 0.012821
0 0.493674 0.202883 0.008550 0.012821
0 0.507677 0.231571 0.008550 0.012821
0 0.513002 0.230979 0.008550 0.012821
0 0.513989 0.223290 0.008550 0.012821
0 0.516947 0.226543 0.008550 0.012821
0 0.521089 0.227134 0.008550 0.012821
0 0.529570 0.231571 0.008550 0.012821
0 0.533515 0.214417 0.008550 0.012821
0 0.530162 0.217671 0.008550 0.012821
0 0.524836 0.222107 0.008550 0.012821
0 0.522075 0.215009 0.008550 0.012821
0 0.528584 0.208207 0.008550 0.012821
0 0.515764 0.189574 0.008550 0.012821
0 0.509058 0.176562 0.008550 0.012821
0 0.506099 0.165323 0.008550 0.012821
0 0.500577 0.175379 0.008550 0.012821
0 0.492096 0.166506 0.008550 0.012821
0 0.481051 0.166506 0.008550 0.012821
0 0.471781 0.163844 0.008550 0.012821
0 0.486573 0.194602 0.008550 0.012821
0 0.482826 0.190166 0.008550 0.012821
0 0.484601 0.200517 0.008550 0.012821
0 0.481445 0.199334 0.008550 0.012821
0 0.477303 0.198447 0.008550 0.012821
0 0.475331 0.192532 0.008550 0.012821
0 0.468822 0.190462 0.008550 0.012821
0 0.468033 0.201404 0.008550 0.012821
0 0.474937 0.207911 0.008550 0.012821
0 0.480656 0.211460 0.008550 0.012821
0 0.484206 0.211460 0.008550 0.012821
0 0.471978 0.216783 0.008550 0.012821
0 0.463694 0.216192 0.008550 0.012821
0 0.453438 0.224177 0.008550 0.012821
0 0.456594 0.209390 0.008550 0.012821
0 0.454819 0.204953 0.008550 0.012821
0 0.463891 0.194306 0.008550 0.012821
0 0.456002 0.190462 0.008550 0.012821
0 0.448705 0.191053 0.008550 0.012821
0 0.445154 0.204658 0.008550 0.012821
0 0.443182 0.217079 0.008550 0.012821
0 0.438843 0.224473 0.008550 0.012821
0 0.456791 0.239556 0.008550 0.012821
0 0.450282 0.257892 0.008550 0.012821
0 0.453635 0.257892 0.008550 0.012821
0 0.456002 0.259963 0.008550 0.012821
0 0.460736 0.266765 0.008550 0.012821
0 0.470795 0.274158 0.008550 0.012821
0 0.473161 0.258780 0.008550 0.012821
0 0.473753 0.247837 0.008550 0.012821
0 0.469217 0.252865 0.008550 0.012821
0 0.463891 0.253160 0.008550 0.012821
0 0.439829 0.261737 0.008550 0.012821
0 0.434701 0.251977 0.008550 0.012821
0 0.429967 0.254048 0.008550 0.012821
0 0.425234 0.253160 0.008550 0.012821
0 0.421486 0.249316 0.008550 0.012821
0 0.423853 0.264990 0.008550 0.012821
0 0.425826 0.274454 0.008550 0.012821
0 0.427206 0.295452 0.008550 0.012821
0 0.423459 0.288354 0.008550 0.012821
0 0.421486 0.278299 0.008550 0.012821
0 0.414583 0.280961 0.008550 0.012821
0 0.407680 0.279778 0.008550 0.012821
0 0.401763 0.279778 0.008550 0.012821
0 0.428390 0.213530 0.008550 0.012821
0 0.423459 0.215896 0.008550 0.012821
0 0.404524 0.218262 0.008550 0.012821
0 0.431348 0.181294 0.008550 0.012821
0 0.424050 0.186321 0.008550 0.012821
0 0.413597 0.181294 0.008550 0.012821
0 0.398410 0.158817 0.008550 0.012821
0 0.359161 0.257301 0.008550 0.012821
0 0.353047 0.259075 0.008550 0.012821
0 0.345552 0.259963 0.008550 0.012821
0 0.354033 0.272680 0.008550 0.012821
0 0.362119 0.270609 0.008550 0.012821
0 0.362908 0.287171 0.008550 0.012821
0 0.365472 0.291016 0.008550 0.012821
0 0.368825 0.283031 0.008550 0.012821
0 0.373559 0.281848 0.008550 0.012821
0 0.372178 0.287467 0.008550 0.012821
0 0.369023 0.300480 0.008550 0.012821
0 0.379081 0.289242 0.008550 0.012821
0 0.384801 0.282144 0.008550 0.012821
0 0.388549 0.279186 0.008550 0.012821
0 0.391507 0.283031 0.008550 0.012821
0 0.368234 0.341293 0.008550 0.012821
0 0.359950 0.342180 0.008550 0.012821
0 0.394663 0.396007 0.008550 0.012821
0 0.345355 0.307578 0.008550 0.012821
0 0.341015 0.303142 0.008550 0.012821
0 0.336282 0.304916 0.008550 0.012821
0 0.333915 0.311423 0.008550 0.012821
0 0.309064 0.324140 0.008550 0.012821
0 0.300188 0.325027 0.008550 0.012821
0 0.306697 0.355785 0.008550 0.012821
0 0.300386 0.363770 0.008550 0.012821
0 0.282437 0.362587 0.008550 0.012821
0 0.289932 0.387726 0.008550 0.012821
0 0.306500 0.390092 0.008550 0.012821
0 0.313600 0.390979 0.008550 0.012821
0 0.321489 0.394528 0.008550 0.012821
0 0.326026 0.398077 0.008550 0.012821
0 0.335493 0.398668 0.008550 0.012821
0 0.308669 0.411090 0.008550 0.012821
0 0.298019 0.404288 0.008550 0.012821
0 0.290129 0.401034 0.008550 0.012821
0 0.355611 0.212347 0.008550 0.012821
0 0.337663 0.216192 0.008550 0.012821
0 0.297033 0.242809 0.008550 0.012821
0 0.293877 0.245471 0.008550 0.012821
0 0.288946 0.246358 0.008550 0.012821
0 0.270406 0.420554 0.008550 0.012821
0 0.275731 0.419075 0.008550 0.012821
0 0.280071 0.423215 0.008550 0.012821
0 0.262714 0.432088 0.008550 0.012821
0 0.271392 0.442143 0.008550 0.012821
0 0.276520 0.443622 0.008550 0.012821
0 0.277901 0.448354 0.008550 0.012821
0 0.271195 0.451311 0.008550 0.012821
0 0.259361 0.442439 0.008550 0.012821
0 0.265673 0.443622 0.008550 0.012821
0 0.284804 0.422920 0.008550 0.012821
0 0.291905 0.423511 0.008550 0.012821
0 0.289735 0.430018 0.008550 0.012821
0 0.285396 0.435933 0.008550 0.012821
0 0.305119 0.420258 0.008550 0.012821
0 0.311233 0.418483 0.008550 0.012821
0 0.325434 0.447467 0.008550 0.012821
0 0.325631 0.453677 0.008550 0.012821
0 0.315967 0.466986 0.008550 0.012821
0 0.304922 0.482365 0.008550 0.012821
0 0.310247 0.488576 0.008550 0.012821
0 0.315967 0.488280 0.008550 0.012821
0 0.315375 0.496561 0.008550 0.012821
0 0.308275 0.500997 0.008550 0.012821
0 0.310050 0.517263 0.008550 0.012821
0 0.315967 0.514306 0.008550 0.012821
0 0.324448 0.506025 0.008550 0.012821
0 0.324251 0.498335 0.008550 0.012821
0 0.331943 0.489463 0.008550 0.012821
0 0.332337 0.482661 0.008550 0.012821
0 0.340424 0.471718 0.008550 0.012821
0 0.347327 0.474676 0.008550 0.012821
0 0.359555 0.471127 0.008550 0.012821
0 0.349891 0.483548 0.008550 0.012821
0 0.356991 0.483548 0.008550 0.012821
0 0.361725 0.482957 0.008550 0.012821
0 0.367247 0.481478 0.008550 0.012821
0 0.372770 0.486801 0.008550 0.012821
0 0.368234 0.490942 0.008550 0.012821
0 0.379081 0.498040 0.008550 0.012821
0 0.385196 0.497744 0.008550 0.012821
0 0.391676 0.411956 0.008550 0.012821
0 0.400841 0.523384 0.008550 0.012821
0 0.408212 0.528463 0.008550 0.012821
0 0.415783 0.526969 0.008550 0.012821
0 0.415185 0.542205 0.008550 0.012821
0 0.423353 0.541607 0.008550 0.012821
0 0.432518 0.539815 0.008550 0.012821
0 0.451245 0.597471 0.008550 0.012821
0 0.440686 0.604640 0.008550 0.012821
0 0.429728 0.592691 0.008550 0.012821
0 0.432916 0.601952 0.008550 0.012821
0 0.422556 0.599263 0.008550 0.012821
0 0.428334 0.610018 0.008550 0.012821
0 0.436900 0.612408 0.008550 0.012821
0 0.440686 0.620175 0.008550 0.012821
0 0.411997 0.583430 0.008550 0.012821
0 0.369762 0.572676 0.008550 0.012821
0 0.405423 0.553557 0.008550 0.012821
0 0.354421 0.533840 0.008550 0.012821
0 0.346054 0.512929 0.008550 0.012821
0 0.363785 0.469612 0.008550 0.012821
0 0.408810 0.662894 0.008550 0.012821
0 0.402036 0.660504 0.008550 0.012821
0 0.400243 0.669466 0.008550 0.012821
0 0.404825 0.682013 0.008550 0.012821
0 0.410204 0.682312 0.008550 0.012821
0 0.418173 0.687689 0.008550 0.012821
0 0.476945 0.676636 0.008550 0.012821
0 0.483918 0.675739 0.008550 0.012821
0 0.495473 0.679922 0.008550 0.012821
0 0.389684 0.655127 0.008550 0.012821
0 0.383309 0.661400 0.008550 0.012821
0 0.372551 0.650048 0.008550 0.012821
0 0.366972 0.636605 0.008550 0.012821
0 0.343862 0.676337 0.008550 0.012821
0 0.370160 0.715471 0.008550 0.012821
0 0.450647 0.741162 0.008550 0.012821
0 0.461405 0.747735 0.008550 0.012821
0 0.228312 0.324128 0.008550 0.012821
0 0.233691 0.319348 0.008550 0.012821
0 0.237875 0.319348 0.008550 0.012821
0 0.233691 0.309789 0.008550 0.012821
0 0.238074 0.308892 0.008550 0.012821
0 0.245246 0.310087 0.008550 0.012821
0 0.243055 0.301125 0.008550 0.012821
0 0.238871 0.301723 0.008550 0.012821
0 0.235086 0.301424 0.008550 0.012821
0 0.229706 0.303216 0.008550 0.012821
0 0.221339 0.306204 0.008550 0.012821
0 0.218151 0.300229 0.008550 0.012821
0 0.215362 0.284396 0.008550 0.012821
0 0.225124 0.264082 0.008550 0.012821
0 0.249629 0.296345 0.008550 0.012821
0 0.256801 0.295151 0.008550 0.012821
0 0.252418 0.263186 0.008550 0.012821
0 0.244648 0.263485 0.008550 0.012821
0 0.248832 0.241976 0.008550 0.012821
0 0.241859 0.242573 0.008550 0.012821
0 0.215761 0.217479 0.008550 0.012821
0 0.220542 0.219869 0.008550 0.012821
0 0.219745 0.215687 0.008550 0.012821
0 0.223929 0.212998 0.008550 0.012821
0 0.229308 0.212700 0.008550 0.012821
0 0.231898 0.215986 0.008550 0.012821
0 0.235285 0.209712 0.008550 0.012821
0 0.237277 0.212401 0.008550 0.012821
0 0.239468 0.217181 0.008550 0.012821
0 0.245445 0.213895 0.008550 0.012821
0 0.235086 0.193282 0.008550 0.012821
0 0.221937 0.186112 0.008550 0.012821
0 0.236879 0.184320 0.008550 0.012821
0 0.234687 0.176851 0.008550 0.012821
0 0.240664 0.181930 0.008550 0.012821
0 0.246242 0.179540 0.008550 0.012821
0 0.252617 0.176254 0.008550 0.012821
0 0.249828 0.172968 0.008550 0.012821
0 0.248832 0.166097 0.008550 0.012821
0 0.259590 0.161616 0.008550 0.012821
0 0.280907 0.145783 0.008550 0.012821
0 0.263575 0.100973 0.008550 0.012821
0 0.255008 0.103362 0.008550 0.012821
0 0.280708 0.068709 0.008550 0.012821
0 0.290470 0.074086 0.008550 0.012821
0 0.242058 0.149368 0.008550 0.012821
0 0.238273 0.164304 0.008550 0.012821
0 0.232296 0.130249 0.008550 0.012821
0 0.226120 0.125170 0.008550 0.012821
0 0.225921 0.149965 0.008550 0.012821
0 0.220343 0.150861 0.008550 0.012821
0 0.219546 0.164603 0.008550 0.012821
0 0.215561 0.161616 0.008550 0.012821
0 0.213768 0.168487 0.008550 0.012821
0 0.204803 0.171474 0.008550 0.012821
0 0.200420 0.163707 0.008550 0.012821
0 0.196237 0.162512 0.008550 0.012821
0 0.185080 0.160720 0.008550 0.012821
0 0.163165 0.226441 0.008550 0.012821
0 0.157985 0.223155 0.008550 0.012821
0 0.144040 0.228234 0.008550 0.012821
0 0.137465 0.222857 0.008550 0.012821
0 0.128899 0.233910 0.008550 0.012821
0 0.123320 0.230624 0.008550 0.012821
0 0.135672 0.249743 0.008550 0.012821
0 0.136071 0.255120 0.008550 0.012821
0 0.140852 0.259302 0.008550 0.012821
0 0.145833 0.263485 0.008550 0.012821
0 0.145633 0.310087 0.008550 0.012821
0 0.149817 0.308892 0.008550 0.012821
0 0.152806 0.308892 0.008550 0.012821
0 0.157189 0.311282 0.008550 0.012821
0 0.163365 0.315166 0.008550 0.012821
0 0.176115 0.296943 0.008550 0.012821
0 0.207194 0.342351 0.008550 0.012821
0 0.202413 0.345936 0.008550 0.012821
0 0.194842 0.353404 0.008550 0.012821
0 0.172728 0.371926 0.008550 0.012821
0 0.224988 0.382644 0.008550 0.012821
0 0.218631 0.388772 0.008550 0.012821
0 0.212729 0.386730 0.008550 0.012821
0 0.207507 0.388772 0.008550 0.012821
0 0.202058 0.395581 0.008550 0.012821
0 0.198199 0.404092 0.008550 0.012821
0 0.194339 0.403411 0.008550 0.012821
0 0.189571 0.419071 0.008550 0.012821
0 0.186620 0.424858 0.008550 0.012821
0 0.200469 0.445284 0.008550 0.012821
0 0.192523 0.504178 0.008550 0.012821
0 0.208642 0.508264 0.008550 0.012821
0 0.225669 0.510647 0.008550 0.012821
0 0.229302 0.504519 0.008550 0.012821
0 0.268578 0.540264 0.008550 0.012821
0 0.262676 0.533796 0.008550 0.012821
0 0.258362 0.547413 0.008550 0.012821
0 0.241335 0.539924 0.008550 0.012821
0 0.249735 0.561711 0.008550 0.012821
0 0.234297 0.569201 0.008550 0.012821
0 0.229983 0.569882 0.008550 0.012821
0 0.256319 0.566137 0.008550 0.012821
0 0.259951 0.568860 0.008550 0.012821
0 0.250643 0.577031 0.008550 0.012821
0 0.190480 0.524604 0.008550 0.012821
0 0.180490 0.543668 0.008550 0.012821
0 0.192296 0.554222 0.008550 0.012821
0 0.197972 0.565796 0.008550 0.012821
0 0.204328 0.563413 0.008550 0.012821
0 0.199788 0.550137 0.008550 0.012821