0 0.633179 0.733007 0.005755 0.008633
0 0.637325 0.733007 0.005755 0.008633
0 0.640642 0.731141 0.005755 0.008633
0 0.645204 0.732385 0.005755 0.008633
0 0.648521 0.730208 0.005755 0.008633
0 0.652460 0.728964 0.005755 0.008633
0 0.655570 0.728964 0.005755 0.008633
0 0.658058 0.732696 0.005755 0.008633
0 0.755502 0.642819 0.005755 0.008633
0 0.751563 0.650594 0.005755 0.008633
0 0.826495 0.407360 0.005755 0.008633
0 0.820352 0.406209 0.005755 0.008633
0 0.818048 0.409664 0.005755 0.008633
0 0.797827 0.407744 0.005755 0.008633
0 0.787845 0.404289 0.005755 0.008633
0 0.780934 0.401217 0.005755 0.008633
0 0.774279 0.399682 0.005755 0.008633
0 0.766344 0.396994 0.005755 0.008633
0 0.756989 0.419316 0.005755 0.008633
0 0.751394 0.413284 0.005755 0.008633
0 0.742653 0.413809 0.005755 0.008633
0 0.752268 0.391781 0.005755 0.008633
0 0.747723 0.391519 0.005755 0.008633
0 0.731639 0.390470 0.005755 0.008633
0 0.726045 0.389683 0.005755 0.008633
0 0.722898 0.390470 0.005755 0.008633
0 0.720800 0.390207 0.005755 0.008633
0 0.717129 0.389945 0.005755 0.008633
0 0.692129 0.383652 0.005755 0.008633
0 0.687758 0.376571 0.005755 0.008633
0 0.674472 0.388896 0.005755 0.008633
0 0.679367 0.376047 0.005755 0.008633
0 0.675521 0.375785 0.005755 0.008633
0 0.664332 0.373162 0.005755 0.008633
0 0.671500 0.365295 0.005755 0.008633
0 0.669926 0.363197 0.005755 0.008633
0 0.667304 0.361099 0.005755 0.008633
0 0.672723 0.368966 0.005755 0.008633
0 0.671150 0.374998 0.005755 0.008633
0 0.689332 0.427183 0.005755 0.008633
0 0.694227 0.426658 0.005755 0.008633
0 0.699471 0.426921 0.005755 0.008633
0 0.716954 0.443966 0.005755 0.008633
0 0.734786 0.439246 0.005755 0.008633
0 0.743352 0.445277 0.005755 0.008633
0 0.757163 0.441344 0.005755 0.008633
0 0.754366 0.461798 0.005755 0.008633
0 0.733387 0.459176 0.005755 0.008633
0 0.727443 0.457078 0.005755 0.008633
0 0.724821 0.492217 0.005755 0.008633
0 0.736638 0.321384 0.005755 0.008633
0 0.679627 0.288769 0.005755 0.008633
0 0.659548 0.327188 0.005755 0.008633
0 0.655465 0.326372 0.005755 0.008633
0 0.650839 0.327188 0.005755 0.008633
0 0.654241 0.343721 0.005755 0.008633
0 0.639545 0.311676 0.005755 0.008633
0 0.636551 0.307798 0.005755 0.008633
0 0.633422 0.303920 0.005755 0.008633
0 0.629203 0.302491 0.005755 0.008633
0 0.625529 0.295551 0.005755 0.008633
0 0.629067 0.308410 0.005755 0.008633
0 0.626618 0.303716 0.005755 0.008633
0 0.627026 0.314329 0.005755 0.008633
0 0.623080 0.304328 0.005755 0.008633
0 0.620495 0.308614 0.005755 0.008633
0 0.615868 0.307390 0.005755 0.008633
0 0.612466 0.310247 0.005755 0.008633
0 0.608112 0.312288 0.005755 0.008633
0 0.598451 0.333312 0.005755 0.008633
0 0.593688 0.338619 0.005755 0.008633
0 0.588653 0.339027 0.005755 0.008633
0 0.576135 0.329638 0.005755 0.008633
0 0.571236 0.327188 0.005755 0.008633
0 0.567698 0.326780 0.005755 0.008633
0 0.564296 0.326168 0.005755 0.008633
0 0.559125 0.325556 0.005755 0.008633
0 0.560350 0.333312 0.005755 0.008633
0 0.558173 0.330862 0.005755 0.008633
0 0.534904 0.337190 0.005755 0.008633
0 0.527965 0.334332 0.005755 0.008633
0 0.523066 0.331271 0.005755 0.008633
0 0.518576 0.330046 0.005755 0.008633
0 0.515990 0.330658 0.005755 0.008633
0 0.511500 0.327597 0.005755 0.008633
0 0.506329 0.324127 0.005755 0.008633
0 0.478434 0.310247 0.005755 0.008633
0 0.472447 0.306777 0.005755 0.008633
0 0.471222 0.375358 0.005755 0.008633
0 0.473807 0.375971 0.005755 0.008633
0 0.488231 0.386584 0.005755 0.008633
0 0.491769 0.385972 0.005755 0.008633
0 0.492722 0.382094 0.005755 0.008633
0 0.496260 0.382298 0.005755 0.008633
0 0.481836 0.401689 0.005755 0.008633
0 0.467684 0.486190 0.005755 0.008633
0 0.474624 0.500070 0.005755 0.008633
0 0.464827 0.449654 0.005755 0.008633
0 0.444960 0.412302 0.005755 0.008633
0 0.463874 0.368215 0.005755 0.008633
0 0.460881 0.367398 0.005755 0.008633
0 0.458023 0.366173 0.005755 0.008633
0 0.453396 0.365765 0.005755 0.008633
0 0.459520 0.376379 0.005755 0.008633
0 0.457479 0.644988 0.005755 0.008633
0 0.453260 0.643967 0.005755 0.008633
0 0.464418 0.660296 0.005755 0.008633
0 0.452308 0.639885 0.005755 0.008633
0 0.457479 0.637027 0.005755 0.008633
0 0.450539 0.621107 0.005755 0.008633
0 0.445912 0.616412 0.005755 0.008633
0 0.401008 0.632741 0.005755 0.008633
0 0.395157 0.636007 0.005755 0.008633
0 0.395157 0.629884 0.005755 0.008633
0 0.395701 0.624169 0.005755 0.008633
0 0.395701 0.619270 0.005755 0.008633
0 0.389170 0.616004 0.005755 0.008633
0 0.389578 0.621515 0.005755 0.008633
0 0.389986 0.628659 0.005755 0.008633
0 0.387673 0.636007 0.005755 0.008633
0 0.387401 0.640497 0.005755 0.008633
0 0.383999 0.642334 0.005755 0.008633
0 0.380869 0.643355 0.005755 0.008633
0 0.380189 0.649274 0.005755 0.008633
0 0.377604 0.647641 0.005755 0.008633
0 0.375699 0.641926 0.005755 0.008633
0 0.376651 0.637640 0.005755 0.008633
0 0.381822 0.632333 0.005755 0.008633
0 0.383183 0.628863 0.005755 0.008633
0 0.385904 0.624985 0.005755 0.008633
0 0.385632 0.620495 0.005755 0.008633
0 0.383727 0.618862 0.005755 0.008633
0 0.381278 0.615392 0.005755 0.008633
0 0.384543 0.614779 0.005755 0.008633
0 0.379100 0.618862 0.005755 0.008633
0 0.381822 0.621515 0.005755 0.008633
0 0.373794 0.619270 0.005755 0.008633
0 0.374066 0.623760 0.005755 0.008633
0 0.376243 0.626414 0.005755 0.008633
0 0.377059 0.629884 0.005755 0.008633
0 0.373930 0.628863 0.005755 0.008633
0 0.371889 0.640906 0.005755 0.008633
0 0.371889 0.635191 0.005755 0.008633
0 0.370936 0.629884 0.005755 0.008633
0 0.369711 0.624577 0.005755 0.008633
0 0.368895 0.621107 0.005755 0.008633
0 0.367670 0.632741 0.005755 0.008633
0 0.366582 0.624169 0.005755 0.008633
0 0.366582 0.628659 0.005755 0.008633
0 0.364949 0.626822 0.005755 0.008633
0 0.358553 0.626618 0.005755 0.008633
0 0.361275 0.629067 0.005755 0.008633
0 0.364268 0.631108 0.005755 0.008633
0 0.389034 0.686218 0.005755 0.008633
0 0.341680 0.698261 0.005755 0.008633
0 0.347259 0.703567 0.005755 0.008633
0 0.354743 0.705404 0.005755 0.008633
0 0.401280 0.732551 0.005755 0.008633
0 0.406587 0.733163 0.005755 0.008633
0 0.401825 0.736633 0.005755 0.008633
0 0.404274 0.735204 0.005755 0.008633
0 0.416657 0.487415 0.005755 0.008633
0 0.433258 0.476189 0.005755 0.008633
0 0.427815 0.479046 0.005755 0.008633
0 0.329244 0.447825 0.005755 0.008633
0 0.326712 0.441892 0.005755 0.008633
0 0.320067 0.441892 0.005755 0.008633
0 0.316112 0.436908 0.005755 0.008633
0 0.326712 0.425280 0.005755 0.008633
0 0.340319 0.498849 0.005755 0.008633
0 0.290798 0.370221 0.005755 0.008633
0 0.286684 0.364763 0.005755 0.008633
0 0.288266 0.328690 0.005755 0.008633
0 0.293962 0.328690 0.005755 0.008633
0 0.296651 0.325130 0.005755 0.008633
0 0.300290 0.322282 0.005755 0.008633
0 0.301240 0.329639 0.005755 0.008633
0 0.315321 0.336284 0.005755 0.008633
0 0.321966 0.342692 0.005755 0.008633
0 0.324497 0.331775 0.005755 0.008633
0 0.328611 0.320384 0.005755 0.008633
0 0.332408 0.321333 0.005755 0.008633
0 0.345698 0.322994 0.005755 0.008633
0 0.360254 0.333199 0.005755 0.008633
0 0.365475 0.332962 0.005755 0.008633
0 0.369272 0.333199 0.005755 0.008633
0 0.384777 0.342692 0.005755 0.008633
0 0.398383 0.350998 0.005755 0.008633
0 0.396485 0.328927 0.005755 0.008633
0 0.399965 0.327978 0.005755 0.008633
0 0.402180 0.331300 0.005755 0.008633
0 0.275293 0.296177 0.005755 0.008633
0 0.278931 0.302110 0.005755 0.008633
0 0.265167 0.283361 0.005755 0.008633
0 0.271179 0.281938 0.005755 0.008633
0 0.298737 0.287806 0.005755 0.008633
0 0.302477 0.273567 0.005755 0.008633
0 0.306792 0.270978 0.005755 0.008633
0 0.310243 0.274861 0.005755 0.008633
0 0.278169 0.256738 0.005755 0.008633
0 0.273135 0.263642 0.005755 0.008633
0 0.259040 0.256307 0.005755 0.008633
0 0.254149 0.255660 0.005755 0.008633
0 0.221500 0.220924 0.005755 0.008633
0 0.223082 0.214884 0.005755 0.008633
0 0.227397 0.216610 0.005755 0.008633
0 0.230993 0.216825 0.005755 0.008633
0 0.236458 0.218551 0.005755 0.008633
0 0.241780 0.223082 0.005755 0.008633
0 0.267670 0.225024 0.005755 0.008633
0 0.262779 0.236674 0.005755 0.008633
0 0.277450 0.231928 0.005755 0.008633
0 0.287662 0.242068 0.005755 0.008633
0 0.346201 0.226750 0.005755 0.008633
0 0.350804 0.225239 0.005755 0.008633
0 0.356701 0.223513 0.005755 0.008633
0 0.368351 0.227613 0.005755 0.008633
0 0.371372 0.227181 0.005755 0.008633
0 0.350516 0.247246 0.005755 0.008633
0 0.357132 0.249187 0.005755 0.008633
0 0.355263 0.259543 0.005755 0.008633
0 0.357564 0.282628 0.005755 0.008633
0 0.361447 0.281549 0.005755 0.008633
0 0.364324 0.281118 0.005755 0.008633
0 0.370509 0.285864 0.005755 0.008633
0 0.374967 0.286943 0.005755 0.008633
0 0.382447 0.289532 0.005755 0.008633
0 0.368351 0.291689 0.005755 0.008633
0 0.372235 0.296651 0.005755 0.008633
0 0.404884 0.330308 0.005755 0.008633
0 0.408624 0.330092 0.005755 0.008633
0 0.409775 0.337428 0.005755 0.008633
0 0.414233 0.337212 0.005755 0.008633
0 0.420274 0.340017 0.005755 0.008633
0 0.423151 0.340664 0.005755 0.008633
0 0.426890 0.346273 0.005755 0.008633
0 0.415096 0.324051 0.005755 0.008633
0 0.428185 0.330524 0.005755 0.008633
0 0.432788 0.325130 0.005755 0.008633
0 0.407125 0.296696 0.005755 0.008633
0 0.414851 0.294021 0.005755 0.008633
0 0.417823 0.295270 0.005755 0.008633
0 0.387036 0.246593 0.005755 0.008633
0 0.392148 0.245880 0.005755 0.008633
0 0.398329 0.243740 0.005755 0.008633
0 0.410453 0.244988 0.005755 0.008633
0 0.406650 0.257291 0.005755 0.008633
0 0.409502 0.256221 0.005755 0.008633
0 0.417467 0.263532 0.005755 0.008633
0 0.425431 0.262818 0.005755 0.008633
0 0.427808 0.267811 0.005755 0.008633
0 0.429710 0.262640 0.005755 0.008633
0 0.430661 0.267811 0.005755 0.008633
0 0.441240 0.288851 0.005755 0.008633
0 0.443499 0.288851 0.005755 0.008633
0 0.436604 0.258718 0.005755 0.008633
0 0.439933 0.260857 0.005755 0.008633
0 0.461567 0.285820 0.005755 0.008633
0 0.486529 0.291704 0.005755 0.008633
0 0.480586 0.215390 0.005755 0.008633
0 0.567241 0.225910 0.005755 0.008633
0 0.579484 0.227158 0.005755 0.008633
0 0.582694 0.242849 0.005755 0.008633
0 0.574373 0.263888 0.005755 0.008633
0 0.593154 0.271734 0.005755 0.008633
0 0.600286 0.272090 0.005755 0.008633
0 0.606587 0.271377 0.005755 0.008633
0 0.627864 0.235182 0.005755 0.008633
0 0.581386 0.358924 0.005755 0.008633
0 0.578058 0.361242 0.005755 0.008633