0 0.802184 0.968100 0.048828 0.048828
0 0.904038 0.993249 0.048828 0.048828
0 0.891463 0.663798 0.048828 0.048828
0 0.448841 0.624817 0.048828 0.048828
0 0.529318 0.553142 0.048828 0.048828
0 0.543150 0.568231 0.048828 0.048828
0 0.577101 0.583321 0.048828 0.048828
0 0.600993 0.561944 0.048828 0.048828
0 0.619854 0.531765 0.048828 0.048828
0 0.634944 0.543083 0.048828 0.048828
0 0.711648 0.572004 0.048828 0.048828
0 0.727995 0.575776 0.048828 0.048828
0 0.751886 0.569489 0.048828 0.048828
0 0.748114 0.544340 0.048828 0.048828
0 0.745599 0.519191 0.048828 0.048828
0 0.784580 0.516676 0.048828 0.048828
0 0.743084 0.416080 0.048828 0.048828
0 0.702846 0.417338 0.048828 0.048828
0 0.604765 0.447516 0.048828 0.048828
0 0.471394 0.028561 0.048828 0.048828
0 0.487887 0.025027 0.048828 0.048828
0 0.532656 0.015602 0.048828 0.048828
0 0.518519 0.058014 0.048828 0.048828
0 0.492600 0.045055 0.048828 0.048828
0 0.465503 0.047411 0.048828 0.048828
0 0.444297 0.061549 0.048828 0.048828
0 0.421912 0.080399 0.048828 0.048828
0 0.419556 0.105139 0.048828 0.048828
0 0.459612 0.081577 0.048828 0.048828
0 0.458434 0.106318 0.048828 0.048828
0 0.497312 0.092180 0.048828 0.048828
0 0.530300 0.132236 0.048828 0.048828
0 0.582138 0.214705 0.048828 0.048828
0 0.549150 0.214705 0.048828 0.048828
0 0.494956 0.227665 0.048828 0.048828
0 0.472572 0.194677 0.048828 0.048828
0 0.452544 0.131058 0.048828 0.048828
0 0.444297 0.152264 0.048828 0.048828
0 0.441940 0.165224 0.048828 0.048828
0 0.397172 0.139305 0.048828 0.048828
0 0.460790 0.261830 0.048828 0.048828
0 0.504381 0.250049 0.048828 0.048828
0 0.571534 0.014424 0.048828 0.048828
0 0.552684 0.000286 0.048828 0.048828