0 0.080853 0.443645 0.048828 0.048828
0 0.132830 0.409660 0.048828 0.048828
0 0.248779 0.391668 0.048828 0.048828
0 0.038241 0.443822 0.048828 0.048828
0 0.156896 0.496391 0.048828 0.048828
0 0.194445 0.505403 0.048828 0.048828
0 0.266540 0.514414 0.048828 0.048828
0 0.377685 0.364218 0.048828 0.048828
0 0.403218 0.379238 0.048828 0.048828
0 0.449779 0.445324 0.048828 0.048828
0 0.485826 0.535442 0.048828 0.048828
0 0.152390 0.735203 0.048828 0.048828
0 0.176422 0.741211 0.048828 0.048828
0 0.212469 0.735203 0.048828 0.048828
0 0.245512 0.717180 0.048828 0.048828
0 0.293575 0.705164 0.048828 0.048828
0 0.347646 0.705164 0.048828 0.048828
0 0.385195 0.720184 0.048828 0.048828
0 0.422744 0.720184 0.048828 0.048828
0 0.523376 0.600026 0.048828 0.048828
0 0.613493 0.586509 0.048828 0.048828
0 0.607486 0.766745 0.048828 0.048828
0 0.652544 0.841843 0.048828 0.048828
0 0.682584 0.831329 0.048828 0.048828
0 0.611991 0.910933 0.048828 0.048828
0 0.717129 0.834333 0.048828 0.048828
0 0.741160 0.805796 0.048828 0.048828
0 0.069782 0.993541 0.048828 0.048828
0 0.039743 0.996545 0.048828 0.048828