0 0.300974 0.000234 0.048828 0.048828
0 0.411773 0.054050 0.048828 0.048828
0 0.441319 0.044553 0.048828 0.048828
0 0.468755 0.027670 0.048828 0.048828
0 0.517296 0.022394 0.048828 0.048828
0 0.570057 0.035056 0.048828 0.048828
0 0.584830 0.074100 0.048828 0.048828
0 0.605935 0.046664 0.048828 0.048828
0 0.661862 0.055106 0.048828 0.048828
0 0.641813 0.079376 0.048828 0.048828
0 0.672414 0.101536 0.048828 0.048828
0 0.680856 0.073045 0.048828 0.048828
0 0.707237 0.065658 0.048828 0.048828
0 0.718844 0.095204 0.048828 0.048828
0 0.748391 0.074100 0.048828 0.048828
0 0.788489 0.086763 0.048828 0.048828
0 0.743115 0.124751 0.048828 0.048828
0 0.773716 0.128972 0.048828 0.048828
0 0.794821 0.137413 0.048828 0.048828
0 0.815925 0.139524 0.048828 0.048828
0 0.842306 0.146911 0.048828 0.048828
0 0.864466 0.124751 0.048828 0.048828
0 0.943608 0.030835 0.048828 0.048828
0 0.971044 0.032946 0.048828 0.048828