0 0.640496 0.337735 0.048828 0.048828
0 0.654553 0.318271 0.048828 0.048828
0 0.681585 0.317190 0.048828 0.048828
0 0.706455 0.362605 0.048828 0.048828
0 0.736732 0.342060 0.048828 0.048828
0 0.765927 0.330166 0.048828 0.048828
0 0.785391 0.334491 0.048828 0.048828
0 0.808098 0.321515 0.048828 0.048828
0 0.843781 0.323678 0.048828 0.048828
0 0.819992 0.340979 0.048828 0.048828
0 0.768090 0.369093 0.048828 0.048828
0 0.836212 0.252312 0.048828 0.048828
0 0.861082 0.264206 0.048828 0.048828
0 0.869733 0.244742 0.048828 0.048828
0 0.903253 0.243661 0.048828 0.048828
0 0.952993 0.227441 0.048828 0.048828
0 0.928123 0.355036 0.048828 0.048828
0 0.952993 0.336653 0.048828 0.048828