0 0.548584 0.532727 0.048828 0.048828
0 0.578861 0.544621 0.048828 0.048828
0 0.643739 0.548947 0.048828 0.048828
0 0.605894 0.622475 0.048828 0.048828
0 0.688073 0.676541 0.048828 0.048828
0 0.767008 0.651671 0.048828 0.048828
0 0.150664 0.864688 0.048828 0.048828
0 0.166883 0.861444 0.048828 0.048828
0 0.193916 0.852794 0.048828 0.048828
0 0.241493 0.829005 0.048828 0.048828
0 0.262038 0.817111 0.048828 0.048828
0 0.295559 0.797647 0.048828 0.048828
0 0.313941 0.771696 0.048828 0.048828
0 0.318266 0.803054 0.048828 0.048828
0 0.346380 0.797647 0.048828 0.048828
0 0.376657 0.788997 0.048828 0.048828
0 0.408015 0.779265 0.048828 0.048828
0 0.436129 0.778184 0.048828 0.048828
0 0.462080 0.790078 0.048828 0.048828
0 0.499926 0.777102 0.048828 0.048828
0 0.533446 0.763045 0.048828 0.048828
0 0.164721 0.913347 0.048828 0.048828
0 0.176615 0.884152 0.048828 0.048828
0 0.197160 0.872257 0.048828 0.048828
0 0.214461 0.888477 0.048828 0.048828
0 0.240412 0.866851 0.048828 0.048828
0 0.271770 0.841981 0.048828 0.048828
0 0.292315 0.825761 0.048828 0.048828
0 0.322591 0.830086 0.048828 0.048828
0 0.379901 0.809541 0.048828 0.048828
0 0.629682 0.742500 0.048828 0.048828
0 0.674016 0.730606 0.048828 0.048828
0 0.691317 0.723037 0.048828 0.048828
0 0.727000 0.726281 0.048828 0.048828
0 0.754033 0.719793 0.048828 0.048828
0 0.768090 0.702492 0.048828 0.048828
0 0.794041 0.693842 0.048828 0.048828
0 0.813505 0.692760 0.048828 0.048828
0 0.839456 0.678703 0.048828 0.048828
0 0.230680 0.967412 0.048828 0.048828
0 0.571292 0.977144 0.048828 0.048828
0 0.597243 0.996607 0.048828 0.048828
0 0.599406 0.963087 0.048828 0.048828
0 0.623195 0.980388 0.048828 0.048828
0 0.640496 0.971737 0.048828 0.048828
0 0.716187 0.981469 0.048828 0.048828
0 0.744301 0.973900 0.048828 0.048828
0 0.772415 0.968493 0.048828 0.048828