0 0.853757 0.304470 0.007340 0.011956
0 0.861570 0.296148 0.007340 0.011956
0 0.879000 0.291743 0.007340 0.011956
0 0.847352 0.304513 0.007340 0.011956
0 0.865188 0.317385 0.007340 0.011956
0 0.870833 0.319592 0.007340 0.011956
0 0.881670 0.321798 0.007340 0.011956
0 0.898378 0.285021 0.007340 0.011956
0 0.902216 0.288699 0.007340 0.011956
0 0.909215 0.304881 0.007340 0.011956
0 0.914634 0.326947 0.007340 0.011956
0 0.864511 0.375860 0.007340 0.011956
0 0.868123 0.377331 0.007340 0.011956
0 0.873542 0.375860 0.007340 0.011956
0 0.878509 0.371447 0.007340 0.011956
0 0.885734 0.368505 0.007340 0.011956
0 0.893862 0.368505 0.007340 0.011956
0 0.899507 0.372183 0.007340 0.011956
0 0.905151 0.372183 0.007340 0.011956
0 0.920278 0.342761 0.007340 0.011956
0 0.933825 0.339451 0.007340 0.011956
0 0.932922 0.383584 0.007340 0.011956
0 0.939695 0.401972 0.007340 0.011956
0 0.944211 0.399398 0.007340 0.011956
0 0.821387 0.396455 0.007340 0.011956
0 0.808969 0.396823 0.007340 0.011956
0 0.789778 0.403075 0.007340 0.011956
0 0.747105 0.410063 0.007340 0.011956
0 0.801067 0.445001 0.007340 0.011956
0 0.933599 0.418889 0.007340 0.011956
0 0.920956 0.447943 0.007340 0.011956
0 0.915763 0.448679 0.007340 0.011956
0 0.910118 0.460447 0.007340 0.011956
0 0.905377 0.461551 0.007340 0.011956
0 0.898378 0.466332 0.007340 0.011956
0 0.949404 0.400133 0.007340 0.011956
0 0.953016 0.393146 0.007340 0.011956
0 0.927503 0.447575 0.007340 0.011956
0 0.934051 0.447943 0.007340 0.011956
0 0.933599 0.467067 0.007340 0.011956
0 0.925697 0.470377 0.007340 0.011956
0 0.906957 0.571146 0.007340 0.011956
0 0.901764 0.566365 0.007340 0.011956
0 0.898604 0.555332 0.007340 0.011956
0 0.897023 0.533633 0.007340 0.011956
0 0.891153 0.522600 0.007340 0.011956
0 0.873994 0.509361 0.007340 0.011956
0 0.864511 0.503844 0.007340 0.011956
0 0.859092 0.502741 0.007340 0.011956
0 0.854802 0.500166 0.007340 0.011956
0 0.848480 0.504580 0.007340 0.011956
0 0.844868 0.505315 0.007340 0.011956
0 0.841255 0.511935 0.007340 0.011956
0 0.887315 0.470009 0.007340 0.011956
0 0.869704 0.473687 0.007340 0.011956
0 0.860447 0.475526 0.007340 0.011956
0 0.854351 0.477365 0.007340 0.011956
0 0.850512 0.473319 0.007340 0.011956
0 0.845545 0.480307 0.007340 0.011956
0 0.837417 0.485823 0.007340 0.011956
0 0.827934 0.493547 0.007340 0.011956
0 0.823870 0.496121 0.007340 0.011956
0 0.820935 0.498695 0.007340 0.011956
0 0.818000 0.463390 0.007340 0.011956
0 0.842384 0.455666 0.007340 0.011956
0 0.852770 0.450150 0.007340 0.011956
0 0.852093 0.439117 0.007340 0.011956
0 0.847577 0.439852 0.007340 0.011956
0 0.835837 0.438381 0.007340 0.011956
0 0.829515 0.432497 0.007340 0.011956
0 0.809646 0.478468 0.007340 0.011956
0 0.803776 0.476997 0.007340 0.011956
0 0.805808 0.546505 0.007340 0.011956
0 0.794068 0.545402 0.007340 0.011956
0 0.788649 0.552758 0.007340 0.011956
0 0.779618 0.553493 0.007340 0.011956
0 0.785036 0.607555 0.007340 0.011956
0 0.790681 0.608291 0.007340 0.011956
0 0.811904 0.589534 0.007340 0.011956
0 0.815065 0.592109 0.007340 0.011956
0 0.821387 0.588431 0.007340 0.011956
0 0.827257 0.572617 0.007340 0.011956
0 0.827257 0.545402 0.007340 0.011956
0 0.839223 0.589902 0.007340 0.011956
0 0.843288 0.590638 0.007340 0.011956
0 0.848029 0.590638 0.007340 0.011956
0 0.855254 0.586960 0.007340 0.011956
0 0.846900 0.577766 0.007340 0.011956
0 0.853899 0.572617 0.007340 0.011956
0 0.863382 0.567468 0.007340 0.011956
0 0.874445 0.525543 0.007340 0.011956
0 0.859318 0.527381 0.007340 0.011956
0 0.848255 0.532530 0.007340 0.011956
0 0.764490 0.495753 0.007340 0.011956
0 0.770812 0.564158 0.007340 0.011956
0 0.767651 0.566733 0.007340 0.011956
0 0.761329 0.568939 0.007340 0.011956
0 0.772393 0.579237 0.007340 0.011956
0 0.778263 0.609026 0.007340 0.011956
0 0.773522 0.614911 0.007340 0.011956
0 0.765168 0.622266 0.007340 0.011956
0 0.821387 0.612336 0.007340 0.011956
0 0.815291 0.612336 0.007340 0.011956
0 0.810098 0.609026 0.007340 0.011956
0 0.804228 0.616014 0.007340 0.011956
0 0.798583 0.622634 0.007340 0.011956
0 0.780972 0.627047 0.007340 0.011956
0 0.784359 0.635138 0.007340 0.011956
0 0.798583 0.632563 0.007340 0.011956
0 0.808066 0.628150 0.007340 0.011956
0 0.812130 0.632931 0.007340 0.011956
0 0.816645 0.628150 0.007340 0.011956
0 0.824548 0.626679 0.007340 0.011956
0 0.830418 0.628886 0.007340 0.011956
0 0.834482 0.625944 0.007340 0.011956
0 0.840578 0.625576 0.007340 0.011956
0 0.845771 0.601303 0.007340 0.011956
0 0.871736 0.574824 0.007340 0.011956
0 0.887089 0.569675 0.007340 0.011956
0 0.881526 0.639153 0.007340 0.011956
0 0.875383 0.637902 0.007340 0.011956
0 0.881014 0.594125 0.007340 0.011956
0 0.863097 0.643739 0.007340 0.011956
0 0.849019 0.646658 0.007340 0.011956
0 0.844412 0.646241 0.007340 0.011956
0 0.838525 0.644573 0.007340 0.011956
0 0.820352 0.647909 0.007340 0.011956
0 0.804994 0.639987 0.007340 0.011956
0 0.806274 0.650827 0.007340 0.011956
0 0.801923 0.652912 0.007340 0.011956
0 0.756874 0.629147 0.007340 0.011956
0 0.751499 0.630398 0.007340 0.011956
0 0.735117 0.625394 0.007340 0.011956
0 0.727438 0.628313 0.007340 0.011956
0 0.727182 0.594125 0.007340 0.011956
0 0.731278 0.593291 0.007340 0.011956
0 0.735629 0.591623 0.007340 0.011956
0 0.742540 0.587871 0.007340 0.011956
0 0.750219 0.589955 0.007340 0.011956
0 0.755850 0.584535 0.007340 0.011956
0 0.763273 0.585369 0.007340 0.011956
0 0.770440 0.578698 0.007340 0.011956
0 0.756362 0.575780 0.007340 0.011956
0 0.751243 0.571194 0.007340 0.011956
0 0.744588 0.574112 0.007340 0.011956
0 0.740236 0.574529 0.007340 0.011956
0 0.733070 0.577031 0.007340 0.011956
0 0.726159 0.579115 0.007340 0.011956
0 0.757642 0.545344 0.007340 0.011956
0 0.754826 0.483638 0.007340 0.011956
0 0.743564 0.494895 0.007340 0.011956
0 0.730766 0.493228 0.007340 0.011956
0 0.723343 0.491977 0.007340 0.011956
0 0.728974 0.441945 0.007340 0.011956