0 0.977937 0.913978 0.048828 0.048828
0 0.959921 0.870741 0.048828 0.048828
0 0.884257 0.865937 0.048828 0.048828
0 0.945509 0.934395 0.048828 0.048828
0 0.887860 0.930792 0.048828 0.048828
0 0.911880 0.953612 0.048828 0.048828
0 0.935901 0.987240 0.048828 0.048828
0 0.884257 0.990843 0.048828 0.048828
0 0.808592 0.999250 0.048828 0.048828
0 0.953916 0.779463 0.048828 0.048828
0 0.904674 0.749438 0.048828 0.048828
0 0.861437 0.751840 0.048828 0.048828
0 0.831412 0.737428 0.048828 0.048828
0 0.797783 0.733825 0.048828 0.048828
0 0.759350 0.741031 0.048828 0.048828
0 0.717315 0.744634 0.048828 0.048828
0 0.695696 0.754242 0.048828 0.048828
0 0.652460 0.772257 0.048828 0.048828
0 0.621233 0.766252 0.048828 0.048828
0 0.570790 0.804685 0.048828 0.048828
0 0.611625 0.809489 0.048828 0.048828
0 0.633243 0.808288 0.048828 0.048828
0 0.742536 0.793876 0.048828 0.048828
0 0.704103 0.821499 0.048828 0.048828
0 0.705304 0.891158 0.048828 0.048828
0 0.664470 0.927189 0.048828 0.048828
0 0.528754 0.863535 0.048828 0.048828
0 0.586403 0.919983 0.048828 0.048828
0 0.552775 0.919983 0.048828 0.048828
0 0.454291 0.934395 0.048828 0.048828
0 0.486718 0.968024 0.048828 0.048828
0 0.516744 0.962019 0.048828 0.048828
0 0.545569 0.965622 0.048828 0.048828
0 0.604419 0.934395 0.048828 0.048828
0 0.407451 0.986039 0.048828 0.048828
0 0.104793 0.820298 0.048828 0.048828
0 0.155236 0.802283 0.048828 0.048828
0 0.176855 0.797479 0.048828 0.048828
0 0.181659 0.843118 0.048828 0.048828
0 0.203277 0.918782 0.048828 0.048828
0 0.710109 0.679779 0.048828 0.048828
0 0.674078 0.661763 0.048828 0.048828
0 0.676480 0.565681 0.048828 0.048828
0 0.642851 0.625733 0.048828 0.048828
0 0.603218 0.623331 0.048828 0.048828
0 0.575594 0.584898 0.048828 0.048828
0 0.538362 0.572888 0.048828 0.048828
0 0.547971 0.611320 0.048828 0.048828
0 0.501131 0.572888 0.048828 0.048828
0 0.451889 0.564480 0.048828 0.048828
0 0.403848 0.551269 0.048828 0.048828
0 0.411054 0.593305 0.048828 0.048828
0 0.376224 0.587300 0.048828 0.048828
0 0.358209 0.545264 0.048828 0.048828
0 0.317374 0.593305 0.048828 0.048828
0 0.283746 0.612521 0.048828 0.048828
0 0.248916 0.658160 0.048828 0.048828
0 0.311369 0.539259 0.048828 0.048828
0 0.282545 0.530852 0.048828 0.048828
0 0.250117 0.509233 0.048828 0.048828
0 0.245313 0.527249 0.048828 0.048828
0 0.233303 0.559676 0.048828 0.048828
0 0.191267 0.596908 0.048828 0.048828
0 0.182860 0.554872 0.048828 0.048828
0 0.206880 0.533254 0.048828 0.048828
0 0.188865 0.500826 0.048828 0.048828
0 0.168448 0.529651 0.048828 0.048828
0 0.139623 0.552470 0.048828 0.048828
0 0.102391 0.578893 0.048828 0.048828
0 0.155236 0.662964 0.048828 0.048828
0 0.116804 0.668969 0.048828 0.048828
0 0.051948 0.601712 0.048828 0.048828
0 0.014717 0.613722 0.048828 0.048828
0 0.071165 0.668969 0.048828 0.048828
0 0.027928 0.661763 0.048828 0.048828
0 0.085577 0.731423 0.048828 0.048828
0 0.042340 0.733825 0.048828 0.048828
0 0.012315 0.557274 0.048828 0.048828
0 0.072366 0.544063 0.048828 0.048828
0 0.036335 0.518842 0.048828 0.048828
0 0.085577 0.499625 0.048828 0.048828
0 0.133618 0.496022 0.048828 0.048828
0 0.114402 0.479208 0.048828 0.048828
0 0.090381 0.458790 0.048828 0.048828
0 0.066361 0.451584 0.048828 0.048828
0 0.024325 0.446780 0.048828 0.048828
0 0.049546 0.858731 0.048828 0.048828