0 0.991074 0.496064 0.048828 0.048828
0 0.515490 0.327675 0.048828 0.048828
0 0.196916 0.245757 0.048828 0.048828
0 0.138890 0.242343 0.048828 0.048828
0 0.074038 0.230966 0.048828 0.048828
0 0.018288 0.219588 0.048828 0.048828
0 0.989948 0.853799 0.048828 0.048828
0 0.997832 0.780584 0.048828 0.048828
0 0.962914 0.727644 0.048828 0.048828
0 0.942639 0.779458 0.048828 0.048828
0 0.931376 0.826766 0.048828 0.048828
0 0.906595 0.854925 0.048828 0.048828
0 0.971925 0.982207 0.048828 0.048828
0 0.991074 0.982207 0.048828 0.048828
0 0.912227 0.996850 0.048828 0.048828
0 0.882941 0.959679 0.048828 0.048828
0 0.855908 0.967564 0.048828 0.048828
0 0.828875 0.964185 0.048828 0.048828
0 0.807473 0.949542 0.048828 0.048828
0 0.846897 0.813249 0.048828 0.048828
0 0.818737 0.822260 0.048828 0.048828
0 0.710604 0.831271 0.048828 0.048828
0 0.863793 0.690473 0.048828 0.048828
0 0.822116 0.709622 0.048828 0.048828
0 0.762418 0.690473 0.048828 0.048828
0 0.675686 0.604868 0.048828 0.048828
0 0.451536 0.979954 0.048828 0.048828
0 0.416618 0.986712 0.048828 0.048828
0 0.373815 0.990092 0.048828 0.048828
0 0.431261 0.808744 0.048828 0.048828
0 0.328760 0.823387 0.048828 0.048828
0 0.096725 0.924761 0.048828 0.048828
0 0.078703 0.934899 0.048828 0.048828
0 0.050543 0.938278 0.048828 0.048828
0 0.004635 0.555228 0.048828 0.048828
0 0.003497 0.261685 0.048828 0.048828
0 0.059247 0.282165 0.048828 0.048828