0 0.393946 0.230693 0.048828 0.048828
0 0.346638 0.199154 0.048828 0.048828
0 0.431117 0.178879 0.048828 0.048828
0 0.466035 0.164236 0.048828 0.048828
0 0.417600 0.156351 0.048828 0.048828
0 0.388314 0.150719 0.048828 0.048828
0 0.357902 0.157478 0.048828 0.048828
0 0.328616 0.115802 0.048828 0.048828
0 0.280182 0.134950 0.048828 0.048828
0 0.025619 0.406409 0.048828 0.048828
0 0.025619 0.385007 0.048828 0.048828
0 0.005344 0.348963 0.048828 0.048828
0 0.004217 0.386134 0.048828 0.048828
0 0.007597 0.147340 0.048828 0.048828
0 0.508838 0.005416 0.048828 0.048828
0 0.604580 0.021185 0.048828 0.048828
0 0.634993 0.006542 0.048828 0.048828