0 0.980936 0.745522 0.048828 0.048828
0 0.987695 0.494339 0.048828 0.048828
0 0.965167 0.540520 0.048828 0.048828
0 0.851402 0.163182 0.048828 0.048828
0 0.805221 0.158676 0.048828 0.048828
0 0.026889 0.011120 0.048828 0.048828
0 0.067439 0.013373 0.048828 0.048828
0 0.055049 0.038153 0.048828 0.048828
0 0.030268 0.060681 0.048828 0.048828
0 0.142907 0.000982 0.048828 0.048828
0 0.258924 0.104610 0.048828 0.048828
0 0.260051 0.128264 0.048828 0.048828
0 0.204858 0.178951 0.048828 0.048828
0 0.141780 0.237523 0.048828 0.048828
0 0.172193 0.261177 0.048828 0.048828
0 0.204858 0.260051 0.048828 0.048828
0 0.201479 0.291589 0.048828 0.048828
0 0.160929 0.308485 0.048828 0.048828
0 0.171066 0.370436 0.048828 0.048828
0 0.204858 0.359172 0.048828 0.048828
0 0.253292 0.327634 0.048828 0.048828
0 0.252166 0.298348 0.048828 0.048828
0 0.296095 0.264556 0.048828 0.048828
0 0.298348 0.238649 0.048828 0.048828
0 0.344529 0.196973 0.048828 0.048828
0 0.383953 0.208237 0.048828 0.048828
0 0.453789 0.194720 0.048828 0.048828
0 0.398596 0.242029 0.048828 0.048828
0 0.439146 0.242029 0.048828 0.048828
0 0.466179 0.239776 0.048828 0.048828
0 0.497718 0.234144 0.048828 0.048828
0 0.529256 0.254419 0.048828 0.048828
0 0.503350 0.270188 0.048828 0.048828
0 0.565301 0.297221 0.048828 0.048828
0 0.600219 0.296095 0.048828 0.048828
0 0.689567 0.393749 0.048828 0.048828
0 0.731664 0.413091 0.048828 0.048828
0 0.774899 0.407402 0.048828 0.048828
0 0.771486 0.465428 0.048828 0.048828
0 0.818134 0.463153 0.048828 0.048828
0 0.870471 0.456326 0.048828 0.048828
0 0.977421 0.675914 0.048828 0.048828
0 0.917119 0.703220 0.048828 0.048828
0 0.854543 0.657710 0.048828 0.048828
0 0.872747 0.692980 0.048828 0.048828
0 0.813583 0.682741 0.048828 0.048828
0 0.846578 0.723700 0.048828 0.048828
0 0.895502 0.732802 0.048828 0.048828
0 0.917119 0.762384 0.048828 0.048828
0 0.753282 0.622439 0.048828 0.048828
0 0.512076 0.581480 0.048828 0.048828
0 0.715736 0.508663 0.048828 0.048828
0 0.424469 0.433571 0.048828 0.048828
0 0.376683 0.353927 0.048828 0.048828
0 0.477943 0.188952 0.048828 0.048828
0 0.735078 0.925084 0.048828 0.048828
0 0.696394 0.915982 0.048828 0.048828
0 0.686154 0.950115 0.048828 0.048828
0 0.712322 0.997900 0.048828 0.048828
0 0.743042 0.999038 0.048828 0.048828
0 0.625852 0.895502 0.048828 0.048828
0 0.589444 0.919395 0.048828 0.048828
0 0.528005 0.876160 0.048828 0.048828
0 0.496148 0.824961 0.048828 0.048828
0 0.364167 0.976283 0.048828 0.048828