0 0.877767 0.544438 0.007136 0.010134
0 0.883781 0.545752 0.007136 0.010134
0 0.881314 0.536116 0.007136 0.010134
0 0.889179 0.542905 0.007136 0.010134
0 0.897506 0.545314 0.007136 0.010134
0 0.902903 0.541372 0.007136 0.010134
0 0.907067 0.540277 0.007136 0.010134
0 0.912310 0.542029 0.007136 0.010134
0 0.921100 0.544219 0.007136 0.010134
0 0.930044 0.551884 0.007136 0.010134
0 0.937446 0.549913 0.007136 0.010134
0 0.517068 0.379968 0.007136 0.010134
0 0.506274 0.376902 0.007136 0.010134
0 0.477436 0.361791 0.007136 0.010134
0 0.472656 0.360039 0.007136 0.010134
0 0.468029 0.357630 0.007136 0.010134
0 0.467875 0.354126 0.007136 0.010134
0 0.472501 0.355440 0.007136 0.010134
0 0.463711 0.350622 0.007136 0.010134
0 0.463095 0.356973 0.007136 0.010134
0 0.454150 0.349746 0.007136 0.010134
0 0.458468 0.350622 0.007136 0.010134
0 0.444127 0.347337 0.007136 0.010134
0 0.439809 0.342738 0.007136 0.010134
0 0.435491 0.339452 0.007136 0.010134
0 0.432252 0.341204 0.007136 0.010134
0 0.422074 0.336605 0.007136 0.010134
0 0.260308 0.259298 0.007136 0.010134
0 0.260616 0.253823 0.007136 0.010134
0 0.253522 0.256013 0.007136 0.010134
0 0.234863 0.223382 0.007136 0.010134
0 0.231779 0.217688 0.007136 0.010134
0 0.130771 0.158995 0.007136 0.010134
0 0.133855 0.149797 0.007136 0.010134
0 0.154519 0.144541 0.007136 0.010134
0 0.149276 0.134248 0.007136 0.010134
0 0.144495 0.129430 0.007136 0.010134
0 0.134009 0.125050 0.007136 0.010134
0 0.124294 0.145198 0.007136 0.010134
0 0.127686 0.129649 0.007136 0.010134
0 0.121672 0.128554 0.007136 0.010134
0 0.122135 0.138409 0.007136 0.010134
0 0.117509 0.131401 0.007136 0.010134
0 0.125373 0.158119 0.007136 0.010134
0 0.123523 0.153082 0.007136 0.010134
0 0.120130 0.149578 0.007136 0.010134
0 0.115658 0.145636 0.007136 0.010134
0 0.116275 0.156586 0.007136 0.010134
0 0.111032 0.141256 0.007136 0.010134
0 0.110569 0.135781 0.007136 0.010134
0 0.102550 0.131839 0.007136 0.010134
0 0.106868 0.144103 0.007136 0.010134
0 0.103321 0.142351 0.007136 0.010134
0 0.094994 0.128554 0.007136 0.010134
0 0.121518 0.118042 0.007136 0.010134
0 0.120901 0.111472 0.007136 0.010134
0 0.116583 0.114100 0.007136 0.010134
0 0.111803 0.110377 0.007136 0.010134
0 0.111340 0.102493 0.007136 0.010134
0 0.107793 0.104902 0.007136 0.010134
0 0.102242 0.103369 0.007136 0.010134
0 0.094068 0.101836 0.007136 0.010134
0 0.098541 0.109282 0.007136 0.010134
0 0.091755 0.120670 0.007136 0.010134
0 0.089751 0.119356 0.007136 0.010134
0 0.090059 0.106873 0.007136 0.010134
0 0.081577 0.115195 0.007136 0.010134
0 0.084507 0.110377 0.007136 0.010134
0 0.077876 0.106873 0.007136 0.010134
0 0.086975 0.100960 0.007136 0.010134
0 0.084816 0.098551 0.007136 0.010134
0 0.081577 0.095923 0.007136 0.010134
0 0.086204 0.092419 0.007136 0.010134
0 0.095148 0.090010 0.007136 0.010134
0 0.089751 0.087601 0.007136 0.010134
0 0.086512 0.086287 0.007136 0.010134
0 0.074021 0.099208 0.007136 0.010134
0 0.069395 0.095923 0.007136 0.010134
0 0.063843 0.096361 0.007136 0.010134
0 0.074021 0.090229 0.007136 0.010134
0 0.063843 0.080593 0.007136 0.010134
0 0.046109 0.075337 0.007136 0.010134
0 0.043796 0.065700 0.007136 0.010134
0 0.046263 0.060444 0.007136 0.010134
0 0.037165 0.056502 0.007136 0.010134
0 0.037319 0.063948 0.007136 0.010134
0 0.025599 0.039201 0.007136 0.010134
0 0.020818 0.037011 0.007136 0.010134
0 0.909843 0.687884 0.007136 0.010134
0 0.879155 0.695111 0.007136 0.010134
0 0.872678 0.694892 0.007136 0.010134
0 0.867743 0.691607 0.007136 0.010134
0 0.865276 0.722705 0.007136 0.010134
0 0.754553 0.713945 0.007136 0.010134
0 0.751160 0.708689 0.007136 0.010134
0 0.746996 0.711098 0.007136 0.010134
0 0.798503 0.635105 0.007136 0.010134
0 0.795110 0.648245 0.007136 0.010134
0 0.791101 0.639266 0.007136 0.010134
0 0.788016 0.625031 0.007136 0.010134
0 0.784624 0.619994 0.007136 0.010134
0 0.784007 0.631820 0.007136 0.010134
0 0.778301 0.628973 0.007136 0.010134
0 0.777684 0.634448 0.007136 0.010134
0 0.777838 0.650873 0.007136 0.010134
0 0.755632 0.628754 0.007136 0.010134
0 0.742062 0.694016 0.007136 0.010134
0 0.737281 0.694673 0.007136 0.010134
0 0.733117 0.692921 0.007136 0.010134
0 0.724636 0.598969 0.007136 0.010134
0 0.740982 0.570499 0.007136 0.010134
0 0.755632 0.578602 0.007136 0.010134
0 0.788171 0.559987 0.007136 0.010134
0 0.794802 0.562834 0.007136 0.010134
0 0.799274 0.564367 0.007136 0.010134
0 0.805751 0.564148 0.007136 0.010134
0 0.818550 0.570061 0.007136 0.010134
0 0.821943 0.560863 0.007136 0.010134
0 0.890258 0.565900 0.007136 0.010134
0 0.886403 0.561958 0.007136 0.010134
0 0.876379 0.561520 0.007136 0.010134
0 0.550378 0.418074 0.007136 0.010134
0 0.547448 0.424206 0.007136 0.010134
0 0.543592 0.422892 0.007136 0.010134
0 0.546677 0.406905 0.007136 0.010134
0 0.533569 0.410190 0.007136 0.010134
0 0.536190 0.413475 0.007136 0.010134
0 0.536345 0.419169 0.007136 0.010134
0 0.524625 0.412599 0.007136 0.010134
0 0.521078 0.411285 0.007136 0.010134
0 0.516914 0.409314 0.007136 0.010134
0 0.510746 0.408657 0.007136 0.010134
0 0.513984 0.428805 0.007136 0.010134
0 0.518765 0.430995 0.007136 0.010134
0 0.513521 0.440412 0.007136 0.010134
0 0.518302 0.442821 0.007136 0.010134
0 0.522774 0.443697 0.007136 0.010134
0 0.530022 0.441945 0.007136 0.010134
0 0.541279 0.451800 0.007136 0.010134
0 0.549144 0.455742 0.007136 0.010134
0 0.550378 0.472167 0.007136 0.010134
0 0.557471 0.485527 0.007136 0.010134
0 0.559785 0.477642 0.007136 0.010134
0 0.564874 0.487498 0.007136 0.010134
0 0.567341 0.486403 0.007136 0.010134
0 0.565799 0.466035 0.007136 0.010134
0 0.571659 0.473043 0.007136 0.010134
0 0.578753 0.480490 0.007136 0.010134
0 0.583070 0.480052 0.007136 0.010134
0 0.588314 0.480709 0.007136 0.010134
0 0.581374 0.487498 0.007136 0.010134
0 0.594019 0.503047 0.007136 0.010134
0 0.577827 0.519472 0.007136 0.010134
0 0.579986 0.518158 0.007136 0.010134
0 0.591860 0.536116 0.007136 0.010134
0 0.598183 0.540277 0.007136 0.010134
0 0.602501 0.543562 0.007136 0.010134
0 0.565182 0.594370 0.007136 0.010134
0 0.570425 0.595903 0.007136 0.010134
0 0.571196 0.616490 0.007136 0.010134
0 0.567187 0.620213 0.007136 0.010134
0 0.562715 0.615175 0.007136 0.010134
0 0.557009 0.611890 0.007136 0.010134
0 0.547756 0.618242 0.007136 0.010134
0 0.579369 0.629849 0.007136 0.010134
0 0.513213 0.612985 0.007136 0.010134
0 0.517839 0.612547 0.007136 0.010134
0 0.522774 0.610795 0.007136 0.010134
0 0.526938 0.617585 0.007136 0.010134
0 0.529559 0.618899 0.007136 0.010134
0 0.535111 0.619556 0.007136 0.010134
0 0.541588 0.617366 0.007136 0.010134
0 0.521078 0.549694 0.007136 0.010134
0 0.503344 0.543124 0.007136 0.010134
0 0.502264 0.565462 0.007136 0.010134
0 0.535111 0.583420 0.007136 0.010134
0 0.606202 0.634010 0.007136 0.010134
0 0.616534 0.638171 0.007136 0.010134
0 0.627946 0.640580 0.007136 0.010134
0 0.633189 0.640580 0.007136 0.010134
0 0.645988 0.643427 0.007136 0.010134
0 0.650923 0.655034 0.007136 0.010134
0 0.610520 0.649121 0.007136 0.010134
0 0.613296 0.649559 0.007136 0.010134
0 0.621160 0.648026 0.007136 0.010134
0 0.616688 0.659195 0.007136 0.010134
0 0.621160 0.660290 0.007136 0.010134
0 0.598800 0.657005 0.007136 0.010134
0 0.594019 0.657005 0.007136 0.010134
0 0.587851 0.653063 0.007136 0.010134
0 0.580295 0.641018 0.007136 0.010134
0 0.539120 0.646931 0.007136 0.010134
0 0.544364 0.650873 0.007136 0.010134
0 0.566570 0.654815 0.007136 0.010134
0 0.509512 0.627878 0.007136 0.010134
0 0.511208 0.629630 0.007136 0.010134
0 0.517994 0.633134 0.007136 0.010134
0 0.523699 0.624374 0.007136 0.010134
0 0.503498 0.650216 0.007136 0.010134
0 0.508587 0.651530 0.007136 0.010134
0 0.501956 0.655691 0.007136 0.010134
0 0.511517 0.664013 0.007136 0.010134
0 0.527709 0.675182 0.007136 0.010134
0 0.532027 0.673211 0.007136 0.010134
0 0.536036 0.669707 0.007136 0.010134
0 0.543130 0.668612 0.007136 0.010134
0 0.550840 0.671240 0.007136 0.010134
0 0.552999 0.679343 0.007136 0.010134
0 0.556084 0.673649 0.007136 0.010134
0 0.564257 0.675401 0.007136 0.010134
0 0.561327 0.680438 0.007136 0.010134
0 0.565799 0.685037 0.007136 0.010134
0 0.567032 0.679124 0.007136 0.010134
0 0.570888 0.677591 0.007136 0.010134
0 0.572584 0.683723 0.007136 0.010134
0 0.576902 0.679343 0.007136 0.010134
0 0.582762 0.681971 0.007136 0.010134
0 0.576131 0.689855 0.007136 0.010134
0 0.580603 0.690731 0.007136 0.010134
0 0.583687 0.692483 0.007136 0.010134
0 0.586771 0.692921 0.007136 0.010134
0 0.590627 0.694454 0.007136 0.010134
0 0.593865 0.689855 0.007136 0.010134
0 0.614375 0.697082 0.007136 0.010134
0 0.605431 0.670364 0.007136 0.010134
0 0.609440 0.670802 0.007136 0.010134
0 0.614838 0.676496 0.007136 0.010134
0 0.619001 0.677153 0.007136 0.010134
0 0.626866 0.671678 0.007136 0.010134
0 0.632572 0.672554 0.007136 0.010134
0 0.637815 0.672992 0.007136 0.010134
0 0.625941 0.679562 0.007136 0.010134
0 0.631338 0.679124 0.007136 0.010134
0 0.644138 0.702119 0.007136 0.010134
0 0.652619 0.703433 0.007136 0.010134
0 0.654778 0.688322 0.007136 0.010134
0 0.662952 0.688103 0.007136 0.010134
0 0.664339 0.703652 0.007136 0.010134
0 0.677447 0.713288 0.007136 0.010134
0 0.691635 0.696206 0.007136 0.010134
0 0.700270 0.701900 0.007136 0.010134
0 0.668812 0.656348 0.007136 0.010134
0 0.676830 0.656567 0.007136 0.010134
0 0.624707 0.619118 0.007136 0.010134
0 0.615146 0.618242 0.007136 0.010134
0 0.609132 0.617366 0.007136 0.010134
0 0.724173 0.694454 0.007136 0.010134
0 0.688859 0.688103 0.007136 0.010134
0 0.502881 0.621527 0.007136 0.010134
0 0.499180 0.622403 0.007136 0.010134
0 0.495941 0.621746 0.007136 0.010134
0 0.491932 0.621527 0.007136 0.010134
0 0.488539 0.616928 0.007136 0.010134
0 0.488385 0.623060 0.007136 0.010134
0 0.485147 0.619994 0.007136 0.010134
0 0.482833 0.623279 0.007136 0.010134
0 0.480983 0.618680 0.007136 0.010134
0 0.474969 0.612766 0.007136 0.010134
0 0.468338 0.606853 0.007136 0.010134
0 0.465253 0.603349 0.007136 0.010134
0 0.462632 0.591961 0.007136 0.010134
0 0.462786 0.574441 0.007136 0.010134
0 0.452608 0.573565 0.007136 0.010134
0 0.446286 0.570937 0.007136 0.010134
0 0.441968 0.570061 0.007136 0.010134
0 0.435799 0.567871 0.007136 0.010134
0 0.437650 0.539839 0.007136 0.010134
0 0.453996 0.543562 0.007136 0.010134
0 0.421920 0.566776 0.007136 0.010134
0 0.415443 0.569404 0.007136 0.010134
0 0.444589 0.598531 0.007136 0.010134
0 0.449678 0.600283 0.007136 0.010134
0 0.458622 0.600064 0.007136 0.010134
0 0.461861 0.609700 0.007136 0.010134
0 0.442739 0.612985 0.007136 0.010134
0 0.450295 0.614737 0.007136 0.010134
0 0.456463 0.612766 0.007136 0.010134
0 0.473735 0.646931 0.007136 0.010134
0 0.480212 0.646493 0.007136 0.010134
0 0.485918 0.653720 0.007136 0.010134
0 0.491623 0.653282 0.007136 0.010134
0 0.494399 0.652406 0.007136 0.010134
0 0.502727 0.636419 0.007136 0.010134
0 0.497792 0.634448 0.007136 0.010134
0 0.492395 0.631820 0.007136 0.010134
0 0.504115 0.629849 0.007136 0.010134
0 0.433640 0.632915 0.007136 0.010134
0 0.427626 0.631601 0.007136 0.010134
0 0.432715 0.643208 0.007136 0.010134
0 0.421920 0.643427 0.007136 0.010134
0 0.417602 0.639704 0.007136 0.010134
0 0.411434 0.613204 0.007136 0.010134
0 0.409121 0.640361 0.007136 0.010134
0 0.407887 0.635324 0.007136 0.010134
0 0.403415 0.630287 0.007136 0.010134
0 0.399714 0.628316 0.007136 0.010134
0 0.398172 0.632915 0.007136 0.010134
0 0.393854 0.628097 0.007136 0.010134
0 0.389999 0.625250 0.007136 0.010134
0 0.387223 0.622403 0.007136 0.010134
0 0.385527 0.618899 0.007136 0.010134
0 0.382905 0.622841 0.007136 0.010134
0 0.378587 0.620213 0.007136 0.010134
0 0.374423 0.619775 0.007136 0.010134
0 0.370260 0.619118 0.007136 0.010134
0 0.363012 0.615394 0.007136 0.010134
0 0.367330 0.616709 0.007136 0.010134
0 0.373961 0.611452 0.007136 0.010134
0 0.366096 0.609043 0.007136 0.010134
0 0.360853 0.605977 0.007136 0.010134
0 0.357923 0.615613 0.007136 0.010134
0 0.353913 0.612985 0.007136 0.010134
0 0.359773 0.630287 0.007136 0.010134
0 0.349596 0.614518 0.007136 0.010134
0 0.344198 0.612328 0.007136 0.010134
0 0.339109 0.608824 0.007136 0.010134
0 0.332324 0.607291 0.007136 0.010134
0 0.326618 0.605320 0.007136 0.010134
0 0.319833 0.601597 0.007136 0.010134
0 0.377045 0.680219 0.007136 0.010134
0 0.372881 0.680876 0.007136 0.010134
0 0.369180 0.680000 0.007136 0.010134
0 0.365017 0.682190 0.007136 0.010134
0 0.360699 0.681752 0.007136 0.010134
0 0.356227 0.681095 0.007136 0.010134
0 0.351909 0.683723 0.007136 0.010134
0 0.347591 0.687227 0.007136 0.010134
0 0.347591 0.682847 0.007136 0.010134
0 0.342810 0.683066 0.007136 0.010134
0 0.335717 0.686570 0.007136 0.010134
0 0.359311 0.719201 0.007136 0.010134
0 0.348979 0.720953 0.007136 0.010134
0 0.341885 0.724457 0.007136 0.010134
0 0.320141 0.688541 0.007136 0.010134
0 0.312122 0.687884 0.007136 0.010134
0 0.303641 0.690074 0.007136 0.010134
0 0.297318 0.679562 0.007136 0.010134
0 0.290995 0.677153 0.007136 0.010134
0 0.310118 0.727523 0.007136 0.010134
0 0.283285 0.689198 0.007136 0.010134
0 0.281897 0.685913 0.007136 0.010134
0 0.277733 0.693578 0.007136 0.010134
0 0.272953 0.693797 0.007136 0.010134
0 0.268635 0.692264 0.007136 0.010134
0 0.255990 0.681533 0.007136 0.010134
0 0.272182 0.667298 0.007136 0.010134
0 0.280355 0.658319 0.007136 0.010134
0 0.274649 0.648245 0.007136 0.010134
0 0.277579 0.634667 0.007136 0.010134
0 0.269869 0.641675 0.007136 0.010134
0 0.250746 0.659633 0.007136 0.010134
0 0.256915 0.646712 0.007136 0.010134
0 0.260153 0.615394 0.007136 0.010134
0 0.256144 0.615394 0.007136 0.010134
0 0.272336 0.588895 0.007136 0.010134
0 0.276962 0.582763 0.007136 0.010134
0 0.259691 0.589333 0.007136 0.010134
0 0.253368 0.591523 0.007136 0.010134
0 0.249975 0.588676 0.007136 0.010134
0 0.248279 0.567871 0.007136 0.010134
0 0.251518 0.571594 0.007136 0.010134
0 0.254602 0.575098 0.007136 0.010134
0 0.257069 0.577069 0.007136 0.010134
0 0.295468 0.604225 0.007136 0.010134
0 0.301019 0.604225 0.007136 0.010134
0 0.303641 0.604882 0.007136 0.010134
0 0.306725 0.618680 0.007136 0.010134
0 0.235480 0.544876 0.007136 0.010134
0 0.241185 0.523414 0.007136 0.010134
0 0.251055 0.542029 0.007136 0.010134
0 0.262929 0.538963 0.007136 0.010134
0 0.273415 0.541372 0.007136 0.010134
0 0.267247 0.564148 0.007136 0.010134
0 0.241340 0.384567 0.007136 0.010134
0 0.244270 0.386757 0.007136 0.010134
0 0.247045 0.390918 0.007136 0.010134
0 0.233166 0.408219 0.007136 0.010134
0 0.256452 0.396612 0.007136 0.010134
0 0.279430 0.402087 0.007136 0.010134
0 0.284519 0.408219 0.007136 0.010134
0 0.288991 0.408657 0.007136 0.010134
0 0.497638 0.524290 0.007136 0.010134
0 0.492240 0.523414 0.007136 0.010134
0 0.459856 0.522757 0.007136 0.010134
0 0.454921 0.520786 0.007136 0.010134
0 0.428397 0.500638 0.007136 0.010134
0 0.423000 0.496258 0.007136 0.010134
0 0.497329 0.543343 0.007136 0.010134
0 0.497792 0.474795 0.007136 0.010134
0 0.490081 0.465378 0.007136 0.010134
0 0.485609 0.461874 0.007136 0.010134
0 0.480520 0.464064 0.007136 0.010134
0 0.461244 0.448734 0.007136 0.010134
0 0.467567 0.448953 0.007136 0.010134
0 0.471113 0.449391 0.007136 0.010134
0 0.477899 0.451581 0.007136 0.010134
0 0.484838 0.452895 0.007136 0.010134
0 0.492703 0.454647 0.007136 0.010134
0 0.496404 0.455961 0.007136 0.010134
0 0.500568 0.455961 0.007136 0.010134
0 0.510283 0.438660 0.007136 0.010134
0 0.501185 0.429024 0.007136 0.010134
0 0.496558 0.422892 0.007136 0.010134
0 0.494708 0.413475 0.007136 0.010134
0 0.484221 0.421140 0.007136 0.010134
0 0.480058 0.416760 0.007136 0.010134
0 0.475894 0.409971 0.007136 0.010134
0 0.472501 0.407562 0.007136 0.010134
0 0.469263 0.413694 0.007136 0.010134
0 0.462169 0.411066 0.007136 0.010134
0 0.462169 0.417198 0.007136 0.010134
0 0.458622 0.430776 0.007136 0.010134
0 0.455076 0.426615 0.007136 0.010134
0 0.452300 0.424863 0.007136 0.010134
0 0.447211 0.425082 0.007136 0.010134
0 0.442430 0.425520 0.007136 0.010134
0 0.437958 0.416103 0.007136 0.010134
0 0.438112 0.432090 0.007136 0.010134
0 0.437033 0.441069 0.007136 0.010134
0 0.444743 0.442821 0.007136 0.010134
0 0.429168 0.425301 0.007136 0.010134
0 0.424233 0.389166 0.007136 0.010134
0 0.427626 0.390042 0.007136 0.010134
0 0.417602 0.376026 0.007136 0.010134
0 0.423925 0.379311 0.007136 0.010134
0 0.430556 0.381720 0.007136 0.010134
0 0.427626 0.369456 0.007136 0.010134
0 0.432869 0.370113 0.007136 0.010134
0 0.444127 0.372522 0.007136 0.010134
0 0.455692 0.373398 0.007136 0.010134
0 0.541125 0.400116 0.007136 0.010134
0 0.467104 0.367266 0.007136 0.010134
0 0.452762 0.359820 0.007136 0.010134
0 0.448753 0.358287 0.007136 0.010134
0 0.440117 0.359820 0.007136 0.010134
0 0.429322 0.357411 0.007136 0.010134
0 0.411434 0.362010 0.007136 0.010134
0 0.404186 0.359382 0.007136 0.010134
0 0.400177 0.362229 0.007136 0.010134
0 0.394625 0.363324 0.007136 0.010134
0 0.423000 0.352155 0.007136 0.010134
0 0.417911 0.344928 0.007136 0.010134
0 0.388457 0.363543 0.007136 0.010134
0 0.266939 0.288206 0.007136 0.010134
0 0.271873 0.286892 0.007136 0.010134
0 0.276345 0.286454 0.007136 0.010134
0 0.280972 0.283826 0.007136 0.010134
0 0.282360 0.289082 0.007136 0.010134
0 0.277117 0.295433 0.007136 0.010134
0 0.259845 0.281198 0.007136 0.010134
0 0.248279 0.273971 0.007136 0.010134
0 0.252443 0.301127 0.007136 0.010134
0 0.245349 0.297842 0.007136 0.010134
0 0.250284 0.311858 0.007136 0.010134
0 0.247662 0.326969 0.007136 0.010134
0 0.249513 0.329378 0.007136 0.010134
0 0.255527 0.334853 0.007136 0.010134
0 0.261233 0.337262 0.007136 0.010134
0 0.264625 0.338138 0.007136 0.010134
0 0.272953 0.339890 0.007136 0.010134
0 0.240414 0.492316 0.007136 0.010134
0 0.235788 0.489250 0.007136 0.010134
0 0.231933 0.496915 0.007136 0.010134
0 0.227769 0.498010 0.007136 0.010134
0 0.220367 0.476547 0.007136 0.010134
0 0.233321 0.463626 0.007136 0.010134
0 0.226535 0.541810 0.007136 0.010134
0 0.230082 0.534145 0.007136 0.010134
0 0.228849 0.526261 0.007136 0.010134
0 0.214815 0.519253 0.007136 0.010134
0 0.214507 0.509617 0.007136 0.010134
0 0.209726 0.507646 0.007136 0.010134
0 0.215432 0.496477 0.007136 0.010134
0 0.205409 0.499105 0.007136 0.010134
0 0.199086 0.502609 0.007136 0.010134
0 0.191375 0.502609 0.007136 0.010134
0 0.203712 0.491878 0.007136 0.010134
0 0.197390 0.491440 0.007136 0.010134
0 0.193226 0.487060 0.007136 0.010134
0 0.197544 0.479176 0.007136 0.010134
0 0.191375 0.474138 0.007136 0.010134
0 0.186595 0.472386 0.007136 0.010134
0 0.182277 0.470634 0.007136 0.010134
0 0.177342 0.470196 0.007136 0.010134
0 0.174104 0.468882 0.007136 0.010134
0 0.181043 0.492973 0.007136 0.010134
0 0.176263 0.491878 0.007136 0.010134
0 0.175337 0.481147 0.007136 0.010134
0 0.178113 0.507427 0.007136 0.010134
0 0.170557 0.508084 0.007136 0.010134
0 0.168861 0.504580 0.007136 0.010134
0 0.171791 0.493411 0.007136 0.010134
0 0.166239 0.485308 0.007136 0.010134
0 0.161304 0.493630 0.007136 0.010134
0 0.156678 0.491440 0.007136 0.010134
0 0.152514 0.491440 0.007136 0.010134
0 0.159762 0.482899 0.007136 0.010134
0 0.162692 0.480709 0.007136 0.010134
0 0.154827 0.459465 0.007136 0.010134
0 0.167319 0.459684 0.007136 0.010134
0 0.161150 0.450924 0.007136 0.010134
0 0.156986 0.451362 0.007136 0.010134
0 0.154365 0.447639 0.007136 0.010134
0 0.150818 0.449391 0.007136 0.010134
0 0.147271 0.453333 0.007136 0.010134
0 0.139561 0.457056 0.007136 0.010134
0 0.140332 0.447639 0.007136 0.010134
0 0.138173 0.437346 0.007136 0.010134
0 0.130925 0.432090 0.007136 0.010134
0 0.127995 0.443916 0.007136 0.010134
0 0.128457 0.452019 0.007136 0.010134
0 0.143879 0.482899 0.007136 0.010134
0 0.137710 0.474357 0.007136 0.010134
0 0.169632 0.572251 0.007136 0.010134
0 0.175337 0.577726 0.007136 0.010134
0 0.182431 0.574660 0.007136 0.010134
0 0.192146 0.578602 0.007136 0.010134
0 0.195693 0.570718 0.007136 0.010134
0 0.200628 0.567871 0.007136 0.010134
0 0.205871 0.576412 0.007136 0.010134
0 0.199086 0.590428 0.007136 0.010134
0 0.209264 0.406686 0.007136 0.010134
0 0.200165 0.401211 0.007136 0.010134
0 0.195693 0.405591 0.007136 0.010134
0 0.192763 0.400773 0.007136 0.010134
0 0.188754 0.404496 0.007136 0.010134
0 0.184899 0.396174 0.007136 0.010134
0 0.180735 0.396393 0.007136 0.010134
0 0.176571 0.400335 0.007136 0.010134
0 0.179501 0.381939 0.007136 0.010134
0 0.172407 0.378654 0.007136 0.010134
0 0.193380 0.380187 0.007136 0.010134
0 0.154519 0.370989 0.007136 0.010134
0 0.148042 0.370989 0.007136 0.010134
0 0.139715 0.416322 0.007136 0.010134
0 0.162075 0.296966 0.007136 0.010134
0 0.144650 0.237179 0.007136 0.010134
0 0.150818 0.218345 0.007136 0.010134
0 0.155907 0.213746 0.007136 0.010134
0 0.142645 0.211994 0.007136 0.010134
0 0.146192 0.207833 0.007136 0.010134
0 0.146500 0.201262 0.007136 0.010134
0 0.151281 0.201700 0.007136 0.010134
0 0.154519 0.203233 0.007136 0.010134
0 0.161150 0.203014 0.007136 0.010134
0 0.169323 0.203671 0.007136 0.010134