0 0.952891 0.089286 0.048828 0.048828
0 0.909414 0.084789 0.048828 0.048828
0 0.873432 0.089286 0.048828 0.048828
0 0.659701 0.193522 0.048828 0.048828
0 0.602255 0.254347 0.048828 0.048828
0 0.565085 0.214923 0.048828 0.048828
0 0.513271 0.185637 0.048828 0.048828
0 0.479480 0.167615 0.048828 0.048828
0 0.441182 0.163110 0.048828 0.048828
0 0.391622 0.163110 0.048828 0.048828
0 0.356704 0.155225 0.048828 0.048828
0 0.352198 0.187890 0.048828 0.048828
0 0.432171 0.199154 0.048828 0.048828
0 0.459205 0.220555 0.048828 0.048828
0 0.409644 0.221682 0.048828 0.048828
0 0.374726 0.208165 0.048828 0.048828