0 0.050768 0.922387 0.048828 0.048828
0 0.199555 0.997308 0.048828 0.048828
0 0.051823 0.253372 0.048828 0.048828
0 0.071872 0.263924 0.048828 0.048828
0 0.090867 0.283973 0.048828 0.048828
0 0.155235 0.311409 0.048828 0.048828
0 0.312465 0.337790 0.048828 0.048828
0 0.347287 0.367336 0.048828 0.048828
0 0.377889 0.369447 0.048828 0.048828
0 0.148904 0.013835 0.048828 0.048828
0 0.187948 0.025442 0.048828 0.048828
0 0.211163 0.029663 0.048828 0.048828
0 0.268145 0.038105 0.048828 0.048828
0 0.045492 0.772544 0.048828 0.048828
0 0.013835 0.757771 0.048828 0.048828