0 0.036039 0.771614 0.048828 0.048828
0 0.022089 0.817824 0.048828 0.048828
0 0.042142 0.795155 0.048828 0.048828
0 0.034295 0.847468 0.048828 0.048828
0 0.052605 0.827415 0.048828 0.048828
0 0.084864 0.801258 0.048828 0.048828
0 0.102302 0.850083 0.048828 0.048828
0 0.063939 0.859674 0.048828 0.048828
0 0.020345 0.876240 0.048828 0.048828
0 0.019473 0.903268 0.048828 0.048828
0 0.056092 0.886702 0.048828 0.048828
0 0.005523 0.932040 0.048828 0.048828
0 0.049989 0.924193 0.048828 0.048828
0 0.070914 0.910243 0.048828 0.048828
0 0.091839 0.895421 0.048828 0.048828
0 0.131074 0.872752 0.048828 0.048828
0 0.163334 0.868393 0.048828 0.048828
0 0.206056 0.866649 0.048828 0.048828
0 0.244419 0.850955 0.048828 0.048828
0 0.266216 0.867521 0.048828 0.048828
0 0.387407 0.922449 0.048828 0.048828
0 0.421410 0.924193 0.048828 0.048828
0 0.121483 0.913731 0.048828 0.048828
0 0.138049 0.901524 0.048828 0.048828
0 0.165077 0.899781 0.048828 0.048828
0 0.199081 0.895421 0.048828 0.048828
0 0.213031 0.911987 0.048828 0.048828
0 0.245290 0.908499 0.048828 0.048828
0 0.207800 0.946862 0.048828 0.048828
0 0.175540 0.946862 0.048828 0.048828
0 0.159846 0.926809 0.048828 0.048828
0 0.095035 0.984279 0.048828 0.048828
0 0.152200 0.993633 0.048828 0.048828
0 0.247822 0.982200 0.048828 0.048828
0 0.411002 0.990515 0.048828 0.048828
0 0.337207 0.984279 0.048828 0.048828
0 0.361112 0.974924 0.048828 0.048828
0 0.328892 0.962452 0.048828 0.048828
0 0.293554 0.969727 0.048828 0.048828
0 0.298750 0.992593 0.048828 0.048828
0 0.475442 0.959334 0.048828 0.048828
0 0.502466 0.984279 0.048828 0.048828
0 0.547159 0.975964 0.048828 0.048828
0 0.551316 0.947901 0.048828 0.048828