0 0.923642 0.600085 0.048828 0.048828
0 0.965173 0.527405 0.048828 0.048828
0 0.932541 0.525922 0.048828 0.048828
0 0.837612 0.511089 0.048828 0.048828
0 0.898426 0.466591 0.048828 0.048828
0 0.885076 0.454725 0.048828 0.048828
0 0.862827 0.442858 0.048828 0.048828
0 0.908809 0.487357 0.048828 0.048828
0 0.895459 0.521472 0.048828 0.048828
0 0.967381 0.033737 0.048828 0.048828
0 0.797021 0.251050 0.048828 0.048828
0 0.762386 0.246432 0.048828 0.048828
0 0.723133 0.251050 0.048828 0.048828
0 0.751996 0.344564 0.048828 0.048828
0 0.627310 0.163308 0.048828 0.048828
0 0.601911 0.141373 0.048828 0.048828
0 0.575358 0.119437 0.048828 0.048828
0 0.539568 0.111356 0.048828 0.048828
0 0.508397 0.072103 0.048828 0.048828
0 0.538414 0.144836 0.048828 0.048828
0 0.517633 0.118283 0.048828 0.048828
0 0.521096 0.178317 0.048828 0.048828
0 0.487616 0.121746 0.048828 0.048828
0 0.465681 0.145991 0.048828 0.048828
0 0.426428 0.139064 0.048828 0.048828
0 0.397565 0.155227 0.048828 0.048828
0 0.360621 0.166772 0.048828 0.048828
0 0.278652 0.285685 0.048828 0.048828
0 0.238245 0.315702 0.048828 0.048828
0 0.195528 0.318011 0.048828 0.048828
0 0.089314 0.264904 0.048828 0.048828
0 0.047752 0.251050 0.048828 0.048828
0 0.017736 0.248741 0.048828 0.048828
0 0.133872 0.430553 0.048828 0.048828
0 0.105633 0.443664 0.048828 0.048828