0 0.990800 0.095923 0.048828 0.048828
0 0.967473 0.075051 0.048828 0.048828
0 0.956423 0.098379 0.048828 0.048828
0 0.920818 0.079962 0.048828 0.048828
0 0.901174 0.061546 0.048828 0.048828
0 0.890124 0.098379 0.048828 0.048828
0 0.847152 0.114340 0.048828 0.048828
0 0.817686 0.131528 0.048828 0.048828
0 0.879074 0.145034 0.048828 0.048828
0 0.898718 0.152400 0.048828 0.048828
0 0.924501 0.158539 0.048828 0.048828
0 0.969928 0.162222 0.048828 0.048828
0 0.999394 0.340247 0.048828 0.048828
0 0.956423 0.332880 0.048828 0.048828
0 0.885213 0.329197 0.048828 0.048828
0 0.828736 0.304642 0.048828 0.048828
0 0.782081 0.287453 0.048828 0.048828
0 0.731743 0.326742 0.048828 0.048828
0 0.720693 0.299731 0.048828 0.048828
0 0.696138 0.304642 0.048828 0.048828
0 0.664217 0.284998 0.048828 0.048828
0 0.642117 0.269037 0.048828 0.048828
0 0.594234 0.245710 0.048828 0.048828
0 0.559857 0.233432 0.048828 0.048828
0 0.509519 0.228521 0.048828 0.048828
0 0.645800 0.111884 0.048828 0.048828
0 0.681405 0.116795 0.048828 0.048828
0 0.853291 0.072596 0.048828 0.048828
0 0.828736 0.057863 0.048828 0.048828
0 0.793131 0.056635 0.048828 0.048828
0 0.777170 0.087329 0.048828 0.048828
0 0.740338 0.078735 0.048828 0.048828
0 0.713327 0.050496 0.048828 0.048828
0 0.681405 0.048041 0.048828 0.048828
0 0.644573 0.046813 0.048828 0.048828
0 0.621245 0.050496 0.048828 0.048828
0 0.581957 0.049269 0.048828 0.048828
0 0.623701 0.017347 0.048828 0.048828
0 0.854519 0.006297 0.048828 0.048828
0 0.893807 0.013664 0.048828 0.048828
0 0.919590 0.023486 0.048828 0.048828
0 0.982206 0.025941 0.048828 0.048828
0 0.640889 0.143806 0.048828 0.048828
0 0.709644 0.235888 0.048828 0.048828
0 0.336405 0.021030 0.048828 0.048828
0 0.467775 0.217471 0.048828 0.048828