0 0.987968 0.471617 0.048828 0.048828
0 0.949908 0.488806 0.048828 0.048828
0 0.915530 0.501083 0.048828 0.048828
0 0.879925 0.496172 0.048828 0.048828
0 0.844320 0.492489 0.048828 0.048828
0 0.811171 0.496172 0.048828 0.048828
0 0.782933 0.501083 0.048828 0.048828
0 0.735050 0.490033 0.048828 0.048828
0 0.693306 0.487578 0.048828 0.048828
0 0.581580 0.447062 0.048828 0.048828
0 0.698217 0.375852 0.048828 0.048828
0 0.555798 0.359891 0.048828 0.048828
0 0.531242 0.362347 0.048828 0.048828
0 0.522648 0.320603 0.048828 0.048828
0 0.496865 0.304642 0.048828 0.048828
0 0.494410 0.350069 0.048828 0.048828
0 0.537381 0.453201 0.048828 0.048828
0 0.469855 0.433557 0.048828 0.048828
0 0.421972 0.386902 0.048828 0.048828
0 0.446527 0.358663 0.048828 0.048828
0 0.448983 0.324286 0.048828 0.048828
0 0.421972 0.315692 0.048828 0.048828
0 0.399872 0.396724 0.048828 0.048828
0 0.399872 0.370941 0.048828 0.048828
0 0.361812 0.340247 0.048828 0.048828
0 0.356901 0.379535 0.048828 0.048828
0 0.306563 0.374624 0.048828 0.048828
0 0.283235 0.366030 0.048828 0.048828
0 0.218164 0.357436 0.048828 0.048828
0 0.285691 0.420051 0.048828 0.048828
0 0.351990 0.443379 0.048828 0.048828
0 0.304107 0.449517 0.048828 0.048828
0 0.171510 0.352525 0.048828 0.048828
0 0.138360 0.330425 0.048828 0.048828
0 0.984285 0.304642 0.048828 0.048828
0 0.949908 0.307098 0.048828 0.048828
0 0.959730 0.283770 0.048828 0.048828
0 0.914303 0.282542 0.048828 0.048828
0 0.897114 0.309553 0.048828 0.048828
0 0.851687 0.278859 0.048828 0.048828
0 0.817310 0.273948 0.048828 0.048828
0 0.703128 0.230977 0.048828 0.048828
0 0.743644 0.234660 0.048828 0.048828
0 0.792755 0.233432 0.048828 0.048828
0 0.848004 0.234660 0.048828 0.048828
0 0.905708 0.237115 0.048828 0.048828
0 0.742417 0.111884 0.048828 0.048828
0 0.711723 0.116795 0.048828 0.048828
0 0.660157 0.116795 0.048828 0.048828
0 0.684712 0.059091 0.048828 0.048828
0 0.623324 0.059091 0.048828 0.048828
0 0.644196 0.133984 0.048828 0.048828
0 0.613502 0.132756 0.048828 0.048828
0 0.574214 0.124162 0.048828 0.048828
0 0.533698 0.142578 0.048828 0.048828
0 0.499321 0.135212 0.048828 0.048828
0 0.381456 0.132756 0.048828 0.048828
0 0.317613 0.116795 0.048828 0.048828
0 0.261136 0.110656 0.048828 0.048828
0 0.225531 0.125389 0.048828 0.048828
0 0.177648 0.133984 0.048828 0.048828
0 0.200976 0.076279 0.048828 0.048828
0 0.167826 0.083646 0.048828 0.048828
0 0.135905 0.083646 0.048828 0.048828
0 0.617185 0.238343 0.048828 0.048828
0 0.577897 0.223610 0.048828 0.048828
0 0.544748 0.213788 0.048828 0.048828
0 0.504232 0.201510 0.048828 0.048828
0 0.448983 0.208877 0.048828 0.048828
0 0.407239 0.212560 0.048828 0.048828
0 0.094161 0.075051 0.048828 0.048828
0 0.130994 0.132756 0.048828 0.048828
0 0.107666 0.122934 0.048828 0.048828
0 0.065922 0.142578 0.048828 0.048828
0 0.142043 0.243254 0.048828 0.048828
0 0.103983 0.249393 0.048828 0.048828
0 0.119944 0.386902 0.048828 0.048828
0 0.084339 0.370941 0.048828 0.048828
0 0.067150 0.350069 0.048828 0.048828
0 0.085567 0.407774 0.048828 0.048828
0 0.133449 0.424962 0.048828 0.048828
0 0.099072 0.438468 0.048828 0.048828
0 0.133449 0.450745 0.048828 0.048828
0 0.097844 0.461795 0.048828 0.048828
0 0.002079 0.505994 0.048828 0.048828
0 0.018040 0.476528 0.048828 0.048828
0 0.040140 0.426190 0.048828 0.048828
0 0.016812 0.411457 0.048828 0.048828
0 0.030317 0.378307 0.048828 0.048828
0 0.005762 0.348841 0.048828 0.048828