0 0.970978 0.075081 0.048828 0.048828
0 0.891229 0.954492 0.048828 0.048828
0 0.840147 0.966411 0.048828 0.048828
0 0.838444 0.826787 0.048828 0.048828
0 0.865688 0.823381 0.048828 0.048828
0 0.894634 0.816570 0.048828 0.048828
0 0.940608 0.801246 0.048828 0.048828
0 0.991690 0.809759 0.048828 0.048828
0 0.998501 0.733136 0.048828 0.048828
0 0.954230 0.745056 0.048828 0.048828
0 0.925284 0.746758 0.048828 0.048828
0 0.877607 0.756975 0.048828 0.048828
0 0.831633 0.765488 0.048828 0.048828
0 0.947419 0.421536 0.048828 0.048828
0 0.862283 0.414725 0.048828 0.048828
0 0.812903 0.409617 0.048828 0.048828
0 0.850363 0.205289 0.048828 0.048828