0 0.995507 0.609302 0.048828 0.048828
0 0.771357 0.952849 0.048828 0.048828
0 0.756714 0.937080 0.048828 0.048828
0 0.715038 0.939332 0.048828 0.048828
0 0.795011 0.928068 0.048828 0.048828
0 0.677867 0.864991 0.048828 0.048828
0 0.583251 0.858233 0.048828 0.048828
0 0.519047 0.863865 0.048828 0.048828
0 0.459349 0.858233 0.048828 0.048828
0 0.424431 0.843590 0.048828 0.048828
0 0.389513 0.835705 0.048828 0.048828
0 0.354595 0.818809 0.048828 0.048828
0 0.329814 0.801913 0.048828 0.048828
0 0.369238 0.697160 0.048828 0.048828
0 0.294897 0.957354 0.048828 0.048828
0 0.347837 0.993399 0.048828 0.048828
0 0.273495 0.986640 0.048828 0.048828
0 0.228440 0.967492 0.048828 0.048828
0 0.221682 0.629577 0.048828 0.048828
0 0.216050 0.596912 0.048828 0.048828
0 0.248715 0.582269 0.048828 0.048828
0 0.227314 0.460619 0.048828 0.048828
0 0.068493 0.546224 0.048828 0.048828
0 0.051598 0.962986 0.048828 0.048828
0 0.005416 0.958481 0.048828 0.048828
0 0.016680 0.453861 0.048828 0.048828
0 0.056103 0.442597 0.048828 0.048828
0 0.065114 0.458366 0.048828 0.048828
0 0.072999 0.479768 0.048828 0.048828
0 0.109043 0.462872 0.048828 0.048828
0 0.321930 0.418943 0.048828 0.048828
0 0.374870 0.371635 0.048828 0.048828
0 0.472865 0.477515 0.048828 0.048828
0 0.519047 0.504548 0.048828 0.048828
0 0.533690 0.482020 0.048828 0.048828
0 0.628306 0.480894 0.048828 0.048828
0 0.642949 0.460619 0.048828 0.048828
0 0.660971 0.473009 0.048828 0.048828
0 0.671109 0.501169 0.048828 0.048828
0 0.681246 0.429080 0.048828 0.048828
0 0.731934 0.473009 0.048828 0.048828
0 0.823171 0.470757 0.048828 0.048828
0 0.833308 0.530455 0.048828 0.048828
0 0.807401 0.555235 0.048828 0.048828
0 0.817539 0.596912 0.048828 0.048828
0 0.869352 0.632956 0.048828 0.048828
0 0.905397 0.632956 0.048828 0.048828
0 0.867100 0.561994 0.048828 0.048828
0 0.912155 0.580016 0.048828 0.048828
0 0.952705 0.575510 0.048828 0.048828
0 0.735313 0.625071 0.048828 0.048828
0 0.719543 0.639714 0.048828 0.048828
0 0.702648 0.634082 0.048828 0.048828
0 0.676741 0.656610 0.048828 0.048828
0 0.633938 0.646472 0.048828 0.048828
0 0.355721 0.622818 0.048828 0.048828
0 0.995507 0.194792 0.048828 0.048828
0 0.977485 0.129462 0.048828 0.048828
0 0.747703 0.012318 0.048828 0.048828
0 0.799517 0.055121 0.048828 0.048828
0 0.829929 0.126083 0.048828 0.048828
0 0.895259 0.124957 0.048828 0.048828
0 0.869352 0.229710 0.048828 0.048828
0 0.831055 0.211688 0.048828 0.048828
0 0.804022 0.190287 0.048828 0.048828
0 0.767978 0.210562 0.048828 0.048828
0 0.747703 0.184655 0.048828 0.048828
0 0.719543 0.207183 0.048828 0.048828
0 0.682373 0.216194 0.048828 0.048828
0 0.695889 0.245480 0.048828 0.048828
0 0.753335 0.251112 0.048828 0.048828
0 0.796137 0.325453 0.048828 0.048828
0 0.917787 0.333338 0.048828 0.048828
0 0.947073 0.340096 0.048828 0.048828
0 0.995507 0.313063 0.048828 0.048828
0 0.984244 0.367129 0.048828 0.048828
0 0.555091 0.290535 0.048828 0.048828
0 0.629433 0.206056 0.048828 0.048828
0 0.702648 0.150863 0.048828 0.048828
0 0.675614 0.172265 0.048828 0.048828
0 0.512289 0.272513 0.048828 0.048828
0 0.374870 0.289409 0.048828 0.048828
0 0.401903 0.228584 0.048828 0.048828
0 0.339952 0.173391 0.048828 0.048828
0 0.388386 0.137347 0.048828 0.048828
0 0.338826 0.095671 0.048828 0.048828
0 0.371491 0.082154 0.048828 0.048828
0 0.399650 0.082154 0.048828 0.048828
0 0.377123 0.050615 0.048828 0.048828
0 0.394018 0.026961 0.048828 0.048828
0 0.414293 0.053994 0.048828 0.048828
0 0.436821 0.029214 0.048828 0.048828
0 0.418799 0.004434 0.048828 0.048828
0 0.455969 0.012318 0.048828 0.048828
0 0.499898 0.082154 0.048828 0.048828
0 0.530311 0.079901 0.048828 0.048828
0 0.535943 0.050615 0.048828 0.048828
0 0.552839 0.063005 0.048828 0.048828
0 0.576493 0.065258 0.048828 0.048828
0 0.624927 0.082154 0.048828 0.048828
0 0.647455 0.016824 0.048828 0.048828
0 0.628306 0.029214 0.048828 0.048828
0 0.597894 0.046110 0.048828 0.048828
0 0.582125 0.019077 0.048828 0.048828
0 0.345584 0.005560 0.048828 0.048828
0 0.365859 0.005560 0.048828 0.048828
0 0.296023 0.025835 0.048828 0.048828
0 0.248715 0.023582 0.048828 0.048828
0 0.190143 0.053994 0.048828 0.048828
0 0.131571 0.026961 0.048828 0.048828
0 0.106790 0.055121 0.048828 0.048828
0 0.209291 0.112566 0.048828 0.048828
0 0.172121 0.182402 0.048828 0.048828
0 0.191269 0.182402 0.048828 0.048828
0 0.204786 0.190287 0.048828 0.048828
0 0.231819 0.216194 0.048828 0.048828
0 0.289265 0.244353 0.048828 0.048828
0 0.302781 0.185781 0.048828 0.048828
0 0.306160 0.144105 0.048828 0.048828
0 0.280254 0.163254 0.048828 0.048828
0 0.249841 0.164380 0.048828 0.048828
0 0.112422 0.197045 0.048828 0.048828
0 0.083136 0.159875 0.048828 0.048828
0 0.056103 0.167759 0.048828 0.048828
0 0.029070 0.164380 0.048828 0.048828
0 0.007669 0.149737 0.048828 0.048828
0 0.021185 0.209435 0.048828 0.048828
0 0.032449 0.245480 0.048828 0.048828
0 0.040334 0.325453 0.048828 0.048828
0 0.018932 0.298420 0.048828 0.048828
0 0.007669 0.260123 0.048828 0.048828
0 0.047092 0.013445 0.048828 0.048828
0 0.018932 0.022456 0.048828 0.048828