0 0.970641 0.661090 0.048828 0.048828
0 0.903320 0.645888 0.048828 0.048828
0 0.823942 0.772145 0.048828 0.048828
0 0.776477 0.738030 0.048828 0.048828
0 0.702314 0.740996 0.048828 0.048828
0 0.783894 0.616401 0.048828 0.048828
0 0.745328 0.614918 0.048828 0.048828
0 0.608867 0.608985 0.048828 0.048828
0 0.561403 0.604535 0.048828 0.048828
0 0.534704 0.608985 0.048828 0.048828
0 0.516904 0.607502 0.048828 0.048828
0 0.485756 0.606019 0.048828 0.048828
0 0.273647 0.570420 0.048828 0.048828
0 0.236566 0.530372 0.048828 0.048828
0 0.123837 0.600085 0.048828 0.048828
0 0.165368 0.527405 0.048828 0.048828
0 0.132736 0.525922 0.048828 0.048828
0 0.037807 0.511089 0.048828 0.048828
0 0.098621 0.466591 0.048828 0.048828
0 0.085272 0.454725 0.048828 0.048828
0 0.063023 0.442858 0.048828 0.048828
0 0.109004 0.487357 0.048828 0.048828
0 0.095655 0.521472 0.048828 0.048828
0 0.249915 0.816643 0.048828 0.048828
0 0.291447 0.813677 0.048828 0.048828
0 0.335945 0.815160 0.048828 0.048828
0 0.484272 0.911573 0.048828 0.048828
0 0.635566 0.884874 0.048828 0.048828
0 0.708247 0.918989 0.048828 0.048828
0 0.825425 0.896740 0.048828 0.048828
0 0.623700 0.997603 0.048828 0.048828
0 0.573269 0.985737 0.048828 0.048828
0 0.651281 0.218220 0.048828 0.048828
0 0.167577 0.033737 0.048828 0.048828