0 0.951874 0.884457 0.048828 0.048828
0 0.915997 0.778934 0.048828 0.048828
0 0.958206 0.716675 0.048828 0.048828
0 0.980366 0.565778 0.048828 0.048828
0 0.952930 0.565778 0.048828 0.048828
0 0.977200 0.440206 0.048828 0.048828
0 0.933936 0.450758 0.048828 0.048828
0 0.910721 0.437040 0.048828 0.048828
0 0.899113 0.336793 0.048828 0.048828
0 0.921273 0.354732 0.048828 0.048828
0 0.942377 0.371616 0.048828 0.048828
0 0.959261 0.381113 0.048828 0.048828
0 0.811529 0.225994 0.048828 0.048828
0 0.850573 0.122582 0.048828 0.048828
0 0.918107 0.212276 0.048828 0.048828
0 0.999360 0.197503 0.048828 0.048828
0 0.758768 0.000175 0.048828 0.048828
0 0.750326 0.211221 0.048828 0.048828
0 0.774596 0.174288 0.048828 0.048828
0 0.766154 0.136300 0.048828 0.048828
0 0.670128 0.102533 0.048828 0.048828
0 0.668018 0.056102 0.048828 0.048828
0 0.635306 0.046605 0.048828 0.048828
0 0.605760 0.005451 0.048828 0.048828
0 0.562495 0.022335 0.048828 0.048828
0 0.509734 0.022335 0.048828 0.048828
0 0.418984 0.045550 0.048828 0.048828
0 0.367278 0.048716 0.048828 0.048828
0 0.355670 0.031832 0.048828 0.048828
0 0.360947 0.357898 0.048828 0.048828
0 0.399990 0.384278 0.048828 0.048828
0 0.448531 0.369505 0.048828 0.048828
0 0.515010 0.388499 0.048828 0.048828
0 0.539280 0.350511 0.048828 0.048828
0 0.573047 0.336793 0.048828 0.048828
0 0.608925 0.377947 0.048828 0.048828
0 0.562495 0.445482 0.048828 0.048828