0 0.894834 0.766096 0.048828 0.048828
0 0.915938 0.721776 0.048828 0.048828
0 0.988749 0.623640 0.048828 0.048828
0 0.916993 0.602535 0.048828 0.048828
0 0.850514 0.699616 0.048828 0.048828
0 0.873729 0.624695 0.048828 0.048828
0 0.832575 0.619419 0.048828 0.048828
0 0.835741 0.666904 0.048828 0.048828
0 0.804084 0.633137 0.048828 0.048828
0 0.857901 0.761875 0.048828 0.048828
0 0.845238 0.737605 0.048828 0.048828
0 0.822023 0.720721 0.048828 0.048828
0 0.791421 0.701727 0.048828 0.048828
0 0.795642 0.754488 0.048828 0.048828
0 0.759764 0.680622 0.048828 0.048828
0 0.756599 0.654242 0.048828 0.048828
0 0.701727 0.635248 0.048828 0.048828
0 0.731273 0.694340 0.048828 0.048828
0 0.707003 0.685898 0.048828 0.048828
0 0.650021 0.619419 0.048828 0.048828
0 0.831520 0.568768 0.048828 0.048828
0 0.827299 0.537111 0.048828 0.048828
0 0.797753 0.549774 0.048828 0.048828
0 0.765041 0.531835 0.048828 0.048828
0 0.761875 0.493847 0.048828 0.048828
0 0.737605 0.505454 0.048828 0.048828
0 0.699616 0.498068 0.048828 0.048828
0 0.643689 0.490681 0.048828 0.048828
0 0.674291 0.526559 0.048828 0.048828
0 0.627861 0.581431 0.048828 0.048828
0 0.614143 0.575099 0.048828 0.048828
0 0.616253 0.514951 0.048828 0.048828
0 0.558216 0.555050 0.048828 0.048828
0 0.578265 0.531835 0.048828 0.048828
0 0.532890 0.514951 0.048828 0.048828
0 0.595149 0.486460 0.048828 0.048828
0 0.580376 0.474853 0.048828 0.048828
0 0.558216 0.462190 0.048828 0.048828
0 0.589873 0.445306 0.048828 0.048828
0 0.651076 0.433699 0.048828 0.048828
0 0.614143 0.422091 0.048828 0.048828
0 0.591983 0.415760 0.048828 0.048828
0 0.506510 0.478018 0.048828 0.048828
0 0.474853 0.462190 0.048828 0.048828
0 0.436865 0.464301 0.048828 0.048828
0 0.506510 0.434754 0.048828 0.048828
0 0.436865 0.388324 0.048828 0.048828
0 0.315513 0.362999 0.048828 0.048828
0 0.299685 0.316569 0.048828 0.048828
0 0.316569 0.291243 0.048828 0.048828
0 0.254310 0.272249 0.048828 0.048828
0 0.255365 0.308127 0.048828 0.048828
0 0.175168 0.188886 0.048828 0.048828
0 0.142456 0.178334 0.048828 0.048828