0 0.868298 0.546224 0.048828 0.048828
0 0.790578 0.537213 0.048828 0.048828
0 0.851402 0.962986 0.048828 0.048828
0 0.805221 0.958481 0.048828 0.048828
0 0.779314 0.650978 0.048828 0.048828
0 0.816484 0.453861 0.048828 0.048828
0 0.855908 0.442597 0.048828 0.048828
0 0.864919 0.458366 0.048828 0.048828
0 0.872804 0.479768 0.048828 0.048828
0 0.908848 0.462872 0.048828 0.048828
0 0.989948 0.053994 0.048828 0.048828
0 0.931376 0.026961 0.048828 0.048828
0 0.906595 0.055121 0.048828 0.048828
0 0.971925 0.182402 0.048828 0.048828
0 0.991074 0.182402 0.048828 0.048828
0 0.912227 0.197045 0.048828 0.048828
0 0.882941 0.159875 0.048828 0.048828
0 0.855908 0.167759 0.048828 0.048828
0 0.828875 0.164380 0.048828 0.048828
0 0.807473 0.149737 0.048828 0.048828
0 0.820990 0.209435 0.048828 0.048828
0 0.832254 0.245480 0.048828 0.048828
0 0.840138 0.325453 0.048828 0.048828
0 0.818737 0.298420 0.048828 0.048828
0 0.807473 0.260123 0.048828 0.048828
0 0.768050 0.270260 0.048828 0.048828
0 0.728626 0.265755 0.048828 0.048828
0 0.694835 0.265755 0.048828 0.048828
0 0.846897 0.013445 0.048828 0.048828
0 0.818737 0.022456 0.048828 0.048828
0 0.710604 0.031467 0.048828 0.048828
0 0.451536 0.180149 0.048828 0.048828
0 0.416618 0.186908 0.048828 0.048828
0 0.373815 0.190287 0.048828 0.048828
0 0.422250 0.238721 0.048828 0.048828
0 0.468432 0.230837 0.048828 0.048828
0 0.472937 0.293914 0.048828 0.048828
0 0.487580 0.308557 0.048828 0.048828
0 0.506729 0.278145 0.048828 0.048828
0 0.533762 0.273639 0.048828 0.048828
0 0.525877 0.295041 0.048828 0.048828
0 0.507855 0.344602 0.048828 0.048828
0 0.565301 0.301799 0.048828 0.048828
0 0.597966 0.274766 0.048828 0.048828
0 0.619367 0.263502 0.048828 0.048828
0 0.636263 0.278145 0.048828 0.048828
0 0.503350 0.500043 0.048828 0.048828
0 0.456042 0.503422 0.048828 0.048828
0 0.654285 0.708424 0.048828 0.048828
0 0.372689 0.371635 0.048828 0.048828
0 0.347909 0.354739 0.048828 0.048828
0 0.320875 0.361497 0.048828 0.048828
0 0.307359 0.386278 0.048828 0.048828
0 0.165434 0.434712 0.048828 0.048828
0 0.114747 0.438091 0.048828 0.048828
0 0.151918 0.555235 0.048828 0.048828
0 0.115874 0.585648 0.048828 0.048828
0 0.013373 0.581142 0.048828 0.048828
0 0.056175 0.676885 0.048828 0.048828
0 0.150791 0.685896 0.048828 0.048828
0 0.191341 0.689275 0.048828 0.048828
0 0.236397 0.702792 0.048828 0.048828
0 0.262303 0.716308 0.048828 0.048828
0 0.316370 0.718561 0.048828 0.048828
0 0.163182 0.765869 0.048828 0.048828
0 0.102357 0.739962 0.048828 0.048828
0 0.057302 0.727572 0.048828 0.048828
0 0.431261 0.008939 0.048828 0.048828
0 0.328760 0.023582 0.048828 0.048828
0 0.096725 0.124957 0.048828 0.048828
0 0.078703 0.135094 0.048828 0.048828
0 0.050543 0.138473 0.048828 0.048828
0 0.026889 0.810924 0.048828 0.048828
0 0.067439 0.813177 0.048828 0.048828
0 0.055049 0.837958 0.048828 0.048828
0 0.030268 0.860485 0.048828 0.048828
0 0.142907 0.800787 0.048828 0.048828
0 0.177825 0.794029 0.048828 0.048828
0 0.258924 0.904414 0.048828 0.048828
0 0.260051 0.928068 0.048828 0.048828
0 0.204858 0.978756 0.048828 0.048828
0 0.344529 0.996778 0.048828 0.048828
0 0.453789 0.994525 0.048828 0.048828
0 0.637230 0.769169 0.048828 0.048828
0 0.477943 0.988757 0.048828 0.048828