0 0.865521 0.024446 0.048828 0.048828
0 0.754722 0.103588 0.048828 0.048828
0 0.769495 0.097256 0.048828 0.048828
0 0.850748 0.183785 0.048828 0.048828
0 0.894012 0.203834 0.048828 0.048828
0 0.923559 0.219663 0.048828 0.048828
0 0.668193 0.464476 0.048828 0.048828
0 0.704071 0.471862 0.048828 0.048828
0 0.709347 0.571054 0.048828 0.048828
0 0.681911 0.588993 0.048828 0.048828
0 0.651310 0.564723 0.048828 0.048828
0 0.612266 0.548894 0.048828 0.048828
0 0.548953 0.579496 0.048828 0.048828
0 0.765274 0.635423 0.048828 0.048828
0 0.312581 0.554170 0.048828 0.048828
0 0.344238 0.552060 0.048828 0.048828
0 0.378006 0.543618 0.048828 0.048828
0 0.406497 0.576330 0.048828 0.048828
0 0.424436 0.582661 0.048828 0.048828
0 0.462424 0.585827 0.048828 0.048828
0 0.506743 0.575275 0.048828 0.048828
0 0.366398 0.249209 0.048828 0.048828
0 0.245047 0.217552 0.048828 0.048828
0 0.237660 0.325186 0.048828 0.048828
0 0.462424 0.411714 0.048828 0.048828
0 0.948884 0.655472 0.048828 0.048828
0 0.978431 0.728283 0.048828 0.048828
0 0.997425 0.730393 0.048828 0.048828
0 0.898233 0.766271 0.048828 0.048828
0 0.865521 0.766271 0.048828 0.048828
0 0.823312 0.747277 0.048828 0.048828
0 0.771606 0.689240 0.048828 0.048828
0 0.489860 0.717731 0.048828 0.048828
0 0.525738 0.736725 0.048828 0.048828
0 0.677690 0.755719 0.048828 0.048828
0 0.287256 0.625926 0.048828 0.048828
0 0.298863 0.634368 0.048828 0.048828
0 0.345293 0.651251 0.048828 0.048828
0 0.384337 0.609042 0.048828 0.048828
0 0.246102 0.733559 0.048828 0.048828
0 0.280925 0.739890 0.048828 0.048828
0 0.235550 0.759940 0.048828 0.048828
0 0.300974 0.800038 0.048828 0.048828
0 0.411773 0.853855 0.048828 0.048828
0 0.441319 0.844358 0.048828 0.048828
0 0.468755 0.827474 0.048828 0.048828
0 0.517296 0.822198 0.048828 0.048828
0 0.570057 0.834861 0.048828 0.048828
0 0.584830 0.873904 0.048828 0.048828
0 0.605935 0.846469 0.048828 0.048828
0 0.661862 0.854910 0.048828 0.048828
0 0.641813 0.879181 0.048828 0.048828
0 0.672414 0.901340 0.048828 0.048828
0 0.680856 0.872849 0.048828 0.048828
0 0.707237 0.865463 0.048828 0.048828
0 0.718844 0.895009 0.048828 0.048828
0 0.748391 0.873904 0.048828 0.048828
0 0.788489 0.886567 0.048828 0.048828
0 0.743115 0.924555 0.048828 0.048828
0 0.773716 0.928776 0.048828 0.048828
0 0.794821 0.937218 0.048828 0.048828
0 0.815925 0.939329 0.048828 0.048828
0 0.842306 0.946715 0.048828 0.048828
0 0.864466 0.924555 0.048828 0.048828
0 0.943608 0.830640 0.048828 0.048828
0 0.971044 0.832751 0.048828 0.048828
0 0.968933 0.575275 0.048828 0.048828
0 0.241881 0.595324 0.048828 0.048828
0 0.216556 0.599545 0.048828 0.048828
0 0.194396 0.596379 0.048828 0.048828
0 0.166960 0.595324 0.048828 0.048828
0 0.143745 0.573164 0.048828 0.048828
0 0.142690 0.602711 0.048828 0.048828
0 0.120530 0.587938 0.048828 0.048828
0 0.104701 0.603766 0.048828 0.048828
0 0.092039 0.581606 0.048828 0.048828
0 0.050885 0.553115 0.048828 0.048828
0 0.005510 0.524624 0.048828 0.048828
0 0.042443 0.717731 0.048828 0.048828
0 0.086763 0.715620 0.048828 0.048828
0 0.125806 0.750443 0.048828 0.048828
0 0.164849 0.748332 0.048828 0.048828
0 0.183844 0.744111 0.048828 0.048828
0 0.240826 0.667080 0.048828 0.048828
0 0.207059 0.657583 0.048828 0.048828
0 0.170126 0.644920 0.048828 0.048828
0 0.250323 0.635423 0.048828 0.048828
0 0.206003 0.126803 0.048828 0.048828
0 0.169070 0.122582 0.048828 0.048828
0 0.203893 0.218608 0.048828 0.048828