0 0.314459 0.353112 0.048828 0.048828
0 0.281328 0.392346 0.048828 0.048828
0 0.326666 0.402809 0.048828 0.048828
0 0.333641 0.430709 0.048828 0.048828
0 0.402519 0.466456 0.048828 0.048828
0 0.464423 0.450762 0.048828 0.048828
0 0.471398 0.428965 0.048828 0.048828
0 0.513248 0.454250 0.048828 0.048828
0 0.582127 0.460353 0.048828 0.048828
0 0.618746 0.451634 0.048828 0.048828
0 0.595205 0.485637 0.048828 0.048828
0 0.568176 0.496100 0.048828 0.048828
0 0.541148 0.525744 0.048828 0.048828
0 0.508889 0.477790 0.048828 0.048828
0 0.433035 0.518769 0.048828 0.048828
0 0.407750 0.514409 0.048828 0.048828
0 0.377235 0.517897 0.048828 0.048828
0 0.407750 0.554516 0.048828 0.048828
0 0.446985 0.552772 0.048828 0.048828
0 0.433907 0.585032 0.048828 0.048828
0 0.467038 0.513538 0.048828 0.048828
0 0.468782 0.547541 0.048828 0.048828
0 0.548123 0.552772 0.048828 0.048828
0 0.549867 0.574569 0.048828 0.048828
0 0.602180 0.538822 0.048828 0.048828
0 0.623977 0.515281 0.048828 0.048828
0 0.685008 0.535335 0.048828 0.048828
0 0.717268 0.526616 0.048828 0.048828
0 0.653621 0.577185 0.048828 0.048828
0 0.607411 0.605085 0.048828 0.048828
0 0.574280 0.612060 0.048828 0.048828
0 0.497554 0.653910 0.048828 0.048828
0 0.460935 0.664373 0.048828 0.048828
0 0.459191 0.700992 0.048828 0.048828
0 0.491451 0.685298 0.048828 0.048828
0 0.557714 0.680939 0.048828 0.048828
0 0.647518 0.652167 0.048828 0.048828
0 0.681521 0.615548 0.048828 0.048828
0 0.725115 0.570210 0.048828 0.048828
0 0.783531 0.581544 0.048828 0.048828
0 0.602180 0.656526 0.048828 0.048828
0 0.659724 0.689657 0.048828 0.048828
0 0.591717 0.717558 0.048828 0.048828
0 0.556842 0.746330 0.048828 0.048828
0 0.617002 0.778589 0.048828 0.048828
0 0.367644 0.499587 0.048828 0.048828
0 0.353694 0.464712 0.048828 0.048828
0 0.426932 0.483022 0.048828 0.048828
0 0.431291 0.452506 0.048828 0.048828
0 0.426932 0.414143 0.048828 0.048828
0 0.383338 0.374037 0.048828 0.048828
0 0.415597 0.377524 0.048828 0.048828
0 0.257787 0.389731 0.048828 0.048828
0 0.308356 0.506563 0.048828 0.048828
0 0.267378 0.457737 0.048828 0.048828
0 0.251684 0.438556 0.048828 0.048828
0 0.662340 0.808233 0.048828 0.048828
0 0.712037 0.829158 0.048828 0.048828
0 0.741681 0.835261 0.048828 0.048828
0 0.753887 0.818696 0.048828 0.048828
0 0.752143 0.793411 0.048828 0.048828
0 0.799225 0.771614 0.048828 0.048828
0 0.835844 0.771614 0.048828 0.048828
0 0.799225 0.793411 0.048828 0.048828
0 0.821894 0.817824 0.048828 0.048828
0 0.841947 0.795155 0.048828 0.048828
0 0.786147 0.827415 0.048828 0.048828
0 0.834100 0.847468 0.048828 0.048828
0 0.852410 0.827415 0.048828 0.048828
0 0.884669 0.801258 0.048828 0.048828
0 0.902107 0.850083 0.048828 0.048828
0 0.863744 0.859674 0.048828 0.048828
0 0.820150 0.876240 0.048828 0.048828
0 0.819278 0.903268 0.048828 0.048828
0 0.855897 0.886702 0.048828 0.048828
0 0.775684 0.915474 0.048828 0.048828
0 0.687624 0.958197 0.048828 0.048828
0 0.751271 0.944246 0.048828 0.048828
0 0.805328 0.932040 0.048828 0.048828
0 0.849794 0.924193 0.048828 0.048828
0 0.870719 0.910243 0.048828 0.048828
0 0.891644 0.895421 0.048828 0.048828
0 0.930879 0.872752 0.048828 0.048828
0 0.963138 0.868393 0.048828 0.048828
0 0.921288 0.913731 0.048828 0.048828
0 0.937854 0.901524 0.048828 0.048828
0 0.964882 0.899781 0.048828 0.048828
0 0.998885 0.895421 0.048828 0.048828
0 0.975345 0.946862 0.048828 0.048828
0 0.959651 0.926809 0.048828 0.048828
0 0.894840 0.984279 0.048828 0.048828
0 0.952005 0.993633 0.048828 0.048828
0 0.390567 0.958553 0.048828 0.048828
0 0.369166 0.938278 0.048828 0.048828
0 0.316226 0.934899 0.048828 0.048828
0 0.333122 0.978828 0.048828 0.048828
0 0.307215 0.993471 0.048828 0.048828
0 0.249769 0.983333 0.048828 0.048828
0 0.195703 0.994597 0.048828 0.048828
0 0.231747 0.924761 0.048828 0.048828
0 0.177681 0.929267 0.048828 0.048828
0 0.057158 0.679210 0.048828 0.048828
0 0.023366 0.648797 0.048828 0.048828
0 0.030124 0.925888 0.048828 0.048828
0 0.095455 0.924761 0.048828 0.048828
0 0.004217 0.990092 0.048828 0.048828