0 0.999132 0.097323 0.048828 0.048828
0 0.296283 0.768814 0.048828 0.048828
0 0.424958 0.469292 0.048828 0.048828
0 0.479024 0.447666 0.048828 0.048828
0 0.525520 0.417389 0.048828 0.048828
0 0.549309 0.406576 0.048828 0.048828
0 0.568772 0.406576 0.048828 0.048828
0 0.595805 0.402251 0.048828 0.048828
0 0.610943 0.330885 0.048828 0.048828
0 0.397926 0.443341 0.048828 0.048828
0 0.375218 0.441178 0.048828 0.048828
0 0.290876 0.458479 0.048828 0.048828
0 0.261681 0.473617 0.048828 0.048828
0 0.229242 0.479024 0.048828 0.048828
0 0.207616 0.483349 0.048828 0.048828
0 0.181664 0.463885 0.048828 0.048828
0 0.153551 0.444422 0.048828 0.048828
0 0.122193 0.450910 0.048828 0.048828
0 0.176258 0.309259 0.048828 0.048828
0 0.238974 0.328722 0.048828 0.048828
0 0.263844 0.321153 0.048828 0.048828
0 0.324397 0.287633 0.048828 0.048828
0 0.509300 0.219510 0.048828 0.048828
0 0.671496 0.185990 0.048828 0.048828
0 0.658521 0.259519 0.048828 0.048828
0 0.683391 0.259519 0.048828 0.048828
0 0.711505 0.203291 0.048828 0.048828
0 0.011899 0.522276 0.048828 0.048828
0 0.023794 0.482268 0.048828 0.048828
0 0.044339 0.494162 0.048828 0.048828
0 0.126518 0.510382 0.048828 0.048828
0 0.064883 0.433609 0.048828 0.048828
0 0.063802 0.749350 0.048828 0.048828