0 0.946867 0.432165 0.048828 0.048828
0 0.923079 0.433247 0.048828 0.048828
0 0.890639 0.455954 0.048828 0.048828
0 0.862525 0.472174 0.048828 0.048828
0 0.830086 0.467849 0.048828 0.048828
0 0.807379 0.463523 0.048828 0.048828
0 0.786834 0.355393 0.048828 0.048828
0 0.607337 0.462442 0.048828 0.048828
0 0.784671 0.486231 0.048828 0.048828
0 0.759801 0.495963 0.048828 0.048828
0 0.725200 0.515426 0.048828 0.048828
0 0.697086 0.522995 0.048828 0.048828
0 0.662484 0.507857 0.048828 0.048828
0 0.701411 0.632207 0.048828 0.048828
0 0.720874 0.622475 0.048828 0.048828
0 0.737094 0.612744 0.048828 0.048828
0 0.760883 0.606256 0.048828 0.048828
0 0.759801 0.557597 0.048828 0.048828
0 0.784671 0.596524 0.048828 0.048828
0 0.796566 0.595443 0.048828 0.048828
0 0.833330 0.592199 0.048828 0.048828
0 0.825761 0.575979 0.048828 0.048828
0 0.808460 0.563004 0.048828 0.048828
0 0.839818 0.573817 0.048828 0.048828
0 0.824680 0.532727 0.048828 0.048828
0 0.857119 0.545703 0.048828 0.048828
0 0.863607 0.564085 0.048828 0.048828
0 0.862525 0.581386 0.048828 0.048828
0 0.781427 0.631126 0.048828 0.048828
0 0.750070 0.651671 0.048828 0.048828
0 0.718712 0.693842 0.048828 0.048828
0 0.745744 0.756557 0.048828 0.048828
0 0.866851 0.620313 0.048828 0.048828
0 0.913347 0.591118 0.048828 0.048828
0 0.941461 0.573817 0.048828 0.048828
0 0.914428 0.551109 0.048828 0.048828
0 0.933892 0.548947 0.048828 0.048828
0 0.912266 0.529483 0.048828 0.048828
0 0.942542 0.522995 0.048828 0.048828
0 0.971737 0.558678 0.048828 0.048828
0 0.969575 0.537052 0.048828 0.048828
0 0.981469 0.513263 0.048828 0.048828
0 0.661402 0.560841 0.048828 0.048828
0 0.650589 0.551109 0.048828 0.048828
0 0.635451 0.566247 0.048828 0.048828
0 0.618150 0.554353 0.048828 0.048828
0 0.622475 0.532727 0.048828 0.048828
0 0.601931 0.545703 0.048828 0.048828
0 0.588955 0.560841 0.048828 0.048828
0 0.585711 0.588955 0.048828 0.048828
0 0.569491 0.572735 0.048828 0.048828
0 0.533808 0.596524 0.048828 0.048828
0 0.514345 0.594361 0.048828 0.048828
0 0.500288 0.625719 0.048828 0.048828
0 0.480824 0.620313 0.048828 0.048828
0 0.470011 0.628963 0.048828 0.048828
0 0.454873 0.631126 0.048828 0.048828
0 0.500288 0.766289 0.048828 0.048828
0 0.013700 0.692760 0.048828 0.048828
0 0.039651 0.678703 0.048828 0.048828