0 0.744468 0.002109 0.048828 0.048828
0 0.799661 0.012246 0.048828 0.048828
0 0.700539 0.046038 0.048828 0.048828
0 0.750100 0.084335 0.048828 0.048828
0 0.779386 0.089967 0.048828 0.048828
0 0.787270 0.107989 0.048828 0.048828
0 0.748973 0.119253 0.048828 0.048828
0 0.681390 0.085461 0.048828 0.048828
0 0.717435 0.089967 0.048828 0.048828
0 0.826694 0.011120 0.048828 0.048828
0 0.867244 0.013373 0.048828 0.048828
0 0.854853 0.038153 0.048828 0.048828
0 0.830073 0.060681 0.048828 0.048828
0 0.942711 0.000982 0.048828 0.048828
0 0.941585 0.237523 0.048828 0.048828
0 0.971997 0.261177 0.048828 0.048828
0 0.960734 0.308485 0.048828 0.048828
0 0.970871 0.370436 0.048828 0.048828
0 0.265970 0.018502 0.048828 0.048828
0 0.345061 0.096296 0.048828 0.048828
0 0.299681 0.320601 0.048828 0.048828
0 0.391737 0.336160 0.048828 0.048828
0 0.488979 0.345236 0.048828 0.048828
0 0.509724 0.321898 0.048828 0.048828
0 0.734030 0.458037 0.048828 0.048828
0 0.700319 0.433402 0.048828 0.048828
0 0.675684 0.485265 0.048828 0.048828
0 0.578442 0.456740 0.048828 0.048828
0 0.626415 0.539720 0.048828 0.048828
0 0.538249 0.568245 0.048828 0.048828
0 0.513614 0.570838 0.048828 0.048828
0 0.664015 0.556576 0.048828 0.048828
0 0.684760 0.566948 0.048828 0.048828
0 0.631601 0.598066 0.048828 0.048828
0 0.288012 0.398395 0.048828 0.048828
0 0.230963 0.471002 0.048828 0.048828
0 0.298385 0.511196 0.048828 0.048828
0 0.330799 0.555279 0.048828 0.048828
0 0.367102 0.546203 0.048828 0.048828
0 0.341171 0.495637 0.048828 0.048828