0 0.959495 0.486636 0.048828 0.048828
0 0.065716 0.024446 0.048828 0.048828
0 0.050943 0.183785 0.048828 0.048828
0 0.094208 0.203834 0.048828 0.048828
0 0.123754 0.219663 0.048828 0.048828
0 0.149079 0.655472 0.048828 0.048828
0 0.219780 0.675522 0.048828 0.048828
0 0.297867 0.687129 0.048828 0.048828
0 0.333744 0.687129 0.048828 0.048828
0 0.421328 0.700847 0.048828 0.048828
0 0.455096 0.756774 0.048828 0.048828
0 0.178626 0.728283 0.048828 0.048828
0 0.197620 0.730393 0.048828 0.048828
0 0.251437 0.723007 0.048828 0.048828
0 0.220835 0.776823 0.048828 0.048828
0 0.251437 0.782100 0.048828 0.048828
0 0.098428 0.766271 0.048828 0.048828
0 0.065716 0.766271 0.048828 0.048828
0 0.023507 0.747277 0.048828 0.048828
0 0.016121 0.939329 0.048828 0.048828
0 0.042501 0.946715 0.048828 0.048828
0 0.064661 0.924555 0.048828 0.048828
0 0.205007 0.959378 0.048828 0.048828
0 0.143803 0.830640 0.048828 0.048828
0 0.171239 0.832751 0.048828 0.048828
0 0.208172 0.860187 0.048828 0.048828
0 0.236663 0.863352 0.048828 0.048828
0 0.290480 0.836971 0.048828 0.048828
0 0.329524 0.841192 0.048828 0.048828
0 0.365401 0.843303 0.048828 0.048828
0 0.284149 0.874960 0.048828 0.048828
0 0.321082 0.872849 0.048828 0.048828
0 0.408666 0.983648 0.048828 0.048828
0 0.466703 0.989980 0.048828 0.048828
0 0.481476 0.917169 0.048828 0.048828
0 0.537404 0.916114 0.048828 0.048828
0 0.546901 0.991035 0.048828 0.048828
0 0.733676 0.955157 0.048828 0.048828
0 0.792769 0.982593 0.048828 0.048828
0 0.577502 0.763105 0.048828 0.048828
0 0.632374 0.764161 0.048828 0.048828
0 0.275707 0.583717 0.048828 0.048828
0 0.210283 0.579496 0.048828 0.048828
0 0.169129 0.575275 0.048828 0.048828
0 0.956329 0.946715 0.048828 0.048828
0 0.714682 0.916114 0.048828 0.048828