0 0.859995 0.155227 0.048828 0.048828
0 0.809197 0.135600 0.048828 0.048828
0 0.798806 0.523512 0.048828 0.048828
0 0.820742 0.526975 0.048828 0.048828
0 0.943118 0.587009 0.048828 0.048828
0 0.973135 0.583545 0.048828 0.048828
0 0.981217 0.561610 0.048828 0.048828
0 0.888857 0.672442 0.048828 0.048828
0 0.744545 0.943749 0.048828 0.048828
0 0.575988 0.732476 0.048828 0.048828
0 0.736463 0.483104 0.048828 0.048828
0 0.711064 0.478486 0.048828 0.048828
0 0.686820 0.471559 0.048828 0.048828
0 0.647567 0.469250 0.048828 0.048828
0 0.699519 0.529284 0.048828 0.048828
0 0.065371 0.338741 0.048828 0.048828
0 0.180813 0.385723 0.048828 0.048828
0 0.164705 0.260885 0.048828 0.048828
0 0.194237 0.255515 0.048828 0.048828
0 0.213030 0.274308 0.048828 0.048828
0 0.045602 0.038055 0.048828 0.048828
0 0.235972 0.268695 0.048828 0.048828
0 0.267700 0.267475 0.048828 0.048828
0 0.277462 0.308965 0.048828 0.048828
0 0.315292 0.307745 0.048828 0.048828
0 0.366545 0.323609 0.048828 0.048828
0 0.390952 0.327270 0.048828 0.048828
0 0.422680 0.358998 0.048828 0.048828
0 0.322614 0.233306 0.048828 0.048828
0 0.433663 0.269915 0.048828 0.048828
0 0.472713 0.239407 0.048828 0.048828
0 0.254982 0.078578 0.048828 0.048828
0 0.320536 0.063450 0.048828 0.048828
0 0.345750 0.070509 0.048828 0.048828
0 0.544429 0.034202 0.048828 0.048828
0 0.563591 0.034202 0.048828 0.048828
0 0.716887 0.017058 0.048828 0.048828
0 0.928678 0.050339 0.048828 0.048828