0 0.867573 0.943433 0.048828 0.048828
0 0.834861 0.934991 0.048828 0.048828
0 0.803204 0.923383 0.048828 0.048828
0 0.802149 0.906500 0.048828 0.048828
0 0.833806 0.912831 0.048828 0.048828
0 0.773658 0.889616 0.048828 0.048828
0 0.769437 0.920218 0.048828 0.048828
0 0.708234 0.885395 0.048828 0.048828
0 0.737780 0.889616 0.048828 0.048828
0 0.639644 0.873788 0.048828 0.048828
0 0.610097 0.851628 0.048828 0.048828
0 0.580551 0.835799 0.048828 0.048828
0 0.558391 0.844241 0.048828 0.048828
0 0.488746 0.822081 0.048828 0.048828
0 0.526734 0.980366 0.048828 0.048828
0 0.562612 0.983531 0.048828 0.048828
0 0.639644 0.995139 0.048828 0.048828
0 0.718786 0.999360 0.048828 0.048828
0 0.796873 0.969813 0.048828 0.048828
0 0.698737 0.933936 0.048828 0.048828
0 0.671301 0.926549 0.048828 0.048828
0 0.612208 0.933936 0.048828 0.048828
0 0.538342 0.922328 0.048828 0.048828
0 0.415935 0.944488 0.048828 0.048828
0 0.366340 0.931825 0.048828 0.048828
0 0.338904 0.945543 0.048828 0.048828
0 0.300915 0.950819 0.048828 0.048828
0 0.495077 0.897003 0.048828 0.048828
0 0.460255 0.862180 0.048828 0.048828
0 0.258706 0.951874 0.048828 0.048828