0 0.956166 0.293049 0.048828 0.048828
0 0.909326 0.275034 0.048828 0.048828
0 0.910527 0.330281 0.048828 0.048828
0 0.968176 0.336286 0.048828 0.048828
0 0.911728 0.467198 0.048828 0.048828
0 0.945357 0.470801 0.048828 0.048828
0 0.947759 0.565681 0.048828 0.048828
0 0.990996 0.472002 0.048828 0.048828
0 0.905723 0.717010 0.048828 0.048828
0 0.945357 0.707402 0.048828 0.048828
0 0.995800 0.695392 0.048828 0.048828
0 0.984990 0.708603 0.048828 0.048828
0 0.946558 0.726618 0.048828 0.048828
0 0.909326 0.741031 0.048828 0.048828
0 0.934548 0.755443 0.048828 0.048828
0 0.916532 0.774659 0.048828 0.048828
0 0.915331 0.829906 0.048828 0.048828
0 0.934548 0.838314 0.048828 0.048828
0 0.935749 0.876746 0.048828 0.048828
0 0.998202 0.850324 0.048828 0.048828
0 0.954965 0.809489 0.048828 0.048828
0 0.995800 0.808288 0.048828 0.048828
0 0.963372 0.781865 0.048828 0.048828
0 0.968176 0.745835 0.048828 0.048828
0 0.987392 0.735026 0.048828 0.048828
0 0.873295 0.305060 0.048828 0.048828
0 0.862486 0.343492 0.048828 0.048828
0 0.831260 0.331482 0.048828 0.048828
0 0.838466 0.305060 0.048828 0.048828
0 0.798832 0.307462 0.048828 0.048828
0 0.772410 0.315869 0.048828 0.048828
0 0.741183 0.327879 0.048828 0.048828
0 0.709956 0.337487 0.048828 0.048828
0 0.670323 0.350698 0.048828 0.048828
0 0.862486 0.726618 0.048828 0.048828
0 0.818048 0.743433 0.048828 0.048828
0 0.881703 0.757845 0.048828 0.048828
0 0.875697 0.779463 0.048828 0.048828
0 0.852878 0.792675 0.048828 0.048828
0 0.861285 0.840716 0.048828 0.048828
0 0.828858 0.869540 0.048828 0.048828
0 0.879300 0.869540 0.048828 0.048828
0 0.820450 0.826303 0.048828 0.048828
0 0.784420 0.829906 0.048828 0.048828
0 0.735178 0.850324 0.048828 0.048828
0 0.761600 0.907973 0.048828 0.048828
0 0.794028 0.761448 0.048828 0.048828
0 0.751992 0.767453 0.048828 0.048828
0 0.688338 0.808288 0.048828 0.048828
0 0.665519 0.820298 0.048828 0.048828
0 0.609070 0.850324 0.048828 0.048828
0 0.535808 0.954813 0.048828 0.048828