0 0.394012 0.933401 0.048828 0.048828
0 0.372534 0.899842 0.048828 0.048828
0 0.316156 0.899842 0.048828 0.048828
0 0.282597 0.871653 0.048828 0.048828
0 0.372534 0.805878 0.048828 0.048828
0 0.067821 0.494453 0.048828 0.048828
0 0.032920 0.463579 0.048828 0.048828
0 0.046344 0.259542 0.048828 0.048828
0 0.094668 0.259542 0.048828 0.048828
0 0.117488 0.239407 0.048828 0.048828
0 0.148362 0.223299 0.048828 0.048828
0 0.156416 0.264912 0.048828 0.048828
0 0.275885 0.302498 0.048828 0.048828
0 0.332264 0.338741 0.048828 0.048828
0 0.353741 0.276993 0.048828 0.048828
0 0.388643 0.212560 0.048828 0.048828
0 0.420859 0.217930 0.048828 0.048828
0 0.533616 0.227326 0.048828 0.048828
0 0.657112 0.285047 0.048828 0.048828
0 0.701410 0.283705 0.048828 0.048828
0 0.733626 0.285047 0.048828 0.048828
0 0.865176 0.338741 0.048828 0.048828
0 0.980618 0.385723 0.048828 0.048828
0 0.964510 0.260885 0.048828 0.048828
0 0.994041 0.255515 0.048828 0.048828
0 0.135183 0.028293 0.048828 0.048828
0 0.744121 0.017310 0.048828 0.048828
0 0.781950 0.023411 0.048828 0.048828
0 0.845407 0.038055 0.048828 0.048828
0 0.725816 0.050258 0.048828 0.048828
0 0.758764 0.078325 0.048828 0.048828