0 0.698070 0.058428 0.048828 0.048828
0 0.726230 0.048290 0.048828 0.048828
0 0.824225 0.087714 0.048828 0.048828
0 0.846753 0.046038 0.048828 0.048828
0 0.954886 0.101231 0.048828 0.048828
0 0.727356 0.349035 0.048828 0.048828
0 0.748757 0.362552 0.048828 0.048828
0 0.781422 0.367057 0.048828 0.048828
0 0.751010 0.397470 0.048828 0.048828
0 0.346638 0.998959 0.048828 0.048828
0 0.431117 0.978684 0.048828 0.048828
0 0.466035 0.964041 0.048828 0.048828
0 0.417600 0.956156 0.048828 0.048828
0 0.388314 0.950524 0.048828 0.048828
0 0.357902 0.957282 0.048828 0.048828
0 0.328616 0.915606 0.048828 0.048828
0 0.280182 0.934755 0.048828 0.048828
0 0.007597 0.947145 0.048828 0.048828
0 0.010976 0.656538 0.048828 0.048828
0 0.221610 0.624999 0.048828 0.048828
0 0.402957 0.790578 0.048828 0.048828
0 0.436749 0.784946 0.048828 0.048828
0 0.420980 0.766924 0.048828 0.048828
0 0.459277 0.756786 0.048828 0.048828
0 0.484057 0.764671 0.048828 0.048828
0 0.508838 0.805221 0.048828 0.048828
0 0.539250 0.795083 0.048828 0.048828
0 0.566283 0.795083 0.048828 0.048828
0 0.583179 0.782693 0.048828 0.048828
0 0.604580 0.820990 0.048828 0.048828
0 0.634993 0.806347 0.048828 0.048828
0 0.671037 0.792830 0.048828 0.048828
0 0.631613 0.754533 0.048828 0.048828
0 0.588811 0.692582 0.048828 0.048828
0 0.551640 0.683571 0.048828 0.048828
0 0.478425 0.676813 0.048828 0.048828
0 0.435623 0.670054 0.048828 0.048828
0 0.405210 0.684697 0.048828 0.048828
0 0.383809 0.695961 0.048828 0.048828
0 0.364660 0.673434 0.048828 0.048828
0 0.433370 0.548405 0.048828 0.048828
0 0.479552 0.538268 0.048828 0.048828
0 0.514469 0.532636 0.048828 0.048828
0 0.664279 0.516866 0.048828 0.048828
0 0.665405 0.567554 0.048828 0.048828
0 0.634993 0.596840 0.048828 0.048828
0 0.600075 0.355793 0.048828 0.048828
0 0.660899 0.353541 0.048828 0.048828
0 0.653015 0.318623 0.048828 0.048828
0 0.444634 0.257798 0.048828 0.048828
0 0.406337 0.253292 0.048828 0.048828
0 0.377051 0.269062 0.048828 0.048828
0 0.329742 0.292716 0.048828 0.048828
0 0.451392 0.296095 0.048828 0.048828
0 0.477299 0.294969 0.048828 0.048828
0 0.348891 0.347909 0.048828 0.048828
0 0.526860 0.178951 0.048828 0.048828
0 0.548261 0.123758 0.048828 0.048828
0 0.444634 0.083208 0.048828 0.048828
0 0.378177 0.504476 0.048828 0.048828
0 0.343259 0.477443 0.048828 0.048828
0 0.306088 0.462800 0.048828 0.048828
0 0.203587 0.467305 0.048828 0.048828