0 0.930377 0.750561 0.048828 0.048828
0 0.720383 0.876306 0.048828 0.048828
0 0.696491 0.886366 0.048828 0.048828
0 0.002380 0.968100 0.048828 0.048828
0 0.104233 0.993249 0.048828 0.048828
0 0.413565 0.754334 0.048828 0.048828
0 0.428655 0.739244 0.048828 0.048828
0 0.451289 0.755591 0.048828 0.048828
0 0.735472 0.452546 0.048828 0.048828
0 0.681402 0.439972 0.048828 0.048828
0 0.672600 0.476438 0.048828 0.048828
0 0.580806 0.487755 0.048828 0.048828
0 0.593380 0.458833 0.048828 0.048828
0 0.553142 0.378357 0.048828 0.048828
0 0.516676 0.384644 0.048828 0.048828
0 0.497814 0.365782 0.048828 0.048828
0 0.417338 0.348178 0.048828 0.048828
0 0.374584 0.605955 0.048828 0.048828
0 0.335604 0.627332 0.048828 0.048828
0 0.305425 0.671342 0.048828 0.048828
0 0.091659 0.663798 0.048828 0.048828