0 0.307949 0.094696 0.048828 0.048828
0 0.283394 0.082418 0.048828 0.048828
0 0.249016 0.099607 0.048828 0.048828
0 0.228145 0.061546 0.048828 0.048828
0 0.115191 0.049269 0.048828 0.048828
0 0.075903 0.038219 0.048828 0.048828
0 0.032931 0.045585 0.048828 0.048828
0 0.004693 0.129073 0.048828 0.048828
0 0.042753 0.140123 0.048828 0.048828
0 0.090636 0.119251 0.048828 0.048828
0 0.154479 0.104518 0.048828 0.048828
0 0.148340 0.275176 0.048828 0.048828
0 0.112735 0.261671 0.048828 0.048828
0 0.242878 0.291137 0.048828 0.048828
0 0.020654 0.369713 0.048828 0.048828
0 0.106597 0.717168 0.048828 0.048828
0 0.056259 0.681564 0.048828 0.048828