0 0.573113 0.965167 0.048828 0.048828
0 0.552839 0.980936 0.048828 0.048828
0 0.524679 0.968546 0.048828 0.048828
0 0.504404 0.976431 0.048828 0.048828
0 0.489761 0.977557 0.048828 0.048828
0 0.472865 0.864919 0.048828 0.048828
0 0.498772 0.880688 0.048828 0.048828
0 0.807401 0.947145 0.048828 0.048828
0 0.658719 0.748901 0.048828 0.048828
0 0.602399 0.757912 0.048828 0.048828
0 0.552839 0.735385 0.048828 0.048828
0 0.513415 0.735385 0.048828 0.048828
0 0.317424 0.663296 0.048828 0.048828
0 0.274622 0.668928 0.048828 0.048828
0 0.219429 0.733132 0.048828 0.048828
0 0.219429 0.657664 0.048828 0.048828
0 0.181132 0.745522 0.048828 0.048828
0 0.187890 0.494339 0.048828 0.048828
0 0.165362 0.540520 0.048828 0.048828
0 0.250968 0.519119 0.048828 0.048828
0 0.319677 0.547279 0.048828 0.048828
0 0.522426 0.606977 0.048828 0.048828
0 0.550586 0.635137 0.048828 0.048828
0 0.662098 0.646400 0.048828 0.048828
0 0.698142 0.641895 0.048828 0.048828
0 0.762346 0.640768 0.048828 0.048828
0 0.810780 0.656538 0.048828 0.048828
0 0.599020 0.537141 0.048828 0.048828
0 0.468360 0.515740 0.048828 0.048828
0 0.751082 0.558542 0.048828 0.048828
0 0.569734 0.247660 0.048828 0.048828
0 0.579872 0.211616 0.048828 0.048828
0 0.611410 0.246534 0.048828 0.048828
0 0.771357 0.153044 0.048828 0.048828
0 0.756714 0.137275 0.048828 0.048828
0 0.715038 0.139528 0.048828 0.048828
0 0.795011 0.128264 0.048828 0.048828
0 0.677867 0.065186 0.048828 0.048828
0 0.583251 0.058428 0.048828 0.048828
0 0.519047 0.064060 0.048828 0.048828
0 0.459349 0.058428 0.048828 0.048828
0 0.424431 0.043785 0.048828 0.048828
0 0.389513 0.035900 0.048828 0.048828
0 0.354595 0.019004 0.048828 0.048828
0 0.329814 0.002109 0.048828 0.048828
0 0.294897 0.157550 0.048828 0.048828
0 0.347837 0.193594 0.048828 0.048828
0 0.414293 0.205984 0.048828 0.048828
0 0.479624 0.237523 0.048828 0.048828
0 0.350089 0.234144 0.048828 0.048828
0 0.273495 0.186836 0.048828 0.048828
0 0.228440 0.167687 0.048828 0.048828
0 0.282506 0.315244 0.048828 0.048828
0 0.051598 0.163182 0.048828 0.048828
0 0.005416 0.158676 0.048828 0.048828
0 0.018329 0.463153 0.048828 0.048828
0 0.070667 0.456326 0.048828 0.048828
0 0.177616 0.675914 0.048828 0.048828
0 0.117315 0.703220 0.048828 0.048828
0 0.054738 0.657710 0.048828 0.048828
0 0.072942 0.692980 0.048828 0.048828
0 0.013778 0.682741 0.048828 0.048828
0 0.046774 0.723700 0.048828 0.048828
0 0.095697 0.732802 0.048828 0.048828
0 0.117315 0.762384 0.048828 0.048828
0 0.324387 0.977421 0.048828 0.048828
0 0.364209 0.974008 0.048828 0.048828
0 0.430199 0.989936 0.048828 0.048828