0 0.027142 0.443645 0.048828 0.048828
0 0.079119 0.409660 0.048828 0.048828
0 0.195068 0.391668 0.048828 0.048828
0 0.103185 0.496391 0.048828 0.048828
0 0.140734 0.505403 0.048828 0.048828
0 0.212829 0.514414 0.048828 0.048828
0 0.323974 0.364218 0.048828 0.048828
0 0.349507 0.379238 0.048828 0.048828
0 0.396068 0.445324 0.048828 0.048828
0 0.432115 0.535442 0.048828 0.048828
0 0.098679 0.735203 0.048828 0.048828
0 0.122711 0.741211 0.048828 0.048828
0 0.158758 0.735203 0.048828 0.048828
0 0.191801 0.717180 0.048828 0.048828
0 0.239864 0.705164 0.048828 0.048828
0 0.293935 0.705164 0.048828 0.048828
0 0.331484 0.720184 0.048828 0.048828
0 0.369033 0.720184 0.048828 0.048828
0 0.469665 0.600026 0.048828 0.048828
0 0.559782 0.586509 0.048828 0.048828
0 0.553775 0.766745 0.048828 0.048828
0 0.598834 0.841843 0.048828 0.048828
0 0.628873 0.831329 0.048828 0.048828
0 0.558280 0.910933 0.048828 0.048828
0 0.663418 0.834333 0.048828 0.048828
0 0.687449 0.805796 0.048828 0.048828
0 0.016071 0.993541 0.048828 0.048828