0 0.652544 0.042038 0.048828 0.048828
0 0.682584 0.031524 0.048828 0.048828
0 0.611991 0.111128 0.048828 0.048828
0 0.527881 0.229784 0.048828 0.048828
0 0.493336 0.232788 0.048828 0.048828
0 0.455787 0.280850 0.048828 0.048828
0 0.424246 0.285356 0.048828 0.048828
0 0.377685 0.304882 0.048828 0.048828
0 0.717129 0.034528 0.048828 0.048828
0 0.741160 0.005991 0.048828 0.048828
0 0.571438 0.228282 0.048828 0.048828
0 0.614995 0.229784 0.048828 0.048828
0 0.611991 0.307886 0.048828 0.048828
0 0.559423 0.321404 0.048828 0.048828
0 0.434760 0.732942 0.048828 0.048828
0 0.400214 0.713416 0.048828 0.048828
0 0.379187 0.668357 0.048828 0.048828
0 0.368673 0.579741 0.048828 0.048828
0 0.329622 0.534683 0.048828 0.048828
0 0.215473 0.480612 0.048828 0.048828
0 0.152390 0.458082 0.048828 0.048828
0 0.116343 0.453576 0.048828 0.048828
0 0.087806 0.443063 0.048828 0.048828
0 0.045751 0.461086 0.048828 0.048828
0 0.021719 0.464090 0.048828 0.048828
0 0.304089 0.319902 0.048828 0.048828
0 0.186935 0.334921 0.048828 0.048828
0 0.125355 0.342431 0.048828 0.048828
0 0.084802 0.349941 0.048828 0.048828
0 0.059268 0.333419 0.048828 0.048828
0 0.026225 0.361957 0.048828 0.048828
0 0.005198 0.261325 0.048828 0.048828
0 0.074288 0.238795 0.048828 0.048828
0 0.069782 0.193737 0.048828 0.048828
0 0.039743 0.196740 0.048828 0.048828
0 0.011206 0.812546 0.048828 0.048828
0 0.042747 0.812546 0.048828 0.048828
0 0.090810 0.797526 0.048828 0.048828
0 0.035237 0.759977 0.048828 0.048828
0 0.081798 0.738950 0.048828 0.048828
0 0.144880 0.717922 0.048828 0.048828
0 0.218477 0.546698 0.048828 0.048828
0 0.117845 0.554208 0.048828 0.048828
0 0.044249 0.575236 0.048828 0.048828
0 0.027727 0.856103 0.048828 0.048828
0 0.200453 0.747962 0.048828 0.048828
0 0.302587 0.726934 0.048828 0.048828
0 0.262178 0.826787 0.048828 0.048828