0 0.149501 0.609795 0.048828 0.048828
0 0.126867 0.595963 0.048828 0.048828
0 0.154531 0.558239 0.048828 0.048828
0 0.172135 0.530576 0.048828 0.048828
0 0.219918 0.471476 0.048828 0.048828
0 0.260157 0.476505 0.048828 0.048828
0 0.282791 0.479020 0.048828 0.048828
0 0.326801 0.471476 0.048828 0.048828
0 0.356980 0.445069 0.048828 0.048828
0 0.353208 0.412375 0.048828 0.048828
0 0.309197 0.414890 0.048828 0.048828
0 0.289078 0.438782 0.048828 0.048828
0 0.256384 0.431237 0.048828 0.048828
0 0.224948 0.422435 0.048828 0.048828
0 0.235008 0.414890 0.048828 0.048828
0 0.271474 0.394771 0.048828 0.048828
0 0.304167 0.390999 0.048828 0.048828
0 0.348178 0.357048 0.048828 0.048828
0 0.457089 0.306485 0.048828 0.048828
0 0.468425 0.210122 0.048828 0.048828
0 0.447641 0.244132 0.048828 0.048828
0 0.416465 0.245077 0.048828 0.048828
0 0.401349 0.232796 0.048828 0.048828
0 0.392846 0.282867 0.048828 0.048828
0 0.353167 0.262083 0.048828 0.048828
0 0.326714 0.281922 0.048828 0.048828
0 0.347499 0.299872 0.048828 0.048828
0 0.318212 0.329159 0.048828 0.048828
0 0.289870 0.321601 0.048828 0.048828
0 0.273809 0.355612 0.048828 0.048828
0 0.315378 0.270585 0.048828 0.048828
0 0.288925 0.288535 0.048828 0.048828
0 0.263417 0.303651 0.048828 0.048828
0 0.244522 0.316877 0.048828 0.048828
0 0.230351 0.336717 0.048828 0.048828
0 0.212401 0.343330 0.048828 0.048828
0 0.192561 0.354667 0.048828 0.048828
0 0.179335 0.355612 0.048828 0.048828
0 0.205788 0.377341 0.048828 0.048828
0 0.126430 0.387733 0.048828 0.048828
0 0.107535 0.392457 0.048828 0.048828
0 0.154772 0.434025 0.048828 0.048828
0 0.181225 0.412296 0.048828 0.048828
0 0.026287 0.437804 0.048828 0.048828
0 0.010227 0.462367 0.048828 0.048828
0 0.046127 0.456699 0.048828 0.048828
0 0.164219 0.395291 0.048828 0.048828
0 0.414575 0.307430 0.048828 0.048828
0 0.097143 0.548339 0.048828 0.048828
0 0.057464 0.548339 0.048828 0.048828
0 0.110369 0.473704 0.048828 0.048828
0 0.061243 0.485986 0.048828 0.048828
0 0.002669 0.511494 0.048828 0.048828
0 0.101866 0.642813 0.048828 0.048828
0 0.094536 0.143875 0.048828 0.048828
0 0.141661 0.127381 0.048828 0.048828
0 0.149908 0.096749 0.048828 0.048828
0 0.172293 0.089681 0.048828 0.048828
0 0.191143 0.072009 0.048828 0.048828
0 0.238268 0.075543 0.048828 0.048828
0 0.246515 0.024884 0.048828 0.048828
0 0.107496 0.104996 0.048828 0.048828
0 0.059193 0.127381 0.048828 0.048828
0 0.166402 0.066118 0.048828 0.048828
0 0.180540 0.048446 0.048828 0.048828
0 0.152264 0.061406 0.048828 0.048828
0 0.294818 0.013102 0.048828 0.048828