0 0.407727 0.223884 0.048828 0.048828
0 0.448881 0.230215 0.048828 0.048828
0 0.431998 0.183785 0.048828 0.048828
0 0.485814 0.216497 0.048828 0.048828
0 0.542797 0.228105 0.048828 0.048828
0 0.579730 0.209111 0.048828 0.048828
0 0.608221 0.203834 0.048828 0.048828
0 0.644098 0.212276 0.048828 0.048828
0 0.704247 0.222829 0.048828 0.048828
0 0.765450 0.259762 0.048828 0.048828
0 0.816101 0.250264 0.048828 0.048828
0 0.627215 0.915058 0.048828 0.048828
0 0.417224 0.949881 0.048828 0.048828
0 0.372905 0.948826 0.048828 0.048828
0 0.339137 0.932997 0.048828 0.048828
0 0.002520 0.347346 0.048828 0.048828
0 0.025735 0.303026 0.048828 0.048828
0 0.493201 0.327296 0.048828 0.048828
0 0.466820 0.308302 0.048828 0.048828
0 0.398230 0.306192 0.048828 0.048828