0 0.662340 0.008428 0.048828 0.048828
0 0.712037 0.029354 0.048828 0.048828
0 0.741681 0.035457 0.048828 0.048828
0 0.753887 0.018891 0.048828 0.048828
0 0.821894 0.018019 0.048828 0.048828
0 0.786147 0.027610 0.048828 0.048828
0 0.834100 0.047663 0.048828 0.048828
0 0.852410 0.027610 0.048828 0.048828
0 0.884669 0.001453 0.048828 0.048828
0 0.902107 0.050279 0.048828 0.048828
0 0.863744 0.059869 0.048828 0.048828
0 0.820150 0.076435 0.048828 0.048828
0 0.819278 0.103463 0.048828 0.048828
0 0.855897 0.086898 0.048828 0.048828
0 0.775684 0.115670 0.048828 0.048828
0 0.687624 0.158392 0.048828 0.048828
0 0.751271 0.144442 0.048828 0.048828
0 0.805328 0.132235 0.048828 0.048828
0 0.849794 0.124389 0.048828 0.048828
0 0.870719 0.110438 0.048828 0.048828
0 0.891644 0.095616 0.048828 0.048828
0 0.930879 0.072948 0.048828 0.048828
0 0.963138 0.068588 0.048828 0.048828
0 0.921288 0.113926 0.048828 0.048828
0 0.937854 0.101720 0.048828 0.048828
0 0.964882 0.099976 0.048828 0.048828
0 0.998885 0.095616 0.048828 0.048828
0 0.975345 0.147057 0.048828 0.048828
0 0.959651 0.127004 0.048828 0.048828
0 0.800969 0.202858 0.048828 0.048828
0 0.762840 0.248914 0.048828 0.048828
0 0.829360 0.241639 0.048828 0.048828
0 0.836635 0.207340 0.048828 0.048828
0 0.864698 0.230206 0.048828 0.048828
0 0.852226 0.271781 0.048828 0.048828
0 0.886525 0.301922 0.048828 0.048828
0 0.894840 0.184474 0.048828 0.048828
0 0.952005 0.193828 0.048828 0.048828
0 0.957201 0.240600 0.048828 0.048828
0 0.991501 0.219812 0.048828 0.048828
0 0.671037 0.375014 0.048828 0.048828
0 0.637245 0.375014 0.048828 0.048828
0 0.658647 0.566499 0.048828 0.048828
0 0.721724 0.514685 0.048828 0.048828
0 0.692438 0.567626 0.048828 0.048828
0 0.717219 0.576637 0.048828 0.048828
0 0.739746 0.583395 0.048828 0.048828
0 0.774664 0.619439 0.048828 0.048828
0 0.805077 0.632956 0.048828 0.048828
0 0.792686 0.693781 0.048828 0.048828
0 0.752136 0.674632 0.048828 0.048828
0 0.713839 0.683643 0.048828 0.048828
0 0.708208 0.729825 0.048828 0.048828
0 0.698070 0.858233 0.048828 0.048828
0 0.726230 0.848095 0.048828 0.048828
0 0.824225 0.887519 0.048828 0.048828
0 0.846753 0.845842 0.048828 0.048828
0 0.954886 0.901035 0.048828 0.048828
0 0.526860 0.978756 0.048828 0.048828
0 0.548261 0.923563 0.048828 0.048828
0 0.444634 0.883013 0.048828 0.048828
0 0.459277 0.727572 0.048828 0.048828
0 0.393946 0.661115 0.048828 0.048828
0 0.402957 0.612681 0.048828 0.048828
0 0.424359 0.583395 0.048828 0.048828
0 0.341006 0.582269 0.048828 0.048828
0 0.306088 0.596912 0.048828 0.048828
0 0.195703 0.609302 0.048828 0.048828
0 0.218230 0.638588 0.048828 0.048828
0 0.402957 0.774880 0.048828 0.048828
0 0.023366 0.470757 0.048828 0.048828
0 0.033503 0.530455 0.048828 0.048828
0 0.007597 0.555235 0.048828 0.048828
0 0.017734 0.596912 0.048828 0.048828
0 0.069548 0.632956 0.048828 0.048828
0 0.105592 0.632956 0.048828 0.048828
0 0.067295 0.561994 0.048828 0.048828
0 0.112350 0.580016 0.048828 0.048828
0 0.152900 0.575510 0.048828 0.048828
0 0.502079 0.480894 0.048828 0.048828
0 0.395073 0.458366 0.048828 0.048828
0 0.341006 0.349107 0.048828 0.048828
0 0.292572 0.320947 0.048828 0.048828
0 0.335374 0.282650 0.048828 0.048828
0 0.435623 0.257870 0.048828 0.048828
0 0.477299 0.256744 0.048828 0.048828
0 0.469414 0.239848 0.048828 0.048828
0 0.451392 0.215067 0.048828 0.048828
0 0.391694 0.228584 0.048828 0.048828
0 0.389441 0.201551 0.048828 0.048828
0 0.390567 0.158748 0.048828 0.048828
0 0.369166 0.138473 0.048828 0.048828
0 0.316226 0.135094 0.048828 0.048828
0 0.333122 0.179023 0.048828 0.048828
0 0.354523 0.211688 0.048828 0.048828
0 0.343259 0.236469 0.048828 0.048828
0 0.335374 0.203803 0.048828 0.048828
0 0.307215 0.193666 0.048828 0.048828
0 0.249769 0.183529 0.048828 0.048828
0 0.195703 0.194792 0.048828 0.048828
0 0.231747 0.124957 0.048828 0.048828
0 0.177681 0.129462 0.048828 0.048828
0 0.030124 0.126083 0.048828 0.048828
0 0.095455 0.124957 0.048828 0.048828
0 0.069548 0.229710 0.048828 0.048828
0 0.031251 0.211688 0.048828 0.048828
0 0.004217 0.190287 0.048828 0.048828
0 0.117982 0.333338 0.048828 0.048828
0 0.147268 0.340096 0.048828 0.048828
0 0.195703 0.313063 0.048828 0.048828
0 0.184439 0.367129 0.048828 0.048828
0 0.218230 0.397542 0.048828 0.048828
0 0.262159 0.451608 0.048828 0.048828