0 0.094536 0.943679 0.048828 0.048828
0 0.141661 0.927185 0.048828 0.048828
0 0.149908 0.896554 0.048828 0.048828
0 0.172293 0.889485 0.048828 0.048828
0 0.191143 0.871813 0.048828 0.048828
0 0.238268 0.875348 0.048828 0.048828
0 0.246515 0.824688 0.048828 0.048828
0 0.338408 0.725726 0.048828 0.048828
0 0.363149 0.708054 0.048828 0.048828
0 0.338408 0.697451 0.048828 0.048828
0 0.379643 0.604379 0.048828 0.048828
0 0.107496 0.904801 0.048828 0.048828
0 0.059193 0.927185 0.048828 0.048828
0 0.166402 0.865923 0.048828 0.048828
0 0.180540 0.848251 0.048828 0.048828
0 0.152264 0.861210 0.048828 0.048828
0 0.294818 0.812907 0.048828 0.048828
0 0.311312 0.775207 0.048828 0.048828
0 0.345477 0.754001 0.048828 0.048828