0 0.359334 0.993245 0.048828 0.048828
0 0.383354 0.984838 0.048828 0.048828
0 0.484240 0.968024 0.048828 0.048828
0 0.556302 0.954813 0.048828 0.048828
0 0.573116 0.933194 0.048828 0.048828
0 0.610348 0.942802 0.048828 0.048828
0 0.658389 0.940400 0.048828 0.048828
0 0.693218 0.940400 0.048828 0.048828
0 0.736455 0.946406 0.048828 0.048828
0 0.904598 0.820298 0.048828 0.048828
0 0.955041 0.802283 0.048828 0.048828
0 0.976659 0.797479 0.048828 0.048828
0 0.981463 0.843118 0.048828 0.048828
0 0.991072 0.596908 0.048828 0.048828
0 0.982665 0.554872 0.048828 0.048828
0 0.988670 0.500826 0.048828 0.048828
0 0.968252 0.529651 0.048828 0.048828
0 0.939428 0.552470 0.048828 0.048828
0 0.902196 0.578893 0.048828 0.048828
0 0.955041 0.662964 0.048828 0.048828
0 0.916608 0.668969 0.048828 0.048828
0 0.851753 0.601712 0.048828 0.048828
0 0.814521 0.613722 0.048828 0.048828
0 0.870969 0.668969 0.048828 0.048828
0 0.827733 0.661763 0.048828 0.048828
0 0.790501 0.655758 0.048828 0.048828
0 0.885382 0.731423 0.048828 0.048828
0 0.842145 0.733825 0.048828 0.048828
0 0.782094 0.714608 0.048828 0.048828
0 0.730450 0.761448 0.048828 0.048828
0 0.717239 0.730222 0.048828 0.048828
0 0.682409 0.753041 0.048828 0.048828
0 0.646378 0.762649 0.048828 0.048828
0 0.637971 0.733825 0.048828 0.048828
0 0.676404 0.726618 0.048828 0.048828
0 0.705228 0.703799 0.048828 0.048828
0 0.732852 0.668969 0.048828 0.048828
0 0.736455 0.625733 0.048828 0.048828
0 0.771285 0.584898 0.048828 0.048828
0 0.708831 0.569285 0.048828 0.048828
0 0.695620 0.611320 0.048828 0.048828
0 0.670399 0.646150 0.048828 0.048828
0 0.684811 0.679779 0.048828 0.048828
0 0.636770 0.626934 0.048828 0.048828
0 0.603141 0.643748 0.048828 0.048828
0 0.621157 0.686985 0.048828 0.048828
0 0.593533 0.742232 0.048828 0.048828
0 0.600739 0.711005 0.048828 0.048828
0 0.583925 0.680980 0.048828 0.048828
0 0.567111 0.643748 0.048828 0.048828
0 0.563508 0.620928 0.048828 0.048828
0 0.532281 0.626934 0.048828 0.048828
0 0.595935 0.598109 0.048828 0.048828
0 0.468627 0.623331 0.048828 0.048828
0 0.535884 0.670170 0.048828 0.048828
0 0.555101 0.691789 0.048828 0.048828
0 0.556302 0.714608 0.048828 0.048828
0 0.549095 0.741031 0.048828 0.048828
0 0.580322 0.767453 0.048828 0.048828
0 0.565910 0.819097 0.048828 0.048828
0 0.527477 0.817896 0.048828 0.048828
0 0.471029 0.811891 0.048828 0.048828
0 0.495049 0.754242 0.048828 0.048828
0 0.520271 0.720613 0.048828 0.048828
0 0.459019 0.768654 0.048828 0.048828
0 0.443406 0.739830 0.048828 0.048828
0 0.479436 0.712206 0.048828 0.048828
0 0.497452 0.694191 0.048828 0.048828
0 0.489044 0.666567 0.048828 0.048828
0 0.450612 0.666567 0.048828 0.048828
0 0.450612 0.692990 0.048828 0.048828
0 0.441003 0.719412 0.048828 0.048828
0 0.398968 0.700196 0.048828 0.048828
0 0.373746 0.688186 0.048828 0.048828
0 0.388159 0.730222 0.048828 0.048828
0 0.403772 0.759046 0.048828 0.048828
0 0.426591 0.827504 0.048828 0.048828
0 0.378550 0.787871 0.048828 0.048828
0 0.728048 0.303859 0.048828 0.048828
0 0.704027 0.302658 0.048828 0.048828
0 0.665595 0.305060 0.048828 0.048828
0 0.621157 0.302658 0.048828 0.048828
0 0.422988 0.301457 0.048828 0.048828
0 0.269257 0.297854 0.048828 0.048828
0 0.200799 0.300256 0.048828 0.048828
0 0.156361 0.293049 0.048828 0.048828
0 0.109521 0.275034 0.048828 0.048828
0 0.110722 0.330281 0.048828 0.048828
0 0.168371 0.336286 0.048828 0.048828
0 0.111923 0.467198 0.048828 0.048828
0 0.145552 0.470801 0.048828 0.048828
0 0.147954 0.565681 0.048828 0.048828
0 0.217613 0.526048 0.048828 0.048828
0 0.191191 0.472002 0.048828 0.048828
0 0.230825 0.472002 0.048828 0.048828
0 0.313695 0.423961 0.048828 0.048828
0 0.290876 0.480409 0.048828 0.048828
0 0.343721 0.526048 0.048828 0.048828
0 0.355731 0.502027 0.048828 0.048828
0 0.330509 0.601712 0.048828 0.048828
0 0.364138 0.582496 0.048828 0.048828
0 0.364138 0.649753 0.048828 0.048828
0 0.400169 0.604114 0.048828 0.048828
0 0.412179 0.473203 0.048828 0.048828
0 0.447009 0.458790 0.048828 0.048828
0 0.456617 0.476806 0.048828 0.048828
0 0.457818 0.511635 0.048828 0.048828
0 0.497452 0.528450 0.048828 0.048828
0 0.523874 0.439574 0.048828 0.048828
0 0.551498 0.464796 0.048828 0.048828
0 0.555101 0.425162 0.048828 0.048828
0 0.586327 0.490017 0.048828 0.048828
0 0.604343 0.468399 0.048828 0.048828
0 0.627162 0.494821 0.048828 0.048828
0 0.634368 0.473203 0.048828 0.048828
0 0.661992 0.462394 0.048828 0.048828
0 0.701625 0.449182 0.048828 0.048828
0 0.682409 0.484012 0.048828 0.048828
0 0.663193 0.510434 0.048828 0.048828
0 0.700424 0.500826 0.048828 0.048828
0 0.732852 0.524847 0.048828 0.048828
0 0.776089 0.546465 0.048828 0.048828
0 0.812119 0.557274 0.048828 0.048828
0 0.872170 0.544063 0.048828 0.048828
0 0.836140 0.518842 0.048828 0.048828
0 0.885382 0.499625 0.048828 0.048828
0 0.933423 0.496022 0.048828 0.048828
0 0.914206 0.479208 0.048828 0.048828
0 0.890186 0.458790 0.048828 0.048828
0 0.866165 0.451584 0.048828 0.048828
0 0.824130 0.446780 0.048828 0.048828
0 0.797707 0.446780 0.048828 0.048828
0 0.754470 0.445579 0.048828 0.048828
0 0.759274 0.473203 0.048828 0.048828
0 0.724445 0.465997 0.048828 0.048828
0 0.675203 0.431167 0.048828 0.048828
0 0.105918 0.717010 0.048828 0.048828
0 0.145552 0.707402 0.048828 0.048828
0 0.195995 0.695392 0.048828 0.048828
0 0.223618 0.705000 0.048828 0.048828
0 0.185186 0.708603 0.048828 0.048828
0 0.146753 0.726618 0.048828 0.048828
0 0.109521 0.741031 0.048828 0.048828
0 0.134743 0.755443 0.048828 0.048828
0 0.116727 0.774659 0.048828 0.048828
0 0.115526 0.829906 0.048828 0.048828
0 0.134743 0.838314 0.048828 0.048828
0 0.135944 0.876746 0.048828 0.048828
0 0.198397 0.850324 0.048828 0.048828
0 0.155160 0.809489 0.048828 0.048828
0 0.195995 0.808288 0.048828 0.048828
0 0.163567 0.781865 0.048828 0.048828
0 0.210407 0.772257 0.048828 0.048828
0 0.168371 0.745835 0.048828 0.048828
0 0.187588 0.735026 0.048828 0.048828
0 0.235629 0.729020 0.048828 0.048828
0 0.281268 0.703799 0.048828 0.048828
0 0.317298 0.685784 0.048828 0.048828
0 0.332911 0.691789 0.048828 0.048828
0 0.343721 0.721814 0.048828 0.048828
0 0.278865 0.736227 0.048828 0.048828
0 0.244036 0.777061 0.048828 0.048828
0 0.290876 0.778262 0.048828 0.048828
0 0.331710 0.781865 0.048828 0.048828
0 0.342520 0.815494 0.048828 0.048828
0 0.306489 0.815494 0.048828 0.048828
0 0.269257 0.838314 0.048828 0.048828
0 0.251242 0.801082 0.048828 0.048828
0 0.849351 0.858731 0.048828 0.048828
0 0.073491 0.305060 0.048828 0.048828
0 0.062681 0.343492 0.048828 0.048828
0 0.031455 0.331482 0.048828 0.048828
0 0.038661 0.305060 0.048828 0.048828
0 0.062681 0.726618 0.048828 0.048828
0 0.018244 0.743433 0.048828 0.048828
0 0.081898 0.757845 0.048828 0.048828
0 0.075893 0.779463 0.048828 0.048828
0 0.053073 0.792675 0.048828 0.048828
0 0.061480 0.840716 0.048828 0.048828
0 0.029053 0.869540 0.048828 0.048828
0 0.079496 0.869540 0.048828 0.048828
0 0.020646 0.826303 0.048828 0.048828