0 0.981469 0.463885 0.048828 0.048828
0 0.953355 0.444422 0.048828 0.048828
0 0.921997 0.450910 0.048828 0.048828
0 0.976063 0.309259 0.048828 0.048828
0 0.778184 0.804497 0.048828 0.048828
0 0.677622 0.663927 0.048828 0.048828
0 0.696004 0.643382 0.048828 0.048828
0 0.711143 0.680147 0.048828 0.048828
0 0.728443 0.645545 0.048828 0.048828
0 0.728443 0.603374 0.048828 0.048828
0 0.781427 0.523357 0.048828 0.048828
0 0.811704 0.522276 0.048828 0.048828
0 0.823598 0.482268 0.048828 0.048828
0 0.844143 0.494162 0.048828 0.048828
0 0.926323 0.510382 0.048828 0.048828
0 0.864688 0.433609 0.048828 0.048828
0 0.863607 0.749350 0.048828 0.048828