0 0.617066 0.115495 0.048828 0.048828
0 0.961886 0.578753 0.048828 0.048828
0 0.952891 0.889091 0.048828 0.048828
0 0.909414 0.884593 0.048828 0.048828
0 0.873432 0.889091 0.048828 0.048828
0 0.659701 0.993327 0.048828 0.048828
0 0.513271 0.985442 0.048828 0.048828
0 0.479480 0.967420 0.048828 0.048828
0 0.441182 0.962914 0.048828 0.048828
0 0.391622 0.962914 0.048828 0.048828
0 0.356704 0.955030 0.048828 0.048828
0 0.352198 0.987695 0.048828 0.048828
0 0.432171 0.998959 0.048828 0.048828
0 0.454699 0.472937 0.048828 0.048828
0 0.418655 0.470684 0.048828 0.048828
0 0.396127 0.351288 0.048828 0.048828
0 0.460331 0.217248 0.048828 0.048828
0 0.426539 0.220627 0.048828 0.048828
0 0.400633 0.200352 0.048828 0.048828
0 0.345440 0.190215 0.048828 0.048828
0 0.414149 0.031395 0.048828 0.048828
0 0.450194 0.009993 0.048828 0.048828
0 0.315027 0.024636 0.048828 0.048828
0 0.024420 0.087714 0.048828 0.048828
0 0.046948 0.046038 0.048828 0.048828
0 0.155081 0.101231 0.048828 0.048828