0 0.163587 0.223884 0.048828 0.048828
0 0.204741 0.230215 0.048828 0.048828
0 0.187857 0.183785 0.048828 0.048828
0 0.241674 0.216497 0.048828 0.048828
0 0.298656 0.228105 0.048828 0.048828
0 0.335589 0.209111 0.048828 0.048828
0 0.364080 0.203834 0.048828 0.048828
0 0.399958 0.212276 0.048828 0.048828
0 0.460106 0.222829 0.048828 0.048828
0 0.521309 0.259762 0.048828 0.048828
0 0.571960 0.250264 0.048828 0.048828
0 0.383074 0.915058 0.048828 0.048828
0 0.173084 0.949881 0.048828 0.048828
0 0.128764 0.948826 0.048828 0.048828
0 0.094997 0.932997 0.048828 0.048828
0 0.249060 0.327296 0.048828 0.048828
0 0.222679 0.308302 0.048828 0.048828
0 0.154090 0.306192 0.048828 0.048828