0 0.095029 0.766096 0.048828 0.048828
0 0.116134 0.721776 0.048828 0.048828
0 0.257534 0.696451 0.048828 0.048828
0 0.221656 0.646855 0.048828 0.048828
0 0.188944 0.623640 0.048828 0.048828
0 0.117189 0.602535 0.048828 0.048828
0 0.050709 0.699616 0.048828 0.048828
0 0.073924 0.624695 0.048828 0.048828
0 0.032771 0.619419 0.048828 0.048828
0 0.035936 0.666904 0.048828 0.048828
0 0.004279 0.633137 0.048828 0.048828
0 0.058096 0.761875 0.048828 0.048828
0 0.045433 0.737605 0.048828 0.048828
0 0.022218 0.720721 0.048828 0.048828
0 0.031715 0.568768 0.048828 0.048828
0 0.027494 0.537111 0.048828 0.048828
0 0.202662 0.969755 0.048828 0.048828
0 0.235374 0.971865 0.048828 0.048828
0 0.257534 0.979252 0.048828 0.048828
0 0.302909 0.978197 0.048828 0.048828
0 0.358836 0.981362 0.048828 0.048828