0 0.665320 0.019509 0.048828 0.048828
0 0.582712 0.021011 0.048828 0.048828
0 0.455045 0.046544 0.048828 0.048828
0 0.171173 0.075081 0.048828 0.048828
0 0.530143 0.217768 0.048828 0.048828
0 0.952195 0.458082 0.048828 0.048828
0 0.916148 0.453576 0.048828 0.048828
0 0.887610 0.443063 0.048828 0.048828
0 0.845555 0.461086 0.048828 0.048828
0 0.821524 0.464090 0.048828 0.048828
0 0.797493 0.491126 0.048828 0.048828
0 0.986740 0.334921 0.048828 0.048828
0 0.925160 0.342431 0.048828 0.048828
0 0.884606 0.349941 0.048828 0.048828
0 0.859073 0.333419 0.048828 0.048828
0 0.826030 0.361957 0.048828 0.048828
0 0.771959 0.384486 0.048828 0.048828
0 0.708877 0.416027 0.048828 0.048828
0 0.681841 0.426541 0.048828 0.048828
0 0.662316 0.437055 0.048828 0.048828
0 0.642790 0.292866 0.048828 0.048828
0 0.805002 0.261325 0.048828 0.048828
0 0.874093 0.238795 0.048828 0.048828
0 0.869587 0.193737 0.048828 0.048828
0 0.839548 0.196740 0.048828 0.048828
0 0.761445 0.190733 0.048828 0.048828
0 0.719390 0.166701 0.048828 0.048828
0 0.587217 0.354447 0.048828 0.048828
0 0.548166 0.348439 0.048828 0.048828
0 0.561684 0.632310 0.048828 0.048828
0 0.483582 0.627804 0.048828 0.048828
0 0.447535 0.657844 0.048828 0.048828
0 0.387456 0.660848 0.048828 0.048828
0 0.423503 0.881636 0.048828 0.048828
0 0.461052 0.884640 0.048828 0.048828
0 0.602237 0.808040 0.048828 0.048828
0 0.623265 0.818554 0.048828 0.048828
0 0.665320 0.803534 0.048828 0.048828
0 0.704371 0.738950 0.048828 0.048828
0 0.704371 0.627804 0.048828 0.048828
0 0.783975 0.809542 0.048828 0.048828
0 0.811010 0.812546 0.048828 0.048828
0 0.842551 0.812546 0.048828 0.048828
0 0.890614 0.797526 0.048828 0.048828
0 0.835042 0.759977 0.048828 0.048828
0 0.881603 0.738950 0.048828 0.048828
0 0.944685 0.717922 0.048828 0.048828
0 0.917650 0.554208 0.048828 0.048828
0 0.844053 0.575236 0.048828 0.048828
0 0.286825 0.425039 0.048828 0.048828
0 0.328880 0.704405 0.048828 0.048828
0 0.307852 0.714918 0.048828 0.048828
0 0.265797 0.723930 0.048828 0.048828
0 0.339393 0.765985 0.048828 0.048828
0 0.378444 0.887644 0.048828 0.048828
0 0.346903 0.911676 0.048828 0.048828
0 0.291330 0.941715 0.048828 0.048828
0 0.665320 0.901162 0.048828 0.048828
0 0.624767 0.901162 0.048828 0.048828
0 0.590221 0.887644 0.048828 0.048828
0 0.551170 0.916182 0.048828 0.048828
0 0.513621 0.943217 0.048828 0.048828
0 0.396468 0.961241 0.048828 0.048828
0 0.418997 0.994284 0.048828 0.048828
0 0.513621 0.983770 0.048828 0.048828
0 0.576704 0.965746 0.048828 0.048828
0 0.603739 0.985272 0.048828 0.048828
0 0.633778 0.965746 0.048828 0.048828
0 0.686347 0.959739 0.048828 0.048828
0 0.725398 0.968750 0.048828 0.048828
0 0.752434 0.956735 0.048828 0.048828
0 0.792987 0.955233 0.048828 0.048828
0 0.827532 0.856103 0.048828 0.048828
0 0.236157 0.969816 0.048828 0.048828
0 0.200399 0.974925 0.048828 0.048828
0 0.091424 0.954492 0.048828 0.048828
0 0.040342 0.966411 0.048828 0.048828
0 0.038640 0.826787 0.048828 0.048828
0 0.065883 0.823381 0.048828 0.048828
0 0.094830 0.816570 0.048828 0.048828
0 0.140804 0.801246 0.048828 0.048828
0 0.191886 0.809759 0.048828 0.048828
0 0.229346 0.787624 0.048828 0.048828
0 0.278725 0.791029 0.048828 0.048828
0 0.326402 0.763786 0.048828 0.048828
0 0.232751 0.751866 0.048828 0.048828
0 0.198697 0.733136 0.048828 0.048828
0 0.154425 0.745056 0.048828 0.048828
0 0.125479 0.746758 0.048828 0.048828
0 0.077802 0.756975 0.048828 0.048828
0 0.031829 0.765488 0.048828 0.048828
0 0.241265 0.627567 0.048828 0.048828
0 0.222535 0.375562 0.048828 0.048828
0 0.147615 0.421536 0.048828 0.048828
0 0.062478 0.414725 0.048828 0.048828
0 0.013099 0.409617 0.048828 0.048828
0 0.050559 0.205289 0.048828 0.048828