0 0.914996 0.849073 0.048828 0.048828
0 0.875707 0.838023 0.048828 0.048828
0 0.832736 0.845390 0.048828 0.048828
0 0.797131 0.850301 0.048828 0.048828
0 0.752932 0.851529 0.048828 0.048828
0 0.728377 0.844162 0.048828 0.048828
0 0.687861 0.796280 0.048828 0.048828
0 0.646117 0.784002 0.048828 0.048828
0 0.766437 0.921511 0.048828 0.048828
0 0.804497 0.928877 0.048828 0.048828
0 0.842558 0.939927 0.048828 0.048828
0 0.890440 0.919055 0.048828 0.048828
0 0.954284 0.904322 0.048828 0.048828
0 0.592095 0.884678 0.048828 0.048828
0 0.509836 0.861351 0.048828 0.048828
0 0.437398 0.851529 0.048828 0.048828
0 0.382149 0.878539 0.048828 0.048828
0 0.335494 0.882223 0.048828 0.048828