0 0.994201 0.596379 0.048828 0.048828
0 0.966765 0.595324 0.048828 0.048828
0 0.943550 0.573164 0.048828 0.048828
0 0.942494 0.602711 0.048828 0.048828
0 0.920335 0.587938 0.048828 0.048828
0 0.904506 0.603766 0.048828 0.048828
0 0.891843 0.581606 0.048828 0.048828
0 0.850689 0.553115 0.048828 0.048828
0 0.805315 0.524624 0.048828 0.048828
0 0.784210 0.507740 0.048828 0.048828
0 0.766271 0.452868 0.048828 0.048828
0 0.767326 0.368450 0.048828 0.048828
0 0.697681 0.364229 0.048828 0.048828
0 0.654417 0.351566 0.048828 0.048828
0 0.624871 0.347346 0.048828 0.048828
0 0.582661 0.336793 0.048828 0.048828
0 0.595324 0.201724 0.048828 0.048828
0 0.707178 0.219663 0.048828 0.048828
0 0.487691 0.331517 0.048828 0.048828
0 0.443371 0.344180 0.048828 0.048828
0 0.642809 0.484525 0.048828 0.048828
0 0.677632 0.492967 0.048828 0.048828
0 0.738835 0.491912 0.048828 0.048828
0 0.760995 0.538342 0.048828 0.048828
0 0.630147 0.554170 0.048828 0.048828
0 0.681853 0.562612 0.048828 0.048828
0 0.724062 0.553115 0.048828 0.048828
0 0.842248 0.717731 0.048828 0.048828
0 0.886567 0.715620 0.048828 0.048828
0 0.925611 0.750443 0.048828 0.048828
0 0.964654 0.748332 0.048828 0.048828
0 0.983648 0.744111 0.048828 0.048828
0 0.969930 0.644920 0.048828 0.048828
0 0.567888 0.650196 0.048828 0.048828
0 0.526734 0.643865 0.048828 0.048828
0 0.561557 0.699792 0.048828 0.048828
0 0.487691 0.700847 0.048828 0.048828
0 0.458144 0.682908 0.048828 0.048828
0 0.415935 0.555226 0.048828 0.048828
0 0.400107 0.686074 0.048828 0.048828
0 0.391665 0.661804 0.048828 0.048828
0 0.361063 0.637533 0.048828 0.048828
0 0.335738 0.628036 0.048828 0.048828
0 0.325186 0.650196 0.048828 0.048828
0 0.295639 0.626981 0.048828 0.048828
0 0.269259 0.613263 0.048828 0.048828
0 0.250264 0.599545 0.048828 0.048828
0 0.238657 0.582661 0.048828 0.048828
0 0.220718 0.601656 0.048828 0.048828
0 0.191172 0.588993 0.048828 0.048828
0 0.162681 0.586882 0.048828 0.048828
0 0.134189 0.583717 0.048828 0.048828
0 0.084594 0.565778 0.048828 0.048828
0 0.114140 0.572109 0.048828 0.048828
0 0.159515 0.546784 0.048828 0.048828
0 0.105698 0.535176 0.048828 0.048828
0 0.069820 0.520403 0.048828 0.048828
0 0.049771 0.566833 0.048828 0.048828
0 0.022335 0.554170 0.048828 0.048828
0 0.062434 0.637533 0.048828 0.048828
0 0.180619 0.878125 0.048828 0.048828
0 0.152128 0.881291 0.048828 0.048828
0 0.126803 0.877070 0.048828 0.048828
0 0.098312 0.887622 0.048828 0.048828
0 0.068765 0.885512 0.048828 0.048828
0 0.038164 0.882346 0.048828 0.048828
0 0.008617 0.895009 0.048828 0.048828
0 0.968875 0.122582 0.048828 0.048828
0 0.747277 0.119416 0.048828 0.048828
0 0.713510 0.109919 0.048828 0.048828
0 0.532010 0.012838 0.048828 0.048828