0 0.931827 0.062619 0.048828 0.048828
0 0.902245 0.050103 0.048828 0.048828
0 0.822602 0.069445 0.048828 0.048828
0 0.785056 0.048966 0.048828 0.048828
0 0.736132 0.091063 0.048828 0.048828
0 0.704274 0.078547 0.048828 0.048828
0 0.774816 0.151364 0.048828 0.048828
0 0.777091 0.171844 0.048828 0.048828
0 0.804397 0.187772 0.048828 0.048828
0 0.832842 0.203701 0.048828 0.048828
0 0.831704 0.381192 0.048828 0.048828
0 0.855597 0.376641 0.048828 0.048828
0 0.872663 0.376641 0.048828 0.048828
0 0.897694 0.385743 0.048828 0.048828
0 0.932965 0.400534 0.048828 0.048828
0 0.986439 0.616709 0.048828 0.048828