0 0.471394 0.828366 0.048828 0.048828
0 0.487887 0.824832 0.048828 0.048828
0 0.532656 0.815407 0.048828 0.048828
0 0.518519 0.857819 0.048828 0.048828
0 0.492600 0.844860 0.048828 0.048828
0 0.465503 0.847216 0.048828 0.048828
0 0.444297 0.861353 0.048828 0.048828
0 0.421912 0.880203 0.048828 0.048828
0 0.419556 0.904944 0.048828 0.048828
0 0.459612 0.881382 0.048828 0.048828
0 0.458434 0.906122 0.048828 0.048828
0 0.497312 0.891985 0.048828 0.048828
0 0.530300 0.932041 0.048828 0.048828
0 0.472572 0.994482 0.048828 0.048828
0 0.452544 0.930863 0.048828 0.048828
0 0.444297 0.952069 0.048828 0.048828
0 0.441940 0.965029 0.048828 0.048828
0 0.397172 0.939110 0.048828 0.048828
0 0.949306 0.609795 0.048828 0.048828
0 0.926672 0.595963 0.048828 0.048828
0 0.954336 0.558239 0.048828 0.048828
0 0.971940 0.530576 0.048828 0.048828
0 0.992366 0.354667 0.048828 0.048828
0 0.979140 0.355612 0.048828 0.048828
0 0.926234 0.387733 0.048828 0.048828
0 0.907340 0.392457 0.048828 0.048828
0 0.954577 0.434025 0.048828 0.048828
0 0.981029 0.412296 0.048828 0.048828
0 0.826092 0.437804 0.048828 0.048828
0 0.810031 0.462367 0.048828 0.048828
0 0.777910 0.477483 0.048828 0.048828
0 0.769408 0.462367 0.048828 0.048828
0 0.845932 0.456699 0.048828 0.048828
0 0.964024 0.395291 0.048828 0.048828
0 0.896947 0.548339 0.048828 0.048828
0 0.857268 0.548339 0.048828 0.048828
0 0.910174 0.473704 0.048828 0.048828
0 0.861047 0.485986 0.048828 0.048828
0 0.802474 0.511494 0.048828 0.048828
0 0.763739 0.517162 0.048828 0.048828
0 0.713668 0.481262 0.048828 0.048828
0 0.712723 0.565344 0.048828 0.048828
0 0.741065 0.661707 0.048828 0.048828
0 0.725950 0.687215 0.048828 0.048828
0 0.703276 0.665486 0.048828 0.048828
0 0.742010 0.711779 0.048828 0.048828
0 0.764684 0.692884 0.048828 0.048828
0 0.901671 0.642813 0.048828 0.048828
0 0.698552 0.718392 0.048828 0.048828
0 0.607857 0.711779 0.048828 0.048828
0 0.623372 0.757678 0.048828 0.048828
0 0.591563 0.754144 0.048828 0.048828
0 0.577425 0.781241 0.048828 0.048828
0 0.571534 0.814228 0.048828 0.048828
0 0.552684 0.800091 0.048828 0.048828
0 0.536191 0.787131 0.048828 0.048828
0 0.514984 0.784775 0.048828 0.048828
0 0.493778 0.780063 0.048828 0.048828
0 0.529122 0.744719 0.048828 0.048828
0 0.565644 0.745897 0.048828 0.048828
0 0.621016 0.605700 0.048828 0.048828
0 0.894341 0.143875 0.048828 0.048828
0 0.941466 0.127381 0.048828 0.048828
0 0.949713 0.096749 0.048828 0.048828
0 0.972097 0.089681 0.048828 0.048828
0 0.990947 0.072009 0.048828 0.048828
0 0.907300 0.104996 0.048828 0.048828
0 0.858997 0.127381 0.048828 0.048828
0 0.760035 0.152121 0.048828 0.048828
0 0.712910 0.178040 0.048828 0.048828
0 0.966207 0.066118 0.048828 0.048828
0 0.980344 0.048446 0.048828 0.048828
0 0.952069 0.061406 0.048828 0.048828