0 0.850573 0.922387 0.048828 0.048828
0 0.999360 0.997308 0.048828 0.048828
0 0.851628 0.253372 0.048828 0.048828
0 0.871677 0.263924 0.048828 0.048828
0 0.890671 0.283973 0.048828 0.048828
0 0.795701 0.367336 0.048828 0.048828
0 0.955040 0.311409 0.048828 0.048828
0 0.948709 0.013835 0.048828 0.048828
0 0.987752 0.025442 0.048828 0.048828
0 0.845296 0.772544 0.048828 0.048828
0 0.813640 0.757771 0.048828 0.048828
0 0.787259 0.794704 0.048828 0.048828
0 0.758768 0.799980 0.048828 0.048828
0 0.708117 0.696568 0.048828 0.048828
0 0.796756 0.634309 0.048828 0.048828
0 0.774596 0.974093 0.048828 0.048828
0 0.766154 0.936105 0.048828 0.048828
0 0.670128 0.902337 0.048828 0.048828
0 0.668018 0.855907 0.048828 0.048828
0 0.635306 0.846410 0.048828 0.048828
0 0.674349 0.792593 0.048828 0.048828
0 0.605760 0.805256 0.048828 0.048828
0 0.562495 0.822140 0.048828 0.048828
0 0.509734 0.822140 0.048828 0.048828
0 0.594152 0.770434 0.048828 0.048828
0 0.550888 0.768323 0.048828 0.048828
0 0.522397 0.747219 0.048828 0.048828
0 0.551943 0.709230 0.048828 0.048828
0 0.509734 0.684960 0.048828 0.048828
0 0.477022 0.676518 0.048828 0.048828
0 0.447475 0.668076 0.048828 0.048828
0 0.413708 0.665966 0.048828 0.048828
0 0.391548 0.659635 0.048828 0.048828
0 0.439033 0.775710 0.048828 0.048828
0 0.406321 0.770434 0.048828 0.048828
0 0.399990 0.718727 0.048828 0.048828
0 0.418984 0.845355 0.048828 0.048828
0 0.367278 0.848521 0.048828 0.048828
0 0.355670 0.831637 0.048828 0.048828
0 0.375720 0.777820 0.048828 0.048828
0 0.337732 0.738777 0.048828 0.048828
0 0.303964 0.778875 0.048828 0.048828
0 0.272307 0.768323 0.048828 0.048828
0 0.243816 0.768323 0.048828 0.048828
0 0.293412 0.727169 0.048828 0.048828
0 0.313461 0.716617 0.048828 0.048828
0 0.259645 0.614260 0.048828 0.048828
0 0.345118 0.615315 0.048828 0.048828
0 0.302909 0.573106 0.048828 0.048828
0 0.274418 0.575216 0.048828 0.048828
0 0.256479 0.557278 0.048828 0.048828
0 0.232209 0.565719 0.048828 0.048828
0 0.207938 0.584713 0.048828 0.048828
0 0.155177 0.602652 0.048828 0.048828
0 0.160453 0.557278 0.048828 0.048828
0 0.145680 0.507682 0.048828 0.048828
0 0.096084 0.482356 0.048828 0.048828
0 0.076035 0.539339 0.048828 0.048828
0 0.079201 0.578382 0.048828 0.048828
0 0.184723 0.727169 0.048828 0.048828
0 0.142514 0.686015 0.048828 0.048828
0 0.632140 0.359950 0.048828 0.048828
0 0.569882 0.333569 0.048828 0.048828
0 0.539280 0.354674 0.048828 0.048828
0 0.519231 0.331459 0.048828 0.048828
0 0.491795 0.349398 0.048828 0.048828
0 0.465414 0.309299 0.048828 0.048828
0 0.436923 0.310354 0.048828 0.048828
0 0.408432 0.329348 0.048828 0.048828
0 0.428481 0.240709 0.048828 0.048828
0 0.379941 0.224881 0.048828 0.048828
0 0.523452 0.232267 0.048828 0.048828
0 0.257534 0.187948 0.048828 0.048828
0 0.213215 0.187948 0.048828 0.048828
0 0.156232 0.406380 0.048828 0.048828