0 0.980424 0.078321 0.048828 0.048828
0 0.951933 0.081486 0.048828 0.048828
0 0.926607 0.077265 0.048828 0.048828
0 0.898116 0.087818 0.048828 0.048828
0 0.868570 0.085707 0.048828 0.048828
0 0.837968 0.082542 0.048828 0.048828
0 0.808422 0.095204 0.048828 0.048828
0 0.778875 0.112088 0.048828 0.048828
0 0.778875 0.090983 0.048828 0.048828
0 0.746163 0.092039 0.048828 0.048828
0 0.697623 0.108922 0.048828 0.048828
0 0.859073 0.266151 0.048828 0.048828
0 0.788373 0.274593 0.048828 0.048828
0 0.739832 0.291477 0.048828 0.048828
0 0.591045 0.118419 0.048828 0.048828
0 0.536173 0.115254 0.048828 0.048828
0 0.478135 0.125806 0.048828 0.048828
0 0.434871 0.075155 0.048828 0.048828
0 0.391607 0.063548 0.048828 0.048828
0 0.522455 0.306250 0.048828 0.048828
0 0.338845 0.121585 0.048828 0.048828
0 0.329348 0.105757 0.048828 0.048828
0 0.300857 0.142690 0.048828 0.048828
0 0.268145 0.143745 0.048828 0.048828
0 0.238599 0.136358 0.048828 0.048828
0 0.152070 0.084652 0.048828 0.048828
0 0.262869 0.016062 0.048828 0.048828