0 0.195551 0.123153 0.005755 0.008633
0 0.198724 0.122873 0.005755 0.008633
0 0.201522 0.124832 0.005755 0.008633
0 0.206934 0.122033 0.005755 0.008633
0 0.208800 0.124272 0.005755 0.008633
0 0.214211 0.116155 0.005755 0.008633
0 0.223167 0.108598 0.005755 0.008633
0 0.208986 0.139106 0.005755 0.008633
0 0.212718 0.137707 0.005755 0.008633
0 0.188834 0.391569 0.005755 0.008633
0 0.178944 0.399686 0.005755 0.008633
0 0.163084 0.397167 0.005755 0.008633
0 0.156180 0.422917 0.005755 0.008633
0 0.155993 0.427955 0.005755 0.008633
0 0.152261 0.425996 0.005755 0.008633
0 0.159165 0.430474 0.005755 0.008633
0 0.153008 0.434393 0.005755 0.008633
0 0.149649 0.438591 0.005755 0.008633
0 0.147223 0.443349 0.005755 0.008633
0 0.161405 0.439431 0.005755 0.008633
0 0.167562 0.438871 0.005755 0.008633
0 0.128750 0.475817 0.005755 0.008633
0 0.123899 0.482254 0.005755 0.008633