0 0.778546 0.075334 0.048828 0.048828
0 0.716911 0.095879 0.048828 0.048828
0 0.663927 0.115343 0.048828 0.048828
0 0.763407 0.212660 0.048828 0.048828
0 0.719074 0.218067 0.048828 0.048828
0 0.684472 0.236449 0.048828 0.048828
0 0.699610 0.248343 0.048828 0.048828
0 0.839099 0.239693 0.048828 0.048828
0 0.630407 0.317547 0.048828 0.048828
0 0.670415 0.274295 0.048828 0.048828
0 0.647708 0.271051 0.048828 0.048828
0 0.628244 0.271051 0.048828 0.048828
0 0.610943 0.281864 0.048828 0.048828
0 0.589317 0.286189 0.048828 0.048828
0 0.563366 0.293758 0.048828 0.048828
0 0.543902 0.303490 0.048828 0.048828
0 0.524439 0.320791 0.048828 0.048828
0 0.494162 0.324035 0.048828 0.048828
0 0.476861 0.325116 0.048828 0.048828
0 0.440097 0.329441 0.048828 0.048828
0 0.457398 0.347824 0.048828 0.048828
0 0.519032 0.250506 0.048828 0.048828
0 0.561203 0.248343 0.048828 0.048828
0 0.567691 0.269970 0.048828 0.048828
0 0.580667 0.255913 0.048828 0.048828
0 0.581748 0.240774 0.048828 0.048828
0 0.608781 0.259156 0.048828 0.048828
0 0.626081 0.247262 0.048828 0.048828
0 0.672578 0.234286 0.048828 0.048828
0 0.562284 0.158595 0.048828 0.048828
0 0.333047 0.232124 0.048828 0.048828
0 0.342779 0.318628 0.048828 0.048828
0 0.316828 0.318628 0.048828 0.048828
0 0.320072 0.361881 0.048828 0.048828
0 0.367649 0.396482 0.048828 0.048828
0 0.344942 0.392157 0.048828 0.048828
0 0.298446 0.374856 0.048828 0.048828
0 0.283307 0.394320 0.048828 0.048828
0 0.263844 0.404052 0.048828 0.048828
0 0.249787 0.392157 0.048828 0.048828
0 0.232486 0.397564 0.048828 0.048828
0 0.204372 0.411621 0.048828 0.048828
0 0.147063 0.432165 0.048828 0.048828
0 0.123274 0.433247 0.048828 0.048828
0 0.090835 0.455954 0.048828 0.048828
0 0.062721 0.472174 0.048828 0.048828
0 0.030282 0.467849 0.048828 0.048828
0 0.007574 0.463523 0.048828 0.048828
0 0.570935 0.675459 0.048828 0.048828
0 0.616350 0.633288 0.048828 0.048828
0 0.636895 0.628963 0.048828 0.048828
0 0.668252 0.617069 0.048828 0.048828
0 0.717992 0.592199 0.048828 0.048828
0 0.763407 0.580304 0.048828 0.048828
0 0.755838 0.655996 0.048828 0.048828
0 0.825042 0.631126 0.048828 0.048828
0 0.789359 0.764127 0.048828 0.048828
0 0.507138 0.765208 0.048828 0.048828
0 0.999132 0.897127 0.048828 0.048828
0 0.910465 0.250506 0.048828 0.048828
0 0.671496 0.985794 0.048828 0.048828
0 0.033525 0.592199 0.048828 0.048828
0 0.025956 0.575979 0.048828 0.048828
0 0.008655 0.563004 0.048828 0.048828
0 0.040013 0.573817 0.048828 0.048828
0 0.024875 0.532727 0.048828 0.048828
0 0.057314 0.545703 0.048828 0.048828
0 0.063802 0.564085 0.048828 0.048828
0 0.062721 0.581386 0.048828 0.048828
0 0.067046 0.620313 0.048828 0.048828
0 0.113542 0.591118 0.048828 0.048828
0 0.141656 0.573817 0.048828 0.048828
0 0.114623 0.551109 0.048828 0.048828
0 0.134087 0.548947 0.048828 0.048828
0 0.112461 0.529483 0.048828 0.048828
0 0.142737 0.522995 0.048828 0.048828
0 0.171933 0.558678 0.048828 0.048828
0 0.169770 0.537052 0.048828 0.048828
0 0.203291 0.531646 0.048828 0.048828
0 0.181664 0.513263 0.048828 0.048828
0 0.205453 0.503532 0.048828 0.048828
0 0.231405 0.495963 0.048828 0.048828
0 0.260600 0.435409 0.048828 0.048828
0 0.362243 0.279701 0.048828 0.048828