0 0.742417 0.911689 0.048828 0.048828
0 0.711723 0.916600 0.048828 0.048828
0 0.660157 0.916600 0.048828 0.048828
0 0.684712 0.858895 0.048828 0.048828
0 0.623324 0.858895 0.048828 0.048828
0 0.644196 0.933788 0.048828 0.048828
0 0.613502 0.932561 0.048828 0.048828
0 0.574214 0.923966 0.048828 0.048828
0 0.533698 0.942383 0.048828 0.048828
0 0.499321 0.935016 0.048828 0.048828
0 0.381456 0.932561 0.048828 0.048828
0 0.317613 0.916600 0.048828 0.048828
0 0.261136 0.910461 0.048828 0.048828
0 0.225531 0.925194 0.048828 0.048828
0 0.177648 0.933788 0.048828 0.048828
0 0.200976 0.876084 0.048828 0.048828
0 0.167826 0.883450 0.048828 0.048828
0 0.135905 0.883450 0.048828 0.048828
0 0.094161 0.874856 0.048828 0.048828
0 0.130994 0.932561 0.048828 0.048828
0 0.107666 0.922739 0.048828 0.048828
0 0.065922 0.942383 0.048828 0.048828