0 0.150664 0.064883 0.048828 0.048828
0 0.166883 0.061639 0.048828 0.048828
0 0.193916 0.052989 0.048828 0.048828
0 0.241493 0.029200 0.048828 0.048828
0 0.262038 0.017306 0.048828 0.048828
0 0.318266 0.003249 0.048828 0.048828
0 0.164721 0.113542 0.048828 0.048828
0 0.176615 0.084347 0.048828 0.048828
0 0.197160 0.072453 0.048828 0.048828
0 0.214461 0.088672 0.048828 0.048828
0 0.240412 0.067046 0.048828 0.048828
0 0.271770 0.042176 0.048828 0.048828
0 0.292315 0.025956 0.048828 0.048828
0 0.322591 0.030282 0.048828 0.048828
0 0.379901 0.009737 0.048828 0.048828
0 0.230680 0.167607 0.048828 0.048828
0 0.177696 0.296283 0.048828 0.048828
0 0.215542 0.310340 0.048828 0.048828
0 0.215542 0.266006 0.048828 0.048828
0 0.254469 0.242218 0.048828 0.048828
0 0.291234 0.232486 0.048828 0.048828
0 0.299884 0.253031 0.048828 0.048828
0 0.309616 0.285470 0.048828 0.048828
0 0.320429 0.248705 0.048828 0.048828
0 0.315022 0.223835 0.048828 0.048828
0 0.338811 0.232486 0.048828 0.048828
0 0.355031 0.232486 0.048828 0.048828
0 0.353949 0.263844 0.048828 0.048828
0 0.376657 0.236811 0.048828 0.048828
0 0.395039 0.251949 0.048828 0.048828
0 0.452348 0.206535 0.048828 0.048828
0 0.477218 0.209778 0.048828 0.048828
0 0.482625 0.225998 0.048828 0.048828
0 0.473974 0.250868 0.048828 0.048828
0 0.506414 0.213022 0.048828 0.048828
0 0.544259 0.216266 0.048828 0.048828
0 0.547503 0.202209 0.048828 0.048828
0 0.571292 0.217348 0.048828 0.048828
0 0.571292 0.177339 0.048828 0.048828
0 0.597243 0.196803 0.048828 0.048828
0 0.599406 0.163282 0.048828 0.048828
0 0.623195 0.180583 0.048828 0.048828
0 0.640496 0.171933 0.048828 0.048828
0 0.636170 0.207616 0.048828 0.048828
0 0.606975 0.315746 0.048828 0.048828
0 0.669691 0.242218 0.048828 0.048828
0 0.694561 0.229242 0.048828 0.048828
0 0.715106 0.210860 0.048828 0.048828
0 0.716187 0.181664 0.048828 0.048828
0 0.744301 0.174095 0.048828 0.048828
0 0.772415 0.168689 0.048828 0.048828
0 0.799448 0.207616 0.048828 0.048828
0 0.759439 0.248705 0.048828 0.048828
0 0.583186 0.410901 0.048828 0.048828
0 0.538853 0.431446 0.048828 0.048828
0 0.518308 0.441178 0.048828 0.048828
0 0.490194 0.457398 0.048828 0.048828
0 0.401527 0.619594 0.048828 0.048828