0 0.016121 0.139524 0.048828 0.048828
0 0.042501 0.146911 0.048828 0.048828
0 0.064661 0.124751 0.048828 0.048828
0 0.205007 0.159573 0.048828 0.048828
0 0.143803 0.030835 0.048828 0.048828
0 0.171239 0.032946 0.048828 0.048828
0 0.208172 0.060382 0.048828 0.048828
0 0.236663 0.063548 0.048828 0.048828
0 0.290480 0.037167 0.048828 0.048828
0 0.329524 0.041388 0.048828 0.048828
0 0.365401 0.043498 0.048828 0.048828
0 0.284149 0.075155 0.048828 0.048828
0 0.321082 0.073045 0.048828 0.048828
0 0.408666 0.183844 0.048828 0.048828
0 0.466703 0.190175 0.048828 0.048828
0 0.481476 0.117364 0.048828 0.048828
0 0.537404 0.116309 0.048828 0.048828
0 0.546901 0.191230 0.048828 0.048828
0 0.636595 0.237660 0.048828 0.048828
0 0.733676 0.155352 0.048828 0.048828
0 0.792769 0.182788 0.048828 0.048828
0 0.956329 0.146911 0.048828 0.048828
0 0.714682 0.116309 0.048828 0.048828