0 0.971314 0.352525 0.048828 0.048828
0 0.938165 0.330425 0.048828 0.048828
0 0.977453 0.133984 0.048828 0.048828
0 0.967631 0.083646 0.048828 0.048828
0 0.935709 0.083646 0.048828 0.048828
0 0.893966 0.075051 0.048828 0.048828
0 0.930798 0.132756 0.048828 0.048828
0 0.907471 0.122934 0.048828 0.048828
0 0.865727 0.142578 0.048828 0.048828
0 0.788378 0.146261 0.048828 0.048828
0 0.744179 0.158539 0.048828 0.048828
0 0.941848 0.243254 0.048828 0.048828
0 0.903788 0.249393 0.048828 0.048828
0 0.774873 0.235888 0.048828 0.048828
0 0.761368 0.222382 0.048828 0.048828
0 0.919748 0.386902 0.048828 0.048828
0 0.884143 0.370941 0.048828 0.048828
0 0.866955 0.350069 0.048828 0.048828
0 0.885371 0.407774 0.048828 0.048828
0 0.933254 0.424962 0.048828 0.048828
0 0.898877 0.438468 0.048828 0.048828
0 0.933254 0.450745 0.048828 0.048828
0 0.897649 0.461795 0.048828 0.048828
0 0.801884 0.505994 0.048828 0.048828
0 0.817845 0.476528 0.048828 0.048828
0 0.839944 0.426190 0.048828 0.048828
0 0.816617 0.411457 0.048828 0.048828
0 0.830122 0.378307 0.048828 0.048828
0 0.795745 0.391813 0.048828 0.048828
0 0.782240 0.364802 0.048828 0.048828
0 0.805567 0.348841 0.048828 0.048828
0 0.762595 0.348841 0.048828 0.048828
0 0.740496 0.326742 0.048828 0.048828
0 0.736813 0.389357 0.048828 0.048828
0 0.717168 0.385674 0.048828 0.048828
0 0.684019 0.395496 0.048828 0.048828
0 0.653325 0.406546 0.048828 0.048828
0 0.653325 0.379535 0.048828 0.048828
0 0.609126 0.396724 0.048828 0.048828
0 0.589482 0.427418 0.048828 0.048828
0 0.544055 0.431101 0.048828 0.048828
0 0.679108 0.466706 0.048828 0.048828
0 0.706119 0.463023 0.048828 0.048828
0 0.526866 0.395496 0.048828 0.048828
0 0.577204 0.367258 0.048828 0.048828
0 0.601759 0.358663 0.048828 0.048828
0 0.638592 0.343930 0.048828 0.048828
0 0.669286 0.351297 0.048828 0.048828
0 0.702435 0.348841 0.048828 0.048828
0 0.623859 0.303414 0.048828 0.048828
0 0.604215 0.313236 0.048828 0.048828
0 0.584571 0.314464 0.048828 0.048828
0 0.564927 0.315692 0.048828 0.048828
0 0.572293 0.286226 0.048828 0.048828
0 0.553877 0.303414 0.048828 0.048828
0 0.530549 0.332880 0.048828 0.048828
0 0.525638 0.300959 0.048828 0.048828
0 0.507222 0.313236 0.048828 0.048828
0 0.491261 0.292364 0.048828 0.048828
0 0.475300 0.323058 0.048828 0.048828
0 0.449517 0.347614 0.048828 0.048828
0 0.433557 0.323058 0.048828 0.048828
0 0.313236 0.439695 0.048828 0.048828
0 0.339019 0.437240 0.048828 0.048828
0 0.366030 0.432329 0.048828 0.048828
0 0.389357 0.453201 0.048828 0.048828
0 0.342703 0.472845 0.048828 0.048828
0 0.407774 0.475300 0.048828 0.048828
0 0.442151 0.488806 0.048828 0.048828
0 0.429873 0.445834 0.048828 0.048828
0 0.453201 0.444606 0.048828 0.048828
0 0.477756 0.463023 0.048828 0.048828
0 0.588254 0.528094 0.048828 0.048828
0 0.275176 0.499855 0.048828 0.048828
0 0.248165 0.505994 0.048828 0.048828
0 0.244482 0.486350 0.048828 0.048828
0 0.239571 0.445834 0.048828 0.048828
0 0.211333 0.512133 0.048828 0.048828
0 0.185550 0.471617 0.048828 0.048828
0 0.180639 0.448290 0.048828 0.048828
0 0.141350 0.445834 0.048828 0.048828
0 0.142578 0.478984 0.048828 0.048828
0 0.169589 0.514589 0.048828 0.048828
0 0.113112 0.474073 0.048828 0.048828
0 0.087329 0.456884 0.048828 0.048828
0 0.045585 0.442151 0.048828 0.048828
0 0.023486 0.429873 0.048828 0.048828
0 0.048041 0.587026 0.048828 0.048828
0 0.206421 0.372169 0.048828 0.048828
0 0.146261 0.359891 0.048828 0.048828
0 0.121706 0.367258 0.048828 0.048828
0 0.078735 0.356208 0.048828 0.048828
0 0.048041 0.240799 0.048828 0.048828
0 0.077507 0.244482 0.048828 0.048828
0 0.098379 0.255532 0.048828 0.048828
0 0.191688 0.244482 0.048828 0.048828
0 0.217471 0.235888 0.048828 0.048828
0 0.261671 0.232204 0.048828 0.048828
0 0.293592 0.229749 0.048828 0.048828
0 0.334108 0.234660 0.048828 0.048828
0 0.375852 0.242026 0.048828 0.048828
0 0.418823 0.230977 0.048828 0.048828
0 0.449517 0.226066 0.048828 0.048828
0 0.535460 0.212560 0.048828 0.048828
0 0.542827 0.140123 0.048828 0.048828
0 0.702435 0.094696 0.048828 0.048828
0 0.657008 0.088557 0.048828 0.048828
0 0.632453 0.073824 0.048828 0.048828
0 0.591937 0.062774 0.048828 0.048828
0 0.600532 0.008753 0.048828 0.048828
0 0.523183 0.014891 0.048828 0.048828
0 0.481439 0.032080 0.048828 0.048828
0 0.437240 0.075051 0.048828 0.048828
0 0.406546 0.084874 0.048828 0.048828
0 0.474073 0.142578 0.048828 0.048828
0 0.438468 0.145034 0.048828 0.048828
0 0.384446 0.152400 0.048828 0.048828
0 0.003842 0.176955 0.048828 0.048828
0 0.041902 0.138895 0.048828 0.048828
0 0.057863 0.091012 0.048828 0.048828
0 0.140123 0.141350 0.048828 0.048828
0 0.154856 0.156083 0.048828 0.048828
0 0.175728 0.173272 0.048828 0.048828
0 0.212560 0.170817 0.048828 0.048828
0 0.270265 0.152400 0.048828 0.048828
0 0.332880 0.082418 0.048828 0.048828