0 0.914996 0.049269 0.048828 0.048828
0 0.875707 0.038219 0.048828 0.048828
0 0.832736 0.045585 0.048828 0.048828
0 0.797131 0.050496 0.048828 0.048828
0 0.752932 0.051724 0.048828 0.048828
0 0.728377 0.044358 0.048828 0.048828
0 0.766437 0.121706 0.048828 0.048828
0 0.804497 0.129073 0.048828 0.048828
0 0.842558 0.140123 0.048828 0.048828
0 0.890440 0.119251 0.048828 0.048828
0 0.954284 0.104518 0.048828 0.048828
0 0.948145 0.275176 0.048828 0.048828
0 0.912540 0.261671 0.048828 0.048828
0 0.820458 0.369713 0.048828 0.048828
0 0.783626 0.369713 0.048828 0.048828
0 0.755387 0.370941 0.048828 0.048828
0 0.723466 0.379535 0.048828 0.048828
0 0.799586 0.416368 0.048828 0.048828
0 0.906401 0.717168 0.048828 0.048828
0 0.856063 0.681564 0.048828 0.048828
0 0.784853 0.653325 0.048828 0.048828
0 0.745565 0.583343 0.048828 0.048828
0 0.729604 0.616492 0.048828 0.048828
0 0.700138 0.598076 0.048828 0.048828
0 0.687861 0.571065 0.048828 0.048828
0 0.669444 0.566154 0.048828 0.048828
0 0.653483 0.556332 0.048828 0.048828
0 0.601918 0.531777 0.048828 0.048828
0 0.574907 0.525638 0.048828 0.048828
0 0.534391 0.491261 0.048828 0.048828
0 0.487736 0.483895 0.048828 0.048828
0 0.508608 0.443379 0.048828 0.048828
0 0.488964 0.436012 0.048828 0.048828
0 0.443537 0.423734 0.048828 0.048828
0 0.393199 0.424962 0.048828 0.048828
0 0.358822 0.436012 0.048828 0.048828
0 0.313395 0.422507 0.048828 0.048828
0 0.376010 0.466706 0.048828 0.048828
0 0.306028 0.465478 0.048828 0.048828
0 0.291295 0.449517 0.048828 0.048828
0 0.261829 0.466706 0.048828 0.048828
0 0.232363 0.477756 0.048828 0.048828
0 0.261829 0.424962 0.048828 0.048828
0 0.447220 0.362347 0.048828 0.048828
0 0.425121 0.345158 0.048828 0.048828
0 0.389516 0.357436 0.048828 0.048828
0 0.374782 0.342703 0.048828 0.048828
0 0.350227 0.337791 0.048828 0.048828
0 0.345316 0.315692 0.048828 0.048828
0 0.319533 0.326742 0.048828 0.048828
0 0.310939 0.307098 0.048828 0.048828
0 0.331811 0.358663 0.048828 0.048828
0 0.298662 0.357436 0.048828 0.048828
0 0.269195 0.362347 0.048828 0.048828
0 0.261829 0.289909 0.048828 0.048828
0 0.387060 0.273948 0.048828 0.048828
0 0.362505 0.256760 0.048828 0.048828
0 0.302345 0.254304 0.048828 0.048828
0 0.592095 0.084874 0.048828 0.048828
0 0.509836 0.061546 0.048828 0.048828
0 0.437398 0.051724 0.048828 0.048828
0 0.382149 0.078735 0.048828 0.048828
0 0.335494 0.082418 0.048828 0.048828
0 0.682950 0.823983 0.048828 0.048828
0 0.675583 0.766279 0.048828 0.048828
0 0.188163 0.471617 0.048828 0.048828
0 0.212719 0.423734 0.048828 0.048828
0 0.150103 0.488806 0.048828 0.048828
0 0.115726 0.501083 0.048828 0.048828
0 0.080121 0.496172 0.048828 0.048828
0 0.044516 0.492489 0.048828 0.048828
0 0.011366 0.496172 0.048828 0.048828
0 0.213946 0.305870 0.048828 0.048828
0 0.184480 0.304642 0.048828 0.048828
0 0.150103 0.307098 0.048828 0.048828
0 0.159925 0.283770 0.048828 0.048828
0 0.114498 0.282542 0.048828 0.048828
0 0.097309 0.309553 0.048828 0.048828
0 0.051882 0.278859 0.048828 0.048828
0 0.017505 0.273948 0.048828 0.048828
0 0.048199 0.234660 0.048828 0.048828
0 0.105904 0.237115 0.048828 0.048828