0 0.722292 0.478736 0.008214 0.011804
0 0.725515 0.483855 0.008214 0.011804
0 0.718390 0.485073 0.008214 0.011804
0 0.704989 0.493849 0.008214 0.011804
0 0.692437 0.491411 0.008214 0.011804
0 0.689892 0.494824 0.008214 0.011804
0 0.693285 0.503111 0.008214 0.011804
0 0.698713 0.503599 0.008214 0.011804
0 0.707364 0.507011 0.008214 0.011804
0 0.712114 0.472398 0.008214 0.011804
0 0.688196 0.519443 0.008214 0.011804
0 0.684294 0.519199 0.008214 0.011804
0 0.679884 0.518955 0.008214 0.011804
0 0.559785 0.780505 0.008214 0.011804
0 0.564534 0.768805 0.008214 0.011804
0 0.579123 0.769536 0.008214 0.011804
0 0.588113 0.775874 0.008214 0.011804
0 0.523132 0.689409 0.008214 0.011804
0 0.533074 0.688801 0.008214 0.011804
0 0.538785 0.690625 0.008214 0.011804
0 0.544497 0.690625 0.008214 0.011804
0 0.531381 0.662052 0.008214 0.011804
0 0.538785 0.664180 0.008214 0.011804
0 0.543862 0.670867 0.008214 0.011804
0 0.557824 0.661748 0.008214 0.011804
0 0.623400 0.607033 0.008214 0.011804
0 0.596323 0.637734 0.008214 0.011804
0 0.585958 0.635606 0.008214 0.011804
0 0.582573 0.633174 0.008214 0.011804
0 0.555074 0.610681 0.008214 0.011804
0 0.565651 0.608553 0.008214 0.011804
0 0.570939 0.604905 0.008214 0.011804
0 0.579189 0.588491 0.008214 0.011804
0 0.606477 0.525568 0.008214 0.011804
0 0.609650 0.535295 0.008214 0.011804
0 0.598862 0.543503 0.008214 0.011804
0 0.589766 0.533776 0.008214 0.011804
0 0.531593 0.543807 0.008214 0.011804
0 0.518266 0.512801 0.008214 0.011804
0 0.531170 0.516449 0.008214 0.011804
0 0.542593 0.512193 0.008214 0.011804
0 0.589554 0.496387 0.008214 0.011804
0 0.586170 0.495475 0.008214 0.011804
0 0.574112 0.480580 0.008214 0.011804
0 0.578766 0.474197 0.008214 0.011804
0 0.581304 0.471157 0.008214 0.011804
0 0.425613 0.568124 0.008214 0.011804
0 0.390286 0.598522 0.008214 0.011804
0 0.386267 0.600953 0.008214 0.011804
0 0.269498 0.620712 0.008214 0.011804
0 0.286633 0.626791 0.008214 0.011804
0 0.338671 0.569036 0.008214 0.011804
0 0.341210 0.565389 0.008214 0.011804
0 0.345017 0.569340 0.008214 0.011804
0 0.392825 0.496083 0.008214 0.011804
0 0.383729 0.493043 0.008214 0.011804
0 0.382248 0.501858 0.008214 0.011804
0 0.366806 0.504594 0.008214 0.011804
0 0.368921 0.497603 0.008214 0.011804
0 0.362152 0.478149 0.008214 0.011804
0 0.356017 0.479668 0.008214 0.011804
0 0.352844 0.475109 0.008214 0.011804
0 0.339306 0.470853 0.008214 0.011804
0 0.332113 0.533168 0.008214 0.011804
0 0.325556 0.538335 0.008214 0.011804
0 0.320479 0.548974 0.008214 0.011804
0 0.284518 0.547150 0.008214 0.011804
0 0.210056 0.537727 0.008214 0.011804
0 0.223595 0.520401 0.008214 0.011804
0 0.225922 0.524048 0.008214 0.011804
0 0.231633 0.527696 0.008214 0.011804
0 0.235652 0.522529 0.008214 0.011804
0 0.238826 0.515233 0.008214 0.011804
0 0.241364 0.517969 0.008214 0.011804
0 0.254268 0.524960 0.008214 0.011804
0 0.257018 0.525872 0.008214 0.011804
0 0.261037 0.524352 0.008214 0.011804
0 0.260402 0.518273 0.008214 0.011804
0 0.259979 0.512193 0.008214 0.011804
0 0.266537 0.511586 0.008214 0.011804
0 0.259556 0.487268 0.008214 0.011804
0 0.252787 0.487572 0.008214 0.011804
0 0.236287 0.494867 0.008214 0.011804
0 0.240729 0.644725 0.008214 0.011804
0 0.266325 0.639558 0.008214 0.011804
0 0.242845 0.682418 0.008214 0.011804
0 0.213850 0.393590 0.008214 0.011804
0 0.216625 0.392735 0.008214 0.011804
0 0.224156 0.390457 0.008214 0.011804
0 0.221778 0.400710 0.008214 0.011804
0 0.217418 0.397577 0.008214 0.011804
0 0.212859 0.398147 0.008214 0.011804
0 0.209292 0.401564 0.008214 0.011804
0 0.205526 0.406121 0.008214 0.011804
0 0.205130 0.412102 0.008214 0.011804
0 0.211868 0.406406 0.008214 0.011804
0 0.211670 0.412386 0.008214 0.011804
0 0.218211 0.408969 0.008214 0.011804
0 0.223760 0.418652 0.008214 0.011804
0 0.232481 0.438588 0.008214 0.011804
0 0.226931 0.438588 0.008214 0.011804
0 0.217814 0.441721 0.008214 0.011804
0 0.214049 0.433746 0.008214 0.011804
0 0.210679 0.418367 0.008214 0.011804
0 0.209292 0.423494 0.008214 0.011804
0 0.208896 0.426626 0.008214 0.011804
0 0.201364 0.420361 0.008214 0.011804
0 0.212067 0.449980 0.008214 0.011804
0 0.219400 0.447132 0.008214 0.011804
0 0.294248 0.340753 0.008214 0.011804
0 0.290441 0.337409 0.008214 0.011804
0 0.295094 0.328290 0.008214 0.011804
0 0.298056 0.321603 0.008214 0.011804
0 0.306094 0.307316 0.008214 0.011804
0 0.312864 0.308532 0.008214 0.011804
0 0.316671 0.309140 0.008214 0.011804
0 0.324075 0.307316 0.008214 0.011804
0 0.329152 0.300933 0.008214 0.011804
0 0.328517 0.293029 0.008214 0.011804
0 0.321113 0.293637 0.008214 0.011804
0 0.317729 0.299413 0.008214 0.011804
0 0.312229 0.297589 0.008214 0.011804
0 0.306941 0.295461 0.008214 0.011804
0 0.308633 0.293637 0.008214 0.011804
0 0.314767 0.288774 0.008214 0.011804
0 0.320267 0.287862 0.008214 0.011804
0 0.327671 0.279655 0.008214 0.011804
0 0.345993 0.267432 0.008214 0.011804
0 0.347900 0.244137 0.008214 0.011804
0 0.344404 0.252359 0.008214 0.011804
0 0.339159 0.252587 0.008214 0.011804
0 0.336616 0.249618 0.008214 0.011804
0 0.335186 0.261722 0.008214 0.011804
0 0.328510 0.256698 0.008214 0.011804
0 0.324060 0.261494 0.008214 0.011804
0 0.327557 0.265833 0.008214 0.011804
0 0.322630 0.272913 0.008214 0.011804
0 0.317862 0.271086 0.008214 0.011804
0 0.315160 0.279307 0.008214 0.011804
0 0.322153 0.258753 0.008214 0.011804
0 0.317703 0.263093 0.008214 0.011804
0 0.313412 0.266747 0.008214 0.011804
0 0.310233 0.269944 0.008214 0.011804
0 0.307849 0.274740 0.008214 0.011804
0 0.304830 0.276339 0.008214 0.011804
0 0.301492 0.279079 0.008214 0.011804
0 0.299267 0.279307 0.008214 0.011804
0 0.303717 0.284560 0.008214 0.011804
0 0.290367 0.287072 0.008214 0.011804
0 0.287188 0.288214 0.008214 0.011804
0 0.295135 0.298263 0.008214 0.011804
0 0.299585 0.293010 0.008214 0.011804
0 0.273520 0.299176 0.008214 0.011804
0 0.270818 0.305114 0.008214 0.011804
0 0.265415 0.308768 0.008214 0.011804
0 0.263984 0.305114 0.008214 0.011804
0 0.276858 0.303744 0.008214 0.011804
0 0.296724 0.288899 0.008214 0.011804
0 0.338841 0.267660 0.008214 0.011804
0 0.285440 0.325897 0.008214 0.011804
0 0.278765 0.325897 0.008214 0.011804
0 0.287665 0.307855 0.008214 0.011804
0 0.279401 0.310824 0.008214 0.011804
0 0.269547 0.316990 0.008214 0.011804
0 0.263031 0.318360 0.008214 0.011804
0 0.254608 0.309682 0.008214 0.011804
0 0.254449 0.330008 0.008214 0.011804
0 0.259217 0.353302 0.008214 0.011804
0 0.256674 0.359468 0.008214 0.011804
0 0.252859 0.354216 0.008214 0.011804
0 0.259375 0.365406 0.008214 0.011804
0 0.263190 0.360839 0.008214 0.011804
0 0.286235 0.348735 0.008214 0.011804
0 0.252065 0.367005 0.008214 0.011804
0 0.236807 0.365406 0.008214 0.011804
0 0.239417 0.376502 0.008214 0.011804
0 0.234066 0.375648 0.008214 0.011804
0 0.231688 0.382198 0.008214 0.011804
0 0.230697 0.390172 0.008214 0.011804
0 0.227526 0.386755 0.008214 0.011804
0 0.224751 0.383622 0.008214 0.011804
0 0.221183 0.383052 0.008214 0.011804
0 0.217616 0.381913 0.008214 0.011804
0 0.223562 0.373369 0.008214 0.011804
0 0.229706 0.373654 0.008214 0.011804
0 0.239021 0.339763 0.008214 0.011804
0 0.285002 0.228123 0.008214 0.011804
0 0.292929 0.224135 0.008214 0.011804
0 0.294317 0.216731 0.008214 0.011804
0 0.298082 0.215022 0.008214 0.011804
0 0.301254 0.210750 0.008214 0.011804
0 0.309181 0.211604 0.008214 0.011804
0 0.310569 0.199358 0.008214 0.011804
0 0.326028 0.175435 0.008214 0.011804
0 0.330190 0.171163 0.008214 0.011804
0 0.326028 0.168600 0.008214 0.011804
0 0.332964 0.146101 0.008214 0.011804
0 0.287182 0.218724 0.008214 0.011804
0 0.279056 0.224135 0.008214 0.011804
0 0.262408 0.230116 0.008214 0.011804
0 0.254480 0.236382 0.008214 0.011804
0 0.297091 0.209326 0.008214 0.011804
0 0.299470 0.205054 0.008214 0.011804
0 0.294713 0.208187 0.008214 0.011804
0 0.318694 0.196510 0.008214 0.011804
0 0.321469 0.187397 0.008214 0.011804
0 0.327217 0.182270 0.008214 0.011804