0 0.965239 0.434712 0.048828 0.048828
0 0.914552 0.438091 0.048828 0.048828
0 0.951723 0.555235 0.048828 0.048828
0 0.915678 0.585648 0.048828 0.048828
0 0.813177 0.581142 0.048828 0.048828
0 0.855980 0.676885 0.048828 0.048828
0 0.950596 0.685896 0.048828 0.048828
0 0.991146 0.689275 0.048828 0.048828
0 0.962986 0.765869 0.048828 0.048828
0 0.902162 0.739962 0.048828 0.048828
0 0.857106 0.727572 0.048828 0.048828
0 0.896530 0.124957 0.048828 0.048828
0 0.878508 0.135094 0.048828 0.048828
0 0.850348 0.138473 0.048828 0.048828
0 0.744468 0.801913 0.048828 0.048828
0 0.774880 0.796282 0.048828 0.048828
0 0.799661 0.812051 0.048828 0.048828
0 0.700539 0.845842 0.048828 0.048828
0 0.750100 0.884139 0.048828 0.048828
0 0.779386 0.889771 0.048828 0.048828
0 0.787270 0.907794 0.048828 0.048828
0 0.748973 0.919057 0.048828 0.048828
0 0.681390 0.885266 0.048828 0.048828
0 0.717435 0.889771 0.048828 0.048828
0 0.826694 0.810924 0.048828 0.048828
0 0.867244 0.813177 0.048828 0.048828
0 0.854853 0.837958 0.048828 0.048828
0 0.830073 0.860485 0.048828 0.048828
0 0.942711 0.800787 0.048828 0.048828
0 0.977629 0.794029 0.048828 0.048828
0 0.504070 0.434667 0.048828 0.048828
0 0.534790 0.416463 0.048828 0.048828
0 0.558683 0.416463 0.048828 0.048828
0 0.534790 0.380054 0.048828 0.048828
0 0.559820 0.376641 0.048828 0.048828
0 0.600780 0.381192 0.048828 0.048828
0 0.588265 0.347059 0.048828 0.048828
0 0.564372 0.349335 0.048828 0.048828
0 0.542754 0.348197 0.048828 0.048828
0 0.512035 0.355023 0.048828 0.048828
0 0.464249 0.366401 0.048828 0.048828
0 0.446044 0.343646 0.048828 0.048828
0 0.430116 0.283344 0.048828 0.048828
0 0.485866 0.205977 0.048828 0.048828
0 0.625811 0.328855 0.048828 0.048828
0 0.666770 0.324304 0.048828 0.048828
0 0.641739 0.202563 0.048828 0.048828
0 0.597367 0.203701 0.048828 0.048828
0 0.621260 0.121782 0.048828 0.048828
0 0.581438 0.124058 0.048828 0.048828
0 0.432391 0.028486 0.048828 0.048828
0 0.459697 0.037588 0.048828 0.048828
0 0.455146 0.021659 0.048828 0.048828
0 0.479039 0.011419 0.048828 0.048828
0 0.509759 0.010282 0.048828 0.048828
0 0.524550 0.022797 0.048828 0.048828
0 0.555269 0.009144 0.048828 0.048828
0 0.567785 0.027348 0.048828 0.048828
0 0.601918 0.014833 0.048828 0.048828
0 0.132022 0.062619 0.048828 0.048828
0 0.102440 0.050103 0.048828 0.048828
0 0.022797 0.069445 0.048828 0.048828
0 0.004593 0.187772 0.048828 0.048828
0 0.033037 0.203701 0.048828 0.048828
0 0.031899 0.381192 0.048828 0.048828
0 0.055792 0.376641 0.048828 0.048828
0 0.072859 0.376641 0.048828 0.048828
0 0.097889 0.385743 0.048828 0.048828
0 0.133160 0.400534 0.048828 0.048828
0 0.205977 0.331130 0.048828 0.048828
0 0.383467 0.504070 0.048828 0.048828
0 0.356161 0.517723 0.048828 0.048828
0 0.312926 0.546167 0.048828 0.048828
0 0.186635 0.616709 0.048828 0.048828
0 0.485090 0.657533 0.048828 0.048828
0 0.448786 0.680871 0.048828 0.048828
0 0.415075 0.673091 0.048828 0.048828
0 0.385254 0.680871 0.048828 0.048828
0 0.354137 0.706802 0.048828 0.048828
0 0.332095 0.739216 0.048828 0.048828
0 0.310054 0.736623 0.048828 0.048828
0 0.282826 0.796265 0.048828 0.048828
0 0.265970 0.818306 0.048828 0.048828
0 0.345061 0.896100 0.048828 0.048828