0 0.682202 0.448993 0.048828 0.048828
0 0.646412 0.443221 0.048828 0.048828
0 0.741081 0.535581 0.048828 0.048828
0 0.638331 0.420131 0.048828 0.048828
0 0.682202 0.403968 0.048828 0.048828
0 0.623323 0.313917 0.048828 0.048828
0 0.584070 0.287364 0.048828 0.048828
0 0.203085 0.379724 0.048828 0.048828
0 0.153442 0.398196 0.048828 0.048828
0 0.153442 0.363561 0.048828 0.048828
0 0.158060 0.331235 0.048828 0.048828
0 0.158060 0.303527 0.048828 0.048828
0 0.102644 0.285055 0.048828 0.048828
0 0.106108 0.316226 0.048828 0.048828
0 0.109571 0.356634 0.048828 0.048828
0 0.089945 0.398196 0.048828 0.048828
0 0.087636 0.423594 0.048828 0.048828
0 0.058773 0.433985 0.048828 0.048828
0 0.032220 0.439757 0.048828 0.048828
0 0.026447 0.473238 0.048828 0.048828
0 0.004512 0.464002 0.048828 0.048828
0 0.040301 0.377415 0.048828 0.048828
0 0.051846 0.357788 0.048828 0.048828
0 0.074936 0.335853 0.048828 0.048828
0 0.072627 0.310454 0.048828 0.048828
0 0.056464 0.301218 0.048828 0.048828
0 0.035683 0.281591 0.048828 0.048828
0 0.063391 0.278128 0.048828 0.048828
0 0.017211 0.301218 0.048828 0.048828
0 0.040301 0.316226 0.048828 0.048828
0 0.101490 0.682202 0.048828 0.048828
0 0.205394 0.944273 0.048828 0.048828
0 0.250420 0.947736 0.048828 0.048828
0 0.210012 0.967363 0.048828 0.048828
0 0.230793 0.959281 0.048828 0.048828