0 0.736076 0.875445 0.048828 0.048828
0 0.766950 0.909004 0.048828 0.048828
0 0.650166 0.802959 0.048828 0.048828
0 0.701175 0.794905 0.048828 0.048828
0 0.934988 0.828097 0.048828 0.048828
0 0.966716 0.747556 0.048828 0.048828
0 0.760482 0.652372 0.048828 0.048828
0 0.717771 0.691422 0.048828 0.048828
0 0.598180 0.649931 0.048828 0.048828
0 0.556689 0.646270 0.048828 0.048828
0 0.279678 0.449799 0.048828 0.048828
0 0.293101 0.415630 0.048828 0.048828
0 0.329711 0.425393 0.048828 0.048828
0 0.360219 0.426613 0.048828 0.048828
0 0.406591 0.436376 0.048828 0.048828
0 0.451742 0.462002 0.048828 0.048828
0 0.671399 0.472985 0.048828 0.048828
0 0.629908 0.538882 0.048828 0.048828
0 0.754381 0.512035 0.048828 0.048828
0 0.841023 0.569390 0.048828 0.048828