0 0.825423 0.406409 0.048828 0.048828
0 0.825423 0.385007 0.048828 0.048828
0 0.805149 0.348963 0.048828 0.048828
0 0.804022 0.386134 0.048828 0.048828
0 0.767978 0.363606 0.048828 0.048828
0 0.734186 0.356848 0.048828 0.048828
0 0.700395 0.405282 0.048828 0.048828
0 0.573113 0.432315 0.048828 0.048828
0 0.585504 0.308413 0.048828 0.048828
0 0.681246 0.227314 0.048828 0.048828
0 0.664351 0.203659 0.048828 0.048828
0 0.573113 0.165362 0.048828 0.048828
0 0.552839 0.181132 0.048828 0.048828
0 0.524679 0.168742 0.048828 0.048828
0 0.504404 0.176626 0.048828 0.048828
0 0.489761 0.177753 0.048828 0.048828
0 0.431189 0.271243 0.048828 0.048828
0 0.481876 0.290391 0.048828 0.048828
0 0.524679 0.301655 0.048828 0.048828
0 0.561850 0.282506 0.048828 0.048828
0 0.556218 0.335446 0.048828 0.048828
0 0.512289 0.335446 0.048828 0.048828
0 0.457096 0.414293 0.048828 0.048828
0 0.441326 0.386134 0.048828 0.048828
0 0.418799 0.392892 0.048828 0.048828
0 0.373743 0.297149 0.048828 0.048828
0 0.369238 0.407535 0.048828 0.048828
0 0.339952 0.405282 0.048828 0.048828
0 0.320803 0.403029 0.048828 0.048828
0 0.284759 0.397398 0.048828 0.048828
0 0.300528 0.421052 0.048828 0.048828
0 0.472865 0.065114 0.048828 0.048828
0 0.498772 0.080884 0.048828 0.048828
0 0.807401 0.147340 0.048828 0.048828
0 0.324387 0.177616 0.048828 0.048828
0 0.364209 0.174203 0.048828 0.048828
0 0.430199 0.190131 0.048828 0.048828
0 0.174203 0.423373 0.048828 0.048828
0 0.235642 0.448403 0.048828 0.048828