0 0.967381 0.833542 0.048828 0.048828
0 0.627310 0.963113 0.048828 0.048828
0 0.601911 0.941178 0.048828 0.048828
0 0.575358 0.919242 0.048828 0.048828
0 0.539568 0.911161 0.048828 0.048828
0 0.508397 0.871908 0.048828 0.048828
0 0.538414 0.944641 0.048828 0.048828
0 0.517633 0.918088 0.048828 0.048828
0 0.521096 0.978121 0.048828 0.048828
0 0.487616 0.921551 0.048828 0.048828
0 0.465681 0.945796 0.048828 0.048828
0 0.426428 0.938869 0.048828 0.048828
0 0.397565 0.955032 0.048828 0.048828
0 0.360621 0.966577 0.048828 0.048828
0 0.013857 0.477998 0.048828 0.048828
0 0.117735 0.485057 0.048828 0.048828
0 0.144966 0.573808 0.048828 0.048828
0 0.074369 0.692814 0.048828 0.048828
0 0.233716 0.737189 0.048828 0.048828
0 0.294227 0.739206 0.048828 0.048828
0 0.347679 0.735172 0.048828 0.048828
0 0.528205 0.530441 0.048828 0.048828