0 0.953247 0.398196 0.048828 0.048828
0 0.953247 0.363561 0.048828 0.048828
0 0.957865 0.331235 0.048828 0.048828
0 0.957865 0.303527 0.048828 0.048828
0 0.902449 0.285055 0.048828 0.048828
0 0.905912 0.316226 0.048828 0.048828
0 0.909376 0.356634 0.048828 0.048828
0 0.889749 0.398196 0.048828 0.048828
0 0.887440 0.423594 0.048828 0.048828
0 0.858578 0.433985 0.048828 0.048828
0 0.832024 0.439757 0.048828 0.048828
0 0.826252 0.473238 0.048828 0.048828
0 0.804317 0.464002 0.048828 0.048828
0 0.788154 0.431676 0.048828 0.048828
0 0.796235 0.407431 0.048828 0.048828
0 0.840106 0.377415 0.048828 0.048828
0 0.851651 0.357788 0.048828 0.048828
0 0.874741 0.335853 0.048828 0.048828
0 0.872432 0.310454 0.048828 0.048828
0 0.856269 0.301218 0.048828 0.048828
0 0.835488 0.281591 0.048828 0.048828
0 0.863196 0.278128 0.048828 0.048828
0 0.817016 0.301218 0.048828 0.048828
0 0.840106 0.316226 0.048828 0.048828
0 0.771991 0.303527 0.048828 0.048828
0 0.774300 0.328926 0.048828 0.048828
0 0.792772 0.343934 0.048828 0.048828
0 0.799699 0.363561 0.048828 0.048828
0 0.773145 0.357788 0.048828 0.048828
0 0.755828 0.425903 0.048828 0.048828
0 0.755828 0.393578 0.048828 0.048828
0 0.747746 0.363561 0.048828 0.048828
0 0.737356 0.333544 0.048828 0.048828
0 0.730429 0.313917 0.048828 0.048828
0 0.720038 0.379724 0.048828 0.048828
0 0.710802 0.331235 0.048828 0.048828
0 0.710802 0.356634 0.048828 0.048828
0 0.696948 0.346243 0.048828 0.048828
0 0.642687 0.345089 0.048828 0.048828
0 0.665777 0.358943 0.048828 0.048828
0 0.691176 0.370488 0.048828 0.048828
0 0.901294 0.682202 0.048828 0.048828
0 0.499529 0.750317 0.048828 0.048828
0 0.546864 0.780334 0.048828 0.048828
0 0.610361 0.790725 0.048828 0.048828