0 0.985354 0.471617 0.048828 0.048828
0 0.980443 0.448290 0.048828 0.048828
0 0.941155 0.445834 0.048828 0.048828
0 0.942383 0.478984 0.048828 0.048828
0 0.969393 0.514589 0.048828 0.048828
0 0.912917 0.474073 0.048828 0.048828
0 0.887134 0.456884 0.048828 0.048828
0 0.845390 0.442151 0.048828 0.048828
0 0.823290 0.429873 0.048828 0.048828
0 0.847845 0.587026 0.048828 0.048828
0 0.946066 0.359891 0.048828 0.048828
0 0.921511 0.367258 0.048828 0.048828
0 0.878539 0.356208 0.048828 0.048828
0 0.748397 0.249393 0.048828 0.048828
0 0.772952 0.254304 0.048828 0.048828
0 0.847845 0.240799 0.048828 0.048828
0 0.877312 0.244482 0.048828 0.048828
0 0.898184 0.255532 0.048828 0.048828
0 0.991493 0.244482 0.048828 0.048828
0 0.768041 0.141350 0.048828 0.048828
0 0.803646 0.176955 0.048828 0.048828
0 0.841707 0.138895 0.048828 0.048828
0 0.753308 0.088557 0.048828 0.048828
0 0.782774 0.082418 0.048828 0.048828
0 0.857668 0.091012 0.048828 0.048828
0 0.939927 0.141350 0.048828 0.048828
0 0.954660 0.156083 0.048828 0.048828
0 0.975532 0.173272 0.048828 0.048828
0 0.694376 0.000158 0.048828 0.048828
0 0.651404 0.040674 0.048828 0.048828
0 0.655088 0.075051 0.048828 0.048828
0 0.673504 0.156083 0.048828 0.048828
0 0.619483 0.153628 0.048828 0.048828
0 0.531084 0.135212 0.048828 0.048828
0 0.537223 0.066457 0.048828 0.048828
0 0.590016 0.038219 0.048828 0.048828
0 0.508984 0.034535 0.048828 0.048828
0 0.480746 0.084874 0.048828 0.048828
0 0.441458 0.073824 0.048828 0.048828
0 0.391120 0.075051 0.048828 0.048828
0 0.565461 0.151172 0.048828 0.048828
0 0.537223 0.196599 0.048828 0.048828
0 0.484429 0.183094 0.048828 0.048828
0 0.612116 0.256760 0.048828 0.048828
0 0.569145 0.259215 0.048828 0.048828
0 0.481974 0.235888 0.048828 0.048828
0 0.426725 0.211333 0.048828 0.048828
0 0.373931 0.199055 0.048828 0.048828
0 0.410764 0.165905 0.048828 0.048828
0 0.446369 0.167133 0.048828 0.048828
0 0.371476 0.129073 0.048828 0.048828
0 0.362881 0.099607 0.048828 0.048828
0 0.594927 0.325514 0.048828 0.048828
0 0.535995 0.316920 0.048828 0.048828
0 0.475835 0.310781 0.048828 0.048828
0 0.430408 0.281315 0.048828 0.048828
0 0.453735 0.386902 0.048828 0.048828
0 0.330960 0.093468 0.048828 0.048828
0 0.316227 0.122934 0.048828 0.048828
0 0.302721 0.087329 0.048828 0.048828
0 0.284305 0.105745 0.048828 0.048828
0 0.254839 0.089785 0.048828 0.048828
0 0.236422 0.114340 0.048828 0.048828
0 0.219234 0.082418 0.048828 0.048828
0 0.190995 0.095923 0.048828 0.048828
0 0.167668 0.075051 0.048828 0.048828
0 0.156618 0.098379 0.048828 0.048828
0 0.121013 0.079962 0.048828 0.048828
0 0.101369 0.061546 0.048828 0.048828
0 0.090319 0.098379 0.048828 0.048828
0 0.047348 0.114340 0.048828 0.048828
0 0.017882 0.131528 0.048828 0.048828
0 0.079269 0.145034 0.048828 0.048828
0 0.098914 0.152400 0.048828 0.048828
0 0.124696 0.158539 0.048828 0.048828
0 0.170124 0.162222 0.048828 0.048828
0 0.235195 0.207649 0.048828 0.048828
0 0.279394 0.244482 0.048828 0.048828
0 0.322365 0.275176 0.048828 0.048828
0 0.326049 0.248165 0.048828 0.048828
0 0.245017 0.316920 0.048828 0.048828
0 0.199590 0.340247 0.048828 0.048828
0 0.156618 0.332880 0.048828 0.048828
0 0.085408 0.329197 0.048828 0.048828
0 0.028931 0.304642 0.048828 0.048828
0 0.053487 0.072596 0.048828 0.048828
0 0.028931 0.057863 0.048828 0.048828
0 0.054714 0.006297 0.048828 0.048828
0 0.094003 0.013664 0.048828 0.048828
0 0.119785 0.023486 0.048828 0.048828
0 0.182401 0.025941 0.048828 0.048828
0 0.262205 0.043130 0.048828 0.048828
0 0.329732 0.055407 0.048828 0.048828