0 0.669129 0.610978 0.048828 0.048828
0 0.650925 0.629182 0.048828 0.048828
0 0.614517 0.613254 0.048828 0.048828
0 0.600863 0.585947 0.048828 0.048828
0 0.570144 0.588223 0.048828 0.048828
0 0.541700 0.576845 0.048828 0.048828
0 0.524633 0.556365 0.048828 0.048828
0 0.521220 0.581396 0.048828 0.048828
0 0.499603 0.577983 0.048828 0.048828
0 0.482536 0.560916 0.048828 0.048828
0 0.451817 0.535886 0.048828 0.048828
0 0.402893 0.510855 0.048828 0.048828
0 0.401755 0.540437 0.048828 0.048828
0 0.348280 0.546126 0.048828 0.048828
0 0.339178 0.521095 0.048828 0.048828
0 0.311872 0.533610 0.048828 0.048828
0 0.291392 0.499477 0.048828 0.048828
0 0.244744 0.511993 0.048828 0.048828
0 0.206060 0.515406 0.048828 0.048828
0 0.191269 0.496064 0.048828 0.048828
0 0.699849 0.603014 0.048828 0.048828
0 0.995507 0.994597 0.048828 0.048828
0 0.977485 0.929267 0.048828 0.048828
0 0.856962 0.679210 0.048828 0.048828
0 0.823171 0.648797 0.048828 0.048828
0 0.740945 0.728770 0.048828 0.048828
0 0.747703 0.812123 0.048828 0.048828
0 0.799517 0.854925 0.048828 0.048828
0 0.829929 0.925888 0.048828 0.048828
0 0.895259 0.924761 0.048828 0.048828
0 0.804022 0.990092 0.048828 0.048828
0 0.747703 0.984460 0.048828 0.048828
0 0.702648 0.950668 0.048828 0.048828
0 0.675614 0.972069 0.048828 0.048828
0 0.339952 0.973196 0.048828 0.048828
0 0.388386 0.937152 0.048828 0.048828
0 0.338826 0.895475 0.048828 0.048828
0 0.371491 0.881959 0.048828 0.048828
0 0.399650 0.881959 0.048828 0.048828
0 0.377123 0.850420 0.048828 0.048828
0 0.394018 0.826766 0.048828 0.048828
0 0.414293 0.853799 0.048828 0.048828
0 0.436821 0.829019 0.048828 0.048828
0 0.418799 0.804238 0.048828 0.048828
0 0.455969 0.812123 0.048828 0.048828
0 0.442453 0.789595 0.048828 0.048828
0 0.419925 0.772699 0.048828 0.048828
0 0.499898 0.881959 0.048828 0.048828
0 0.530311 0.879706 0.048828 0.048828
0 0.535943 0.850420 0.048828 0.048828
0 0.552839 0.862810 0.048828 0.048828
0 0.576493 0.865063 0.048828 0.048828
0 0.624927 0.881959 0.048828 0.048828
0 0.647455 0.816628 0.048828 0.048828
0 0.628306 0.829019 0.048828 0.048828
0 0.597894 0.845914 0.048828 0.048828
0 0.582125 0.818881 0.048828 0.048828
0 0.619295 0.792974 0.048828 0.048828
0 0.546080 0.722012 0.048828 0.048828
0 0.507783 0.672451 0.048828 0.048828
0 0.490887 0.629649 0.048828 0.048828
0 0.459349 0.667946 0.048828 0.048828
0 0.410914 0.634154 0.048828 0.048828
0 0.347837 0.634154 0.048828 0.048828
0 0.294897 0.624017 0.048828 0.048828
0 0.379375 0.741161 0.048828 0.048828
0 0.357974 0.724265 0.048828 0.048828
0 0.368112 0.763688 0.048828 0.048828
0 0.350089 0.759183 0.048828 0.048828
0 0.326435 0.755804 0.048828 0.048828
0 0.315171 0.733276 0.048828 0.048828
0 0.278001 0.725391 0.048828 0.048828
0 0.273495 0.767068 0.048828 0.048828
0 0.312919 0.791848 0.048828 0.048828
0 0.345584 0.805365 0.048828 0.048828
0 0.365859 0.805365 0.048828 0.048828
0 0.296023 0.825640 0.048828 0.048828
0 0.248715 0.823387 0.048828 0.048828
0 0.190143 0.853799 0.048828 0.048828
0 0.208165 0.797480 0.048828 0.048828
0 0.198028 0.780584 0.048828 0.048828
0 0.249841 0.740034 0.048828 0.048828
0 0.204786 0.725391 0.048828 0.048828
0 0.163110 0.727644 0.048828 0.048828
0 0.142835 0.779458 0.048828 0.048828
0 0.131571 0.826766 0.048828 0.048828
0 0.106790 0.854925 0.048828 0.048828
0 0.209291 0.912371 0.048828 0.048828
0 0.172121 0.982207 0.048828 0.048828
0 0.191269 0.982207 0.048828 0.048828
0 0.204786 0.990092 0.048828 0.048828
0 0.302781 0.985586 0.048828 0.048828
0 0.306160 0.943910 0.048828 0.048828
0 0.280254 0.963058 0.048828 0.048828
0 0.249841 0.964185 0.048828 0.048828
0 0.112422 0.996850 0.048828 0.048828
0 0.083136 0.959679 0.048828 0.048828
0 0.056103 0.967564 0.048828 0.048828
0 0.029070 0.964185 0.048828 0.048828
0 0.007669 0.949542 0.048828 0.048828
0 0.047092 0.813249 0.048828 0.048828
0 0.018932 0.822260 0.048828 0.048828
0 0.063988 0.690473 0.048828 0.048828
0 0.022312 0.709622 0.048828 0.048828