0 0.981421 0.449586 0.048828 0.048828
0 0.983531 0.423205 0.048828 0.048828
0 0.934991 0.433757 0.048828 0.048828
0 0.807308 0.276528 0.048828 0.048828
0 0.786204 0.249092 0.048828 0.048828
0 0.978255 0.555109 0.048828 0.048828
0 0.899113 0.520286 0.048828 0.048828
0 0.927604 0.651134 0.048828 0.048828
0 0.879064 0.635306 0.048828 0.048828
0 0.912831 0.702841 0.048828 0.048828
0 0.894892 0.775651 0.048828 0.048828
0 0.907555 0.787259 0.048828 0.048828
0 0.948709 0.813640 0.048828 0.048828
0 0.987752 0.825247 0.048828 0.048828
0 0.257534 0.987752 0.048828 0.048828
0 0.213215 0.987752 0.048828 0.048828
0 0.309240 0.631085 0.048828 0.048828
0 0.190000 0.343008 0.048828 0.048828
0 0.232209 0.252258 0.048828 0.048828
0 0.267031 0.230098 0.048828 0.048828
0 0.176282 0.221656 0.048828 0.048828
0 0.200552 0.201607 0.048828 0.048828
0 0.202662 0.169950 0.048828 0.048828
0 0.235374 0.172061 0.048828 0.048828
0 0.257534 0.179447 0.048828 0.048828
0 0.302909 0.178392 0.048828 0.048828
0 0.358836 0.181558 0.048828 0.048828