0 0.977453 0.933788 0.048828 0.048828
0 0.967631 0.883450 0.048828 0.048828
0 0.935709 0.883450 0.048828 0.048828
0 0.893966 0.874856 0.048828 0.048828
0 0.930798 0.932561 0.048828 0.048828
0 0.907471 0.922739 0.048828 0.048828
0 0.865727 0.942383 0.048828 0.048828
0 0.788378 0.946066 0.048828 0.048828
0 0.744179 0.958344 0.048828 0.048828
0 0.542827 0.939927 0.048828 0.048828
0 0.702435 0.894500 0.048828 0.048828
0 0.657008 0.888361 0.048828 0.048828
0 0.632453 0.873628 0.048828 0.048828
0 0.591937 0.862579 0.048828 0.048828
0 0.600532 0.808557 0.048828 0.048828
0 0.574749 0.768041 0.048828 0.048828
0 0.523183 0.814696 0.048828 0.048828
0 0.481439 0.831885 0.048828 0.048828
0 0.437240 0.874856 0.048828 0.048828
0 0.406546 0.884678 0.048828 0.048828
0 0.474073 0.942383 0.048828 0.048828
0 0.438468 0.944838 0.048828 0.048828
0 0.384446 0.952205 0.048828 0.048828
0 0.003842 0.976760 0.048828 0.048828
0 0.041902 0.938700 0.048828 0.048828
0 0.057863 0.890817 0.048828 0.048828
0 0.140123 0.941155 0.048828 0.048828
0 0.154856 0.955888 0.048828 0.048828
0 0.175728 0.973077 0.048828 0.048828
0 0.212560 0.970621 0.048828 0.048828
0 0.270265 0.952205 0.048828 0.048828
0 0.332880 0.882223 0.048828 0.048828
0 0.043130 0.763130 0.048828 0.048828
0 0.027169 0.678415 0.048828 0.048828
0 0.024713 0.709109 0.048828 0.048828