0 0.768041 0.941155 0.048828 0.048828
0 0.803646 0.976760 0.048828 0.048828
0 0.841707 0.938700 0.048828 0.048828
0 0.753308 0.888361 0.048828 0.048828
0 0.782774 0.882223 0.048828 0.048828
0 0.857668 0.890817 0.048828 0.048828
0 0.939927 0.941155 0.048828 0.048828
0 0.954660 0.955888 0.048828 0.048828
0 0.975532 0.973077 0.048828 0.048828
0 0.842934 0.763130 0.048828 0.048828
0 0.826974 0.678415 0.048828 0.048828
0 0.824518 0.709109 0.048828 0.048828
0 0.798735 0.715248 0.048828 0.048828
0 0.768041 0.718931 0.048828 0.048828
0 0.744714 0.695604 0.048828 0.048828
0 0.657543 0.701742 0.048828 0.048828
0 0.597383 0.662454 0.048828 0.048828
0 0.652632 0.741031 0.048828 0.048828
0 0.604750 0.739803 0.048828 0.048828
0 0.559323 0.727525 0.048828 0.048828
0 0.694376 0.799963 0.048828 0.048828
0 0.651404 0.840479 0.048828 0.048828
0 0.655088 0.874856 0.048828 0.048828
0 0.673504 0.955888 0.048828 0.048828
0 0.619483 0.953433 0.048828 0.048828
0 0.531084 0.935016 0.048828 0.048828
0 0.537223 0.866262 0.048828 0.048828
0 0.590016 0.838023 0.048828 0.048828
0 0.508984 0.834340 0.048828 0.048828
0 0.480746 0.884678 0.048828 0.048828
0 0.441458 0.873628 0.048828 0.048828
0 0.391120 0.874856 0.048828 0.048828
0 0.565461 0.950977 0.048828 0.048828
0 0.537223 0.996404 0.048828 0.048828
0 0.484429 0.982899 0.048828 0.048828
0 0.373931 0.998860 0.048828 0.048828
0 0.410764 0.965710 0.048828 0.048828
0 0.446369 0.966938 0.048828 0.048828
0 0.371476 0.928877 0.048828 0.048828
0 0.362881 0.899411 0.048828 0.048828
0 0.369020 0.796280 0.048828 0.048828
0 0.330960 0.893272 0.048828 0.048828
0 0.316227 0.922739 0.048828 0.048828
0 0.302721 0.887134 0.048828 0.048828
0 0.284305 0.905550 0.048828 0.048828
0 0.254839 0.889589 0.048828 0.048828
0 0.236422 0.914144 0.048828 0.048828
0 0.219234 0.882223 0.048828 0.048828
0 0.190995 0.895728 0.048828 0.048828
0 0.167668 0.874856 0.048828 0.048828
0 0.156618 0.898184 0.048828 0.048828
0 0.121013 0.879767 0.048828 0.048828
0 0.101369 0.861351 0.048828 0.048828
0 0.090319 0.898184 0.048828 0.048828
0 0.047348 0.914144 0.048828 0.048828
0 0.017882 0.931333 0.048828 0.048828
0 0.079269 0.944838 0.048828 0.048828
0 0.098914 0.952205 0.048828 0.048828
0 0.124696 0.958344 0.048828 0.048828
0 0.170124 0.962027 0.048828 0.048828
0 0.053487 0.872401 0.048828 0.048828
0 0.028931 0.857668 0.048828 0.048828
0 0.014198 0.797507 0.048828 0.048828
0 0.054714 0.806102 0.048828 0.048828
0 0.094003 0.813468 0.048828 0.048828
0 0.119785 0.823290 0.048828 0.048828
0 0.182401 0.825746 0.048828 0.048828
0 0.262205 0.842934 0.048828 0.048828
0 0.329732 0.855212 0.048828 0.048828
0 0.252383 0.776636 0.048828 0.048828
0 0.054714 0.673504 0.048828 0.048828
0 0.000693 0.671048 0.048828 0.048828