0 0.996721 0.245757 0.048828 0.048828
0 0.938695 0.242343 0.048828 0.048828
0 0.873843 0.230966 0.048828 0.048828
0 0.733898 0.229828 0.048828 0.048828
0 0.666770 0.232103 0.048828 0.048828
0 0.626948 0.217312 0.048828 0.048828
0 0.551856 0.244619 0.048828 0.048828
0 0.531376 0.242343 0.048828 0.048828
0 0.756653 0.216175 0.048828 0.048828
0 0.818092 0.219588 0.048828 0.048828
0 0.896530 0.924761 0.048828 0.048828
0 0.878508 0.934899 0.048828 0.048828
0 0.850348 0.938278 0.048828 0.048828
0 0.621260 0.921587 0.048828 0.048828
0 0.581438 0.923862 0.048828 0.048828
0 0.432391 0.828290 0.048828 0.048828
0 0.459697 0.837393 0.048828 0.048828
0 0.455146 0.821464 0.048828 0.048828
0 0.479039 0.811224 0.048828 0.048828
0 0.509759 0.810086 0.048828 0.048828
0 0.524550 0.822602 0.048828 0.048828
0 0.543892 0.798709 0.048828 0.048828
0 0.555269 0.808949 0.048828 0.048828
0 0.567785 0.827153 0.048828 0.048828
0 0.601918 0.814637 0.048828 0.048828
0 0.542754 0.736132 0.048828 0.048828
0 0.467662 0.708826 0.048828 0.048828
0 0.552994 0.701999 0.048828 0.048828
0 0.540479 0.673555 0.048828 0.048828
0 0.574611 0.692897 0.048828 0.048828
0 0.606469 0.683795 0.048828 0.048828
0 0.642877 0.671279 0.048828 0.048828
0 0.626948 0.658764 0.048828 0.048828
0 0.621260 0.632595 0.048828 0.048828
0 0.682699 0.615529 0.048828 0.048828
0 0.804439 0.555228 0.048828 0.048828
0 0.705454 0.384563 0.048828 0.048828
0 0.656530 0.393666 0.048828 0.048828
0 0.803301 0.261685 0.048828 0.048828
0 0.859052 0.282165 0.048828 0.048828
0 0.582576 0.568881 0.048828 0.048828
0 0.560958 0.625769 0.048828 0.048828
0 0.526825 0.496064 0.048828 0.048828
0 0.491555 0.476722 0.048828 0.048828
0 0.490417 0.571156 0.048828 0.048828
0 0.458560 0.574570 0.048828 0.048828
0 0.454009 0.626907 0.048828 0.048828
0 0.431253 0.615529 0.048828 0.048828
0 0.421014 0.641698 0.048828 0.048828
0 0.369814 0.653075 0.048828 0.048828
0 0.344784 0.623493 0.048828 0.048828
0 0.320891 0.618942 0.048828 0.048828
0 0.257176 0.612116 0.048828 0.048828
0 0.132022 0.862423 0.048828 0.048828
0 0.102440 0.849908 0.048828 0.048828
0 0.022797 0.869250 0.048828 0.048828
0 0.004593 0.987577 0.048828 0.048828