0 0.981463 0.284718 0.048828 0.048828
0 0.979061 0.622206 0.048828 0.048828
0 0.949036 0.631814 0.048828 0.048828
0 0.946634 0.606592 0.048828 0.048828
0 0.959845 0.580170 0.048828 0.048828
0 0.925015 0.558551 0.048828 0.048828
0 0.964649 0.438449 0.048828 0.048828
0 0.940629 0.425238 0.048828 0.048828
0 0.635569 0.839591 0.048828 0.048828
0 0.831336 0.642623 0.048828 0.048828
0 0.848150 0.463671 0.048828 0.048828
0 0.842145 0.499701 0.048828 0.048828
0 0.804913 0.484088 0.048828 0.048828
0 0.771285 0.490093 0.048828 0.048828
0 0.718440 0.494897 0.048828 0.048828
0 0.736455 0.454063 0.048828 0.048828
0 0.776089 0.454063 0.048828 0.048828
0 0.819325 0.434846 0.048828 0.048828
0 0.831336 0.402419 0.048828 0.048828
0 0.955041 0.338764 0.048828 0.048828
0 0.513065 0.445655 0.048828 0.048828
0 0.422988 0.457666 0.048828 0.048828
0 0.463823 0.360383 0.048828 0.048828
0 0.509462 0.339965 0.048828 0.048828
0 0.492647 0.296729 0.048828 0.048828
0 0.469828 0.318347 0.048828 0.048828
0 0.447009 0.309940 0.048828 0.048828
0 0.413380 0.307538 0.048828 0.048828
0 0.195995 0.267904 0.048828 0.048828
0 0.217613 0.277512 0.048828 0.048828
0 0.233227 0.289522 0.048828 0.048828
0 0.223618 0.327955 0.048828 0.048828
0 0.257247 0.288321 0.048828 0.048828
0 0.236830 0.240281 0.048828 0.048828
0 0.266855 0.240281 0.048828 0.048828
0 0.304087 0.257095 0.048828 0.048828
0 0.290876 0.222265 0.048828 0.048828
0 0.346123 0.243884 0.048828 0.048828
0 0.325705 0.203049 0.048828 0.048828
0 0.359334 0.193441 0.048828 0.048828
0 0.379751 0.210255 0.048828 0.048828
0 0.383354 0.185034 0.048828 0.048828
0 0.484240 0.168219 0.048828 0.048828
0 0.556302 0.155008 0.048828 0.048828
0 0.573116 0.133390 0.048828 0.048828
0 0.610348 0.142998 0.048828 0.048828
0 0.658389 0.140596 0.048828 0.048828
0 0.693218 0.140596 0.048828 0.048828
0 0.736455 0.146601 0.048828 0.048828
0 0.904598 0.020493 0.048828 0.048828
0 0.955041 0.002478 0.048828 0.048828
0 0.981463 0.043313 0.048828 0.048828
0 0.565910 0.019292 0.048828 0.048828
0 0.527477 0.018091 0.048828 0.048828
0 0.471029 0.012086 0.048828 0.048828
0 0.426591 0.027700 0.048828 0.048828
0 0.115526 0.030102 0.048828 0.048828
0 0.134743 0.038509 0.048828 0.048828
0 0.135944 0.076942 0.048828 0.048828
0 0.198397 0.050519 0.048828 0.048828
0 0.155160 0.009684 0.048828 0.048828
0 0.195995 0.008483 0.048828 0.048828
0 0.342520 0.015689 0.048828 0.048828
0 0.306489 0.015689 0.048828 0.048828
0 0.269257 0.038509 0.048828 0.048828
0 0.251242 0.001277 0.048828 0.048828
0 0.849351 0.058926 0.048828 0.048828
0 0.061480 0.040911 0.048828 0.048828
0 0.029053 0.069735 0.048828 0.048828
0 0.079496 0.069735 0.048828 0.048828
0 0.020646 0.026499 0.048828 0.048828
0 0.135944 0.277512 0.048828 0.048828
0 0.165969 0.288321 0.048828 0.048828
0 0.121532 0.257095 0.048828 0.048828
0 0.125135 0.303935 0.048828 0.048828
0 0.161165 0.333960 0.048828 0.048828
0 0.096310 0.289522 0.048828 0.048828
0 0.065084 0.266703 0.048828 0.048828
0 0.001429 0.288321 0.048828 0.048828
0 0.063883 0.345971 0.048828 0.048828
0 0.015842 0.365187 0.048828 0.048828