0 0.128329 0.829316 0.048828 0.048828
0 0.156563 0.780915 0.048828 0.048828
0 0.243281 0.783940 0.048828 0.048828
0 0.296723 0.810157 0.048828 0.048828
0 0.003502 0.457508 0.048828 0.048828
0 0.037453 0.457508 0.048828 0.048828
0 0.003502 0.348110 0.048828 0.048828
0 0.033681 0.375774 0.048828 0.048828
0 0.116672 0.338051 0.048828 0.048828
0 0.506481 0.111710 0.048828 0.048828
0 0.345528 0.238712 0.048828 0.048828
0 0.283913 0.229910 0.048828 0.048828
0 0.263794 0.219851 0.048828 0.048828
0 0.100326 0.126800 0.048828 0.048828
0 0.163198 0.117997 0.048828 0.048828
0 0.194634 0.102908 0.048828 0.048828
0 0.243675 0.035006 0.048828 0.048828