0 0.485594 0.146601 0.048828 0.048828
0 0.445960 0.128585 0.048828 0.048828
0 0.424341 0.060127 0.048828 0.048828
0 0.364290 0.068534 0.048828 0.048828
0 0.324657 0.066132 0.048828 0.048828
0 0.280219 0.064931 0.048828 0.048828
0 0.352280 0.103364 0.048828 0.048828
0 0.397919 0.142998 0.048828 0.048828
0 0.357084 0.151405 0.048828 0.048828
0 0.359486 0.234275 0.048828 0.048828
0 0.324657 0.225868 0.048828 0.048828
0 0.319852 0.175425 0.048828 0.048828
0 0.283822 0.200647 0.048828 0.048828
0 0.239384 0.225868 0.048828 0.048828
0 0.239384 0.188637 0.048828 0.048828
0 0.264605 0.164616 0.048828 0.048828
0 0.242987 0.110570 0.048828 0.048828
0 0.210559 0.162214 0.048828 0.048828
0 0.214163 0.134591 0.048828 0.048828
0 0.206956 0.103364 0.048828 0.048828
0 0.178132 0.114173 0.048828 0.048828
0 0.160117 0.070936 0.048828 0.048828
0 0.084452 0.066132 0.048828 0.048828
0 0.145704 0.134591 0.048828 0.048828
0 0.088055 0.130988 0.048828 0.048828
0 0.112076 0.153807 0.048828 0.048828
0 0.136096 0.187436 0.048828 0.048828
0 0.084452 0.191039 0.048828 0.048828
0 0.040014 0.259497 0.048828 0.048828
0 0.008788 0.199446 0.048828 0.048828