0 0.977937 0.114173 0.048828 0.048828
0 0.959921 0.070936 0.048828 0.048828
0 0.884257 0.066132 0.048828 0.048828
0 0.945509 0.134591 0.048828 0.048828
0 0.887860 0.130988 0.048828 0.048828
0 0.911880 0.153807 0.048828 0.048828
0 0.935901 0.187436 0.048828 0.048828
0 0.884257 0.191039 0.048828 0.048828
0 0.839819 0.259497 0.048828 0.048828
0 0.791778 0.264301 0.048828 0.048828
0 0.808592 0.199446 0.048828 0.048828
0 0.764155 0.207853 0.048828 0.048828
0 0.725722 0.207853 0.048828 0.048828
0 0.570790 0.004880 0.048828 0.048828
0 0.611625 0.009684 0.048828 0.048828
0 0.633243 0.008483 0.048828 0.048828
0 0.704103 0.021695 0.048828 0.048828
0 0.705304 0.091354 0.048828 0.048828
0 0.664470 0.127384 0.048828 0.048828
0 0.528754 0.063730 0.048828 0.048828
0 0.586403 0.120178 0.048828 0.048828
0 0.552775 0.120178 0.048828 0.048828
0 0.454291 0.134591 0.048828 0.048828
0 0.486718 0.168219 0.048828 0.048828
0 0.516744 0.162214 0.048828 0.048828
0 0.545569 0.165817 0.048828 0.048828
0 0.604419 0.134591 0.048828 0.048828
0 0.509538 0.227069 0.048828 0.048828
0 0.457894 0.234275 0.048828 0.048828
0 0.415858 0.227069 0.048828 0.048828
0 0.407451 0.186235 0.048828 0.048828
0 0.361812 0.206652 0.048828 0.048828
0 0.251318 0.247487 0.048828 0.048828
0 0.181659 0.284718 0.048828 0.048828
0 0.216488 0.288321 0.048828 0.048828
0 0.224896 0.321950 0.048828 0.048828
0 0.203277 0.329156 0.048828 0.048828
0 0.236906 0.398815 0.048828 0.048828
0 0.268132 0.379599 0.048828 0.048828
0 0.294555 0.368790 0.048828 0.048828
0 0.347400 0.307538 0.048828 0.048828
0 0.367817 0.355579 0.048828 0.048828
0 0.430270 0.345971 0.048828 0.048828
0 0.461497 0.336362 0.048828 0.048828
0 0.504734 0.331558 0.048828 0.048828
0 0.520347 0.351976 0.048828 0.048828
0 0.556378 0.309940 0.048828 0.048828
0 0.330586 0.556149 0.048828 0.048828
0 0.487919 0.582572 0.048828 0.048828
0 0.269333 0.551345 0.048828 0.048828
0 0.313771 0.625809 0.048828 0.048828
0 0.257323 0.606592 0.048828 0.048828
0 0.220092 0.634216 0.048828 0.048828
0 0.179257 0.622206 0.048828 0.048828
0 0.149231 0.631814 0.048828 0.048828
0 0.146829 0.606592 0.048828 0.048828
0 0.160040 0.580170 0.048828 0.048828
0 0.125211 0.558551 0.048828 0.048828
0 0.206880 0.536933 0.048828 0.048828
0 0.164844 0.438449 0.048828 0.048828
0 0.140824 0.425238 0.048828 0.048828
0 0.340194 0.478083 0.048828 0.048828
0 0.419461 0.440851 0.048828 0.048828
0 0.407451 0.731499 0.048828 0.048828
0 0.323379 0.751916 0.048828 0.048828
0 0.031531 0.642623 0.048828 0.048828
0 0.048345 0.463671 0.048828 0.048828
0 0.042340 0.499701 0.048828 0.048828
0 0.005109 0.484088 0.048828 0.048828
0 0.019521 0.434846 0.048828 0.048828
0 0.031531 0.402419 0.048828 0.048828
0 0.155236 0.338764 0.048828 0.048828
0 0.104793 0.020493 0.048828 0.048828
0 0.155236 0.002478 0.048828 0.048828
0 0.181659 0.043313 0.048828 0.048828
0 0.203277 0.118977 0.048828 0.048828
0 0.049546 0.058926 0.048828 0.048828