0 0.449594 0.478403 0.005755 0.008633
0 0.447912 0.439290 0.005755 0.008633
0 0.452118 0.436346 0.005755 0.008633
0 0.441093 0.399928 0.005755 0.008633
0 0.441986 0.394384 0.005755 0.008633
0 0.438162 0.394575 0.005755 0.008633
0 0.435996 0.388267 0.005755 0.008633
0 0.433574 0.390561 0.005755 0.008633
0 0.431025 0.389987 0.005755 0.008633
0 0.428604 0.389796 0.005755 0.008633
0 0.426055 0.389796 0.005755 0.008633
0 0.433956 0.399163 0.005755 0.008633
0 0.438417 0.442750 0.005755 0.008633
0 0.425545 0.447147 0.005755 0.008633
0 0.415222 0.453838 0.005755 0.008633
0 0.412673 0.461676 0.005755 0.008633
0 0.416241 0.496851 0.005755 0.008633
0 0.421339 0.394575 0.005755 0.008633
0 0.419173 0.385781 0.005755 0.008633
0 0.449632 0.337607 0.005755 0.008633
0 0.374566 0.296123 0.005755 0.008633
0 0.367302 0.299755 0.005755 0.008633
0 0.361057 0.303196 0.005755 0.008633
0 0.372782 0.320401 0.005755 0.008633
0 0.367557 0.321357 0.005755 0.008633
0 0.363478 0.324607 0.005755 0.008633
0 0.365263 0.326710 0.005755 0.008633
0 0.381703 0.325181 0.005755 0.008633
0 0.357106 0.338945 0.005755 0.008633
0 0.361821 0.331298 0.005755 0.008633
0 0.359145 0.330724 0.005755 0.008633
0 0.356851 0.330724 0.005755 0.008633
0 0.354812 0.332636 0.005755 0.008633
0 0.352263 0.333401 0.005755 0.008633
0 0.349204 0.334739 0.005755 0.008633
0 0.346910 0.336460 0.005755 0.008633
0 0.344616 0.339518 0.005755 0.008633
0 0.341048 0.340092 0.005755 0.008633
0 0.339008 0.340283 0.005755 0.008633
0 0.334675 0.341048 0.005755 0.008633
0 0.336714 0.344298 0.005755 0.008633
0 0.343979 0.327092 0.005755 0.008633
0 0.348949 0.326710 0.005755 0.008633
0 0.349714 0.330533 0.005755 0.008633
0 0.351243 0.328048 0.005755 0.008633
0 0.351371 0.325372 0.005755 0.008633
0 0.354557 0.328622 0.005755 0.008633
0 0.356596 0.326519 0.005755 0.008633
0 0.362076 0.324225 0.005755 0.008633
0 0.349077 0.310843 0.005755 0.008633
0 0.322058 0.323842 0.005755 0.008633
0 0.323205 0.339136 0.005755 0.008633
0 0.320146 0.339136 0.005755 0.008633
0 0.320529 0.346783 0.005755 0.008633
0 0.326136 0.352900 0.005755 0.008633
0 0.323460 0.352136 0.005755 0.008633
0 0.317980 0.349077 0.005755 0.008633
0 0.316196 0.352518 0.005755 0.008633
0 0.313901 0.354238 0.005755 0.008633
0 0.312245 0.352136 0.005755 0.008633
0 0.310206 0.353091 0.005755 0.008633
0 0.306892 0.355577 0.005755 0.008633
0 0.300137 0.359209 0.005755 0.008633
0 0.297333 0.359400 0.005755 0.008633
0 0.293510 0.363415 0.005755 0.008633
0 0.290196 0.366282 0.005755 0.008633
0 0.286373 0.365517 0.005755 0.008633
0 0.283697 0.364753 0.005755 0.008633
0 0.281275 0.345636 0.005755 0.008633
0 0.260119 0.364562 0.005755 0.008633
0 0.281020 0.368767 0.005755 0.008633
0 0.278089 0.370488 0.005755 0.008633
0 0.274011 0.373929 0.005755 0.008633
0 0.270697 0.375267 0.005755 0.008633
0 0.266619 0.372591 0.005755 0.008633
0 0.350096 0.402222 0.005755 0.008633
0 0.355449 0.394766 0.005755 0.008633
0 0.357871 0.394002 0.005755 0.008633
0 0.361567 0.391899 0.005755 0.008633
0 0.367429 0.387502 0.005755 0.008633
0 0.372782 0.385399 0.005755 0.008633
0 0.371890 0.398781 0.005755 0.008633
0 0.380046 0.394384 0.005755 0.008633
0 0.375841 0.417898 0.005755 0.008633
0 0.342577 0.418089 0.005755 0.008633
0 0.408849 0.437397 0.005755 0.008633
0 0.405281 0.437589 0.005755 0.008633
0 0.400565 0.441412 0.005755 0.008633
0 0.390115 0.327092 0.005755 0.008633
0 0.431280 0.381576 0.005755 0.008633
0 0.439309 0.540247 0.005755 0.008633
0 0.317725 0.560129 0.005755 0.008633
0 0.332891 0.507175 0.005755 0.008633
0 0.339263 0.503351 0.005755 0.008633
0 0.344744 0.497998 0.005755 0.008633
0 0.347547 0.496087 0.005755 0.008633
0 0.349841 0.496087 0.005755 0.008633
0 0.353028 0.495322 0.005755 0.008633
0 0.354812 0.482705 0.005755 0.008633
0 0.329705 0.502586 0.005755 0.008633
0 0.327028 0.502204 0.005755 0.008633
0 0.317088 0.505263 0.005755 0.008633
0 0.313647 0.507939 0.005755 0.008633
0 0.309823 0.508895 0.005755 0.008633
0 0.307274 0.509660 0.005755 0.008633
0 0.304216 0.506219 0.005755 0.008633
0 0.300902 0.502778 0.005755 0.008633
0 0.297206 0.503925 0.005755 0.008633
0 0.303578 0.478881 0.005755 0.008633
0 0.310970 0.482322 0.005755 0.008633
0 0.313901 0.480984 0.005755 0.008633
0 0.321038 0.475058 0.005755 0.008633
0 0.342832 0.463014 0.005755 0.008633
0 0.361949 0.457088 0.005755 0.008633
0 0.360420 0.470088 0.005755 0.008633
0 0.363351 0.470088 0.005755 0.008633
0 0.366664 0.460147 0.005755 0.008633
0 0.271207 0.394575 0.005755 0.008633
0 0.273501 0.392855 0.005755 0.008633
0 0.275413 0.391134 0.005755 0.008633
0 0.278216 0.389987 0.005755 0.008633
0 0.278089 0.381385 0.005755 0.008633
0 0.281020 0.388267 0.005755 0.008633
0 0.282422 0.388076 0.005755 0.008633
0 0.286755 0.387502 0.005755 0.008633
0 0.285863 0.384634 0.005755 0.008633
0 0.283824 0.382340 0.005755 0.008633
0 0.287520 0.384252 0.005755 0.008633
0 0.285736 0.376988 0.005755 0.008633
0 0.289559 0.379282 0.005755 0.008633
0 0.290324 0.382532 0.005755 0.008633
0 0.290196 0.385590 0.005755 0.008633
0 0.280638 0.394384 0.005755 0.008633
0 0.276942 0.398016 0.005755 0.008633
0 0.273246 0.405472 0.005755 0.008633
0 0.276432 0.416560 0.005755 0.008633
0 0.290706 0.392472 0.005755 0.008633
0 0.296186 0.387311 0.005755 0.008633
0 0.299500 0.384252 0.005755 0.008633
0 0.296314 0.380238 0.005755 0.008633
0 0.298608 0.379855 0.005755 0.008633
0 0.296059 0.376414 0.005755 0.008633
0 0.299627 0.375267 0.005755 0.008633
0 0.303068 0.381576 0.005755 0.008633
0 0.302814 0.377752 0.005755 0.008633
0 0.306764 0.376796 0.005755 0.008633
0 0.304216 0.373547 0.005755 0.008633
0 0.307019 0.371826 0.005755 0.008633
0 0.310078 0.370488 0.005755 0.008633
0 0.313519 0.359782 0.005755 0.008633
0 0.266491 0.381958 0.005755 0.008633
0 0.265217 0.380238 0.005755 0.008633
0 0.263433 0.382914 0.005755 0.008633
0 0.261393 0.380811 0.005755 0.008633
0 0.261903 0.376988 0.005755 0.008633
0 0.259482 0.379282 0.005755 0.008633
0 0.257952 0.381958 0.005755 0.008633
0 0.257570 0.386928 0.005755 0.008633
0 0.255658 0.384061 0.005755 0.008633
0 0.251453 0.388267 0.005755 0.008633
0 0.249159 0.387884 0.005755 0.008633
0 0.247502 0.393428 0.005755 0.008633
0 0.245208 0.392472 0.005755 0.008633
0 0.243933 0.394002 0.005755 0.008633
0 0.242149 0.394384 0.005755 0.008633
0 0.247502 0.418280 0.005755 0.008633
0 0.158926 0.376988 0.005755 0.008633
0 0.162495 0.379091 0.005755 0.008633
0 0.170141 0.379855 0.005755 0.008633
0 0.165681 0.392855 0.005755 0.008633
0 0.175367 0.402413 0.005755 0.008633
0 0.184670 0.398016 0.005755 0.008633
0 0.112026 0.435677 0.005755 0.008633
0 0.113937 0.435103 0.005755 0.008633
0 0.117124 0.433574 0.005755 0.008633
0 0.122731 0.429368 0.005755 0.008633
0 0.125153 0.427265 0.005755 0.008633
0 0.129104 0.423824 0.005755 0.008633
0 0.131270 0.419236 0.005755 0.008633
0 0.131780 0.424780 0.005755 0.008633
0 0.135094 0.423824 0.005755 0.008633
0 0.138662 0.422295 0.005755 0.008633
0 0.142358 0.420574 0.005755 0.008633
0 0.145672 0.420383 0.005755 0.008633
0 0.148730 0.422486 0.005755 0.008633
0 0.153191 0.420192 0.005755 0.008633
0 0.157142 0.417707 0.005755 0.008633
0 0.113683 0.444280 0.005755 0.008633
0 0.115084 0.439118 0.005755 0.008633
0 0.117506 0.437015 0.005755 0.008633
0 0.119545 0.439883 0.005755 0.008633
0 0.122604 0.436059 0.005755 0.008633
0 0.126300 0.431662 0.005755 0.008633
0 0.128721 0.428795 0.005755 0.008633
0 0.132290 0.429559 0.005755 0.008633
0 0.139044 0.425927 0.005755 0.008633
0 0.168485 0.414075 0.005755 0.008633
0 0.173710 0.411972 0.005755 0.008633
0 0.175749 0.410634 0.005755 0.008633
0 0.179955 0.411207 0.005755 0.008633
0 0.183141 0.410060 0.005755 0.008633
0 0.184798 0.407001 0.005755 0.008633
0 0.187857 0.405472 0.005755 0.008633
0 0.190151 0.405281 0.005755 0.008633
0 0.193209 0.402796 0.005755 0.008633
0 0.121457 0.453838 0.005755 0.008633
0 0.115212 0.476587 0.005755 0.008633
0 0.119673 0.479073 0.005755 0.008633
0 0.119673 0.471235 0.005755 0.008633
0 0.124261 0.467029 0.005755 0.008633
0 0.128594 0.465308 0.005755 0.008633
0 0.129613 0.468941 0.005755 0.008633
0 0.130760 0.474676 0.005755 0.008633
0 0.132035 0.468176 0.005755 0.008633
0 0.131398 0.463779 0.005755 0.008633
0 0.134201 0.465308 0.005755 0.008633
0 0.136113 0.465308 0.005755 0.008633
0 0.135986 0.470852 0.005755 0.008633
0 0.138662 0.466073 0.005755 0.008633
0 0.140829 0.468749 0.005755 0.008633
0 0.147583 0.460720 0.005755 0.008633
0 0.150515 0.461294 0.005755 0.008633
0 0.151152 0.464161 0.005755 0.008633
0 0.150132 0.468558 0.005755 0.008633
0 0.153956 0.461867 0.005755 0.008633
0 0.158416 0.462441 0.005755 0.008633
0 0.158799 0.459956 0.005755 0.008633
0 0.161603 0.462632 0.005755 0.008633
0 0.161603 0.455559 0.005755 0.008633
0 0.164661 0.459000 0.005755 0.008633
0 0.164916 0.453073 0.005755 0.008633
0 0.167720 0.456132 0.005755 0.008633
0 0.169759 0.454603 0.005755 0.008633
0 0.169249 0.460911 0.005755 0.008633
0 0.165808 0.480028 0.005755 0.008633
0 0.173200 0.467029 0.005755 0.008633
0 0.176131 0.464735 0.005755 0.008633
0 0.178553 0.461485 0.005755 0.008633
0 0.178680 0.456323 0.005755 0.008633
0 0.181994 0.454985 0.005755 0.008633
0 0.185308 0.454029 0.005755 0.008633
0 0.188494 0.460911 0.005755 0.008633
0 0.183778 0.468176 0.005755 0.008633
0 0.163004 0.496851 0.005755 0.008633
0 0.157779 0.500484 0.005755 0.008633
0 0.155358 0.502204 0.005755 0.008633
0 0.152044 0.505072 0.005755 0.008633
0 0.141593 0.533747 0.005755 0.008633
0 0.169759 0.625318 0.005755 0.008633
0 0.171416 0.621877 0.005755 0.008633
0 0.174602 0.621686 0.005755 0.008633
0 0.177533 0.629715 0.005755 0.008633
0 0.181102 0.626082 0.005755 0.008633
0 0.184543 0.623980 0.005755 0.008633
0 0.186837 0.624744 0.005755 0.008633
0 0.189513 0.622450 0.005755 0.008633
0 0.193719 0.622833 0.005755 0.008633
0 0.190915 0.625891 0.005755 0.008633
0 0.184798 0.630862 0.005755 0.008633
0 0.192827 0.610215 0.005755 0.008633
0 0.195758 0.612318 0.005755 0.008633
0 0.196778 0.608877 0.005755 0.008633
0 0.200729 0.608686 0.005755 0.008633
0 0.206591 0.605818 0.005755 0.008633
0 0.213219 0.614612 0.005755 0.008633
0 0.203660 0.628376 0.005755 0.008633
0 0.206591 0.625127 0.005755 0.008633
0 0.212326 0.621494 0.005755 0.008633
0 0.217552 0.628376 0.005755 0.008633
0 0.217552 0.620538 0.005755 0.008633
0 0.221120 0.619583 0.005755 0.008633
0 0.224179 0.613848 0.005755 0.008633
0 0.228894 0.606583 0.005755 0.008633
0 0.233483 0.606774 0.005755 0.008633
0 0.280256 0.566437 0.005755 0.008633
0 0.268403 0.541585 0.005755 0.008633
0 0.270570 0.537953 0.005755 0.008633
0 0.272354 0.544453 0.005755 0.008633
0 0.274393 0.538335 0.005755 0.008633
0 0.274393 0.530880 0.005755 0.008633
0 0.280638 0.516733 0.005755 0.008633
0 0.284206 0.516542 0.005755 0.008633
0 0.285608 0.509469 0.005755 0.008633
0 0.288030 0.511571 0.005755 0.008633
0 0.297716 0.514439 0.005755 0.008633
0 0.290451 0.500866 0.005755 0.008633
0 0.290324 0.556688 0.005755 0.008633
0 0.325499 0.332254 0.005755 0.008633