0 0.859995 0.955032 0.048828 0.048828
0 0.809197 0.935405 0.048828 0.048828
0 0.045602 0.837860 0.048828 0.048828
0 0.254982 0.878382 0.048828 0.048828
0 0.320536 0.863254 0.048828 0.048828
0 0.345750 0.870314 0.048828 0.048828
0 0.084541 0.594987 0.048828 0.048828
0 0.127908 0.590952 0.048828 0.048828
0 0.180351 0.578850 0.048828 0.048828
0 0.283221 0.585910 0.048828 0.048828
0 0.250948 0.655498 0.048828 0.048828
0 0.275153 0.649447 0.048828 0.048828
0 0.342724 0.690796 0.048828 0.048828
0 0.410295 0.686762 0.048828 0.048828
0 0.430466 0.715001 0.048828 0.048828
0 0.446602 0.685754 0.048828 0.048828
0 0.454670 0.715001 0.048828 0.048828
0 0.544429 0.834007 0.048828 0.048828
0 0.563591 0.834007 0.048828 0.048828
0 0.505097 0.663566 0.048828 0.048828
0 0.533335 0.675669 0.048828 0.048828
0 0.716887 0.816862 0.048828 0.048828
0 0.928678 0.850144 0.048828 0.048828
0 0.878251 0.418495 0.048828 0.048828