0 0.423503 0.081832 0.048828 0.048828
0 0.461052 0.084836 0.048828 0.048828
0 0.602237 0.008235 0.048828 0.048828
0 0.623265 0.018749 0.048828 0.048828
0 0.665320 0.003730 0.048828 0.048828
0 0.783975 0.009737 0.048828 0.048828
0 0.811010 0.012741 0.048828 0.048828
0 0.842551 0.012741 0.048828 0.048828
0 0.378444 0.087840 0.048828 0.048828
0 0.346903 0.111871 0.048828 0.048828
0 0.291330 0.141910 0.048828 0.048828
0 0.665320 0.101357 0.048828 0.048828
0 0.624767 0.101357 0.048828 0.048828
0 0.590221 0.087840 0.048828 0.048828
0 0.551170 0.116377 0.048828 0.048828
0 0.513621 0.143412 0.048828 0.048828
0 0.396468 0.161436 0.048828 0.048828
0 0.418997 0.194479 0.048828 0.048828
0 0.513621 0.183965 0.048828 0.048828
0 0.576704 0.165942 0.048828 0.048828
0 0.603739 0.185467 0.048828 0.048828
0 0.633778 0.165942 0.048828 0.048828
0 0.686347 0.159934 0.048828 0.048828
0 0.725398 0.168946 0.048828 0.048828
0 0.752434 0.156930 0.048828 0.048828
0 0.792987 0.155428 0.048828 0.048828
0 0.827532 0.056298 0.048828 0.048828
0 0.942791 0.229607 0.048828 0.048828
0 0.849141 0.241527 0.048828 0.048828
0 0.818492 0.239824 0.048828 0.048828
0 0.779329 0.233013 0.048828 0.048828
0 0.658435 0.246635 0.048828 0.048828
0 0.556271 0.214283 0.048828 0.048828
0 0.564784 0.258554 0.048828 0.048828
0 0.535838 0.267068 0.048828 0.048828
0 0.236157 0.170012 0.048828 0.048828
0 0.200399 0.175120 0.048828 0.048828
0 0.091424 0.154687 0.048828 0.048828
0 0.040342 0.166606 0.048828 0.048828
0 0.038640 0.026982 0.048828 0.048828
0 0.065883 0.023577 0.048828 0.048828
0 0.094830 0.016766 0.048828 0.048828
0 0.140804 0.001441 0.048828 0.048828
0 0.191886 0.009955 0.048828 0.048828