0 0.696745 0.196417 0.007586 0.010134
0 0.690588 0.192678 0.007586 0.010134
0 0.687229 0.178470 0.007586 0.010134
0 0.677899 0.180215 0.007586 0.010134
0 0.671742 0.179716 0.007586 0.010134
0 0.664838 0.179467 0.007586 0.010134
0 0.676033 0.187443 0.007586 0.010134
0 0.683124 0.195669 0.007586 0.010134
0 0.676780 0.197414 0.007586 0.010134
0 0.677153 0.214612 0.007586 0.010134
0 0.671742 0.212868 0.007586 0.010134
0 0.670995 0.202399 0.007586 0.010134
0 0.665397 0.207633 0.007586 0.010134
0 0.658493 0.212868 0.007586 0.010134
0 0.658493 0.205141 0.007586 0.010134
0 0.662412 0.200155 0.007586 0.010134
0 0.659053 0.188939 0.007586 0.010134
0 0.654015 0.199657 0.007586 0.010134
0 0.654575 0.193924 0.007586 0.010134
0 0.653455 0.187443 0.007586 0.010134
0 0.648977 0.189687 0.007586 0.010134
0 0.646178 0.180713 0.007586 0.010134
0 0.634423 0.179716 0.007586 0.010134
0 0.643939 0.193924 0.007586 0.010134
0 0.634982 0.193176 0.007586 0.010134
0 0.638714 0.197912 0.007586 0.010134
0 0.642446 0.204891 0.007586 0.010134
0 0.634423 0.205639 0.007586 0.010134
0 0.627519 0.219847 0.007586 0.010134
0 0.620055 0.220844 0.007586 0.010134
0 0.622667 0.207384 0.007586 0.010134
0 0.615763 0.209129 0.007586 0.010134
0 0.609792 0.209129 0.007586 0.010134
0 0.652709 0.163265 0.007586 0.010134
0 0.645245 0.161769 0.007586 0.010134
0 0.637595 0.155538 0.007586 0.010134
0 0.630877 0.156036 0.007586 0.010134
0 0.626212 0.153045 0.007586 0.010134
0 0.620988 0.152298 0.007586 0.010134
0 0.615017 0.153793 0.007586 0.010134
0 0.608486 0.154541 0.007586 0.010134
0 0.605127 0.156535 0.007586 0.010134
0 0.598410 0.160274 0.007586 0.010134
0 0.593558 0.159028 0.007586 0.010134
0 0.585721 0.167004 0.007586 0.010134
0 0.592066 0.168001 0.007586 0.010134
0 0.595424 0.167752 0.007586 0.010134
0 0.612404 0.164761 0.007586 0.010134
0 0.606433 0.170494 0.007586 0.010134
0 0.606620 0.184951 0.007586 0.010134
0 0.600276 0.192428 0.007586 0.010134
0 0.579190 0.179218 0.007586 0.010134
0 0.588147 0.190933 0.007586 0.010134
0 0.582922 0.190933 0.007586 0.010134
0 0.567622 0.193924 0.007586 0.010134
0 0.572660 0.200903 0.007586 0.010134
0 0.577325 0.199657 0.007586 0.010134
0 0.581803 0.200405 0.007586 0.010134
0 0.590946 0.193924 0.007586 0.010134
0 0.576205 0.213117 0.007586 0.010134
0 0.568181 0.214612 0.007586 0.010134
0 0.561651 0.213117 0.007586 0.010134
0 0.560344 0.204642 0.007586 0.010134
0 0.553254 0.208880 0.007586 0.010134
0 0.536087 0.217354 0.007586 0.010134
0 0.525265 0.225081 0.007586 0.010134
0 0.530676 0.225829 0.007586 0.010134
0 0.531982 0.232808 0.007586 0.010134
0 0.528623 0.234304 0.007586 0.010134
0 0.533848 0.248761 0.007586 0.010134
0 0.538699 0.244773 0.007586 0.010134
0 0.542804 0.242530 0.007586 0.010134
0 0.551015 0.229817 0.007586 0.010134
0 0.554187 0.239788 0.007586 0.010134
0 0.563890 0.237794 0.007586 0.010134
0 0.568741 0.235800 0.007586 0.010134
0 0.575459 0.234803 0.007586 0.010134
0 0.577884 0.239040 0.007586 0.010134
0 0.583482 0.230316 0.007586 0.010134
0 0.548402 0.281414 0.007586 0.010134
0 0.572846 0.286898 0.007586 0.010134
0 0.538886 0.280417 0.007586 0.010134
0 0.545790 0.295871 0.007586 0.010134
0 0.537020 0.291883 0.007586 0.010134
0 0.531236 0.297616 0.007586 0.010134
0 0.524891 0.295123 0.007586 0.010134
0 0.520226 0.297117 0.007586 0.010134
0 0.519853 0.291883 0.007586 0.010134
0 0.521906 0.286399 0.007586 0.010134
0 0.516495 0.281913 0.007586 0.010134
0 0.529183 0.277426 0.007586 0.010134
0 0.522652 0.256987 0.007586 0.010134
0 0.518920 0.254245 0.007586 0.010134
0 0.549895 0.265212 0.007586 0.010134
0 0.562210 0.257485 0.007586 0.010134
0 0.560344 0.317806 0.007586 0.010134
0 0.547283 0.322043 0.007586 0.010134
0 0.484027 0.480822 0.007586 0.010134
0 0.480855 0.471599 0.007586 0.010134
0 0.463875 0.472098 0.007586 0.010134
0 0.462569 0.448916 0.007586 0.010134
0 0.471525 0.340239 0.007586 0.010134
0 0.501940 0.299361 0.007586 0.010134
0 0.504553 0.262221 0.007586 0.010134
0 0.503620 0.269699 0.007586 0.010134
0 0.497835 0.266458 0.007586 0.010134
0 0.492610 0.267705 0.007586 0.010134
0 0.484400 0.268702 0.007586 0.010134
0 0.487199 0.260227 0.007586 0.010134
0 0.493357 0.260227 0.007586 0.010134
0 0.500074 0.256239 0.007586 0.010134
0 0.501940 0.249509 0.007586 0.010134
0 0.521159 0.236298 0.007586 0.010134
0 0.452493 0.258482 0.007586 0.010134
0 0.438498 0.260975 0.007586 0.010134
0 0.444842 0.240785 0.007586 0.010134
0 0.451933 0.236547 0.007586 0.010134
0 0.449320 0.227574 0.007586 0.010134
0 0.445775 0.232061 0.007586 0.010134
0 0.442230 0.230316 0.007586 0.010134
0 0.437005 0.229817 0.007586 0.010134
0 0.403232 0.221592 0.007586 0.010134
0 0.406590 0.223586 0.007586 0.010134
0 0.409016 0.226078 0.007586 0.010134
0 0.407523 0.234055 0.007586 0.010134
0 0.412748 0.225829 0.007586 0.010134
0 0.409576 0.215859 0.007586 0.010134
0 0.414241 0.215859 0.007586 0.010134
0 0.420025 0.219348 0.007586 0.010134
0 0.417972 0.212120 0.007586 0.010134
0 0.426556 0.216607 0.007586 0.010134
0 0.423384 0.208132 0.007586 0.010134
0 0.428608 0.206138 0.007586 0.010134
0 0.431781 0.209627 0.007586 0.010134
0 0.432340 0.204393 0.007586 0.010134
0 0.448014 0.200903 0.007586 0.010134
0 0.459210 0.198161 0.007586 0.010134
0 0.461822 0.193675 0.007586 0.010134
0 0.467607 0.195669 0.007586 0.010134
0 0.475071 0.195170 0.007586 0.010134
0 0.480482 0.195170 0.007586 0.010134
0 0.487199 0.196417 0.007586 0.010134
0 0.513322 0.170244 0.007586 0.010134
0 0.521159 0.166505 0.007586 0.010134
0 0.524518 0.165508 0.007586 0.010134
0 0.525265 0.174980 0.007586 0.010134
0 0.528623 0.190684 0.007586 0.010134
0 0.607366 0.141081 0.007586 0.010134
0 0.601768 0.137342 0.007586 0.010134
0 0.602142 0.117401 0.007586 0.010134
0 0.596917 0.129864 0.007586 0.010134
0 0.590759 0.129366 0.007586 0.010134
0 0.586468 0.121389 0.007586 0.010134
0 0.580683 0.118897 0.007586 0.010134
0 0.582176 0.126873 0.007586 0.010134
0 0.574899 0.118897 0.007586 0.010134
0 0.567248 0.117152 0.007586 0.010134
0 0.559785 0.114410 0.007586 0.010134
0 0.560904 0.123134 0.007586 0.010134
0 0.555493 0.121888 0.007586 0.010134
0 0.552694 0.113164 0.007586 0.010134
0 0.546350 0.123134 0.007586 0.010134
0 0.541125 0.127122 0.007586 0.010134
0 0.535714 0.136594 0.007586 0.010134
0 0.545417 0.111918 0.007586 0.010134
0 0.540939 0.110173 0.007586 0.010134
0 0.535900 0.105686 0.007586 0.010134
0 0.535154 0.109425 0.007586 0.010134
0 0.533288 0.116155 0.007586 0.010134
0 0.526757 0.123882 0.007586 0.010134
0 0.525451 0.115158 0.007586 0.010134
0 0.529183 0.110671 0.007586 0.010134
0 0.526384 0.103941 0.007586 0.010134
0 0.523212 0.109923 0.007586 0.010134
0 0.518734 0.114659 0.007586 0.010134
0 0.512949 0.120143 0.007586 0.010134
0 0.521159 0.137591 0.007586 0.010134
0 0.515188 0.138838 0.007586 0.010134
0 0.505112 0.124879 0.007586 0.010134
0 0.499328 0.127372 0.007586 0.010134
0 0.508098 0.138838 0.007586 0.010134
0 0.501380 0.137342 0.007586 0.010134
0 0.495596 0.136096 0.007586 0.010134
0 0.510337 0.151799 0.007586 0.010134
0 0.503620 0.152298 0.007586 0.010134
0 0.494290 0.148309 0.007586 0.010134
0 0.486266 0.158031 0.007586 0.010134
0 0.484214 0.151550 0.007586 0.010134
0 0.478802 0.156286 0.007586 0.010134
0 0.473205 0.158280 0.007586 0.010134
0 0.471898 0.152298 0.007586 0.010134
0 0.477869 0.150802 0.007586 0.010134
0 0.482348 0.146066 0.007586 0.010134
0 0.486639 0.138838 0.007586 0.010134
0 0.487199 0.129864 0.007586 0.010134
0 0.492610 0.121389 0.007586 0.010134
0 0.482908 0.118149 0.007586 0.010134
0 0.480855 0.126873 0.007586 0.010134
0 0.476936 0.134102 0.007586 0.010134
0 0.479176 0.141081 0.007586 0.010134
0 0.471712 0.130113 0.007586 0.010134
0 0.466487 0.133603 0.007586 0.010134
0 0.469286 0.142576 0.007586 0.010134
0 0.464994 0.154042 0.007586 0.010134
0 0.466114 0.147562 0.007586 0.010134
0 0.463502 0.141330 0.007586 0.010134
0 0.460889 0.133603 0.007586 0.010134
0 0.460330 0.128867 0.007586 0.010134
0 0.455478 0.130113 0.007586 0.010134
0 0.465368 0.124131 0.007586 0.010134
0 0.445589 0.129366 0.007586 0.010134
0 0.456038 0.139087 0.007586 0.010134
0 0.459023 0.143574 0.007586 0.010134
0 0.459210 0.148309 0.007586 0.010134
0 0.458090 0.153793 0.007586 0.010134
0 0.462942 0.159277 0.007586 0.010134
0 0.460703 0.169995 0.007586 0.010134
0 0.454732 0.169746 0.007586 0.010134
0 0.445962 0.168499 0.007586 0.010134
0 0.449694 0.156535 0.007586 0.010134
0 0.453612 0.149556 0.007586 0.010134
0 0.444096 0.159526 0.007586 0.010134
0 0.441670 0.153544 0.007586 0.010134
0 0.447268 0.147811 0.007586 0.010134
0 0.450067 0.144072 0.007586 0.010134
0 0.448761 0.138339 0.007586 0.010134
0 0.442790 0.138339 0.007586 0.010134
0 0.442790 0.143823 0.007586 0.010134
0 0.441297 0.149306 0.007586 0.010134
0 0.434766 0.145318 0.007586 0.010134
0 0.430848 0.142826 0.007586 0.010134
0 0.433087 0.151550 0.007586 0.010134
0 0.435512 0.157532 0.007586 0.010134
0 0.439058 0.171740 0.007586 0.010134
0 0.431594 0.163514 0.007586 0.010134
0 0.485893 0.063063 0.007586 0.010134
0 0.482161 0.062813 0.007586 0.010134
0 0.476190 0.063312 0.007586 0.010134
0 0.469286 0.062813 0.007586 0.010134
0 0.438498 0.062564 0.007586 0.010134
0 0.414614 0.061816 0.007586 0.010134
0 0.403978 0.062315 0.007586 0.010134
0 0.397074 0.060819 0.007586 0.010134
0 0.389797 0.057080 0.007586 0.010134
0 0.389983 0.068546 0.007586 0.010134
0 0.398940 0.069793 0.007586 0.010134
0 0.390170 0.096962 0.007586 0.010134
0 0.395395 0.097710 0.007586 0.010134
0 0.395768 0.117401 0.007586 0.010134
0 0.406590 0.109176 0.007586 0.010134
0 0.402485 0.097959 0.007586 0.010134
0 0.408643 0.097959 0.007586 0.010134
0 0.421518 0.087989 0.007586 0.010134
0 0.417972 0.099704 0.007586 0.010134
0 0.426183 0.109176 0.007586 0.010134
0 0.428049 0.104191 0.007586 0.010134
0 0.424130 0.124879 0.007586 0.010134
0 0.429355 0.120891 0.007586 0.010134
0 0.429355 0.134849 0.007586 0.010134
0 0.434953 0.125378 0.007586 0.010134
0 0.436819 0.098208 0.007586 0.010134
0 0.442230 0.095217 0.007586 0.010134
0 0.443723 0.098956 0.007586 0.010134
0 0.443909 0.106185 0.007586 0.010134
0 0.450067 0.109674 0.007586 0.010134
0 0.454172 0.091229 0.007586 0.010134
0 0.458464 0.096463 0.007586 0.010134
0 0.459023 0.088238 0.007586 0.010134
0 0.463875 0.101698 0.007586 0.010134
0 0.466674 0.097211 0.007586 0.010134
0 0.470219 0.102695 0.007586 0.010134
0 0.471339 0.098208 0.007586 0.010134
0 0.475630 0.095965 0.007586 0.010134
0 0.481788 0.093223 0.007586 0.010134
0 0.478802 0.100452 0.007586 0.010134
0 0.475817 0.105935 0.007586 0.010134
0 0.481601 0.103941 0.007586 0.010134
0 0.486639 0.108926 0.007586 0.010134
0 0.493357 0.113413 0.007586 0.010134
0 0.498955 0.115656 0.007586 0.010134
0 0.508284 0.112915 0.007586 0.010134
0 0.502687 0.107680 0.007586 0.010134
0 0.510337 0.103692 0.007586 0.010134
0 0.517801 0.102944 0.007586 0.010134
0 0.514815 0.099455 0.007586 0.010134
0 0.511083 0.095217 0.007586 0.010134
0 0.507351 0.093722 0.007586 0.010134
0 0.500821 0.092725 0.007586 0.010134
0 0.496716 0.092725 0.007586 0.010134
0 0.489998 0.092475 0.007586 0.010134
0 0.490744 0.098208 0.007586 0.010134
0 0.485333 0.096713 0.007586 0.010134
0 0.477683 0.089484 0.007586 0.010134
0 0.389237 0.148808 0.007586 0.010134
0 0.395395 0.146814 0.007586 0.010134
0 0.403232 0.144321 0.007586 0.010134
0 0.407523 0.146315 0.007586 0.010134
0 0.401552 0.147063 0.007586 0.010134
0 0.395581 0.150802 0.007586 0.010134
0 0.389797 0.153793 0.007586 0.010134
0 0.393715 0.156784 0.007586 0.010134
0 0.390916 0.160772 0.007586 0.010134
0 0.390730 0.172238 0.007586 0.010134
0 0.393715 0.173983 0.007586 0.010134
0 0.393902 0.181959 0.007586 0.010134
0 0.403605 0.176476 0.007586 0.010134
0 0.396887 0.168001 0.007586 0.010134
0 0.403232 0.167752 0.007586 0.010134
0 0.398193 0.162268 0.007586 0.010134
0 0.405471 0.160274 0.007586 0.010134
0 0.398940 0.154790 0.007586 0.010134
0 0.401925 0.152547 0.007586 0.010134
0 0.409389 0.151301 0.007586 0.010134
0 0.416480 0.146066 0.007586 0.010134
0 0.422078 0.142327 0.007586 0.010134
0 0.424503 0.143574 0.007586 0.010134
0 0.426183 0.149805 0.007586 0.010134
0 0.416107 0.152796 0.007586 0.010134
0 0.410695 0.161271 0.007586 0.010134
0 0.417972 0.161520 0.007586 0.010134
0 0.424317 0.162268 0.007586 0.010134
0 0.425996 0.169247 0.007586 0.010134
0 0.420398 0.169247 0.007586 0.010134
0 0.414614 0.173983 0.007586 0.010134
0 0.411815 0.166256 0.007586 0.010134
0 0.504739 0.178221 0.007586 0.010134
0 0.384199 0.063312 0.007586 0.010134
0 0.382519 0.071288 0.007586 0.010134
0 0.377668 0.068796 0.007586 0.010134
0 0.378788 0.063312 0.007586 0.010134
0 0.372630 0.063810 0.007586 0.010134
0 0.368525 0.065555 0.007586 0.010134
0 0.363673 0.068048 0.007586 0.010134
0 0.358822 0.070042 0.007586 0.010134
0 0.352664 0.072784 0.007586 0.010134
0 0.382519 0.150802 0.007586 0.010134
0 0.375615 0.154292 0.007586 0.010134
0 0.385505 0.157283 0.007586 0.010134
0 0.384572 0.161769 0.007586 0.010134
0 0.381027 0.164511 0.007586 0.010134
0 0.382333 0.174482 0.007586 0.010134
0 0.377295 0.180464 0.007586 0.010134
0 0.385132 0.180464 0.007586 0.010134
0 0.375989 0.171491 0.007586 0.010134
0 0.370391 0.172238 0.007586 0.010134
0 0.362740 0.176476 0.007586 0.010134
0 0.366846 0.188440 0.007586 0.010134
0 0.371884 0.158031 0.007586 0.010134
0 0.365353 0.159277 0.007586 0.010134
0 0.355463 0.167752 0.007586 0.010134
0 0.351918 0.170244 0.007586 0.010134
0 0.343148 0.176476 0.007586 0.010134
0 0.393902 0.223586 0.007586 0.010134
0 0.398567 0.225829 0.007586 0.010134
0 0.391663 0.219348 0.007586 0.010134
0 0.392222 0.229070 0.007586 0.010134
0 0.397820 0.235301 0.007586 0.010134
0 0.387744 0.226078 0.007586 0.010134
0 0.382893 0.221343 0.007586 0.010134
0 0.373003 0.225829 0.007586 0.010134
0 0.382706 0.237794 0.007586 0.010134
0 0.375242 0.241782 0.007586 0.010134
0 0.367778 0.231562 0.007586 0.010134
0 0.359382 0.228820 0.007586 0.010134
0 0.352664 0.225829 0.007586 0.010134
0 0.350798 0.229070 0.007586 0.010134
0 0.346507 0.237544 0.007586 0.010134
0 0.338296 0.245521 0.007586 0.010134
0 0.334751 0.242280 0.007586 0.010134
0 0.334565 0.249010 0.007586 0.010134
0 0.331766 0.198161 0.007586 0.010134
0 0.332699 0.271942 0.007586 0.010134