0 0.135183 0.828097 0.048828 0.048828
0 0.166911 0.747556 0.048828 0.048828
0 0.203521 0.732913 0.048828 0.048828
0 0.232808 0.754878 0.048828 0.048828
0 0.041218 0.569390 0.048828 0.048828
0 0.537887 0.482748 0.048828 0.048828
0 0.576937 0.474205 0.048828 0.048828
0 0.626970 0.464443 0.048828 0.048828
0 0.725816 0.487629 0.048828 0.048828
0 0.751443 0.485188 0.048828 0.048828
0 0.574497 0.598678 0.048828 0.048828
0 0.630631 0.609661 0.048828 0.048828
0 0.614767 0.668236 0.048828 0.048828
0 0.634292 0.798810 0.048828 0.048828
0 0.667241 0.792708 0.048828 0.048828
0 0.691647 0.790267 0.048828 0.048828
0 0.744121 0.817114 0.048828 0.048828
0 0.781950 0.823216 0.048828 0.048828
0 0.845407 0.837860 0.048828 0.048828
0 0.725816 0.850063 0.048828 0.048828
0 0.758764 0.878130 0.048828 0.048828
0 0.884346 0.594987 0.048828 0.048828
0 0.927713 0.590952 0.048828 0.048828
0 0.980156 0.578850 0.048828 0.048828