0 0.338962 0.231212 0.048828 0.048828
0 0.265096 0.216439 0.048828 0.048828
0 0.067768 0.143628 0.048828 0.048828
0 0.035056 0.135186 0.048828 0.048828
0 0.003399 0.123579 0.048828 0.048828
0 0.002344 0.106695 0.048828 0.048828
0 0.034001 0.113026 0.048828 0.048828
0 0.566891 0.414822 0.048828 0.048828
0 0.546842 0.444368 0.048828 0.048828
0 0.520461 0.438037 0.048828 0.048828
0 0.541566 0.361005 0.048828 0.048828
0 0.451872 0.376833 0.048828 0.048828
0 0.469810 0.392662 0.048828 0.048828
0 0.470866 0.420098 0.048828 0.048828
0 0.390668 0.388441 0.048828 0.048828
0 0.366398 0.382110 0.048828 0.048828
0 0.337907 0.372613 0.048828 0.048828
0 0.295698 0.369447 0.048828 0.048828
0 0.317858 0.466528 0.048828 0.048828
0 0.350570 0.477080 0.048828 0.048828
0 0.314692 0.522455 0.048828 0.048828
0 0.347404 0.534062 0.048828 0.048828
0 0.378006 0.538283 0.048828 0.048828
0 0.427601 0.529842 0.048828 0.048828
0 0.504633 0.577327 0.048828 0.048828
0 0.558450 0.596321 0.048828 0.048828
0 0.566891 0.675463 0.048828 0.048828
0 0.615432 0.739832 0.048828 0.048828
0 0.631260 0.701844 0.048828 0.048828
0 0.666083 0.749329 0.048828 0.048828
0 0.682967 0.744053 0.048828 0.048828
0 0.672414 0.645917 0.048828 0.048828
0 0.712513 0.679684 0.048828 0.048828
0 0.761053 0.715562 0.048828 0.048828
0 0.790600 0.713451 0.048828 0.048828
0 0.826478 0.716617 0.048828 0.048828
0 0.778992 0.749329 0.048828 0.048828
0 0.865521 0.824250 0.048828 0.048828
0 0.754722 0.903392 0.048828 0.048828
0 0.769495 0.897061 0.048828 0.048828
0 0.850748 0.983590 0.048828 0.048828
0 0.206003 0.926607 0.048828 0.048828
0 0.169070 0.922387 0.048828 0.048828
0 0.207059 0.688126 0.048828 0.048828
0 0.154297 0.642751 0.048828 0.048828
0 0.123696 0.625867 0.048828 0.048828
0 0.088873 0.636420 0.048828 0.048828
0 0.000234 0.563609 0.048828 0.048828
0 0.024504 0.565719 0.048828 0.048828
0 0.070934 0.576272 0.048828 0.048828
0 0.118419 0.582603 0.048828 0.048828
0 0.172236 0.591045 0.048828 0.048828
0 0.197562 0.597376 0.048828 0.048828
0 0.226053 0.597376 0.048828 0.048828
0 0.292532 0.514013 0.048828 0.048828
0 0.230274 0.467583 0.048828 0.048828
0 0.198617 0.438037 0.048828 0.048828
0 0.185954 0.392662 0.048828 0.048828
0 0.114198 0.429595 0.048828 0.048828
0 0.085707 0.408490 0.048828 0.048828
0 0.057216 0.375778 0.048828 0.048828
0 0.034001 0.364171 0.048828 0.048828
0 0.011841 0.393717 0.048828 0.048828
0 0.503578 0.328293 0.048828 0.048828