0 0.598834 0.042038 0.048828 0.048828
0 0.628873 0.031524 0.048828 0.048828
0 0.558280 0.111128 0.048828 0.048828
0 0.474170 0.229784 0.048828 0.048828
0 0.439625 0.232788 0.048828 0.048828
0 0.402076 0.280850 0.048828 0.048828
0 0.370535 0.285356 0.048828 0.048828
0 0.323974 0.304882 0.048828 0.048828
0 0.663418 0.034528 0.048828 0.048828
0 0.687449 0.005991 0.048828 0.048828
0 0.517727 0.228282 0.048828 0.048828
0 0.561284 0.229784 0.048828 0.048828
0 0.558280 0.307886 0.048828 0.048828
0 0.505712 0.321404 0.048828 0.048828
0 0.381049 0.732942 0.048828 0.048828
0 0.346503 0.713416 0.048828 0.048828
0 0.325476 0.668357 0.048828 0.048828
0 0.314962 0.579741 0.048828 0.048828
0 0.275911 0.534683 0.048828 0.048828
0 0.161762 0.480612 0.048828 0.048828
0 0.098679 0.458082 0.048828 0.048828
0 0.062632 0.453576 0.048828 0.048828
0 0.034095 0.443063 0.048828 0.048828
0 0.250378 0.319902 0.048828 0.048828
0 0.133224 0.334921 0.048828 0.048828
0 0.071644 0.342431 0.048828 0.048828
0 0.031091 0.349941 0.048828 0.048828
0 0.005557 0.333419 0.048828 0.048828
0 0.020577 0.238795 0.048828 0.048828
0 0.016071 0.193737 0.048828 0.048828
0 0.037099 0.797526 0.048828 0.048828
0 0.028087 0.738950 0.048828 0.048828
0 0.091169 0.717922 0.048828 0.048828
0 0.164766 0.546698 0.048828 0.048828
0 0.064134 0.554208 0.048828 0.048828
0 0.146742 0.747962 0.048828 0.048828
0 0.248876 0.726934 0.048828 0.048828
0 0.208467 0.826787 0.048828 0.048828