0 0.485594 0.946406 0.048828 0.048828
0 0.445960 0.928390 0.048828 0.048828
0 0.424341 0.859932 0.048828 0.048828
0 0.364290 0.868339 0.048828 0.048828
0 0.324657 0.865937 0.048828 0.048828
0 0.280219 0.864736 0.048828 0.048828
0 0.352280 0.903169 0.048828 0.048828
0 0.397919 0.942802 0.048828 0.048828
0 0.357084 0.951210 0.048828 0.048828
0 0.319852 0.975230 0.048828 0.048828
0 0.239384 0.988441 0.048828 0.048828
0 0.264605 0.964421 0.048828 0.048828
0 0.242987 0.910375 0.048828 0.048828
0 0.210559 0.962019 0.048828 0.048828
0 0.214163 0.934395 0.048828 0.048828
0 0.206956 0.903169 0.048828 0.048828
0 0.178132 0.913978 0.048828 0.048828
0 0.160117 0.870741 0.048828 0.048828
0 0.084452 0.865937 0.048828 0.048828
0 0.145704 0.934395 0.048828 0.048828
0 0.088055 0.930792 0.048828 0.048828
0 0.112076 0.953612 0.048828 0.048828
0 0.136096 0.987240 0.048828 0.048828
0 0.084452 0.990843 0.048828 0.048828
0 0.008788 0.999250 0.048828 0.048828
0 0.202152 0.786670 0.048828 0.048828
0 0.154111 0.779463 0.048828 0.048828
0 0.104869 0.749438 0.048828 0.048828
0 0.061633 0.751840 0.048828 0.048828
0 0.031607 0.737428 0.048828 0.048828