0 0.995333 0.318011 0.048828 0.048828
0 0.889119 0.264904 0.048828 0.048828
0 0.847557 0.251050 0.048828 0.048828
0 0.817540 0.248741 0.048828 0.048828
0 0.788678 0.245278 0.048828 0.048828
0 0.744807 0.241814 0.048828 0.048828
0 0.755197 0.285685 0.048828 0.048828
0 0.736725 0.271831 0.048828 0.048828
0 0.539306 0.307621 0.048828 0.048828
0 0.480427 0.291458 0.048828 0.048828
0 0.438865 0.274140 0.048828 0.048828
0 0.400767 0.267213 0.048828 0.048828
0 0.378831 0.270677 0.048828 0.048828
0 0.340733 0.253359 0.048828 0.048828
0 0.296862 0.233733 0.048828 0.048828
0 0.060190 0.155227 0.048828 0.048828
0 0.009392 0.135600 0.048828 0.048828
0 0.020937 0.526975 0.048828 0.048828
0 0.143314 0.587009 0.048828 0.048828
0 0.173331 0.583545 0.048828 0.048828
0 0.181412 0.561610 0.048828 0.048828
0 0.211429 0.562764 0.048828 0.048828
0 0.089052 0.672442 0.048828 0.048828
0 0.128873 0.050339 0.048828 0.048828
0 0.933676 0.430553 0.048828 0.048828
0 0.905438 0.443664 0.048828 0.048828