0 0.991475 0.443303 0.048828 0.048828
0 0.916857 0.433220 0.048828 0.048828
0 0.901732 0.447337 0.048828 0.048828
0 0.921899 0.481620 0.048828 0.048828
0 0.954166 0.483637 0.048828 0.048828
0 0.891648 0.549180 0.048828 0.048828
0 0.868456 0.548171 0.048828 0.048828
0 0.842239 0.547163 0.048828 0.048828
0 0.506481 0.911515 0.048828 0.048828
0 0.100326 0.926604 0.048828 0.048828
0 0.163198 0.917802 0.048828 0.048828
0 0.194634 0.902713 0.048828 0.048828
0 0.243675 0.834811 0.048828 0.048828
0 0.405885 0.574519 0.048828 0.048828
0 0.424747 0.614757 0.048828 0.048828
0 0.360617 0.648708 0.048828 0.048828
0 0.306547 0.608470 0.048828 0.048828
0 0.026136 0.519191 0.048828 0.048828
0 0.305290 0.453804 0.048828 0.048828
0 0.285170 0.450031 0.048828 0.048828
0 0.213496 0.388416 0.048828 0.048828
0 0.241160 0.362010 0.048828 0.048828
0 0.256249 0.349435 0.048828 0.048828