0 0.181616 0.449586 0.048828 0.048828
0 0.183727 0.423205 0.048828 0.048828
0 0.135186 0.433757 0.048828 0.048828
0 0.007504 0.276528 0.048828 0.048828
0 0.226991 0.588876 0.048828 0.048828
0 0.260758 0.582545 0.048828 0.048828
0 0.291360 0.580434 0.048828 0.048828
0 0.323017 0.567771 0.048828 0.048828
0 0.332514 0.593097 0.048828 0.048828
0 0.296636 0.623698 0.048828 0.048828
0 0.178451 0.555109 0.048828 0.048828
0 0.099308 0.520286 0.048828 0.048828
0 0.127800 0.651134 0.048828 0.048828
0 0.079259 0.635306 0.048828 0.048828
0 0.113026 0.702841 0.048828 0.048828
0 0.095087 0.775651 0.048828 0.048828
0 0.107750 0.787259 0.048828 0.048828
0 0.148904 0.813640 0.048828 0.048828
0 0.187948 0.825247 0.048828 0.048828
0 0.211163 0.829468 0.048828 0.048828
0 0.268145 0.837910 0.048828 0.048828