0 0.990976 0.588993 0.048828 0.048828
0 0.962485 0.586882 0.048828 0.048828
0 0.933994 0.583717 0.048828 0.048828
0 0.884398 0.565778 0.048828 0.048828
0 0.913945 0.572109 0.048828 0.048828
0 0.959320 0.546784 0.048828 0.048828
0 0.905503 0.535176 0.048828 0.048828
0 0.869625 0.520403 0.048828 0.048828
0 0.849576 0.566833 0.048828 0.048828
0 0.822140 0.554170 0.048828 0.048828
0 0.862239 0.637533 0.048828 0.048828
0 0.792593 0.561557 0.048828 0.048828
0 0.755660 0.551005 0.048828 0.048828
0 0.720838 0.534121 0.048828 0.048828
0 0.674408 0.526734 0.048828 0.048828
0 0.635364 0.517237 0.048828 0.048828
0 0.588934 0.499298 0.048828 0.048828
0 0.980424 0.878125 0.048828 0.048828
0 0.951933 0.881291 0.048828 0.048828
0 0.926607 0.877070 0.048828 0.048828
0 0.898116 0.887622 0.048828 0.048828
0 0.868570 0.885512 0.048828 0.048828
0 0.837968 0.882346 0.048828 0.048828
0 0.808422 0.895009 0.048828 0.048828
0 0.778875 0.911893 0.048828 0.048828
0 0.778875 0.890788 0.048828 0.048828
0 0.746163 0.891843 0.048828 0.048828
0 0.697623 0.908727 0.048828 0.048828
0 0.591045 0.918224 0.048828 0.048828
0 0.536173 0.915058 0.048828 0.048828
0 0.478135 0.925611 0.048828 0.048828
0 0.434871 0.874960 0.048828 0.048828
0 0.391607 0.863352 0.048828 0.048828
0 0.338845 0.921390 0.048828 0.048828
0 0.329348 0.905561 0.048828 0.048828
0 0.300857 0.942494 0.048828 0.048828
0 0.268145 0.943550 0.048828 0.048828
0 0.238599 0.936163 0.048828 0.048828
0 0.152070 0.884457 0.048828 0.048828
0 0.262869 0.815867 0.048828 0.048828
0 0.318796 0.772603 0.048828 0.048828
0 0.279752 0.724062 0.048828 0.048828
0 0.299802 0.658638 0.048828 0.048828
0 0.247040 0.692405 0.048828 0.048828
0 0.116192 0.778934 0.048828 0.048828
0 0.158401 0.716675 0.048828 0.048828
0 0.180561 0.565778 0.048828 0.048828
0 0.153125 0.565778 0.048828 0.048828
0 0.263924 0.438095 0.048828 0.048828
0 0.295581 0.408549 0.048828 0.048828
0 0.177395 0.440206 0.048828 0.048828
0 0.134131 0.450758 0.048828 0.048828
0 0.110916 0.437040 0.048828 0.048828
0 0.099308 0.336793 0.048828 0.048828
0 0.121468 0.354732 0.048828 0.048828
0 0.142573 0.371616 0.048828 0.048828
0 0.159456 0.381113 0.048828 0.048828
0 0.422208 0.511961 0.048828 0.048828
0 0.460196 0.511961 0.048828 0.048828
0 0.478135 0.515127 0.048828 0.048828
0 0.499240 0.581606 0.048828 0.048828
0 0.011724 0.225994 0.048828 0.048828
0 0.050768 0.122582 0.048828 0.048828
0 0.118302 0.212276 0.048828 0.048828
0 0.199555 0.197503 0.048828 0.048828
0 0.271311 0.209111 0.048828 0.048828
0 0.229101 0.318854 0.048828 0.048828