0 0.442529 0.617993 0.048828 0.048828
0 0.422183 0.645968 0.048828 0.048828
0 0.420951 0.662833 0.048828 0.048828
0 0.462031 0.636083 0.048828 0.048828
0 0.490691 0.581628 0.048828 0.048828
0 0.494513 0.651368 0.048828 0.048828
0 0.508843 0.689582 0.048828 0.048828
0 0.547057 0.694359 0.048828 0.048828
0 0.557566 0.713466 0.048828 0.048828
0 0.613931 0.674297 0.048828 0.048828
0 0.650234 0.725886 0.048828 0.048828
0 0.620619 0.791805 0.048828 0.048828
0 0.639726 0.804224 0.048828 0.048828
0 0.658833 0.810912 0.048828 0.048828
0 0.694180 0.815688 0.048828 0.048828
0 0.739082 0.833840 0.048828 0.048828
0 0.800224 0.785117 0.048828 0.048828
0 0.914866 0.944660 0.048828 0.048828
0 0.955946 0.937017 0.048828 0.048828
0 0.901491 0.889250 0.048828 0.048828
0 0.935883 0.878741 0.048828 0.048828
0 0.958812 0.883518 0.048828 0.048828
0 0.995115 0.885429 0.048828 0.048828
0 0.966455 0.712511 0.048828 0.048828
0 0.948303 0.759323 0.048828 0.048828
0 0.912000 0.752635 0.048828 0.048828
0 0.901491 0.723975 0.048828 0.048828
0 0.861366 0.696270 0.048828 0.048828
0 0.262669 0.890863 0.048828 0.048828
0 0.281592 0.865414 0.048828 0.048828
0 0.294643 0.836051 0.048828 0.048828
0 0.294643 0.803426 0.048828 0.048828
0 0.334446 0.789070 0.048828 0.048828
0 0.350106 0.761665 0.048828 0.048828
0 0.049949 0.616154 0.048828 0.048828
0 0.061695 0.586790 0.048828 0.048828
0 0.083880 0.593968 0.048828 0.048828
0 0.119116 0.586790 0.048828 0.048828
0 0.071482 0.560037 0.048828 0.048828
0 0.079965 0.539157 0.048828 0.048828
0 0.121074 0.554165 0.048828 0.048828