0 0.639726 0.004419 0.048828 0.048828
0 0.658833 0.011107 0.048828 0.048828
0 0.694180 0.015884 0.048828 0.048828
0 0.739082 0.034035 0.048828 0.048828
0 0.780162 0.221283 0.048828 0.048828
0 0.914866 0.144856 0.048828 0.048828
0 0.955946 0.137213 0.048828 0.048828
0 0.901491 0.089445 0.048828 0.048828
0 0.935883 0.078937 0.048828 0.048828
0 0.958812 0.083713 0.048828 0.048828
0 0.995115 0.085624 0.048828 0.048828
0 0.611065 0.509798 0.048828 0.048828
0 0.680806 0.501200 0.048828 0.048828
0 0.262669 0.091058 0.048828 0.048828
0 0.281592 0.065610 0.048828 0.048828
0 0.294643 0.036247 0.048828 0.048828
0 0.294643 0.003621 0.048828 0.048828