0 0.000419 0.785117 0.048828 0.048828
0 0.115061 0.944660 0.048828 0.048828
0 0.156141 0.937017 0.048828 0.048828
0 0.101686 0.889250 0.048828 0.048828
0 0.136079 0.878741 0.048828 0.048828
0 0.159007 0.883518 0.048828 0.048828
0 0.195310 0.885429 0.048828 0.048828
0 0.237346 0.892116 0.048828 0.048828
0 0.234480 0.962812 0.048828 0.048828
0 0.276515 0.913134 0.048828 0.048828
0 0.298488 0.920777 0.048828 0.048828
0 0.314729 0.895938 0.048828 0.048828
0 0.329059 0.925553 0.048828 0.048828
0 0.350077 0.924598 0.048828 0.048828
0 0.373005 0.933196 0.048828 0.048828
0 0.395933 0.941794 0.048828 0.048828
0 0.166650 0.712511 0.048828 0.048828
0 0.148498 0.759323 0.048828 0.048828
0 0.112195 0.752635 0.048828 0.048828
0 0.101686 0.723975 0.048828 0.048828
0 0.061562 0.696270 0.048828 0.048828