0 0.115061 0.144856 0.048828 0.048828
0 0.156141 0.137213 0.048828 0.048828
0 0.101686 0.089445 0.048828 0.048828
0 0.136079 0.078937 0.048828 0.048828
0 0.159007 0.083713 0.048828 0.048828
0 0.195310 0.085624 0.048828 0.048828
0 0.237346 0.092311 0.048828 0.048828
0 0.234480 0.163007 0.048828 0.048828
0 0.276515 0.113329 0.048828 0.048828
0 0.298488 0.120972 0.048828 0.048828
0 0.314729 0.096133 0.048828 0.048828
0 0.329059 0.125749 0.048828 0.048828
0 0.350077 0.124793 0.048828 0.048828
0 0.373005 0.133391 0.048828 0.048828
0 0.395933 0.141990 0.048828 0.048828
0 0.433192 0.220328 0.048828 0.048828
0 0.606110 0.625395 0.048828 0.048828
0 0.647190 0.655011 0.048828 0.048828
0 0.670118 0.666475 0.048828 0.048828
0 0.762787 0.525084 0.048828 0.048828
0 0.751323 0.431460 0.048828 0.048828
0 0.788581 0.431460 0.048828 0.048828
0 0.814376 0.435281 0.048828 0.048828
0 0.854500 0.449611 0.048828 0.048828
0 0.908000 0.484959 0.048828 0.048828
0 0.947169 0.500245 0.048828 0.048828
0 0.988249 0.514575 0.048828 0.048828
0 0.677761 0.269051 0.048828 0.048828
0 0.716930 0.271917 0.048828 0.048828
0 0.734126 0.230837 0.048828 0.048828
0 0.761832 0.247078 0.048828 0.048828
0 0.797179 0.235614 0.048828 0.048828
0 0.832527 0.293890 0.048828 0.048828