0 0.392630 0.368952 0.009388 0.012706
0 0.388719 0.376232 0.009388 0.012706
0 0.388482 0.380620 0.009388 0.012706
0 0.396380 0.373659 0.009388 0.012706
0 0.401890 0.359488 0.009388 0.012706
0 0.402625 0.377637 0.009388 0.012706
0 0.405380 0.387581 0.009388 0.012706
0 0.412727 0.388824 0.009388 0.012706
0 0.414748 0.393797 0.009388 0.012706
0 0.425585 0.383604 0.009388 0.012706
0 0.432565 0.397028 0.009388 0.012706
0 0.426871 0.414182 0.009388 0.012706
0 0.430544 0.417414 0.009388 0.012706
0 0.434218 0.419155 0.009388 0.012706
0 0.441014 0.420398 0.009388 0.012706
0 0.449647 0.425121 0.009388 0.012706
0 0.461402 0.412442 0.009388 0.012706
0 0.457545 0.473849 0.009388 0.012706
0 0.483444 0.453960 0.009388 0.012706
0 0.491342 0.451971 0.009388 0.012706
0 0.480872 0.439541 0.009388 0.012706
0 0.487485 0.436806 0.009388 0.012706
0 0.491893 0.438049 0.009388 0.012706
0 0.498873 0.438546 0.009388 0.012706
0 0.506955 0.440286 0.009388 0.012706
0 0.506404 0.458683 0.009388 0.012706
0 0.514486 0.445756 0.009388 0.012706
0 0.518710 0.447745 0.009388 0.012706
0 0.521833 0.441281 0.009388 0.012706
0 0.524588 0.448988 0.009388 0.012706
0 0.528629 0.448739 0.009388 0.012706
0 0.533037 0.450977 0.009388 0.012706
0 0.537446 0.453214 0.009388 0.012706
0 0.544609 0.473600 0.009388 0.012706
0 0.493363 0.393548 0.009388 0.012706
0 0.489873 0.405730 0.009388 0.012706
0 0.482893 0.403989 0.009388 0.012706
0 0.480872 0.396531 0.009388 0.012706
0 0.473158 0.389322 0.009388 0.012706
0 0.425034 0.548928 0.009388 0.012706
0 0.438443 0.546691 0.009388 0.012706
0 0.577855 0.579010 0.009388 0.012706
0 0.585753 0.586717 0.009388 0.012706
0 0.590162 0.589700 0.009388 0.012706
0 0.607979 0.552906 0.009388 0.012706
0 0.605774 0.528543 0.009388 0.012706
0 0.612938 0.528543 0.009388 0.012706
0 0.617897 0.529537 0.009388 0.012706
0 0.625612 0.533266 0.009388 0.012706
0 0.635898 0.542465 0.009388 0.012706
0 0.643429 0.546442 0.009388 0.012706
0 0.651327 0.550172 0.009388 0.012706
0 0.657021 0.550172 0.009388 0.012706
0 0.655184 0.532520 0.009388 0.012706
0 0.591631 0.486279 0.009388 0.012706
0 0.599162 0.487025 0.009388 0.012706
0 0.602468 0.476335 0.009388 0.012706
0 0.607795 0.480561 0.009388 0.012706
0 0.614591 0.477578 0.009388 0.012706
0 0.621387 0.492743 0.009388 0.012706
0 0.665470 0.549177 0.009388 0.012706
0 0.358050 0.439960 0.009388 0.012706
0 0.361688 0.433338 0.009388 0.012706
0 0.364197 0.425697 0.009388 0.012706
0 0.364197 0.417207 0.009388 0.012706
0 0.371850 0.413471 0.009388 0.012706
0 0.374861 0.406339 0.009388 0.012706
0 0.317151 0.368473 0.009388 0.012706
0 0.319410 0.360832 0.009388 0.012706
0 0.323675 0.362700 0.009388 0.012706
0 0.330450 0.360832 0.009388 0.012706
0 0.321291 0.353870 0.009388 0.012706
0 0.322922 0.348436 0.009388 0.012706
0 0.330826 0.352342 0.009388 0.012706