0 0.687011 0.730781 0.005755 0.008633
0 0.682148 0.721340 0.005755 0.008633
0 0.681290 0.710398 0.005755 0.008633
0 0.682577 0.702030 0.005755 0.008633
0 0.687440 0.694735 0.005755 0.008633
0 0.686010 0.674138 0.005755 0.008633
0 0.682720 0.666628 0.005755 0.008633
0 0.689300 0.665770 0.005755 0.008633
0 0.691016 0.674352 0.005755 0.008633
0 0.695593 0.676927 0.005755 0.008633
0 0.696452 0.664054 0.005755 0.008633
0 0.696309 0.657402 0.005755 0.008633
0 0.702602 0.664912 0.005755 0.008633
0 0.702459 0.653540 0.005755 0.008633
0 0.707466 0.642383 0.005755 0.008633
0 0.708038 0.633801 0.005755 0.008633
0 0.717049 0.655042 0.005755 0.008633
0 0.710183 0.665556 0.005755 0.008633
0 0.723057 0.660835 0.005755 0.008633
0 0.718766 0.663625 0.005755 0.008633
0 0.716048 0.667701 0.005755 0.008633
0 0.719052 0.620499 0.005755 0.008633
0 0.762392 0.549266 0.005755 0.008633
0 0.766826 0.544116 0.005755 0.008633
0 0.771833 0.534890 0.005755 0.008633
0 0.770545 0.548622 0.005755 0.008633
0 0.856225 0.623717 0.005755 0.008633
0 0.860659 0.618782 0.005755 0.008633
0 0.866953 0.612775 0.005755 0.008633
0 0.873676 0.602905 0.005755 0.008633
0 0.876536 0.608483 0.005755 0.008633
0 0.861518 0.626721 0.005755 0.008633
0 0.867954 0.626935 0.005755 0.008633
0 0.860230 0.635088 0.005755 0.008633
0 0.862519 0.640238 0.005755 0.008633
0 0.860659 0.590031 0.005755 0.008633
0 0.860659 0.584238 0.005755 0.008633
0 0.866810 0.586384 0.005755 0.008633
0 0.866095 0.578660 0.005755 0.008633
0 0.871244 0.581020 0.005755 0.008633
0 0.876966 0.582522 0.005755 0.008633
0 0.887407 0.583595 0.005755 0.008633
0 0.873962 0.565143 0.005755 0.008633
0 0.868812 0.572438 0.005755 0.008633
0 0.864092 0.568576 0.005755 0.008633
0 0.863520 0.559994 0.005755 0.008633
0 0.866953 0.556132 0.005755 0.008633
0 0.871244 0.557419 0.005755 0.008633
0 0.857369 0.555488 0.005755 0.008633
0 0.861231 0.547120 0.005755 0.008633
0 0.854795 0.539182 0.005755 0.008633
0 0.866953 0.544545 0.005755 0.008633
0 0.873104 0.544545 0.005755 0.008633
0 0.871959 0.539611 0.005755 0.008633
0 0.867811 0.535963 0.005755 0.008633
0 0.876823 0.538752 0.005755 0.008633
0 0.877681 0.531887 0.005755 0.008633
0 0.878968 0.522446 0.005755 0.008633
0 0.881686 0.516868 0.005755 0.008633
0 0.871816 0.519442 0.005755 0.008633
0 0.868669 0.527381 0.005755 0.008633
0 0.864092 0.532316 0.005755 0.008633
0 0.859801 0.533174 0.005755 0.008633
0 0.860945 0.524377 0.005755 0.008633
0 0.857799 0.517082 0.005755 0.008633
0 0.855367 0.522661 0.005755 0.008633
0 0.851934 0.524806 0.005755 0.008633
0 0.860802 0.510216 0.005755 0.008633
0 0.863520 0.503780 0.005755 0.008633
0 0.867525 0.496056 0.005755 0.008633
0 0.867525 0.490692 0.005755 0.008633
0 0.857512 0.495197 0.005755 0.008633
0 0.872531 0.514293 0.005755 0.008633
0 0.883831 0.500132 0.005755 0.008633
0 0.886549 0.493695 0.005755 0.008633
0 0.892700 0.487259 0.005755 0.008633
0 0.893987 0.481680 0.005755 0.008633
0 0.896991 0.475029 0.005755 0.008633
0 0.877681 0.490906 0.005755 0.008633
0 0.880971 0.488975 0.005755 0.008633
0 0.881686 0.481251 0.005755 0.008633
0 0.886978 0.473098 0.005755 0.008633
0 0.891555 0.464301 0.005755 0.008633
0 0.895847 0.459795 0.005755 0.008633
0 0.886120 0.454002 0.005755 0.008633
0 0.876250 0.449068 0.005755 0.008633
0 0.876823 0.461941 0.005755 0.008633
0 0.874963 0.471811 0.005755 0.008633
0 0.871530 0.478891 0.005755 0.008633
0 0.867811 0.484684 0.005755 0.008633
0 0.873962 0.484469 0.005755 0.008633
0 0.855796 0.476531 0.005755 0.008633
0 0.858514 0.468807 0.005755 0.008633
0 0.859801 0.463228 0.005755 0.008633
0 0.858085 0.457864 0.005755 0.008633
0 0.861947 0.451642 0.005755 0.008633
0 0.865952 0.449068 0.005755 0.008633
0 0.869957 0.457006 0.005755 0.008633
0 0.878110 0.437696 0.005755 0.008633
0 0.867668 0.438769 0.005755 0.008633
0 0.802729 0.480393 0.005755 0.008633
0 0.803301 0.469665 0.005755 0.008633
0 0.810596 0.469880 0.005755 0.008633
0 0.816031 0.464945 0.005755 0.008633
0 0.813171 0.453788 0.005755 0.008633
0 0.816747 0.449926 0.005755 0.008633
0 0.818177 0.423535 0.005755 0.008633
0 0.852363 0.455504 0.005755 0.008633
0 0.851648 0.445635 0.005755 0.008633
0 0.854652 0.438125 0.005755 0.008633
0 0.859372 0.429972 0.005755 0.008633
0 0.859372 0.426110 0.005755 0.008633
0 0.845068 0.441558 0.005755 0.008633
0 0.847500 0.435980 0.005755 0.008633
0 0.852220 0.430401 0.005755 0.008633
0 0.855081 0.423535 0.005755 0.008633
0 0.849216 0.427397 0.005755 0.008633
0 0.847786 0.417528 0.005755 0.008633
0 0.851791 0.411949 0.005755 0.008633
0 0.854652 0.416026 0.005755 0.008633
0 0.856654 0.404654 0.005755 0.008633
0 0.795863 0.400578 0.005755 0.008633
0 0.804731 0.398218 0.005755 0.008633
0 0.831336 0.409804 0.005755 0.008633
0 0.836343 0.411520 0.005755 0.008633
0 0.833911 0.406371 0.005755 0.008633
0 0.838202 0.402294 0.005755 0.008633
0 0.841778 0.399720 0.005755 0.008633
0 0.840062 0.393712 0.005755 0.008633
0 0.843638 0.390923 0.005755 0.008633
0 0.845354 0.383628 0.005755 0.008633
0 0.848501 0.378478 0.005755 0.008633
0 0.853650 0.376762 0.005755 0.008633
0 0.855653 0.371183 0.005755 0.008633
0 0.861231 0.360456 0.005755 0.008633
0 0.858943 0.357237 0.005755 0.008633
0 0.851362 0.354233 0.005755 0.008633
0 0.847786 0.353161 0.005755 0.008633
0 0.851791 0.345651 0.005755 0.008633
0 0.850074 0.336640 0.005755 0.008633
0 0.845068 0.337713 0.005755 0.008633
0 0.842636 0.351873 0.005755 0.008633
0 0.844210 0.360885 0.005755 0.008633
0 0.852506 0.364103 0.005755 0.008633
0 0.849788 0.370969 0.005755 0.008633
0 0.841492 0.365820 0.005755 0.008633
0 0.837344 0.369896 0.005755 0.008633
0 0.843209 0.376976 0.005755 0.008633
0 0.837916 0.378907 0.005755 0.008633
0 0.832052 0.381697 0.005755 0.008633
0 0.831766 0.375260 0.005755 0.008633
0 0.828762 0.386202 0.005755 0.008633
0 0.827618 0.380409 0.005755 0.008633
0 0.819750 0.382340 0.005755 0.008633
0 0.811597 0.380409 0.005755 0.008633
0 0.816174 0.373114 0.005755 0.008633
0 0.821896 0.369682 0.005755 0.008633
0 0.825329 0.374616 0.005755 0.008633
0 0.830335 0.370540 0.005755 0.008633
0 0.831193 0.365605 0.005755 0.008633
0 0.835342 0.358525 0.005755 0.008633
0 0.832910 0.355950 0.005755 0.008633
0 0.836629 0.346509 0.005755 0.008633
0 0.839776 0.340502 0.005755 0.008633
0 0.837487 0.336640 0.005755 0.008633
0 0.839061 0.328701 0.005755 0.008633
0 0.817748 0.366892 0.005755 0.008633
0 0.809166 0.366034 0.005755 0.008633
0 0.812599 0.362601 0.005755 0.008633
0 0.806448 0.361958 0.005755 0.008633
0 0.812742 0.356164 0.005755 0.008633
0 0.816461 0.346939 0.005755 0.008633
0 0.813457 0.348011 0.005755 0.008633
0 0.808593 0.350801 0.005755 0.008633
0 0.803301 0.352732 0.005755 0.008633
0 0.814172 0.334494 0.005755 0.008633
0 0.820609 0.339644 0.005755 0.008633
0 0.824900 0.339644 0.005755 0.008633
0 0.822468 0.352517 0.005755 0.008633
0 0.825043 0.360670 0.005755 0.008633
0 0.826902 0.351873 0.005755 0.008633
0 0.832195 0.345008 0.005755 0.008633
0 0.831336 0.331276 0.005755 0.008633
0 0.826902 0.332349 0.005755 0.008633
0 0.829620 0.341360 0.005755 0.008633
0 0.837344 0.320977 0.005755 0.008633
0 0.807735 0.261759 0.005755 0.008633
0 0.805161 0.256610 0.005755 0.008633
0 0.811454 0.254250 0.005755 0.008633
0 0.819750 0.242235 0.005755 0.008633