0 0.917677 0.140398 0.048828 0.048828
0 0.942270 0.140398 0.048828 0.048828
0 0.961741 0.136299 0.048828 0.048828
0 0.620502 0.025627 0.048828 0.048828
0 0.668665 0.017430 0.048828 0.048828
0 0.697358 0.022553 0.048828 0.048828
0 0.719902 0.020504 0.048828 0.048828
0 0.760892 0.018454 0.048828 0.048828
0 0.546721 0.079939 0.048828 0.048828
0 0.488311 0.008207 0.048828 0.048828
0 0.528276 0.015380 0.048828 0.048828
0 0.447321 0.076864 0.048828 0.048828
0 0.478063 0.141423 0.048828 0.048828
0 0.478063 0.189586 0.048828 0.048828
0 0.456544 0.203932 0.048828 0.048828
0 0.460643 0.255169 0.048828 0.048828
0 0.410431 0.327926 0.048828 0.048828
0 0.396084 0.313579 0.048828 0.048828
0 0.385837 0.335099 0.048828 0.048828
0 0.368416 0.338173 0.048828 0.048828
0 0.331526 0.381212 0.048828 0.048828
0 0.362268 0.385311 0.048828 0.048828
0 0.439123 0.400682 0.048828 0.048828
0 0.342798 0.433474 0.048828 0.048828
0 0.312056 0.434499 0.048828 0.048828
0 0.294635 0.484711 0.048828 0.048828
0 0.412480 0.133225 0.048828 0.048828
0 0.426826 0.085062 0.048828 0.048828
0 0.400183 0.067642 0.048828 0.048828
0 0.367392 0.097359 0.048828 0.048828
0 0.343823 0.072765 0.048828 0.048828
0 0.314105 0.067642 0.048828 0.048828
0 0.297709 0.075840 0.048828 0.048828
0 0.270041 0.075840 0.048828 0.048828
0 0.306932 0.102483 0.048828 0.048828
0 0.242373 0.085062 0.048828 0.048828
0 0.204458 0.083013 0.048828 0.048828
0 0.145023 0.141423 0.048828 0.048828
0 0.259794 0.335099 0.048828 0.048828
0 0.215730 0.365841 0.048828 0.048828
0 0.202409 0.347396 0.048828 0.048828
0 0.195235 0.309480 0.048828 0.048828
0 0.168592 0.303332 0.048828 0.048828
0 0.135800 0.342272 0.048828 0.048828
0 0.218804 0.514428 0.048828 0.048828
0 0.196260 0.497008 0.048828 0.048828
0 0.175765 0.530824 0.048828 0.048828
0 0.160394 0.508280 0.048828 0.048828
0 0.106083 0.570789 0.048828 0.048828
0 0.088662 0.545170 0.048828 0.048828
0 0.056896 0.581036 0.048828 0.048828
0 0.096860 0.675312 0.048828 0.048828
0 0.180889 0.707079 0.048828 0.048828
0 0.232126 0.664040 0.048828 0.048828
0 0.300784 0.739871 0.048828 0.048828
0 0.333575 0.732698 0.048828 0.048828
0 0.366367 0.731673 0.048828 0.048828
0 0.408381 0.783935 0.048828 0.048828
0 0.337674 0.830048 0.048828 0.048828
0 0.305907 0.827999 0.048828 0.048828
0 0.269017 0.790083 0.048828 0.048828
0 0.139899 0.758316 0.048828 0.048828
0 0.129652 0.776762 0.048828 0.048828
0 0.650220 0.768564 0.048828 0.048828
0 0.718877 0.781885 0.048828 0.048828
0 0.748595 0.793157 0.048828 0.048828
0 0.768065 0.787009 0.048828 0.048828
0 0.799832 0.790083 0.048828 0.048828
0 0.841846 0.784959 0.048828 0.048828
0 0.880786 0.638422 0.048828 0.048828
0 0.942270 0.638422 0.048828 0.048828
0 0.977112 0.669164 0.048828 0.048828
0 0.975062 0.632273 0.048828 0.048828
0 0.230077 0.834147 0.048828 0.048828
0 0.227002 0.878211 0.048828 0.048828
0 0.216755 0.916126 0.048828 0.048828
0 0.503682 0.922275 0.048828 0.048828
0 0.541597 0.922275 0.048828 0.048828
0 0.568241 0.932522 0.048828 0.048828
0 0.593859 0.926374 0.048828 0.048828
0 0.606156 0.926374 0.048828 0.048828
0 0.627675 0.926374 0.048828 0.048828
0 0.548770 0.841320 0.048828 0.048828
0 0.673789 0.937646 0.048828 0.048828
0 0.748595 0.969413 0.048828 0.048828
0 0.001560 0.798281 0.048828 0.048828
0 0.027178 0.710153 0.048828 0.048828
0 0.013856 0.704005 0.048828 0.048828
0 0.066118 0.718351 0.048828 0.048828
0 0.041524 0.727574 0.048828 0.048828
0 0.081489 0.739871 0.048828 0.048828
0 0.090712 0.779836 0.048828 0.048828
0 0.059970 0.793157 0.048828 0.048828
0 0.037425 0.746019 0.048828 0.048828
0 0.015906 0.727574 0.048828 0.048828
0 0.010782 0.485736 0.048828 0.048828
0 0.027178 0.491884 0.048828 0.048828
0 0.036401 0.454993 0.048828 0.048828
0 0.078415 0.340223 0.048828 0.048828
0 0.015906 0.202907 0.048828 0.048828
0 0.097885 0.132200 0.048828 0.048828
0 0.062019 0.134250 0.048828 0.048828
0 0.028203 0.103508 0.048828 0.048828
0 0.010782 0.120928 0.048828 0.048828
0 0.670714 0.430400 0.048828 0.048828
0 0.963790 0.686584 0.048828 0.048828
0 0.608205 0.953017 0.048828 0.048828
0 0.701457 0.985808 0.048828 0.048828
0 0.654319 0.949943 0.048828 0.048828