0 0.917677 0.940203 0.048828 0.048828
0 0.942270 0.940203 0.048828 0.048828
0 0.961741 0.936104 0.048828 0.048828
0 0.985310 0.749601 0.048828 0.048828
0 0.947394 0.756775 0.048828 0.048828
0 0.995557 0.720909 0.048828 0.048828
0 0.980186 0.672746 0.048828 0.048828
0 0.968914 0.649177 0.048828 0.048828
0 0.951493 0.614336 0.048828 0.048828
0 0.945345 0.657375 0.048828 0.048828
0 0.926899 0.654301 0.048828 0.048828
0 0.891033 0.512887 0.048828 0.048828
0 0.838772 0.513911 0.048828 0.048828
0 0.824425 0.451402 0.048828 0.048828
0 0.782411 0.441155 0.048828 0.048828
0 0.743471 0.491367 0.048828 0.048828
0 0.661492 0.451402 0.048828 0.048828
0 0.744496 0.612286 0.048828 0.048828
0 0.811104 0.652251 0.048828 0.048828
0 0.910504 0.710661 0.048828 0.048828
0 0.912553 0.740379 0.048828 0.048828
0 0.892058 0.745502 0.048828 0.048828
0 0.842871 0.730131 0.048828 0.048828
0 0.845945 0.711686 0.048828 0.048828
0 0.883860 0.768047 0.048828 0.048828
0 0.820326 0.715785 0.048828 0.048828
0 0.790609 0.717835 0.048828 0.048828
0 0.752694 0.712711 0.048828 0.048828
0 0.777287 0.727057 0.048828 0.048828
0 0.746545 0.727057 0.048828 0.048828
0 0.706580 0.720909 0.048828 0.048828
0 0.679937 0.734230 0.048828 0.048828
0 0.660467 0.742428 0.048828 0.048828
0 0.655343 0.728082 0.048828 0.048828
0 0.631774 0.745502 0.048828 0.048828
0 0.631774 0.721933 0.048828 0.048828
0 0.596933 0.661474 0.048828 0.048828
0 0.600007 0.745502 0.048828 0.048828
0 0.620502 0.825432 0.048828 0.048828
0 0.668665 0.817234 0.048828 0.048828
0 0.697358 0.822358 0.048828 0.048828
0 0.719902 0.820308 0.048828 0.048828
0 0.760892 0.818259 0.048828 0.048828
0 0.546721 0.879743 0.048828 0.048828
0 0.488311 0.808012 0.048828 0.048828
0 0.528276 0.815185 0.048828 0.048828
0 0.520078 0.717835 0.048828 0.048828
0 0.533399 0.671721 0.048828 0.048828
0 0.567216 0.614336 0.048828 0.048828
0 0.554919 0.625608 0.048828 0.048828
0 0.531350 0.610237 0.048828 0.048828
0 0.513929 0.613311 0.048828 0.048828
0 0.490360 0.604088 0.048828 0.048828
0 0.467816 0.674795 0.048828 0.048828
0 0.456544 0.619460 0.048828 0.048828
0 0.579513 0.775220 0.048828 0.048828
0 0.607181 0.771121 0.048828 0.048828
0 0.573364 0.533381 0.048828 0.048828
0 0.429901 0.506738 0.048828 0.048828
0 0.396084 0.512887 0.048828 0.048828
0 0.354070 0.505713 0.048828 0.048828
0 0.212656 0.460625 0.048828 0.048828
0 0.465767 0.375572 0.048828 0.048828
0 0.447321 0.876669 0.048828 0.048828
0 0.478063 0.941228 0.048828 0.048828
0 0.478063 0.989390 0.048828 0.048828
0 0.412480 0.933030 0.048828 0.048828
0 0.426826 0.884867 0.048828 0.048828
0 0.400183 0.867446 0.048828 0.048828
0 0.367392 0.897164 0.048828 0.048828
0 0.343823 0.872570 0.048828 0.048828
0 0.314105 0.867446 0.048828 0.048828
0 0.297709 0.875644 0.048828 0.048828
0 0.270041 0.875644 0.048828 0.048828
0 0.306932 0.902288 0.048828 0.048828
0 0.242373 0.884867 0.048828 0.048828
0 0.204458 0.882818 0.048828 0.048828
0 0.164493 0.783418 0.048828 0.048828
0 0.219829 0.789566 0.048828 0.048828
0 0.406332 0.782393 0.048828 0.048828
0 0.355095 0.708612 0.048828 0.048828
0 0.145023 0.941228 0.048828 0.048828
0 0.097885 0.932005 0.048828 0.048828
0 0.062019 0.934055 0.048828 0.048828
0 0.028203 0.903312 0.048828 0.048828
0 0.010782 0.920733 0.048828 0.048828