0 0.538514 0.371473 0.048828 0.048828
0 0.556959 0.384794 0.048828 0.048828
0 0.589751 0.396066 0.048828 0.048828
0 0.598974 0.411437 0.048828 0.048828
0 0.623567 0.416561 0.048828 0.048828
0 0.652260 0.386844 0.048828 0.048828
0 0.690176 0.394017 0.048828 0.048828
0 0.495475 0.473947 0.048828 0.048828
0 0.524168 0.469848 0.048828 0.048828
0 0.561058 0.451402 0.048828 0.048828
0 0.540564 0.494441 0.048828 0.048828
0 0.614345 0.481120 0.048828 0.048828
0 0.360209 0.700414 0.048828 0.048828
0 0.426817 0.656350 0.048828 0.048828
0 0.460634 0.613311 0.048828 0.048828
0 0.525192 0.633806 0.048828 0.048828
0 0.491376 0.633806 0.048828 0.048828
0 0.494450 0.670697 0.048828 0.048828
0 0.406323 0.699389 0.048828 0.048828
0 0.390952 0.687092 0.048828 0.048828
0 0.381729 0.662499 0.048828 0.048828
0 0.352012 0.626633 0.048828 0.048828
0 0.332541 0.610237 0.048828 0.048828
0 0.312047 0.595891 0.048828 0.048828
0 0.289502 0.587693 0.048828 0.048828
0 0.277206 0.615361 0.048828 0.048828
0 0.250562 0.626633 0.048828 0.048828
0 0.880777 0.494441 0.048828 0.048828
0 0.934064 0.500590 0.048828 0.048828
0 0.813144 0.423734 0.048828 0.048828
0 0.778303 0.545678 0.048828 0.048828
0 0.742437 0.532357 0.048828 0.048828
0 0.922791 0.666598 0.048828 0.048828
0 0.952509 0.678894 0.048828 0.048828
0 0.990424 0.674795 0.048828 0.048828
0 0.999647 0.655325 0.048828 0.048828
0 0.454485 0.786492 0.048828 0.048828
0 0.465758 0.762923 0.048828 0.048828
0 0.489327 0.768047 0.048828 0.048828
0 0.508797 0.793665 0.048828 0.048828
0 0.521094 0.835680 0.048828 0.048828
0 0.520069 0.815185 0.048828 0.048828
0 0.527242 0.797764 0.048828 0.048828
0 0.532366 0.782393 0.048828 0.048828
0 0.530316 0.765997 0.048828 0.048828
0 0.554910 0.763948 0.048828 0.048828
0 0.570281 0.759849 0.048828 0.048828
0 0.557984 0.790591 0.048828 0.048828
0 0.565157 0.796739 0.048828 0.048828
0 0.596924 0.777269 0.048828 0.048828
0 0.613320 0.750626 0.048828 0.048828
0 0.630741 0.727057 0.048828 0.048828
0 0.637914 0.774195 0.048828 0.048828
0 0.327418 0.905362 0.048828 0.048828
0 0.669681 0.883842 0.048828 0.048828
0 0.692225 0.870521 0.048828 0.048828
0 0.754734 0.850026 0.048828 0.048828
0 0.712720 0.841828 0.048828 0.048828
0 0.721942 0.822358 0.048828 0.048828
0 0.677879 0.833630 0.048828 0.048828
0 0.645087 0.834655 0.048828 0.048828
0 0.825441 0.745502 0.048828 0.048828
0 0.851060 0.731156 0.048828 0.048828
0 0.873604 0.771121 0.048828 0.048828
0 0.552860 0.846952 0.048828 0.048828
0 0.455510 0.929956 0.048828 0.048828
0 0.348937 0.926881 0.048828 0.048828
0 0.332541 0.928931 0.048828 0.048828
0 0.314096 0.930980 0.048828 0.048828
0 0.313071 0.842853 0.048828 0.048828
0 0.048689 0.416561 0.048828 0.048828
0 0.011798 0.551827 0.048828 0.048828
0 0.004625 0.645078 0.048828 0.048828
0 0.033318 0.786492 0.048828 0.048828
0 0.015897 0.869496 0.048828 0.048828
0 0.029219 0.877694 0.048828 0.048828
0 0.056887 0.880768 0.048828 0.048828
0 0.086604 0.891015 0.048828 0.048828
0 0.134767 0.787517 0.048828 0.048828
0 0.158336 0.787517 0.048828 0.048828
0 0.123495 0.757799 0.048828 0.048828
0 0.197276 0.786492 0.048828 0.048828
0 0.246463 0.780344 0.048828 0.048828
0 0.207523 0.832605 0.048828 0.048828
0 0.235191 0.846952 0.048828 0.048828
0 0.138866 0.862323 0.048828 0.048828
0 0.161410 0.874620 0.048828 0.048828
0 0.178831 0.915609 0.048828 0.048828
0 0.292577 0.857199 0.048828 0.048828
0 0.284379 0.876669 0.048828 0.048828
0 0.291552 0.896139 0.048828 0.048828
0 0.292577 0.946351 0.048828 0.048828
0 0.266958 0.949426 0.048828 0.048828
0 0.301799 0.963772 0.048828 0.048828
0 0.718868 0.920733 0.048828 0.048828
0 0.408372 0.894090 0.048828 0.048828
0 0.179855 0.991440 0.048828 0.048828