0 0.521094 0.035875 0.048828 0.048828
0 0.520069 0.015380 0.048828 0.048828
0 0.327418 0.105557 0.048828 0.048828
0 0.669681 0.084038 0.048828 0.048828
0 0.692225 0.070716 0.048828 0.048828
0 0.754734 0.050221 0.048828 0.048828
0 0.712720 0.042023 0.048828 0.048828
0 0.721942 0.022553 0.048828 0.048828
0 0.677879 0.033825 0.048828 0.048828
0 0.645087 0.034850 0.048828 0.048828
0 0.552860 0.047147 0.048828 0.048828
0 0.455510 0.130151 0.048828 0.048828
0 0.348937 0.127077 0.048828 0.048828
0 0.332541 0.129126 0.048828 0.048828
0 0.314096 0.131176 0.048828 0.048828
0 0.313071 0.043048 0.048828 0.048828
0 0.015897 0.069691 0.048828 0.048828
0 0.029219 0.077889 0.048828 0.048828
0 0.056887 0.080963 0.048828 0.048828
0 0.086604 0.091211 0.048828 0.048828
0 0.207523 0.032801 0.048828 0.048828
0 0.235191 0.047147 0.048828 0.048828
0 0.138866 0.062518 0.048828 0.048828
0 0.161410 0.074815 0.048828 0.048828
0 0.178831 0.115805 0.048828 0.048828
0 0.292577 0.057394 0.048828 0.048828
0 0.284379 0.076864 0.048828 0.048828
0 0.291552 0.096335 0.048828 0.048828
0 0.292577 0.146547 0.048828 0.048828
0 0.266958 0.149621 0.048828 0.048828
0 0.326393 0.201883 0.048828 0.048828
0 0.348937 0.210081 0.048828 0.048828
0 0.301799 0.163967 0.048828 0.048828
0 0.505722 0.307431 0.048828 0.048828
0 0.550811 0.293084 0.048828 0.048828
0 0.552860 0.405806 0.048828 0.048828
0 0.513920 0.399657 0.048828 0.048828
0 0.474980 0.397608 0.048828 0.048828
0 0.471906 0.367890 0.048828 0.048828
0 0.455510 0.363792 0.048828 0.048828
0 0.450387 0.322802 0.048828 0.048828
0 0.430916 0.308456 0.048828 0.048828
0 0.411446 0.294109 0.048828 0.048828
0 0.405298 0.268491 0.048828 0.048828
0 0.373531 0.243897 0.048828 0.048828
0 0.364308 0.225452 0.048828 0.048828
0 0.361234 0.270540 0.048828 0.048828
0 0.049713 0.308456 0.048828 0.048828
0 0.027169 0.299233 0.048828 0.048828
0 0.015897 0.290010 0.048828 0.048828
0 0.002575 0.282837 0.048828 0.048828
0 0.232117 0.995031 0.048828 0.048828
0 0.497525 0.682486 0.048828 0.048828
0 0.516995 0.649694 0.048828 0.048828
0 0.969929 0.635347 0.048828 0.048828
0 0.888975 0.674288 0.048828 0.048828
0 0.842862 0.632273 0.048828 0.048828
0 0.797773 0.668139 0.048828 0.048828
0 0.998622 0.917151 0.048828 0.048828
0 0.968905 0.906903 0.048828 0.048828
0 0.949435 0.895631 0.048828 0.048828
0 0.942261 0.974536 0.048828 0.048828
0 0.784452 0.738846 0.048828 0.048828
0 0.750635 0.731673 0.048828 0.048828
0 0.712720 0.734747 0.048828 0.048828
0 0.735264 0.744995 0.048828 0.048828
0 0.745511 0.779836 0.048828 0.048828
0 0.788551 0.795207 0.048828 0.048828
0 0.768056 0.838246 0.048828 0.048828
0 0.735264 0.824924 0.048828 0.048828
0 0.706571 0.801355 0.048828 0.048828
0 0.670705 0.821850 0.048828 0.048828
0 0.661483 0.806479 0.048828 0.048828
0 0.631765 0.805454 0.048828 0.048828
0 0.611271 0.795207 0.048828 0.048828
0 0.592825 0.743970 0.048828 0.048828
0 0.590776 0.827999 0.048828 0.048828
0 0.899222 0.561566 0.048828 0.048828
0 0.851060 0.568739 0.048828 0.048828
0 0.827491 0.473439 0.048828 0.048828
0 0.718868 0.120928 0.048828 0.048828
0 0.408372 0.094285 0.048828 0.048828
0 0.283354 0.221353 0.048828 0.048828
0 0.179855 0.191635 0.048828 0.048828