0 0.035165 0.416204 0.048828 0.048828
0 0.056880 0.378979 0.048828 0.048828
0 0.097206 0.364503 0.048828 0.048828
0 0.037233 0.346925 0.048828 0.048828
0 0.123057 0.335551 0.048828 0.048828
0 0.150975 0.364503 0.048828 0.048828
0 0.175791 0.360367 0.048828 0.048828
0 0.114784 0.284884 0.048828 0.048828
0 0.108580 0.242490 0.048828 0.048828
0 0.078594 0.262136 0.048828 0.048828
0 0.065152 0.230081 0.048828 0.048828
0 0.080662 0.204231 0.048828 0.048828
0 0.045506 0.187687 0.048828 0.048828
0 0.042404 0.151496 0.048828 0.048828
0 0.011383 0.216639 0.048828 0.048828
0 0.031029 0.260068 0.048828 0.048828
0 0.057914 0.307632 0.048828 0.048828
0 0.018621 0.319007 0.048828 0.048828
0 0.001043 0.283850 0.048828 0.048828
0 0.103410 0.195959 0.048828 0.048828
0 0.134431 0.199061 0.048828 0.048828
0 0.102376 0.161837 0.048828 0.048828
0 0.139601 0.165973 0.048828 0.048828
0 0.189233 0.147360 0.048828 0.048828
0 0.134431 0.123578 0.048828 0.048828
0 0.118921 0.103932 0.048828 0.048828
0 0.092036 0.062571 0.048828 0.048828
0 0.158213 0.002599 0.048828 0.048828
0 0.150975 0.065673 0.048828 0.048828
0 0.171655 0.092558 0.048828 0.048828
0 0.209914 0.135986 0.048828 0.048828
0 0.260580 0.129782 0.048828 0.048828
0 0.225424 0.078082 0.048828 0.048828
0 0.264716 0.070843 0.048828 0.048828
0 0.314349 0.068775 0.048828 0.048828
0 0.208880 0.038789 0.048828 0.048828
0 0.253342 0.036721 0.048828 0.048828
0 0.295737 0.013973 0.048828 0.048828
0 0.338131 0.013973 0.048828 0.048828
0 0.369152 0.053265 0.048828 0.048828
0 0.412580 0.026381 0.048828 0.048828
0 0.452907 0.000531 0.048828 0.048828
0 0.004739 0.587532 0.048828 0.048828
0 0.042143 0.535435 0.048828 0.048828
0 0.104927 0.550129 0.048828 0.048828
0 0.131644 0.477993 0.048828 0.048828
0 0.080882 0.433910 0.048828 0.048828
0 0.122293 0.403186 0.048828 0.048828
0 0.132980 0.640966 0.048828 0.048828
0 0.555229 0.038907 0.048828 0.048828
0 0.721984 0.000924 0.048828 0.048828