0 0.232418 0.692655 0.005755 0.008633
0 0.226578 0.688933 0.005755 0.008633
0 0.233294 0.702510 0.005755 0.008633
0 0.241615 0.700539 0.005755 0.008633
0 0.247455 0.699444 0.005755 0.008633
0 0.244243 0.690904 0.005755 0.008633
0 0.241615 0.708860 0.005755 0.008633
0 0.244827 0.714335 0.005755 0.008633
0 0.248477 0.715868 0.005755 0.008633
0 0.253587 0.702291 0.005755 0.008633
0 0.230374 0.729226 0.005755 0.008633
0 0.231980 0.711926 0.005755 0.008633
0 0.229060 0.702510 0.005755 0.008633
0 0.214461 0.695721 0.005755 0.008633
0 0.208038 0.690904 0.005755 0.008633
0 0.199570 0.676669 0.005755 0.008633
0 0.195482 0.680173 0.005755 0.008633
0 0.183219 0.658055 0.005755 0.008633
0 0.187307 0.662216 0.005755 0.008633
0 0.189059 0.655866 0.005755 0.008633
0 0.194314 0.663749 0.005755 0.008633
0 0.197964 0.670976 0.005755 0.008633
0 0.204680 0.669443 0.005755 0.008633
0 0.213147 0.675355 0.005755 0.008633
0 0.218841 0.680830 0.005755 0.008633
0 0.221761 0.671852 0.005755 0.008633
0 0.218111 0.665720 0.005755 0.008633
0 0.211687 0.658055 0.005755 0.008633
0 0.203220 0.654552 0.005755 0.008633
0 0.226432 0.662873 0.005755 0.008633
0 0.225994 0.653238 0.005755 0.008633
0 0.221469 0.646011 0.005755 0.008633
0 0.230082 0.656742 0.005755 0.008633
0 0.224681 0.682144 0.005755 0.008633
0 0.231542 0.679735 0.005755 0.008633
0 0.237966 0.688495 0.005755 0.008633
0 0.242783 0.681706 0.005755 0.008633
0 0.236798 0.681487 0.005755 0.008633
0 0.267018 0.683458 0.005755 0.008633
0 0.265120 0.676231 0.005755 0.008633
0 0.264682 0.664187 0.005755 0.008633
0 0.253879 0.669881 0.005755 0.008633
0 0.256215 0.659807 0.005755 0.008633
0 0.258550 0.655209 0.005755 0.008633
0 0.261324 0.649734 0.005755 0.008633
0 0.246725 0.665501 0.005755 0.008633
0 0.243513 0.669443 0.005755 0.008633
0 0.237966 0.670100 0.005755 0.008633
0 0.233586 0.664187 0.005755 0.008633
0 0.235922 0.655428 0.005755 0.008633
0 0.240156 0.661121 0.005755 0.008633
0 0.246433 0.658931 0.005755 0.008633
0 0.249937 0.647763 0.005755 0.008633
0 0.250375 0.640537 0.005755 0.008633
0 0.245119 0.642726 0.005755 0.008633
0 0.244973 0.650829 0.005755 0.008633
0 0.240594 0.649296 0.005755 0.008633
0 0.234170 0.647544 0.005755 0.008633
0 0.213731 0.645354 0.005755 0.008633
0 0.275485 0.630244 0.005755 0.008633
0 0.279865 0.624113 0.005755 0.008633
0 0.291836 0.616448 0.005755 0.008633
0 0.294464 0.610316 0.005755 0.008633
0 0.271252 0.606813 0.005755 0.008633
0 0.271106 0.615791 0.005755 0.008633
0 0.236652 0.616448 0.005755 0.008633
0 0.216943 0.633310 0.005755 0.008633
0 0.211395 0.634843 0.005755 0.008633
0 0.205702 0.635938 0.005755 0.008633
0 0.199424 0.637033 0.005755 0.008633
0 0.204826 0.618638 0.005755 0.008633
0 0.202344 0.612725 0.005755 0.008633
0 0.208913 0.612725 0.005755 0.008633
0 0.208767 0.604623 0.005755 0.008633
0 0.203074 0.605499 0.005755 0.008633
0 0.208329 0.590608 0.005755 0.008633
0 0.219279 0.599367 0.005755 0.008633
0 0.223221 0.575059 0.005755 0.008633
0 0.229060 0.576811 0.005755 0.008633
0 0.228038 0.568052 0.005755 0.008633
0 0.238258 0.575278 0.005755 0.008633
0 0.240010 0.582943 0.005755 0.008633
0 0.255631 0.596739 0.005755 0.008633
0 0.260594 0.598272 0.005755 0.008633
0 0.265850 0.598710 0.005755 0.008633
0 0.272128 0.597396 0.005755 0.008633
0 0.268478 0.590608 0.005755 0.008633
0 0.264244 0.586009 0.005755 0.008633
0 0.266434 0.582286 0.005755 0.008633
0 0.274172 0.579439 0.005755 0.008633
0 0.277091 0.585571 0.005755 0.008633
0 0.277091 0.589732 0.005755 0.008633
0 0.280449 0.593673 0.005755 0.008633
0 0.284391 0.588418 0.005755 0.008633
0 0.289355 0.589294 0.005755 0.008633
0 0.288479 0.583600 0.005755 0.008633
0 0.279135 0.573965 0.005755 0.008633
0 0.251981 0.560825 0.005755 0.008633
0 0.247017 0.556665 0.005755 0.008633
0 0.253441 0.552285 0.005755 0.008633
0 0.258988 0.554037 0.005755 0.008633
0 0.264390 0.545496 0.005755 0.008633
0 0.272420 0.544401 0.005755 0.008633
0 0.270376 0.535423 0.005755 0.008633
0 0.265120 0.536299 0.005755 0.008633
0 0.261324 0.536518 0.005755 0.008633
0 0.299866 0.539803 0.005755 0.008633
0 0.302202 0.547905 0.005755 0.008633
0 0.304830 0.562796 0.005755 0.008633
0 0.312713 0.555132 0.005755 0.008633
0 0.311399 0.551847 0.005755 0.008633
0 0.310523 0.538489 0.005755 0.008633
0 0.305268 0.531043 0.005755 0.008633
0 0.320159 0.522722 0.005755 0.008633
0 0.342933 0.511334 0.005755 0.008633
0 0.309647 0.511334 0.005755 0.008633
0 0.313735 0.508487 0.005755 0.008633
0 0.320597 0.505422 0.005755 0.008633
0 0.316509 0.499947 0.005755 0.008633
0 0.320597 0.496005 0.005755 0.008633
0 0.325414 0.494034 0.005755 0.008633
0 0.328918 0.485275 0.005755 0.008633
0 0.331546 0.491407 0.005755 0.008633
0 0.338262 0.491625 0.005755 0.008633
0 0.335634 0.485713 0.005755 0.008633
0 0.336948 0.483085 0.005755 0.008633
0 0.310523 0.601557 0.005755 0.008633
0 0.315341 0.603309 0.005755 0.008633
0 0.321035 0.597615 0.005755 0.008633
0 0.324976 0.593235 0.005755 0.008633
0 0.320597 0.590389 0.005755 0.008633
0 0.322349 0.585790 0.005755 0.008633
0 0.328918 0.581629 0.005755 0.008633
0 0.329210 0.572870 0.005755 0.008633
0 0.333882 0.571994 0.005755 0.008633
0 0.331546 0.586009 0.005755 0.008633
0 0.342641 0.564986 0.005755 0.008633
0 0.345415 0.568271 0.005755 0.008633
0 0.349065 0.567395 0.005755 0.008633
0 0.349357 0.559511 0.005755 0.008633
0 0.357095 0.560825 0.005755 0.008633
0 0.358846 0.555789 0.005755 0.008633
0 0.365270 0.554913 0.005755 0.008633
0 0.370964 0.549219 0.005755 0.008633
0 0.396950 0.525349 0.005755 0.008633
0 0.421915 0.452865 0.005755 0.008633
0 0.416659 0.444105 0.005755 0.008633
0 0.413009 0.434032 0.005755 0.008633
0 0.495056 0.322568 0.005755 0.008633
0 0.544547 0.268478 0.005755 0.008633
0 0.538708 0.254682 0.005755 0.008633
0 0.614530 0.116577 0.005755 0.008633
0 0.620918 0.110544 0.005755 0.008633
0 0.625768 0.102737 0.005755 0.008633
0 0.629199 0.094220 0.005755 0.008633
0 0.626596 0.085703 0.005755 0.008633
0 0.630855 0.085526 0.005755 0.008633
0 0.638071 0.093155 0.005755 0.008633