0 0.881874 0.990186 0.048828 0.048828
0 0.914641 0.954992 0.048828 0.048828
0 0.948621 0.940429 0.048828 0.048828
0 0.982602 0.985332 0.048828 0.048828
0 0.963184 0.882177 0.048828 0.048828
0 0.500807 0.967128 0.048828 0.048828
0 0.531147 0.945284 0.048828 0.048828
0 0.543283 0.796012 0.048828 0.048828
0 0.833330 0.976837 0.048828 0.048828
0 0.827263 0.921012 0.048828 0.048828
0 0.852748 0.878536 0.048828 0.048828
0 0.892796 0.832420 0.048828 0.048828
0 0.892796 0.810575 0.048828 0.048828
0 0.771438 0.897954 0.048828 0.048828
0 0.792068 0.866400 0.048828 0.048828
0 0.832117 0.834847 0.048828 0.048828
0 0.856389 0.796012 0.048828 0.048828
0 0.806632 0.817857 0.048828 0.048828
0 0.794496 0.762032 0.048828 0.048828
0 0.828476 0.730479 0.048828 0.048828
0 0.852748 0.753537 0.048828 0.048828
0 0.869738 0.689217 0.048828 0.048828
0 0.353963 0.666159 0.048828 0.048828
0 0.429206 0.652809 0.048828 0.048828
0 0.654933 0.718343 0.048828 0.048828
0 0.697409 0.728051 0.048828 0.048828
0 0.676778 0.698925 0.048828 0.048828
0 0.713185 0.675867 0.048828 0.048828
0 0.743525 0.661304 0.048828 0.048828
0 0.728962 0.627324 0.048828 0.048828
0 0.759302 0.611547 0.048828 0.048828
0 0.773865 0.570285 0.048828 0.048828
0 0.800564 0.541159 0.048828 0.048828
0 0.844253 0.531450 0.048828 0.048828
0 0.861243 0.499897 0.048828 0.048828
0 0.908573 0.439218 0.048828 0.048828
0 0.889155 0.421014 0.048828 0.048828
0 0.824835 0.404024 0.048828 0.048828
0 0.794496 0.397956 0.048828 0.048828
0 0.828476 0.355480 0.048828 0.048828
0 0.813913 0.304509 0.048828 0.048828
0 0.771438 0.310577 0.048828 0.048828
0 0.750807 0.390674 0.048828 0.048828
0 0.764156 0.441645 0.048828 0.048828
0 0.834544 0.459849 0.048828 0.048828
0 0.811486 0.498683 0.048828 0.048828
0 0.741098 0.469557 0.048828 0.048828
0 0.705904 0.492615 0.048828 0.048828
0 0.755661 0.532664 0.048828 0.048828
0 0.710758 0.543586 0.048828 0.048828
0 0.661001 0.559363 0.048828 0.048828
0 0.658574 0.522955 0.048828 0.048828
0 0.633089 0.584848 0.048828 0.048828
0 0.623380 0.552081 0.048828 0.048828
0 0.556633 0.563004 0.048828 0.048828
0 0.487458 0.552081 0.048828 0.048828
0 0.526293 0.510819 0.048828 0.048828
0 0.574836 0.491402 0.048828 0.048828
0 0.603962 0.519314 0.048828 0.048828
0 0.646438 0.496256 0.048828 0.048828
0 0.653720 0.468344 0.048828 0.048828
0 0.688914 0.428295 0.048828 0.048828
0 0.668283 0.413732 0.048828 0.048828
0 0.699836 0.360334 0.048828 0.048828
0 0.726535 0.326354 0.048828 0.048828
0 0.707117 0.304509 0.048828 0.048828
0 0.720467 0.259607 0.048828 0.048828
0 0.539642 0.475625 0.048828 0.048828
0 0.466827 0.470771 0.048828 0.048828
0 0.495953 0.451354 0.048828 0.048828
0 0.443769 0.447713 0.048828 0.048828
0 0.497167 0.414946 0.048828 0.048828
0 0.528720 0.362762 0.048828 0.048828
0 0.503235 0.368830 0.048828 0.048828
0 0.461973 0.384606 0.048828 0.048828
0 0.417070 0.395528 0.048828 0.048828
0 0.509303 0.292374 0.048828 0.048828
0 0.563914 0.321500 0.048828 0.048828
0 0.600322 0.321500 0.048828 0.048828
0 0.579691 0.394315 0.048828 0.048828
0 0.601535 0.440431 0.048828 0.048828
0 0.617312 0.390674 0.048828 0.048828
0 0.662215 0.351839 0.048828 0.048828
0 0.654933 0.274170 0.048828 0.048828
0 0.617312 0.280238 0.048828 0.048828
0 0.640370 0.331208 0.048828 0.048828
0 0.705904 0.215918 0.048828 0.048828