0 0.848493 0.416561 0.048828 0.048828
0 0.648669 0.391967 0.048828 0.048828
0 0.636372 0.470872 0.048828 0.048828
0 0.604605 0.544654 0.048828 0.048828
0 0.725525 0.504689 0.048828 0.048828
0 0.753193 0.512887 0.048828 0.048828
0 0.770613 0.529282 0.048828 0.048828
0 0.792133 0.548753 0.048828 0.048828
0 0.811603 0.551827 0.048828 0.048828
0 0.792133 0.567198 0.048828 0.048828
0 0.757291 0.572322 0.048828 0.048828
0 0.714252 0.536456 0.048828 0.048828
0 0.675312 0.539530 0.048828 0.048828
0 0.719376 0.574371 0.048828 0.048828
0 0.709129 0.591792 0.048828 0.048828
0 0.763440 0.603064 0.048828 0.048828
0 0.804430 0.645078 0.048828 0.048828
0 0.833122 0.786492 0.048828 0.048828
0 0.796232 0.813135 0.048828 0.048828
0 0.764465 0.821333 0.048828 0.048828
0 0.731673 0.825432 0.048828 0.048828
0 0.673263 0.803913 0.048828 0.048828
0 0.648669 0.820308 0.048828 0.048828
0 0.647644 0.891015 0.048828 0.048828
0 0.726549 0.881793 0.048828 0.048828
0 0.754217 0.878719 0.048828 0.048828
0 0.791108 0.874620 0.048828 0.048828
0 0.815702 0.869496 0.048828 0.048828
0 0.829023 0.877694 0.048828 0.048828
0 0.856691 0.880768 0.048828 0.048828
0 0.886409 0.891015 0.048828 0.048828
0 0.934571 0.787517 0.048828 0.048828
0 0.958140 0.787517 0.048828 0.048828
0 0.923299 0.757799 0.048828 0.048828
0 0.997081 0.786492 0.048828 0.048828
0 0.938670 0.862323 0.048828 0.048828
0 0.961215 0.874620 0.048828 0.048828
0 0.978635 0.915609 0.048828 0.048828
0 0.790083 0.922782 0.048828 0.048828
0 0.292851 0.968440 0.048828 0.048828
0 0.253577 0.976661 0.048828 0.048828
0 0.223437 0.979401 0.048828 0.048828
0 0.190556 0.985794 0.048828 0.048828
0 0.163156 0.980314 0.048828 0.048828
0 0.147629 0.977574 0.048828 0.048828
0 0.128448 0.979401 0.048828 0.048828
0 0.104701 0.978487 0.048828 0.048828
0 0.080041 0.975747 0.048828 0.048828
0 0.090088 0.488018 0.048828 0.048828
0 0.116575 0.427737 0.048828 0.048828
0 0.131188 0.405817 0.048828 0.048828
0 0.164982 0.412210 0.048828 0.048828
0 0.246270 0.445091 0.048828 0.048828
0 0.276411 0.407644 0.048828 0.048828
0 0.331212 0.463358 0.048828 0.048828
0 0.278238 0.603101 0.048828 0.048828
0 0.272758 0.618627 0.048828 0.048828
0 0.530322 0.708136 0.048828 0.048828
0 0.579643 0.671602 0.048828 0.048828
0 0.542196 0.632328 0.048828 0.048828
0 0.616177 0.698089 0.048828 0.048828
0 0.017933 0.298042 0.048828 0.048828
0 0.361353 0.111718 0.048828 0.048828
0 0.347652 0.108065 0.048828 0.048828
0 0.979660 0.991440 0.048828 0.048828
0 0.710153 0.910486 0.048828 0.048828