0 0.688941 0.959765 0.048828 0.048828
0 0.647252 0.996821 0.048828 0.048828
0 0.626871 0.974587 0.048828 0.048828
0 0.633356 0.908812 0.048828 0.048828
0 0.594446 0.938457 0.048828 0.048828
0 0.551831 0.963470 0.048828 0.048828
0 0.458263 0.994042 0.048828 0.048828
0 0.400826 0.970882 0.048828 0.048828
0 0.317449 0.957912 0.048828 0.048828
0 0.252600 0.997748 0.048828 0.048828
0 0.228513 0.940310 0.048828 0.048828
0 0.260937 0.948648 0.048828 0.048828
0 0.283171 0.907886 0.048828 0.048828
0 0.327639 0.924561 0.048828 0.048828
0 0.396194 0.897695 0.048828 0.048828
0 0.445294 0.865271 0.048828 0.048828
0 0.515701 0.861565 0.048828 0.048828
0 0.554611 0.856006 0.048828 0.048828
0 0.554611 0.899548 0.048828 0.048828
0 0.500879 0.909738 0.048828 0.048828
0 0.511995 0.947721 0.048828 0.048828
0 0.465675 0.937531 0.048828 0.048828
0 0.129387 0.979220 0.048828 0.048828
0 0.186824 0.969029 0.048828 0.048828
0 0.167370 0.931046 0.048828 0.048828
0 0.107153 0.938457 0.048828 0.048828
0 0.079360 0.950501 0.048828 0.048828
0 0.026555 0.964397 0.048828 0.048828
0 0.013585 0.885652 0.048828 0.048828
0 0.044156 0.936604 0.048828 0.048828
0 0.054347 0.914371 0.048828 0.048828
0 0.077507 0.872682 0.048828 0.048828
0 0.099741 0.884725 0.048828 0.048828
0 0.127534 0.898622 0.048828 0.048828
0 0.167370 0.891210 0.048828 0.048828
0 0.210911 0.908812 0.048828 0.048828
0 0.226660 0.875461 0.048828 0.048828
0 0.218322 0.827288 0.048828 0.048828
0 0.164590 0.838405 0.048828 0.048828
0 0.121975 0.818950 0.048828 0.048828
0 0.083066 0.834699 0.048828 0.048828
0 0.059905 0.793010 0.048828 0.048828
0 0.007100 0.815244 0.048828 0.048828
0 0.002468 0.780967 0.048828 0.048828
0 0.034892 0.745763 0.048828 0.048828
0 0.310964 0.874535 0.048828 0.048828
0 0.275760 0.846742 0.048828 0.048828
0 0.305405 0.837478 0.048828 0.048828
0 0.337830 0.844890 0.048828 0.048828
0 0.329492 0.798569 0.048828 0.048828
0 0.360990 0.818950 0.048828 0.048828
0 0.393415 0.837478 0.048828 0.048828
0 0.388782 0.783746 0.048828 0.048828
0 0.339682 0.751322 0.048828 0.048828
0 0.284098 0.729088 0.048828 0.048828
0 0.389709 0.712412 0.048828 0.048828
0 0.329492 0.701295 0.048828 0.048828
0 0.260937 0.778188 0.048828 0.048828
0 0.213690 0.772629 0.048828 0.048828
0 0.164590 0.792084 0.048828 0.048828
0 0.127534 0.748542 0.048828 0.048828
0 0.155326 0.721676 0.048828 0.048828
0 0.224807 0.699443 0.048828 0.048828
0 0.124754 0.696663 0.048828 0.048828
0 0.068243 0.692031 0.048828 0.048828
0 0.022849 0.708707 0.048828 0.048828
0 0.427553 0.787398 0.048828 0.048828
0 0.466331 0.685069 0.048828 0.048828
0 0.516957 0.687223 0.048828 0.048828
0 0.528806 0.639829 0.048828 0.048828
0 0.499723 0.629057 0.048828 0.048828
0 0.529883 0.724924 0.048828 0.048828
0 0.468485 0.748621 0.048828 0.048828
0 0.570815 0.798170 0.048828 0.048828
0 0.585895 0.755084 0.048828 0.048828
0 0.621441 0.762624 0.048828 0.048828
0 0.596666 0.704458 0.048828 0.048828
0 0.572969 0.677529 0.048828 0.048828
0 0.604206 0.673220 0.048828 0.048828
0 0.653755 0.623671 0.048828 0.048828
0 0.662373 0.598897 0.048828 0.048828
0 0.711922 0.589202 0.048828 0.048828
0 0.746391 0.613977 0.048828 0.048828
0 0.765779 0.569814 0.048828 0.048828
0 0.806711 0.559042 0.048828 0.048828
0 0.834717 0.499799 0.048828 0.048828
0 0.890729 0.487950 0.048828 0.048828
0 0.934892 0.480410 0.048828 0.048828
0 0.976901 0.470716 0.048828 0.048828
0 0.943509 0.435170 0.048828 0.048828
0 0.965053 0.411472 0.048828 0.048828
0 0.985518 0.391006 0.048828 0.048828
0 0.966130 0.373772 0.048828 0.048828
0 0.924121 0.409318 0.048828 0.048828
0 0.889652 0.436247 0.048828 0.048828
0 0.858414 0.411472 0.048828 0.048828
0 0.905809 0.353306 0.048828 0.048828
0 0.821791 0.462098 0.048828 0.048828
0 0.790554 0.475024 0.048828 0.048828
0 0.743159 0.480410 0.048828 0.048828
0 0.717307 0.524573 0.048828 0.048828
0 0.669913 0.495490 0.048828 0.048828
0 0.632212 0.536422 0.048828 0.048828
0 0.616055 0.579508 0.048828 0.048828
0 0.576200 0.568736 0.048828 0.048828
0 0.566506 0.603205 0.048828 0.048828