0 0.424467 0.981288 0.048828 0.048828
0 0.473066 0.983356 0.048828 0.048828
0 0.530970 0.975083 0.048828 0.048828
0 0.378970 0.946131 0.048828 0.048828
0 0.423433 0.927519 0.048828 0.048828
0 0.452385 0.934757 0.048828 0.048828
0 0.483406 0.893396 0.048828 0.048828
0 0.556821 0.912009 0.048828 0.048828
0 0.595079 0.886158 0.048828 0.048828
0 0.618861 0.867546 0.048828 0.048828
0 0.665392 0.875818 0.048828 0.048828
0 0.697446 0.907873 0.048828 0.048828
0 0.184576 0.991628 0.048828 0.048828
0 0.175270 0.908907 0.048828 0.048828
0 0.263161 0.967845 0.048828 0.048828
0 0.245583 0.931655 0.048828 0.048828
0 0.251787 0.896498 0.048828 0.048828
0 0.216630 0.831356 0.048828 0.048828
0 0.211460 0.862376 0.048828 0.048828
0 0.182508 0.805505 0.048828 0.048828
0 0.262127 0.848934 0.048828 0.048828
0 0.302453 0.882022 0.048828 0.048828
0 0.331406 0.918213 0.048828 0.048828
0 0.357256 0.879954 0.048828 0.048828
0 0.387242 0.875818 0.048828 0.048828
0 0.367596 0.841696 0.048828 0.048828
0 0.358290 0.798267 0.048828 0.048828
0 0.393447 0.822050 0.048828 0.048828
0 0.437909 0.884090 0.048828 0.048828
0 0.463759 0.838594 0.048828 0.048828
0 0.507188 0.867546 0.048828 0.048828
0 0.548549 0.858240 0.048828 0.048828
0 0.585773 0.826186 0.048828 0.048828
0 0.626099 0.810675 0.048828 0.048828
0 0.598181 0.776553 0.048828 0.048828
0 0.557855 0.791029 0.048828 0.048828
0 0.526834 0.812743 0.048828 0.048828
0 0.469964 0.786893 0.048828 0.048828
0 0.420331 0.787927 0.048828 0.048828
0 0.435841 0.740362 0.048828 0.048828
0 0.458589 0.722784 0.048828 0.048828
0 0.494780 0.737260 0.048828 0.048828
0 0.547514 0.758975 0.048828 0.048828
0 0.604385 0.740362 0.048828 0.048828
0 0.572331 0.715546 0.048828 0.048828
0 0.633338 0.747601 0.048828 0.048828
0 0.669528 0.766213 0.048828 0.048828
0 0.705719 0.744499 0.048828 0.048828
0 0.679868 0.700036 0.048828 0.048828
0 0.756385 0.715546 0.048828 0.048828
0 0.776031 0.758975 0.048828 0.048828
0 0.794644 0.785859 0.048828 0.048828
0 0.842208 0.791029 0.048828 0.048828
0 0.825664 0.746567 0.048828 0.048828
0 0.862889 0.743464 0.048828 0.048828
0 0.236277 0.780689 0.048828 0.048828
0 0.196984 0.722784 0.048828 0.048828
0 0.217664 0.739328 0.048828 0.048828
0 0.255923 0.744499 0.048828 0.048828
0 0.275569 0.797233 0.048828 0.048828
0 0.341746 0.782757 0.048828 0.048828
0 0.384140 0.714512 0.048828 0.048828
0 0.377936 0.658675 0.048828 0.048828
0 0.353120 0.731056 0.048828 0.048828
0 0.299351 0.619383 0.048828 0.048828
0 0.375868 0.608009 0.048828 0.048828
0 0.435841 0.601805 0.048828 0.048828
0 0.422399 0.648335 0.048828 0.048828
0 0.461691 0.679356 0.048828 0.048828
0 0.476168 0.619383 0.048828 0.048828
0 0.473066 0.576988 0.048828 0.048828
0 0.516494 0.575954 0.048828 0.048828
0 0.557855 0.561478 0.048828 0.048828
0 0.526834 0.618349 0.048828 0.048828
0 0.563025 0.619383 0.048828 0.048828
0 0.523732 0.651437 0.048828 0.048828
0 0.503052 0.709342 0.048828 0.048828
0 0.566127 0.667982 0.048828 0.048828
0 0.613691 0.674186 0.048828 0.048828
0 0.662290 0.660743 0.048828 0.048828
0 0.630236 0.606975 0.048828 0.048828
0 0.645746 0.557342 0.048828 0.048828
0 0.675732 0.598703 0.048828 0.048828
0 0.715025 0.616281 0.048828 0.048828
0 0.735705 0.645233 0.048828 0.048828
0 0.755351 0.670050 0.048828 0.048828
0 0.807052 0.696934 0.048828 0.048828
0 0.802916 0.654539 0.048828 0.048828
0 0.843242 0.659709 0.048828 0.048828
0 0.891841 0.670050 0.048828 0.048828
0 0.892875 0.603873 0.048828 0.048828
0 0.858752 0.608009 0.048828 0.048828
0 0.812222 0.610077 0.048828 0.048828
0 0.759487 0.595601 0.048828 0.048828
0 0.741909 0.537696 0.048828 0.048828
0 0.694344 0.513914 0.048828 0.048828
0 0.656086 0.521152 0.048828 0.048828
0 0.730535 0.488063 0.048828 0.048828
0 0.773963 0.484961 0.048828 0.048828
0 0.481338 0.524254 0.048828 0.048828
0 0.513392 0.488063 0.048828 0.048828
0 0.568195 0.492199 0.048828 0.048828
0 0.605419 0.479791 0.048828 0.048828
0 0.587841 0.442567 0.048828 0.048828
0 0.551651 0.417750 0.048828 0.048828
0 0.498916 0.419818 0.048828 0.048828
0 0.462725 0.418784 0.048828 0.048828
0 0.461691 0.478757 0.048828 0.048828
0 0.426535 0.496335 0.048828 0.048828
0 0.403787 0.493233 0.048828 0.048828
0 0.385174 0.490131 0.048828 0.048828
0 0.413093 0.449805 0.048828 0.048828
0 0.402753 0.412580 0.048828 0.048828
0 0.409991 0.372254 0.048828 0.048828
0 0.437909 0.359846 0.048828 0.048828
0 0.484440 0.357778 0.048828 0.048828
0 0.508222 0.357778 0.048828 0.048828
0 0.383106 0.332961 0.048828 0.048828
0 0.397583 0.320553 0.048828 0.048828
0 0.484440 0.300907 0.048828 0.048828
0 0.505120 0.313315 0.048828 0.048828
0 0.553719 0.318485 0.048828 0.048828
0 0.588875 0.338131 0.048828 0.048828
0 0.605419 0.392934 0.048828 0.048828
0 0.624031 0.371220 0.048828 0.048828
0 0.660222 0.385696 0.048828 0.048828
0 0.716059 0.398104 0.048828 0.048828
0 0.699514 0.442567 0.048828 0.048828
0 0.675732 0.463247 0.048828 0.048828
0 0.758453 0.436363 0.048828 0.048828
0 0.781201 0.450839 0.048828 0.048828
0 0.757419 0.389832 0.048828 0.048828
0 0.792576 0.395002 0.048828 0.048828
0 0.821528 0.417750 0.048828 0.048828
0 0.851514 0.427056 0.048828 0.048828
0 0.815324 0.488063 0.048828 0.048828
0 0.743977 0.858240 0.048828 0.048828
0 0.794644 0.527356 0.048828 0.048828
0 0.830834 0.534594 0.048828 0.048828
0 0.846344 0.506675 0.048828 0.048828
0 0.871161 0.519084 0.048828 0.048828
0 0.900113 0.555274 0.048828 0.048828
0 0.861854 0.568716 0.048828 0.048828
0 0.804984 0.560444 0.048828 0.048828
0 0.954916 0.552172 0.048828 0.048828
0 0.923895 0.523220 0.048828 0.048828
0 0.950780 0.512880 0.048828 0.048828
0 0.995242 0.478757 0.048828 0.048828
0 0.895977 0.475655 0.048828 0.048828
0 0.952848 0.463247 0.048828 0.048828
0 0.925963 0.428090 0.048828 0.048828
0 0.979732 0.404308 0.048828 0.048828
0 0.982834 0.366050 0.048828 0.048828
0 0.950780 0.344335 0.048828 0.048828
0 0.918725 0.375356 0.048828 0.048828
0 0.882535 0.395002 0.048828 0.048828
0 0.839106 0.371220 0.048828 0.048828
0 0.867025 0.349505 0.048828 0.048828
0 0.618861 0.275057 0.048828 0.048828
0 0.631270 0.311247 0.048828 0.048828
0 0.674698 0.327791 0.048828 0.048828
0 0.723297 0.353642 0.048828 0.048828
0 0.761555 0.351574 0.048828 0.048828
0 0.803950 0.317451 0.048828 0.048828
0 0.804984 0.267818 0.048828 0.048828
0 0.834970 0.290567 0.048828 0.048828
0 0.734671 0.295737 0.048828 0.048828
0 0.698480 0.283329 0.048828 0.048828
0 0.661256 0.240934 0.048828 0.048828
0 0.691242 0.216118 0.048828 0.048828
0 0.743977 0.210948 0.048828 0.048828
0 0.764657 0.248172 0.048828 0.048828
0 0.502018 0.243002 0.048828 0.048828
0 0.877365 0.292635 0.048828 0.048828
0 0.944576 0.299873 0.048828 0.048828
0 0.984902 0.306077 0.048828 0.048828
0 0.993174 0.262648 0.048828 0.048828
0 0.966290 0.266784 0.048828 0.048828
0 0.932167 0.239900 0.048828 0.048828
0 0.814290 0.218186 0.048828 0.048828
0 0.853582 0.211982 0.048828 0.048828
0 0.845310 0.987492 0.048828 0.048828
0 0.842208 0.951301 0.048828 0.048828
0 0.786372 0.904771 0.048828 0.048828
0 0.773963 0.962675 0.048828 0.048828
0 0.738807 0.981288 0.048828 0.048828
0 0.903215 0.995764 0.048828 0.048828
0 0.934235 0.998866 0.048828 0.048828
0 0.902181 0.961641 0.048828 0.048828
0 0.939405 0.965777 0.048828 0.048828
0 0.989038 0.947165 0.048828 0.048828
0 0.934235 0.923383 0.048828 0.048828
0 0.918725 0.903737 0.048828 0.048828
0 0.891841 0.862376 0.048828 0.048828
0 0.940440 0.707274 0.048828 0.048828
0 0.958018 0.802403 0.048828 0.048828
0 0.950780 0.865478 0.048828 0.048828
0 0.971460 0.892362 0.048828 0.048828
0 0.988004 0.591465 0.048828 0.048828
0 0.502473 0.189541 0.048828 0.048828
0 0.508936 0.114140 0.048828 0.048828
0 0.538019 0.049511 0.048828 0.048828
0 0.561716 0.047357 0.048828 0.048828
0 0.556330 0.017196 0.048828 0.048828
0 0.513244 0.015042 0.048828 0.048828
0 0.563870 0.109832 0.048828 0.048828
0 0.644657 0.155072 0.048828 0.048828
0 0.625268 0.200312 0.048828 0.048828
0 0.631731 0.072131 0.048828 0.048828
0 0.665123 0.093674 0.048828 0.048828
0 0.698514 0.134606 0.048828 0.048828
0 0.730829 0.155072 0.048828 0.048828
0 0.762066 0.128143 0.048828 0.048828
0 0.779301 0.180924 0.048828 0.048828
0 0.821310 0.161535 0.048828 0.048828
0 0.798690 0.122757 0.048828 0.048828
0 0.845007 0.120603 0.048828 0.048828
0 0.802998 0.069977 0.048828 0.048828
0 0.849316 0.065668 0.048828 0.048828
0 0.824541 0.019351 0.048828 0.048828
0 0.781455 0.011811 0.048828 0.048828
0 0.755603 0.050588 0.048828 0.048828
0 0.948414 0.194927 0.048828 0.048828
0 0.989345 0.207852 0.048828 0.048828
0 0.977497 0.143223 0.048828 0.048828
0 0.937642 0.138915 0.048828 0.048828
0 0.890247 0.091520 0.048828 0.048828
0 0.931179 0.092597 0.048828 0.048828
0 0.964571 0.104446 0.048828 0.048828
0 0.973188 0.039817 0.048828 0.048828
0 0.923639 0.027968 0.048828 0.048828
0 0.878399 0.031199 0.048828 0.048828
0 0.598339 0.118449 0.048828 0.048828