0 0.069984 0.707370 0.048828 0.048828
0 0.107605 0.678244 0.048828 0.048828
0 0.150081 0.626060 0.048828 0.048828
0 0.139158 0.703729 0.048828 0.048828
0 0.903719 0.937952 0.048828 0.048828
0 0.903719 0.905185 0.048828 0.048828
0 0.955903 0.917321 0.048828 0.048828
0 0.949835 0.873631 0.048828 0.048828
0 0.993524 0.886981 0.048828 0.048828
0 0.972893 0.838437 0.048828 0.048828
0 0.932845 0.816593 0.048828 0.048828
0 0.927990 0.768049 0.048828 0.048828
0 0.957116 0.746205 0.048828 0.048828
0 0.993524 0.753486 0.048828 0.048828
0 0.875806 0.742564 0.048828 0.048828
0 0.908573 0.695234 0.048828 0.048828
0 0.853961 0.650331 0.048828 0.048828
0 0.957116 0.680671 0.048828 0.048828
0 0.999592 0.652759 0.048828 0.048828
0 0.964398 0.632128 0.048828 0.048828
0 0.998378 0.538681 0.048828 0.048828
0 0.971679 0.583584 0.048828 0.048828
0 0.932845 0.611497 0.048828 0.048828
0 0.896437 0.616351 0.048828 0.048828
0 0.906146 0.566594 0.048828 0.048828
0 0.879447 0.525332 0.048828 0.048828
0 0.858816 0.556885 0.048828 0.048828
0 0.829690 0.569021 0.048828 0.048828
0 0.904932 0.486497 0.048828 0.048828
0 0.927990 0.450089 0.048828 0.048828
0 0.961971 0.406400 0.048828 0.048828
0 0.961971 0.376061 0.048828 0.048828
0 0.877020 0.401546 0.048828 0.048828
0 0.995951 0.309313 0.048828 0.048828
0 0.964398 0.342080 0.048828 0.048828
0 0.862457 0.295964 0.048828 0.048828
0 0.885515 0.252275 0.048828 0.048828
0 0.896437 0.220721 0.048828 0.048828
0 0.881874 0.190382 0.048828 0.048828
0 0.914641 0.155188 0.048828 0.048828
0 0.948621 0.140625 0.048828 0.048828
0 0.982602 0.185527 0.048828 0.048828
0 0.963184 0.082372 0.048828 0.048828
0 0.412216 0.317808 0.048828 0.048828
0 0.417070 0.257129 0.048828 0.048828
0 0.478963 0.258343 0.048828 0.048828
0 0.525079 0.230430 0.048828 0.048828
0 0.500807 0.167324 0.048828 0.048828
0 0.531147 0.145479 0.048828 0.048828
0 0.833330 0.177032 0.048828 0.048828
0 0.827263 0.121207 0.048828 0.048828
0 0.852748 0.078732 0.048828 0.048828
0 0.892796 0.032615 0.048828 0.048828
0 0.892796 0.010771 0.048828 0.048828
0 0.771438 0.098149 0.048828 0.048828
0 0.792068 0.066596 0.048828 0.048828
0 0.832117 0.035042 0.048828 0.048828
0 0.806632 0.018052 0.048828 0.048828