0 0.087121 0.036909 0.048828 0.048828
0 0.068676 0.036909 0.048828 0.048828
0 0.044082 0.047156 0.048828 0.048828
0 0.056379 0.009241 0.048828 0.048828
0 0.086096 0.000018 0.048828 0.048828
0 0.245955 0.127086 0.048828 0.048828
0 0.006166 0.526734 0.048828 0.048828
0 0.096344 0.553377 0.048828 0.048828
0 0.908962 0.043057 0.048828 0.048828
0 0.795216 0.050230 0.048828 0.048828
0 0.729633 0.039983 0.048828 0.048828
0 0.790092 0.175248 0.048828 0.048828
0 0.695816 0.112739 0.048828 0.048828
0 0.755251 0.143482 0.048828 0.048828
0 0.825958 0.179347 0.048828 0.048828
0 0.850552 0.175248 0.048828 0.048828
0 0.900764 0.203941 0.048828 0.048828
0 0.927407 0.203941 0.048828 0.048828
0 0.965323 0.298217 0.048828 0.048828
0 0.977619 0.261327 0.048828 0.048828
0 0.607689 0.187545 0.048828 0.048828