0 0.167936 0.941210 0.048828 0.048828
0 0.260835 0.990756 0.048828 0.048828
0 0.294278 0.853266 0.048828 0.048828
0 0.343824 0.863175 0.048828 0.048828
0 0.335153 0.813629 0.048828 0.048828
0 0.421858 0.854505 0.048828 0.048828
0 0.436722 0.897857 0.048828 0.048828
0 0.569257 0.975892 0.048828 0.048828
0 0.611371 0.984562 0.048828 0.048828
0 0.655962 0.987040 0.048828 0.048828
0 0.709224 0.979608 0.048828 0.048828
0 0.678258 0.941210 0.048828 0.048828
0 0.642337 0.915198 0.048828 0.048828
0 0.660917 0.894141 0.048828 0.048828
0 0.726565 0.878039 0.048828 0.048828
0 0.751338 0.912721 0.048828 0.048828
0 0.751338 0.936255 0.048828 0.048828
0 0.779827 0.958551 0.048828 0.048828
0 0.813270 0.928823 0.048828 0.048828
0 0.855384 0.933778 0.048828 0.048828
0 0.847952 0.901573 0.048828 0.048828
0 0.768679 0.847073 0.048828 0.048828
0 0.538291 0.772754 0.048828 0.048828
0 0.496177 0.749220 0.048828 0.048828
0 0.550677 0.724447 0.048828 0.048828
0 0.597746 0.734356 0.048828 0.048828
0 0.643576 0.686049 0.048828 0.048828
0 0.711701 0.679856 0.048828 0.048828
0 0.694360 0.629071 0.048828 0.048828
0 0.649769 0.634026 0.048828 0.048828
0 0.617564 0.635265 0.048828 0.048828
0 0.944566 0.653844 0.048828 0.048828
0 0.964385 0.699674 0.048828 0.048828
0 0.986680 0.783902 0.048828 0.048828
0 0.990396 0.604299 0.048828 0.048828