0 0.006906 0.559042 0.048828 0.048828
0 0.034912 0.499799 0.048828 0.048828
0 0.090924 0.487950 0.048828 0.048828
0 0.135088 0.480410 0.048828 0.048828
0 0.177097 0.470716 0.048828 0.048828
0 0.143705 0.435170 0.048828 0.048828
0 0.165248 0.411472 0.048828 0.048828
0 0.185714 0.391006 0.048828 0.048828
0 0.166325 0.373772 0.048828 0.048828
0 0.124316 0.409318 0.048828 0.048828
0 0.089847 0.436247 0.048828 0.048828
0 0.058610 0.411472 0.048828 0.048828
0 0.106004 0.353306 0.048828 0.048828
0 0.021987 0.462098 0.048828 0.048828
0 0.365598 0.291908 0.048828 0.048828
0 0.666124 0.587048 0.048828 0.048828