0 0.502473 0.989345 0.048828 0.048828
0 0.508936 0.913945 0.048828 0.048828
0 0.538019 0.849316 0.048828 0.048828
0 0.561716 0.847161 0.048828 0.048828
0 0.556330 0.817001 0.048828 0.048828
0 0.513244 0.814847 0.048828 0.048828
0 0.563870 0.909636 0.048828 0.048828
0 0.644657 0.954877 0.048828 0.048828
0 0.631731 0.871936 0.048828 0.048828
0 0.665123 0.893479 0.048828 0.048828
0 0.698514 0.934411 0.048828 0.048828
0 0.730829 0.954877 0.048828 0.048828
0 0.762066 0.927948 0.048828 0.048828
0 0.779301 0.980728 0.048828 0.048828
0 0.821310 0.961340 0.048828 0.048828
0 0.798690 0.922562 0.048828 0.048828
0 0.845007 0.920408 0.048828 0.048828
0 0.802998 0.869782 0.048828 0.048828
0 0.849316 0.865473 0.048828 0.048828
0 0.824541 0.819155 0.048828 0.048828
0 0.781455 0.811615 0.048828 0.048828
0 0.757758 0.777146 0.048828 0.048828
0 0.755603 0.850393 0.048828 0.048828
0 0.712517 0.716826 0.048828 0.048828
0 0.735138 0.718980 0.048828 0.048828
0 0.948414 0.994731 0.048828 0.048828
0 0.977497 0.943028 0.048828 0.048828
0 0.937642 0.938719 0.048828 0.048828
0 0.890247 0.891325 0.048828 0.048828
0 0.931179 0.892402 0.048828 0.048828
0 0.964571 0.904250 0.048828 0.048828
0 0.973188 0.839621 0.048828 0.048828
0 0.923639 0.827773 0.048828 0.048828
0 0.878399 0.831004 0.048828 0.048828
0 0.853624 0.785764 0.048828 0.048828
0 0.817001 0.780378 0.048828 0.048828
0 0.796535 0.749140 0.048828 0.048828
0 0.982883 0.703900 0.048828 0.048828
0 0.987191 0.745909 0.048828 0.048828
0 0.950568 0.734060 0.048828 0.048828
0 0.947337 0.769606 0.048828 0.048828
0 0.902096 0.783609 0.048828 0.048828
0 0.888093 0.731906 0.048828 0.048828
0 0.838544 0.734060 0.048828 0.048828
0 0.983960 0.667277 0.048828 0.048828
0 0.945182 0.643580 0.048828 0.048828
0 0.927948 0.612342 0.048828 0.048828
0 0.966725 0.600493 0.048828 0.048828
0 0.988268 0.570333 0.048828 0.048828
0 0.945182 0.567102 0.048828 0.048828
0 0.917176 0.542327 0.048828 0.048828
0 0.891325 0.506781 0.048828 0.048828
0 0.867627 0.465849 0.048828 0.048828
0 0.882707 0.556330 0.048828 0.048828
0 0.853624 0.547713 0.048828 0.048828
0 0.811615 0.530479 0.048828 0.048828
0 0.788995 0.573565 0.048828 0.048828
0 0.899942 0.589722 0.048828 0.048828
0 0.864396 0.613419 0.048828 0.048828
0 0.898865 0.660814 0.048828 0.048828
0 0.918253 0.698514 0.048828 0.048828
0 0.856856 0.692051 0.048828 0.048828
0 0.822387 0.694206 0.048828 0.048828
0 0.822387 0.651120 0.048828 0.048828
0 0.777146 0.693129 0.048828 0.048828
0 0.769606 0.653274 0.048828 0.048828
0 0.774992 0.614496 0.048828 0.048828
0 0.748063 0.557407 0.048828 0.048828
0 0.598339 0.918253 0.048828 0.048828
0 0.894556 0.420609 0.048828 0.048828
0 0.889170 0.391526 0.048828 0.048828
0 0.936565 0.405529 0.048828 0.048828
0 0.943028 0.347363 0.048828 0.048828
0 0.964571 0.299968 0.048828 0.048828
0 0.972111 0.418455 0.048828 0.048828
0 0.951645 0.464772 0.048828 0.048828
0 0.913945 0.445384 0.048828 0.048828
0 0.931179 0.498164 0.048828 0.048828
0 0.996886 0.493855 0.048828 0.048828
0 0.963494 0.525093 0.048828 0.048828