0 0.451937 0.978635 0.048828 0.048828
0 0.476531 0.987858 0.048828 0.048828
0 0.505224 0.987858 0.048828 0.048828
0 0.605648 0.994006 0.048828 0.048828
0 0.707097 0.991957 0.048828 0.048828
0 0.751161 0.987858 0.048828 0.048828
0 0.705048 0.872062 0.048828 0.048828
0 0.914095 0.734747 0.048828 0.048828
0 0.937664 0.731673 0.048828 0.048828
0 0.837239 0.654818 0.048828 0.048828
0 0.854660 0.654818 0.048828 0.048828
0 0.750136 0.491884 0.048828 0.048828
0 0.508298 0.927398 0.048828 0.048828
0 0.481655 0.931497 0.048828 0.048828
0 0.448863 0.921250 0.048828 0.048828
0 0.419145 0.911002 0.048828 0.048828
0 0.395576 0.919200 0.048828 0.048828
0 0.368933 0.921250 0.048828 0.048828
0 0.328968 0.906903 0.048828 0.048828
0 0.304375 0.899730 0.048828 0.048828
0 0.273632 0.882310 0.048828 0.048828
0 0.280806 0.760366 0.048828 0.048828
0 0.319746 0.761390 0.048828 0.048828
0 0.381230 0.713228 0.048828 0.048828
0 0.415046 0.734747 0.048828 0.048828
0 0.481655 0.747044 0.048828 0.048828
0 0.377131 0.237749 0.048828 0.048828
0 0.353562 0.233650 0.048828 0.048828
0 0.310523 0.233650 0.048828 0.048828
0 0.245964 0.237749 0.048828 0.048828
0 0.207024 0.246971 0.048828 0.048828
0 0.117872 0.140398 0.048828 0.048828
0 0.142466 0.140398 0.048828 0.048828
0 0.161936 0.136299 0.048828 0.048828
0 0.213173 0.144497 0.048828 0.048828
0 0.256212 0.146547 0.048828 0.048828
0 0.296177 0.177289 0.048828 0.048828
0 0.331018 0.096335 0.048828 0.048828
0 0.377131 0.099409 0.048828 0.048828
0 0.432467 0.072765 0.048828 0.048828
0 0.463209 0.038949 0.048828 0.048828
0 0.455011 0.024603 0.048828 0.048828
0 0.555436 0.055345 0.048828 0.048828
0 0.397626 0.025627 0.048828 0.048828
0 0.421195 0.040999 0.048828 0.048828
0 0.383280 0.050221 0.048828 0.048828
0 0.364834 0.021529 0.048828 0.048828
0 0.237767 0.001034 0.048828 0.048828
0 0.000027 0.790083 0.048828 0.048828
0 0.042041 0.784959 0.048828 0.048828
0 0.080981 0.638422 0.048828 0.048828
0 0.142466 0.638422 0.048828 0.048828
0 0.177307 0.669164 0.048828 0.048828
0 0.175257 0.632273 0.048828 0.048828
0 0.212148 0.635347 0.048828 0.048828
0 0.244940 0.643545 0.048828 0.048828
0 0.163985 0.686584 0.048828 0.048828