0 0.066293 0.328680 0.048828 0.048828
0 0.103914 0.300768 0.048828 0.048828
0 0.157312 0.266787 0.048828 0.048828
0 0.214350 0.210962 0.048828 0.048828
0 0.238622 0.242515 0.048828 0.048828
0 0.111195 0.345670 0.048828 0.048828
0 0.165807 0.346884 0.048828 0.048828
0 0.100273 0.393000 0.048828 0.048828
0 0.119690 0.422126 0.048828 0.048828
0 0.103914 0.138147 0.048828 0.048828
0 0.103914 0.105380 0.048828 0.048828
0 0.156098 0.117516 0.048828 0.048828
0 0.150030 0.073827 0.048828 0.048828
0 0.193719 0.087176 0.048828 0.048828
0 0.242263 0.095671 0.048828 0.048828
0 0.330855 0.101739 0.048828 0.048828
0 0.173088 0.038633 0.048828 0.048828
0 0.133040 0.016788 0.048828 0.048828