0 0.401929 0.243927 0.006680 0.010169
0 0.404452 0.246701 0.006680 0.010169
0 0.408939 0.249049 0.006680 0.010169
0 0.410200 0.252250 0.006680 0.010169
0 0.413565 0.253317 0.006680 0.010169
0 0.417490 0.247128 0.006680 0.010169
0 0.422677 0.248622 0.006680 0.010169
0 0.396041 0.265268 0.006680 0.010169
0 0.399966 0.264414 0.006680 0.010169
0 0.405013 0.260573 0.006680 0.010169
0 0.402209 0.269536 0.006680 0.010169
0 0.412303 0.266762 0.006680 0.010169
0 0.377536 0.312431 0.006680 0.010169
0 0.386648 0.303255 0.006680 0.010169
0 0.391274 0.294291 0.006680 0.010169
0 0.400106 0.298560 0.006680 0.010169
0 0.395480 0.298560 0.006680 0.010169
0 0.395901 0.306242 0.006680 0.010169
0 0.383844 0.312218 0.006680 0.010169
0 0.381741 0.309657 0.006680 0.010169
0 0.380480 0.304535 0.006680 0.010169
0 0.376414 0.297066 0.006680 0.010169
0 0.373750 0.293651 0.006680 0.010169
0 0.370947 0.290663 0.006680 0.010169
0 0.367862 0.288956 0.006680 0.010169
0 0.366180 0.294718 0.006680 0.010169
0 0.362535 0.297066 0.006680 0.010169
0 0.448753 0.269536 0.006680 0.010169
0 0.456043 0.270816 0.006680 0.010169
0 0.439500 0.254811 0.006680 0.010169
0 0.434734 0.280206 0.006680 0.010169
0 0.429827 0.277432 0.006680 0.010169
0 0.454501 0.305389 0.006680 0.010169
0 0.458566 0.307950 0.006680 0.010169
0 0.463753 0.307096 0.006680 0.010169
0 0.465015 0.303041 0.006680 0.010169
0 0.470623 0.305389 0.006680 0.010169
0 0.476931 0.300907 0.006680 0.010169
0 0.468380 0.311151 0.006680 0.010169
0 0.487446 0.318407 0.006680 0.010169
0 0.473567 0.317553 0.006680 0.010169
0 0.470202 0.316699 0.006680 0.010169
0 0.390433 0.330358 0.006680 0.010169
0 0.391975 0.325449 0.006680 0.010169
0 0.395200 0.326516 0.006680 0.010169
0 0.397863 0.331851 0.006680 0.010169
0 0.399546 0.340601 0.006680 0.010169
0 0.399406 0.336333 0.006680 0.010169
0 0.400387 0.332705 0.006680 0.010169
0 0.401088 0.329504 0.006680 0.010169
0 0.400807 0.326089 0.006680 0.010169
0 0.404172 0.325663 0.006680 0.010169
0 0.406275 0.324809 0.006680 0.010169
0 0.404593 0.331211 0.006680 0.010169
0 0.405574 0.332492 0.006680 0.010169
0 0.409920 0.328437 0.006680 0.010169
0 0.412163 0.322888 0.006680 0.010169
0 0.414546 0.317980 0.006680 0.010169
0 0.415528 0.327797 0.006680 0.010169
0 0.373050 0.355113 0.006680 0.010169
0 0.419873 0.350631 0.006680 0.010169
0 0.422958 0.347857 0.006680 0.010169
0 0.431509 0.343589 0.006680 0.010169
0 0.425762 0.341882 0.006680 0.010169
0 0.427023 0.337827 0.006680 0.010169
0 0.420995 0.340174 0.006680 0.010169
0 0.416509 0.340388 0.006680 0.010169
0 0.441183 0.321821 0.006680 0.010169
0 0.444687 0.318833 0.006680 0.010169
0 0.447772 0.327156 0.006680 0.010169
0 0.403892 0.342949 0.006680 0.010169
0 0.390573 0.360235 0.006680 0.010169
0 0.375994 0.359595 0.006680 0.010169
0 0.373750 0.360021 0.006680 0.010169
0 0.371227 0.360448 0.006680 0.010169
0 0.371087 0.342095 0.006680 0.010169
0 0.334917 0.253317 0.006680 0.010169
0 0.307580 0.248195 0.006680 0.010169
0 0.305898 0.264627 0.006680 0.010169
0 0.301552 0.279993 0.006680 0.010169
0 0.318094 0.271670 0.006680 0.010169
0 0.321880 0.273377 0.006680 0.010169
0 0.324263 0.276792 0.006680 0.010169
0 0.327207 0.280847 0.006680 0.010169
0 0.329871 0.281487 0.006680 0.010169
0 0.327207 0.284688 0.006680 0.010169
0 0.322440 0.285755 0.006680 0.010169
0 0.316552 0.278286 0.006680 0.010169
0 0.311225 0.278926 0.006680 0.010169
0 0.317253 0.286182 0.006680 0.010169
0 0.315851 0.289810 0.006680 0.010169
0 0.323282 0.292157 0.006680 0.010169
0 0.328889 0.300907 0.006680 0.010169
0 0.332815 0.330358 0.006680 0.010169
0 0.327768 0.335906 0.006680 0.010169
0 0.323422 0.337613 0.006680 0.010169
0 0.318936 0.338467 0.006680 0.010169
0 0.310945 0.333985 0.006680 0.010169
0 0.307580 0.337400 0.006680 0.010169
0 0.307440 0.352125 0.006680 0.010169
0 0.318235 0.350205 0.006680 0.010169
0 0.322020 0.349564 0.006680 0.010169
0 0.327067 0.348711 0.006680 0.010169
0 0.330431 0.347644 0.006680 0.010169
0 0.332254 0.349351 0.006680 0.010169
0 0.336039 0.349991 0.006680 0.010169
0 0.340105 0.352125 0.006680 0.010169
0 0.346694 0.330571 0.006680 0.010169
0 0.349918 0.330571 0.006680 0.010169
0 0.345151 0.324382 0.006680 0.010169
0 0.355245 0.330358 0.006680 0.010169
0 0.361974 0.329077 0.006680 0.010169
0 0.356647 0.339961 0.006680 0.010169
0 0.360432 0.342949 0.006680 0.010169
0 0.347254 0.346150 0.006680 0.010169
0 0.350339 0.348711 0.006680 0.010169
0 0.352722 0.357247 0.006680 0.010169
0 0.326927 0.358741 0.006680 0.010169
0 0.368283 0.345083 0.006680 0.010169
0 0.367161 0.349138 0.006680 0.010169
0 0.368143 0.353192 0.006680 0.010169
0 0.368283 0.363649 0.006680 0.010169
0 0.364778 0.364290 0.006680 0.010169
0 0.372909 0.375173 0.006680 0.010169
0 0.375994 0.376881 0.006680 0.010169
0 0.369545 0.367277 0.006680 0.010169
0 0.397443 0.397155 0.006680 0.010169
0 0.403611 0.394167 0.006680 0.010169
0 0.403892 0.417642 0.006680 0.010169
0 0.398564 0.416361 0.006680 0.010169
0 0.393237 0.415935 0.006680 0.010169
0 0.392817 0.409746 0.006680 0.010169
0 0.390573 0.408892 0.006680 0.010169
0 0.389873 0.400356 0.006680 0.010169
0 0.387209 0.397368 0.006680 0.010169
0 0.384545 0.394380 0.006680 0.010169
0 0.383704 0.389045 0.006680 0.010169
0 0.379358 0.383923 0.006680 0.010169
0 0.378096 0.380082 0.006680 0.010169
0 0.377676 0.389472 0.006680 0.010169
0 0.300010 0.399716 0.006680 0.010169
0 0.303094 0.401423 0.006680 0.010169
0 0.303935 0.403557 0.006680 0.010169
0 0.307300 0.407185 0.006680 0.010169
0 0.309543 0.403770 0.006680 0.010169
0 0.311646 0.404837 0.006680 0.010169
0 0.314590 0.406118 0.006680 0.010169
0 0.311505 0.411880 0.006680 0.010169
0 0.314870 0.409532 0.006680 0.010169
0 0.317394 0.408038 0.006680 0.010169
0 0.320478 0.406331 0.006680 0.010169
0 0.319356 0.410599 0.006680 0.010169
0 0.323141 0.408252 0.006680 0.010169
0 0.325805 0.406758 0.006680 0.010169
0 0.335058 0.397368 0.006680 0.010169
0 0.331973 0.395447 0.006680 0.010169
0 0.330431 0.393527 0.006680 0.010169
0 0.328609 0.392033 0.006680 0.010169
0 0.324543 0.391393 0.006680 0.010169
0 0.311646 0.383283 0.006680 0.010169
0 0.306459 0.398435 0.006680 0.010169
0 0.304496 0.396088 0.006680 0.010169
0 0.311085 0.416788 0.006680 0.010169
0 0.315010 0.417215 0.006680 0.010169
0 0.318235 0.416148 0.006680 0.010169
0 0.324824 0.411240 0.006680 0.010169
0 0.317394 0.425965 0.006680 0.010169
0 0.311505 0.460751 0.006680 0.010169
0 0.360012 0.540352 0.006680 0.010169
0 0.363657 0.541633 0.006680 0.010169
0 0.370106 0.543980 0.006680 0.010169
0 0.373610 0.544194 0.006680 0.010169
0 0.378237 0.545047 0.006680 0.010169
0 0.396321 0.475262 0.006680 0.010169
0 0.398985 0.468433 0.006680 0.010169
0 0.416229 0.611417 0.006680 0.010169
0 0.416789 0.614832 0.006680 0.010169
0 0.419173 0.621875 0.006680 0.010169
0 0.421976 0.607363 0.006680 0.010169
0 0.423518 0.608857 0.006680 0.010169
0 0.427023 0.609283 0.006680 0.010169
0 0.430949 0.612485 0.006680 0.010169
0 0.435575 0.613125 0.006680 0.010169
0 0.436837 0.617606 0.006680 0.010169
0 0.442024 0.615686 0.006680 0.010169
0 0.444687 0.619954 0.006680 0.010169
0 0.441323 0.621234 0.006680 0.010169
0 0.436977 0.625502 0.006680 0.010169
0 0.433051 0.621875 0.006680 0.010169
0 0.427444 0.626570 0.006680 0.010169
0 0.424079 0.615259 0.006680 0.010169
0 0.449033 0.632332 0.006680 0.010169
0 0.452678 0.633612 0.006680 0.010169
0 0.449594 0.673946 0.006680 0.010169
0 0.447071 0.673946 0.006680 0.010169
0 0.443706 0.676080 0.006680 0.010169
0 0.445388 0.668184 0.006680 0.010169
0 0.449454 0.666264 0.006680 0.010169
0 0.459968 0.652605 0.006680 0.010169
0 0.458707 0.648978 0.006680 0.010169
0 0.459968 0.644283 0.006680 0.010169
0 0.461510 0.645990 0.006680 0.010169
0 0.464595 0.647484 0.006680 0.010169
0 0.465996 0.650685 0.006680 0.010169
0 0.469501 0.646843 0.006680 0.010169
0 0.471324 0.648551 0.006680 0.010169
0 0.471324 0.692726 0.006680 0.010169
0 0.429967 0.771048 0.006680 0.010169
0 0.434453 0.771901 0.006680 0.010169
0 0.438519 0.775956 0.006680 0.010169
0 0.450856 0.781505 0.006680 0.010169
0 0.525998 0.654740 0.006680 0.010169
0 0.529363 0.650045 0.006680 0.010169
0 0.531606 0.655807 0.006680 0.010169
0 0.533709 0.651112 0.006680 0.010169
0 0.536653 0.647910 0.006680 0.010169
0 0.538335 0.650471 0.006680 0.010169
0 0.540999 0.647270 0.006680 0.010169
0 0.543663 0.648978 0.006680 0.010169
0 0.545625 0.646203 0.006680 0.010169
0 0.546747 0.649831 0.006680 0.010169
0 0.549270 0.647484 0.006680 0.010169
0 0.562028 0.675227 0.006680 0.010169
0 0.546466 0.676721 0.006680 0.010169
0 0.537494 0.674587 0.006680 0.010169
0 0.545765 0.702757 0.006680 0.010169
0 0.532868 0.689739 0.006680 0.010169
0 0.540999 0.696141 0.006680 0.010169
0 0.550672 0.703610 0.006680 0.010169
0 0.554037 0.702757 0.006680 0.010169
0 0.560906 0.708732 0.006680 0.010169
0 0.564551 0.708732 0.006680 0.010169
0 0.569738 0.728366 0.006680 0.010169
0 0.571420 0.720683 0.006680 0.010169
0 0.579411 0.721963 0.006680 0.010169
0 0.583757 0.722604 0.006680 0.010169
0 0.606749 0.676294 0.006680 0.010169
0 0.609973 0.676080 0.006680 0.010169
0 0.610394 0.681629 0.006680 0.010169
0 0.615160 0.685044 0.006680 0.010169
0 0.617824 0.683763 0.006680 0.010169
0 0.616282 0.679495 0.006680 0.010169
0 0.608852 0.668398 0.006680 0.010169
0 0.617403 0.669892 0.006680 0.010169
0 0.623011 0.670532 0.006680 0.010169
0 0.631843 0.664770 0.006680 0.010169
0 0.621749 0.686538 0.006680 0.010169
0 0.632264 0.684617 0.006680 0.010169
0 0.636469 0.683550 0.006680 0.010169
0 0.635628 0.688458 0.006680 0.010169
0 0.639554 0.691019 0.006680 0.010169
0 0.641516 0.689312 0.006680 0.010169
0 0.646703 0.691233 0.006680 0.010169
0 0.650348 0.692940 0.006680 0.010169
0 0.652451 0.675013 0.006680 0.010169
0 0.657358 0.675440 0.006680 0.010169
0 0.635909 0.654313 0.006680 0.010169
0 0.650769 0.657941 0.006680 0.010169
0 0.656797 0.657300 0.006680 0.010169
0 0.661984 0.653246 0.006680 0.010169
0 0.660022 0.650898 0.006680 0.010169
0 0.656657 0.648551 0.006680 0.010169
0 0.652451 0.650045 0.006680 0.010169
0 0.673760 0.667544 0.006680 0.010169
0 0.669835 0.667544 0.006680 0.010169
0 0.666330 0.655807 0.006680 0.010169
0 0.828111 0.662422 0.006680 0.010169
0 0.825588 0.647484 0.006680 0.010169
0 0.820681 0.653886 0.006680 0.010169
0 0.806241 0.653886 0.006680 0.010169
0 0.795446 0.654953 0.006680 0.010169
0 0.774278 0.576418 0.006680 0.010169
0 0.771193 0.575778 0.006680 0.010169
0 0.770913 0.580473 0.006680 0.010169
0 0.766847 0.577059 0.006680 0.010169
0 0.763062 0.574284 0.006680 0.010169
0 0.747080 0.568522 0.006680 0.010169
0 0.744136 0.571297 0.006680 0.010169
0 0.742174 0.566815 0.006680 0.010169
0 0.691004 0.547822 0.006680 0.010169
0 0.711612 0.543767 0.006680 0.010169
0 0.717780 0.548248 0.006680 0.010169
0 0.720865 0.546754 0.006680 0.010169
0 0.725351 0.543767 0.006680 0.010169
0 0.726332 0.547822 0.006680 0.010169
0 0.726332 0.557638 0.006680 0.010169
0 0.729556 0.554224 0.006680 0.010169
0 0.732501 0.561907 0.006680 0.010169
0 0.718341 0.536938 0.006680 0.010169
0 0.721706 0.538858 0.006680 0.010169
0 0.725631 0.538858 0.006680 0.010169
0 0.728435 0.542273 0.006680 0.010169
0 0.734043 0.544194 0.006680 0.010169
0 0.739370 0.540139 0.006680 0.010169
0 0.743015 0.541846 0.006680 0.010169
0 0.747361 0.542273 0.006680 0.010169
0 0.753249 0.539712 0.006680 0.010169
0 0.759277 0.538858 0.006680 0.010169
0 0.752968 0.514743 0.006680 0.010169
0 0.781568 0.486146 0.006680 0.010169
0 0.784792 0.485506 0.006680 0.010169
0 0.771053 0.469500 0.006680 0.010169
0 0.773436 0.469500 0.006680 0.010169
0 0.759137 0.435568 0.006680 0.010169
0 0.726052 0.526267 0.006680 0.010169
0 0.722407 0.527121 0.006680 0.010169
0 0.717921 0.524987 0.006680 0.010169
0 0.713855 0.522853 0.006680 0.010169
0 0.710631 0.524560 0.006680 0.010169
0 0.706986 0.524987 0.006680 0.010169
0 0.701518 0.521999 0.006680 0.010169
0 0.698154 0.520505 0.006680 0.010169
0 0.693948 0.516877 0.006680 0.010169
0 0.694929 0.491481 0.006680 0.010169
0 0.700256 0.491695 0.006680 0.010169
0 0.708668 0.481665 0.006680 0.010169
0 0.713294 0.486146 0.006680 0.010169
0 0.722407 0.488707 0.006680 0.010169
0 0.708107 0.382643 0.006680 0.010169
0 0.704883 0.381789 0.006680 0.010169
0 0.698995 0.381789 0.006680 0.010169
0 0.690163 0.382643 0.006680 0.010169
0 0.684835 0.384563 0.006680 0.010169
0 0.672639 0.362369 0.006680 0.010169
0 0.676003 0.362369 0.006680 0.010169
0 0.678667 0.361515 0.006680 0.010169
0 0.685677 0.363223 0.006680 0.010169
0 0.691565 0.363649 0.006680 0.010169
0 0.697032 0.370052 0.006680 0.010169
0 0.701799 0.353192 0.006680 0.010169
0 0.708107 0.353833 0.006680 0.010169
0 0.715678 0.348284 0.006680 0.010169
0 0.719883 0.341241 0.006680 0.010169
0 0.718762 0.338254 0.006680 0.010169
0 0.732501 0.344656 0.006680 0.010169
0 0.734183 0.329717 0.006680 0.010169
0 0.730958 0.327156 0.006680 0.010169
0 0.727454 0.327370 0.006680 0.010169
0 0.724089 0.317340 0.006680 0.010169
0 0.721566 0.317766 0.006680 0.010169
0 0.721986 0.324809 0.006680 0.010169
0 0.709930 0.331638 0.006680 0.010169
0 0.710911 0.338467 0.006680 0.010169
0 0.714135 0.341668 0.006680 0.010169
0 0.708948 0.343589 0.006680 0.010169
0 0.706425 0.337613 0.006680 0.010169
0 0.700817 0.331638 0.006680 0.010169
0 0.699135 0.328010 0.006680 0.010169
0 0.695911 0.326303 0.006680 0.010169
0 0.695770 0.321394 0.006680 0.010169
0 0.691424 0.315846 0.006680 0.010169
0 0.691284 0.321821 0.006680 0.010169
0 0.689041 0.326303 0.006680 0.010169
0 0.689041 0.333345 0.006680 0.010169
0 0.685256 0.321821 0.006680 0.010169
0 0.681891 0.322675 0.006680 0.010169
0 0.676704 0.324169 0.006680 0.010169
0 0.683293 0.316699 0.006680 0.010169
0 0.687359 0.314565 0.006680 0.010169
0 0.681190 0.306669 0.006680 0.010169
0 0.679648 0.301761 0.006680 0.010169
0 0.677265 0.294505 0.006680 0.010169
0 0.676424 0.303468 0.006680 0.010169
0 0.673900 0.302828 0.006680 0.010169
0 0.668994 0.273377 0.006680 0.010169
0 0.661844 0.273591 0.006680 0.010169
0 0.659881 0.260573 0.006680 0.010169
0 0.654133 0.258439 0.006680 0.010169
0 0.648806 0.268896 0.006680 0.010169
0 0.637591 0.260573 0.006680 0.010169
0 0.648946 0.294078 0.006680 0.010169
0 0.658059 0.302401 0.006680 0.010169
0 0.671657 0.314565 0.006680 0.010169
0 0.671938 0.320754 0.006680 0.010169
0 0.669134 0.321821 0.006680 0.010169
0 0.662405 0.318620 0.006680 0.010169
0 0.662825 0.314779 0.006680 0.010169
0 0.668012 0.326516 0.006680 0.010169
0 0.659321 0.315632 0.006680 0.010169
0 0.655255 0.316059 0.006680 0.010169
0 0.650068 0.314992 0.006680 0.010169
0 0.653433 0.317980 0.006680 0.010169
0 0.649227 0.317980 0.006680 0.010169
0 0.643759 0.316699 0.006680 0.010169
0 0.640114 0.319474 0.006680 0.010169
0 0.637451 0.321181 0.006680 0.010169
0 0.636750 0.318193 0.006680 0.010169
0 0.633525 0.321821 0.006680 0.010169
0 0.633525 0.316913 0.006680 0.010169
0 0.628759 0.304322 0.006680 0.010169
0 0.629179 0.321821 0.006680 0.010169
0 0.631983 0.338467 0.006680 0.010169
0 0.638572 0.336760 0.006680 0.010169
0 0.642498 0.337827 0.006680 0.010169
0 0.645582 0.337400 0.006680 0.010169
0 0.651189 0.336973 0.006680 0.010169
0 0.621889 0.349778 0.006680 0.010169
0 0.613899 0.334839 0.006680 0.010169
0 0.619366 0.336333 0.006680 0.010169
0 0.618244 0.316059 0.006680 0.010169
0 0.620067 0.306456 0.006680 0.010169
0 0.624693 0.294505 0.006680 0.010169
0 0.623011 0.296852 0.006680 0.010169
0 0.619787 0.293651 0.006680 0.010169
0 0.617403 0.294291 0.006680 0.010169
0 0.614179 0.292371 0.006680 0.010169
0 0.611095 0.307096 0.006680 0.010169
0 0.609553 0.295572 0.006680 0.010169
0 0.626376 0.328010 0.006680 0.010169
0 0.630161 0.327156 0.006680 0.010169
0 0.625534 0.277645 0.006680 0.010169
0 0.605908 0.272097 0.006680 0.010169
0 0.601281 0.273377 0.006680 0.010169
0 0.595533 0.271883 0.006680 0.010169
0 0.576187 0.262493 0.006680 0.010169
0 0.610814 0.244780 0.006680 0.010169
0 0.608291 0.349138 0.006680 0.010169
0 0.612497 0.362582 0.006680 0.010169
0 0.612497 0.372613 0.006680 0.010169
0 0.609553 0.375600 0.006680 0.010169
0 0.610113 0.386271 0.006680 0.010169
0 0.603244 0.401423 0.006680 0.010169
0 0.601281 0.398435 0.006680 0.010169
0 0.599879 0.402917 0.006680 0.010169
0 0.597496 0.403557 0.006680 0.010169
0 0.592449 0.412520 0.006680 0.010169
0 0.596655 0.413374 0.006680 0.010169
0 0.607169 0.416575 0.006680 0.010169
0 0.593991 0.423404 0.006680 0.010169
0 0.589786 0.423617 0.006680 0.010169
0 0.587402 0.434074 0.006680 0.010169
0 0.603524 0.360875 0.006680 0.010169
0 0.605487 0.350845 0.006680 0.010169
0 0.601842 0.347217 0.006680 0.010169
0 0.597356 0.353406 0.006680 0.010169
0 0.594132 0.348284 0.006680 0.010169
0 0.590066 0.347217 0.006680 0.010169
0 0.587823 0.348924 0.006680 0.010169
0 0.584038 0.348924 0.006680 0.010169
0 0.589085 0.354473 0.006680 0.010169
0 0.580253 0.350845 0.006680 0.010169
0 0.575065 0.350418 0.006680 0.010169
0 0.569598 0.329717 0.006680 0.010169
0 0.577168 0.330998 0.006680 0.010169
0 0.602683 0.329504 0.006680 0.010169
0 0.595674 0.314138 0.006680 0.010169
0 0.566934 0.362582 0.006680 0.010169
0 0.582636 0.402917 0.006680 0.010169
0 0.576608 0.409319 0.006680 0.010169
0 0.574785 0.405478 0.006680 0.010169
0 0.573804 0.397581 0.006680 0.010169
0 0.570159 0.396301 0.006680 0.010169
0 0.565673 0.404411 0.006680 0.010169
0 0.577028 0.440263 0.006680 0.010169
0 0.573944 0.436635 0.006680 0.010169
0 0.571140 0.443678 0.006680 0.010169
0 0.569037 0.438983 0.006680 0.010169
0 0.561607 0.452001 0.006680 0.010169
0 0.559224 0.446666 0.006680 0.010169
0 0.554878 0.454135 0.006680 0.010169
0 0.560345 0.473769 0.006680 0.010169
0 0.571841 0.480384 0.006680 0.010169
0 0.578851 0.471421 0.006680 0.010169
0 0.588243 0.487213 0.006680 0.010169
0 0.592730 0.485719 0.006680 0.010169
0 0.597216 0.485506 0.006680 0.010169
0 0.602964 0.496390 0.006680 0.010169
0 0.593290 0.505993 0.006680 0.010169
0 0.588944 0.505566 0.006680 0.010169
0 0.583898 0.497670 0.006680 0.010169
0 0.566233 0.491055 0.006680 0.010169
0 0.564831 0.494896 0.006680 0.010169
0 0.636049 0.493189 0.006680 0.010169
0 0.645442 0.495963 0.006680 0.010169
0 0.649507 0.498311 0.006680 0.010169
0 0.652171 0.497030 0.006680 0.010169
0 0.656517 0.497670 0.006680 0.010169
0 0.662265 0.496603 0.006680 0.010169
0 0.667592 0.466086 0.006680 0.010169
0 0.676003 0.466086 0.006680 0.010169
0 0.680770 0.472488 0.006680 0.010169
0 0.680489 0.464805 0.006680 0.010169
0 0.685536 0.465446 0.006680 0.010169
0 0.690022 0.467153 0.006680 0.010169
0 0.578570 0.506847 0.006680 0.010169
0 0.578150 0.516024 0.006680 0.010169
0 0.576748 0.523920 0.006680 0.010169
0 0.591468 0.604588 0.006680 0.010169
0 0.595393 0.602454 0.006680 0.010169
0 0.599739 0.603308 0.006680 0.010169
0 0.616001 0.525200 0.006680 0.010169
0 0.621188 0.525200 0.006680 0.010169
0 0.624833 0.527334 0.006680 0.010169
0 0.628338 0.526054 0.006680 0.010169
0 0.630021 0.526054 0.006680 0.010169
0 0.632965 0.526054 0.006680 0.010169
0 0.622170 0.508341 0.006680 0.010169
0 0.639273 0.528401 0.006680 0.010169
0 0.649507 0.535017 0.006680 0.010169
0 0.614459 0.583034 0.006680 0.010169
0 0.619226 0.584101 0.006680 0.010169
0 0.630161 0.586449 0.006680 0.010169
0 0.637591 0.591570 0.006680 0.010169
0 0.631843 0.598400 0.006680 0.010169
0 0.640815 0.601814 0.006680 0.010169
0 0.647825 0.605869 0.006680 0.010169
0 0.659881 0.623368 0.006680 0.010169
0 0.655395 0.619314 0.006680 0.010169
0 0.650068 0.617606 0.006680 0.010169
0 0.646143 0.616112 0.006680 0.010169
0 0.643199 0.613765 0.006680 0.010169
0 0.639554 0.612271 0.006680 0.010169
0 0.634366 0.609710 0.006680 0.010169
0 0.628619 0.612058 0.006680 0.010169
0 0.637030 0.620167 0.006680 0.010169
0 0.632123 0.629557 0.006680 0.010169
0 0.628198 0.625076 0.006680 0.010169
0 0.624273 0.622728 0.006680 0.010169
0 0.621048 0.621448 0.006680 0.010169
0 0.617543 0.620381 0.006680 0.010169
0 0.612637 0.619100 0.006680 0.010169
0 0.608291 0.620594 0.006680 0.010169
0 0.616142 0.625929 0.006680 0.010169
0 0.601982 0.702970 0.006680 0.010169
0 0.596375 0.702757 0.006680 0.010169
0 0.591608 0.702116 0.006680 0.010169
0 0.520811 0.705318 0.006680 0.010169
0 0.477352 0.654313 0.006680 0.010169
0 0.532027 0.557638 0.006680 0.010169
0 0.540298 0.552090 0.006680 0.010169
0 0.545765 0.545047 0.006680 0.010169
0 0.549691 0.550809 0.006680 0.010169
0 0.531886 0.543340 0.006680 0.010169
0 0.539036 0.535444 0.006680 0.010169
0 0.535531 0.530749 0.006680 0.010169
0 0.539176 0.523920 0.006680 0.010169
0 0.536653 0.522212 0.006680 0.010169
0 0.542962 0.520505 0.006680 0.010169
0 0.533849 0.522853 0.006680 0.010169
0 0.533709 0.517517 0.006680 0.010169
0 0.529924 0.522639 0.006680 0.010169
0 0.531186 0.535017 0.006680 0.010169
0 0.526419 0.529895 0.006680 0.010169
0 0.527961 0.545687 0.006680 0.010169
0 0.526139 0.543340 0.006680 0.010169
0 0.523335 0.542486 0.006680 0.010169
0 0.518148 0.559346 0.006680 0.010169
0 0.517447 0.546114 0.006680 0.010169
0 0.516606 0.534804 0.006680 0.010169
0 0.521092 0.533310 0.006680 0.010169
0 0.517867 0.521999 0.006680 0.010169
0 0.522914 0.516450 0.006680 0.010169
0 0.525998 0.522426 0.006680 0.010169
0 0.510437 0.514103 0.006680 0.010169
0 0.513942 0.513463 0.006680 0.010169
0 0.519269 0.512609 0.006680 0.010169
0 0.523615 0.508981 0.006680 0.010169
0 0.525438 0.506634 0.006680 0.010169
0 0.527400 0.507274 0.006680 0.010169
0 0.531186 0.506420 0.006680 0.010169
0 0.534130 0.503219 0.006680 0.010169
0 0.535812 0.498737 0.006680 0.010169
0 0.537214 0.504499 0.006680 0.010169
0 0.538475 0.510262 0.006680 0.010169
0 0.542261 0.508554 0.006680 0.010169
0 0.545625 0.500018 0.006680 0.010169
0 0.547308 0.499378 0.006680 0.010169
0 0.540298 0.498097 0.006680 0.010169
0 0.545485 0.487427 0.006680 0.010169
0 0.542261 0.485293 0.006680 0.010169
0 0.544364 0.482732 0.006680 0.010169
0 0.550812 0.481024 0.006680 0.010169
0 0.548990 0.479744 0.006680 0.010169
0 0.556140 0.482732 0.006680 0.010169
0 0.552775 0.484652 0.006680 0.010169
0 0.558242 0.487213 0.006680 0.010169
0 0.559504 0.495536 0.006680 0.010169
0 0.555298 0.498311 0.006680 0.010169
0 0.552214 0.488494 0.006680 0.010169
0 0.549270 0.484652 0.006680 0.010169
0 0.513101 0.504499 0.006680 0.010169
0 0.511699 0.500871 0.006680 0.010169
0 0.511699 0.476329 0.006680 0.010169
0 0.517026 0.468220 0.006680 0.010169
0 0.518849 0.470781 0.006680 0.010169
0 0.522073 0.471421 0.006680 0.010169
0 0.527260 0.470567 0.006680 0.010169
0 0.530905 0.469287 0.006680 0.010169
0 0.522353 0.434501 0.006680 0.010169
0 0.525438 0.431087 0.006680 0.010169
0 0.529223 0.434715 0.006680 0.010169
0 0.532447 0.434928 0.006680 0.010169
0 0.537634 0.436422 0.006680 0.010169
0 0.540158 0.439410 0.006680 0.010169
0 0.543102 0.441117 0.006680 0.010169
0 0.543522 0.433861 0.006680 0.010169
0 0.545765 0.435782 0.006680 0.010169
0 0.548569 0.434288 0.006680 0.010169
0 0.550812 0.435568 0.006680 0.010169
0 0.552074 0.427886 0.006680 0.010169
0 0.557822 0.403984 0.006680 0.010169
0 0.531045 0.397795 0.006680 0.010169
0 0.549270 0.375387 0.006680 0.010169
0 0.560486 0.360662 0.006680 0.010169
0 0.555579 0.361088 0.006680 0.010169
0 0.550953 0.354686 0.006680 0.010169
0 0.548569 0.358314 0.006680 0.010169
0 0.546466 0.353619 0.006680 0.010169
0 0.538896 0.354259 0.006680 0.010169
0 0.529503 0.329077 0.006680 0.010169
0 0.531186 0.231122 0.006680 0.010169
0 0.473006 0.379868 0.006680 0.010169
0 0.480156 0.378375 0.006680 0.010169
0 0.488708 0.389685 0.006680 0.010169
0 0.493895 0.391393 0.006680 0.010169
0 0.500203 0.388618 0.006680 0.010169
0 0.471464 0.388618 0.006680 0.010169
0 0.475389 0.388405 0.006680 0.010169
0 0.480857 0.395021 0.006680 0.010169
0 0.501185 0.420203 0.006680 0.010169
0 0.503287 0.419776 0.006680 0.010169
0 0.509456 0.419989 0.006680 0.010169
0 0.506932 0.427032 0.006680 0.010169
0 0.491371 0.444745 0.006680 0.010169
0 0.494876 0.448159 0.006680 0.010169
0 0.497399 0.451574 0.006680 0.010169
0 0.501185 0.452641 0.006680 0.010169
0 0.503287 0.455415 0.006680 0.010169
0 0.505530 0.457336 0.006680 0.010169
0 0.508334 0.459897 0.006680 0.010169
0 0.511138 0.462671 0.006680 0.010169
0 0.481137 0.456696 0.006680 0.010169
0 0.483520 0.454562 0.006680 0.010169
0 0.487446 0.458403 0.006680 0.010169
0 0.489969 0.462458 0.006680 0.010169
0 0.494596 0.463952 0.006680 0.010169
0 0.489128 0.470567 0.006680 0.010169
0 0.483941 0.472275 0.006680 0.010169
0 0.473427 0.474836 0.006680 0.010169
0 0.460950 0.465446 0.006680 0.010169
0 0.449874 0.473555 0.006680 0.010169
0 0.443566 0.464805 0.006680 0.010169
0 0.437397 0.472275 0.006680 0.010169
0 0.520110 0.482945 0.006680 0.010169
0 0.510437 0.481024 0.006680 0.010169
0 0.505530 0.498951 0.006680 0.010169
0 0.498381 0.516664 0.006680 0.010169
0 0.493614 0.513676 0.006680 0.010169
0 0.489829 0.510688 0.006680 0.010169
0 0.486885 0.517091 0.006680 0.010169
0 0.482819 0.517517 0.006680 0.010169
0 0.478614 0.516877 0.006680 0.010169
0 0.498521 0.527334 0.006680 0.010169
0 0.496418 0.549315 0.006680 0.010169
0 0.489408 0.532883 0.006680 0.010169
0 0.488988 0.543127 0.006680 0.010169
0 0.492212 0.556571 0.006680 0.010169
0 0.486605 0.550809 0.006680 0.010169
0 0.482119 0.556785 0.006680 0.010169
0 0.478614 0.529682 0.006680 0.010169
0 0.476511 0.529468 0.006680 0.010169
0 0.468520 0.525414 0.006680 0.010169
0 0.464875 0.524133 0.006680 0.010169
0 0.460809 0.521999 0.006680 0.010169
0 0.458146 0.519652 0.006680 0.010169
0 0.457164 0.536084 0.006680 0.010169
0 0.435575 0.487000 0.006680 0.010169
0 0.430949 0.485506 0.006680 0.010169
0 0.425762 0.486146 0.006680 0.010169
0 0.428846 0.488280 0.006680 0.010169
0 0.430248 0.495536 0.006680 0.010169
0 0.436136 0.498737 0.006680 0.010169
0 0.433332 0.507701 0.006680 0.010169
0 0.428846 0.504926 0.006680 0.010169
0 0.424920 0.500018 0.006680 0.010169
0 0.420014 0.504286 0.006680 0.010169
0 0.418752 0.501085 0.006680 0.010169
0 0.414686 0.500871 0.006680 0.010169
0 0.411883 0.498737 0.006680 0.010169
0 0.409359 0.488067 0.006680 0.010169
0 0.409079 0.505566 0.006680 0.010169
0 0.451276 0.450080 0.006680 0.010169
0 0.444687 0.451574 0.006680 0.010169
0 0.441463 0.431727 0.006680 0.010169
0 0.674798 0.647285 0.006680 0.010169
0 0.683816 0.643263 0.006680 0.010169
0 0.258902 0.368250 0.006680 0.010169
0 0.253529 0.369961 0.006680 0.010169
0 0.249405 0.370532 0.006680 0.010169
0 0.244907 0.371864 0.006680 0.010169
0 0.241159 0.370722 0.006680 0.010169
0 0.239034 0.370152 0.006680 0.010169
0 0.236410 0.370532 0.006680 0.010169
0 0.233162 0.370342 0.006680 0.010169
0 0.229788 0.369771 0.006680 0.010169
0 0.181306 0.327734 0.006680 0.010169
0 0.175933 0.318224 0.006680 0.010169
0 0.177808 0.311186 0.006680 0.010169
0 0.180182 0.309284 0.006680 0.010169
0 0.185555 0.282274 0.006680 0.010169
0 0.180432 0.280182 0.006680 0.010169
0 0.174059 0.283225 0.006680 0.010169
0 0.161689 0.298632 0.006680 0.010169
0 0.160439 0.291404 0.006680 0.010169
0 0.199049 0.289122 0.006680 0.010169
0 0.203298 0.289122 0.006680 0.010169
0 0.205422 0.287410 0.006680 0.010169
0 0.205547 0.284556 0.006680 0.010169
0 0.207796 0.284937 0.006680 0.010169
0 0.215043 0.284747 0.006680 0.010169
0 0.231162 0.268198 0.006680 0.010169
0 0.234786 0.255644 0.006680 0.010169
0 0.236785 0.251079 0.006680 0.010169
0 0.241408 0.252411 0.006680 0.010169
0 0.252529 0.259258 0.006680 0.010169
0 0.256653 0.251460 0.006680 0.010169
0 0.264150 0.263063 0.006680 0.010169
0 0.256903 0.292165 0.006680 0.010169
0 0.256153 0.295399 0.006680 0.010169
0 0.291389 0.314039 0.006680 0.010169
0 0.298137 0.306431 0.006680 0.010169
0 0.293014 0.298252 0.006680 0.010169
0 0.303135 0.311947 0.006680 0.010169
0 0.177183 0.266486 0.006680 0.010169
0 0.170810 0.250889 0.006680 0.010169
0 0.213794 0.234911 0.006680 0.010169
0 0.221291 0.228634 0.006680 0.010169
0 0.268273 0.189831 0.006680 0.010169
0 0.266399 0.189070 0.006680 0.010169
0 0.260526 0.160539 0.006680 0.010169
0 0.171060 0.151979 0.006680 0.010169
0 0.167811 0.154452 0.006680 0.010169
0 0.162938 0.157115 0.006680 0.010169
0 0.160064 0.156925 0.006680 0.010169
0 0.156066 0.156734 0.006680 0.010169
0 0.156940 0.160158 0.006680 0.010169
0 0.157190 0.163582 0.006680 0.010169
0 0.155191 0.166435 0.006680 0.010169
0 0.154191 0.164533 0.006680 0.010169
0 0.153067 0.163011 0.006680 0.010169
0 0.153067 0.160348 0.006680 0.010169
0 0.151068 0.161490 0.006680 0.010169
0 0.151817 0.167386 0.006680 0.010169
0 0.150943 0.164723 0.006680 0.010169
0 0.149318 0.163011 0.006680 0.010169
0 0.149068 0.165864 0.006680 0.010169
0 0.147819 0.169288 0.006680 0.010169
0 0.149193 0.171761 0.006680 0.010169
0 0.111083 0.215319 0.006680 0.010169
0 0.105085 0.226542 0.006680 0.010169
0 0.101586 0.221596 0.006680 0.010169
0 0.097963 0.221406 0.006680 0.010169
0 0.095964 0.220645 0.006680 0.010169
0 0.094214 0.220836 0.006680 0.010169
0 0.063476 0.231868 0.006680 0.010169
0 0.061102 0.231297 0.006680 0.010169
0 0.057978 0.229205 0.006680 0.010169
0 0.041234 0.186217 0.006680 0.010169
0 0.040735 0.190782 0.006680 0.010169
0 0.042984 0.191543 0.006680 0.010169
0 0.043359 0.194777 0.006680 0.010169
0 0.037736 0.205809 0.006680 0.010169
0 0.039985 0.214749 0.006680 0.010169
0 0.036986 0.225401 0.006680 0.010169
0 0.037736 0.220265 0.006680 0.010169
0 0.035986 0.216271 0.006680 0.010169
0 0.036486 0.212086 0.006680 0.010169
0 0.034862 0.210945 0.006680 0.010169
0 0.032738 0.210564 0.006680 0.010169
0 0.032987 0.217412 0.006680 0.010169
0 0.098213 0.251840 0.006680 0.010169
0 0.102086 0.251079 0.006680 0.010169
0 0.106959 0.244992 0.006680 0.010169
0 0.111208 0.245563 0.006680 0.010169
0 0.112832 0.252411 0.006680 0.010169
0 0.115456 0.255454 0.006680 0.010169
0 0.117705 0.255644 0.006680 0.010169
0 0.122578 0.261921 0.006680 0.010169
0 0.075596 0.303007 0.006680 0.010169
0 0.069848 0.303768 0.006680 0.010169
0 0.063851 0.296730 0.006680 0.010169
0 0.136573 0.209233 0.006680 0.010169
0 0.139947 0.208472 0.006680 0.010169
0 0.467118 0.336333 0.006680 0.010169
0 0.471604 0.332705 0.006680 0.010169
0 0.426603 0.358314 0.006680 0.010169
0 0.384125 0.352765 0.006680 0.010169
0 0.367021 0.379228 0.006680 0.010169
0 0.352862 0.373039 0.006680 0.010169
0 0.315992 0.356180 0.006680 0.010169
0 0.431089 0.646203 0.006680 0.010169
0 0.438519 0.653886 0.006680 0.010169
0 0.638853 0.422764 0.006680 0.010169
0 0.678947 0.476116 0.006680 0.010169
0 0.629320 0.547822 0.006680 0.010169
0 0.630301 0.531602 0.006680 0.010169
0 0.643058 0.538432 0.006680 0.010169
0 0.636610 0.530962 0.006680 0.010169
0 0.648105 0.550809 0.006680 0.010169
0 0.634226 0.557852 0.006680 0.010169