0 0.103914 0.937952 0.048828 0.048828
0 0.103914 0.905185 0.048828 0.048828
0 0.156098 0.917321 0.048828 0.048828
0 0.150030 0.873631 0.048828 0.048828
0 0.193719 0.886981 0.048828 0.048828
0 0.242263 0.895476 0.048828 0.048828
0 0.330855 0.901544 0.048828 0.048828
0 0.216777 0.797175 0.048828 0.048828
0 0.173088 0.838437 0.048828 0.048828
0 0.133040 0.816593 0.048828 0.048828
0 0.128186 0.768049 0.048828 0.048828
0 0.157312 0.746205 0.048828 0.048828
0 0.193719 0.753486 0.048828 0.048828
0 0.076001 0.742564 0.048828 0.048828
0 0.108768 0.695234 0.048828 0.048828
0 0.054157 0.650331 0.048828 0.048828
0 0.157312 0.680671 0.048828 0.048828
0 0.209496 0.680671 0.048828 0.048828
0 0.199787 0.652759 0.048828 0.048828
0 0.164593 0.632128 0.048828 0.048828
0 0.241049 0.647904 0.048828 0.048828
0 0.248331 0.609069 0.048828 0.048828
0 0.259253 0.555672 0.048828 0.048828
0 0.282311 0.524118 0.048828 0.048828
0 0.198574 0.538681 0.048828 0.048828
0 0.171875 0.583584 0.048828 0.048828
0 0.133040 0.611497 0.048828 0.048828
0 0.096632 0.616351 0.048828 0.048828
0 0.106341 0.566594 0.048828 0.048828
0 0.079642 0.525332 0.048828 0.048828
0 0.059011 0.556885 0.048828 0.048828
0 0.029885 0.569021 0.048828 0.048828
0 0.105127 0.486497 0.048828 0.048828
0 0.128186 0.450089 0.048828 0.048828
0 0.162166 0.406400 0.048828 0.048828
0 0.162166 0.376061 0.048828 0.048828
0 0.077215 0.401546 0.048828 0.048828
0 0.204642 0.509555 0.048828 0.048828
0 0.300515 0.429458 0.048828 0.048828
0 0.323573 0.393051 0.048828 0.048828
0 0.375757 0.356643 0.048828 0.048828
0 0.386680 0.325090 0.048828 0.048828
0 0.412165 0.287469 0.048828 0.048828
0 0.248331 0.377274 0.048828 0.048828
0 0.276243 0.366352 0.048828 0.048828
0 0.282311 0.322663 0.048828 0.048828
0 0.327214 0.276546 0.048828 0.048828
0 0.366049 0.226789 0.048828 0.048828
0 0.402456 0.201304 0.048828 0.048828
0 0.319932 0.168537 0.048828 0.048828
0 0.236195 0.140625 0.048828 0.048828
0 0.241049 0.213440 0.048828 0.048828
0 0.225273 0.269265 0.048828 0.048828
0 0.196147 0.309313 0.048828 0.048828
0 0.164593 0.342080 0.048828 0.048828
0 0.216777 0.340867 0.048828 0.048828
0 0.062652 0.295964 0.048828 0.048828
0 0.085710 0.252275 0.048828 0.048828
0 0.096632 0.220721 0.048828 0.048828
0 0.082069 0.190382 0.048828 0.048828
0 0.114836 0.155188 0.048828 0.048828
0 0.148817 0.140625 0.048828 0.048828
0 0.182797 0.185527 0.048828 0.048828
0 0.251972 0.076304 0.048828 0.048828
0 0.163380 0.082372 0.048828 0.048828
0 0.033526 0.177032 0.048828 0.048828
0 0.027458 0.121207 0.048828 0.048828
0 0.052943 0.078732 0.048828 0.048828
0 0.092992 0.032615 0.048828 0.048828
0 0.092992 0.010771 0.048828 0.048828
0 0.032312 0.035042 0.048828 0.048828
0 0.006827 0.018052 0.048828 0.048828