0 0.042404 0.791029 0.048828 0.048828
0 0.025859 0.746567 0.048828 0.048828
0 0.063084 0.743464 0.048828 0.048828
0 0.007247 0.696934 0.048828 0.048828
0 0.003111 0.654539 0.048828 0.048828
0 0.043438 0.659709 0.048828 0.048828
0 0.092036 0.670050 0.048828 0.048828
0 0.093070 0.603873 0.048828 0.048828
0 0.058948 0.608009 0.048828 0.048828
0 0.012417 0.610077 0.048828 0.048828
0 0.021723 0.417750 0.048828 0.048828
0 0.051710 0.427056 0.048828 0.048828
0 0.015519 0.488063 0.048828 0.048828
0 0.031029 0.534594 0.048828 0.048828
0 0.046540 0.506675 0.048828 0.048828
0 0.071356 0.519084 0.048828 0.048828
0 0.100308 0.555274 0.048828 0.048828
0 0.062050 0.568716 0.048828 0.048828
0 0.005179 0.560444 0.048828 0.048828
0 0.155111 0.552172 0.048828 0.048828
0 0.124091 0.523220 0.048828 0.048828
0 0.150975 0.512880 0.048828 0.048828
0 0.195438 0.478757 0.048828 0.048828
0 0.096172 0.475655 0.048828 0.048828
0 0.153043 0.463247 0.048828 0.048828
0 0.126159 0.428090 0.048828 0.048828
0 0.179927 0.404308 0.048828 0.048828
0 0.204744 0.428090 0.048828 0.048828
0 0.233696 0.404308 0.048828 0.048828
0 0.220254 0.372254 0.048828 0.048828
0 0.183029 0.366050 0.048828 0.048828
0 0.150975 0.344335 0.048828 0.048828
0 0.118921 0.375356 0.048828 0.048828
0 0.082730 0.395002 0.048828 0.048828
0 0.039302 0.371220 0.048828 0.048828
0 0.067220 0.349505 0.048828 0.048828
0 0.004145 0.317451 0.048828 0.048828
0 0.005179 0.267818 0.048828 0.048828
0 0.035165 0.290567 0.048828 0.048828
0 0.077560 0.292635 0.048828 0.048828
0 0.144771 0.299873 0.048828 0.048828
0 0.185097 0.306077 0.048828 0.048828
0 0.218186 0.328825 0.048828 0.048828
0 0.262648 0.301941 0.048828 0.048828
0 0.274023 0.251274 0.048828 0.048828
0 0.236798 0.260580 0.048828 0.048828
0 0.193369 0.262648 0.048828 0.048828
0 0.166485 0.266784 0.048828 0.048828
0 0.132363 0.239900 0.048828 0.048828
0 0.014485 0.218186 0.048828 0.048828
0 0.053778 0.211982 0.048828 0.048828
0 0.278159 0.218186 0.048828 0.048828
0 0.045506 0.987492 0.048828 0.048828
0 0.042404 0.951301 0.048828 0.048828
0 0.103410 0.995764 0.048828 0.048828
0 0.134431 0.998866 0.048828 0.048828
0 0.102376 0.961641 0.048828 0.048828
0 0.139601 0.965777 0.048828 0.048828
0 0.189233 0.947165 0.048828 0.048828
0 0.134431 0.923383 0.048828 0.048828
0 0.118921 0.903737 0.048828 0.048828
0 0.092036 0.862376 0.048828 0.048828
0 0.140635 0.707274 0.048828 0.048828
0 0.208880 0.724852 0.048828 0.048828
0 0.158213 0.802403 0.048828 0.048828
0 0.150975 0.865478 0.048828 0.048828
0 0.171655 0.892362 0.048828 0.048828
0 0.209914 0.935791 0.048828 0.048828
0 0.260580 0.929587 0.048828 0.048828
0 0.225424 0.877886 0.048828 0.048828
0 0.264716 0.870648 0.048828 0.048828
0 0.314349 0.868580 0.048828 0.048828
0 0.208880 0.838594 0.048828 0.048828
0 0.253342 0.836526 0.048828 0.048828
0 0.295737 0.813777 0.048828 0.048828
0 0.245070 0.792063 0.048828 0.048828
0 0.287465 0.778621 0.048828 0.048828
0 0.285397 0.734158 0.048828 0.048828
0 0.248172 0.734158 0.048828 0.048828
0 0.188199 0.591465 0.048828 0.048828
0 0.229560 0.616281 0.048828 0.048828
0 0.318485 0.678322 0.048828 0.048828
0 0.367084 0.657641 0.048828 0.048828
0 0.399138 0.630757 0.048828 0.048828
0 0.357778 0.617315 0.048828 0.048828
0 0.316417 0.597669 0.048828 0.048828
0 0.263682 0.566648 0.048828 0.048828
0 0.223356 0.529424 0.048828 0.048828
0 0.287465 0.520118 0.048828 0.048828
0 0.344335 0.520118 0.048828 0.048828
0 0.332961 0.481859 0.048828 0.048828
0 0.302975 0.454975 0.048828 0.048828
0 0.268852 0.414648 0.048828 0.048828
0 0.301941 0.402240 0.048828 0.048828
0 0.329859 0.411546 0.048828 0.048828
0 0.350539 0.374322 0.048828 0.048828
0 0.368118 0.572852 0.048828 0.048828
0 0.397070 0.563546 0.048828 0.048828
0 0.436363 0.563546 0.048828 0.048828
0 0.461179 0.622485 0.048828 0.048828
0 0.495301 0.625587 0.048828 0.048828
0 0.518050 0.608009 0.048828 0.048828
0 0.553206 0.636961 0.048828 0.048828
0 0.534594 0.652471 0.048828 0.048828
0 0.480825 0.672118 0.048828 0.048828
0 0.433261 0.680390 0.048828 0.048828
0 0.390866 0.690730 0.048828 0.048828
0 0.351574 0.723818 0.048828 0.048828
0 0.338131 0.761043 0.048828 0.048828
0 0.383628 0.757941 0.048828 0.048828
0 0.410512 0.731056 0.048828 0.048828
0 0.452907 0.714512 0.048828 0.048828
0 0.495301 0.713478 0.048828 0.048828
0 0.535628 0.701070 0.048828 0.048828
0 0.530458 0.762077 0.048828 0.048828
0 0.472553 0.739328 0.048828 0.048828
0 0.480825 0.770349 0.048828 0.048828
0 0.428090 0.777587 0.048828 0.048828
0 0.385696 0.792063 0.048828 0.048828
0 0.338131 0.813777 0.048828 0.048828
0 0.369152 0.853070 0.048828 0.048828
0 0.412580 0.826186 0.048828 0.048828
0 0.452907 0.800335 0.048828 0.048828
0 0.581169 0.696044 0.048828 0.048828
0 0.611741 0.668252 0.048828 0.048828
0 0.638607 0.691412 0.048828 0.048828
0 0.694192 0.687707 0.048828 0.048828
0 0.752556 0.717352 0.048828 0.048828
0 0.555229 0.838712 0.048828 0.048828
0 0.721984 0.800729 0.048828 0.048828
0 0.702529 0.631195 0.048828 0.048828
0 0.633048 0.612667 0.048828 0.048828
0 0.583022 0.618226 0.048828 0.048828
0 0.587654 0.583022 0.048828 0.048828
0 0.542260 0.560788 0.048828 0.048828
0 0.488528 0.573758 0.048828 0.048828
0 0.501497 0.545965 0.048828 0.048828
0 0.511688 0.520026 0.048828 0.048828
0 0.472779 0.509835 0.048828 0.048828
0 0.457956 0.476484 0.048828 0.048828
0 0.437575 0.438501 0.048828 0.048828
0 0.404224 0.479264 0.048828 0.048828
0 0.379211 0.450545 0.048828 0.048828
0 0.390328 0.418120 0.048828 0.048828
0 0.433869 0.388475 0.048828 0.048828
0 0.464441 0.414415 0.048828 0.048828
0 0.508909 0.408856 0.048828 0.048828
0 0.497792 0.444060 0.048828 0.048828
0 0.537628 0.461662 0.048828 0.048828
0 0.563567 0.482043 0.048828 0.048828
0 0.612667 0.470926 0.048828 0.048828
0 0.551524 0.427384 0.048828 0.048828
0 0.559862 0.381064 0.048828 0.048828
0 0.542260 0.331037 0.048828 0.048828
0 0.509835 0.317141 0.048828 0.048828
0 0.513541 0.361609 0.048828 0.048828
0 0.476484 0.344007 0.048828 0.048828
0 0.424605 0.338449 0.048828 0.048828
0 0.454250 0.279158 0.048828 0.048828
0 0.414415 0.289349 0.048828 0.048828
0 0.392181 0.253219 0.048828 0.048828
0 0.346786 0.318994 0.048828 0.048828
0 0.420899 0.230985 0.048828 0.048828
0 0.478337 0.236543 0.048828 0.048828
0 0.523731 0.223573 0.048828 0.048828
0 0.510762 0.282864 0.048828 0.048828
0 0.581169 0.325479 0.048828 0.048828
0 0.626563 0.307877 0.048828 0.048828
0 0.656209 0.329184 0.048828 0.048828
0 0.691412 0.344933 0.048828 0.048828
0 0.739586 0.368094 0.048828 0.048828
0 0.668252 0.374579 0.048828 0.048828
0 0.651576 0.426458 0.048828 0.048828
0 0.631195 0.394960 0.048828 0.048828
0 0.696971 0.410709 0.048828 0.048828
0 0.736807 0.425531 0.048828 0.048828
0 0.716425 0.466294 0.048828 0.048828
0 0.669178 0.450545 0.048828 0.048828
0 0.651576 0.485748 0.048828 0.048828
0 0.700676 0.506130 0.048828 0.048828
0 0.698824 0.550597 0.048828 0.048828
0 0.664546 0.567273 0.048828 0.048828
0 0.624710 0.565420 0.048828 0.048828
0 0.620078 0.519099 0.048828 0.048828
0 0.574684 0.524658 0.048828 0.048828
0 0.753482 0.571905 0.048828 0.048828
0 0.755335 0.515394 0.048828 0.048828
0 0.788686 0.455177 0.048828 0.048828
0 0.786833 0.389401 0.048828 0.048828
0 0.772937 0.340301 0.048828 0.048828
0 0.799803 0.324552 0.048828 0.048828
0 0.845197 0.373652 0.048828 0.048828
0 0.873916 0.347713 0.048828 0.048828
0 0.841491 0.419047 0.048828 0.048828
0 0.883180 0.453324 0.048828 0.048828
0 0.891518 0.497792 0.048828 0.048828
0 0.854461 0.538554 0.048828 0.048828
0 0.804435 0.534848 0.048828 0.048828
0 0.985086 0.537628 0.048828 0.048828
0 0.935059 0.444060 0.048828 0.048828
0 0.936912 0.369947 0.048828 0.048828
0 0.908193 0.266188 0.048828 0.048828
0 0.866505 0.298613 0.048828 0.048828
0 0.847976 0.318994 0.048828 0.048828
0 0.830374 0.278232 0.048828 0.048828
0 0.796097 0.268041 0.048828 0.048828
0 0.782201 0.294907 0.048828 0.048828
0 0.744218 0.296760 0.048828 0.048828
0 0.744218 0.264335 0.048828 0.048828
0 0.660841 0.278232 0.048828 0.048828
0 0.703456 0.269894 0.048828 0.048828
0 0.691412 0.230058 0.048828 0.048828
0 0.734954 0.209677 0.048828 0.048828
0 0.782201 0.249513 0.048828 0.048828
0 0.750703 0.236543 0.048828 0.048828
0 0.780348 0.205971 0.048828 0.048828
0 0.816478 0.227279 0.048828 0.048828
0 0.860946 0.242102 0.048828 0.048828
0 0.895223 0.209677 0.048828 0.048828
0 0.828522 0.183737 0.048828 0.048828
0 0.797950 0.161504 0.048828 0.048828
0 0.760893 0.163356 0.048828 0.048828
0 0.720131 0.173547 0.048828 0.048828
0 0.640460 0.225426 0.048828 0.048828
0 0.617299 0.253219 0.048828 0.048828
0 0.571905 0.268041 0.048828 0.048828
0 0.648797 0.186517 0.048828 0.048828
0 0.614520 0.189296 0.048828 0.048828
0 0.568199 0.191149 0.048828 0.048828
0 0.504277 0.184664 0.048828 0.048828
0 0.462588 0.173547 0.048828 0.048828
0 0.437575 0.130932 0.048828 0.048828
0 0.453324 0.101287 0.048828 0.048828
0 0.471852 0.130005 0.048828 0.048828
0 0.522805 0.118888 0.048828 0.048828
0 0.553377 0.135564 0.048828 0.048828
0 0.622858 0.142975 0.048828 0.048828
0 0.561714 0.085538 0.048828 0.048828
0 0.491307 0.063304 0.048828 0.048828
0 0.593212 0.092949 0.048828 0.048828
0 0.645092 0.105919 0.048828 0.048828
0 0.678443 0.130932 0.048828 0.048828
0 0.719205 0.142975 0.048828 0.048828
0 0.702529 0.099434 0.048828 0.048828
0 0.755335 0.114256 0.048828 0.048828
0 0.739586 0.069789 0.048828 0.048828
0 0.810920 0.119815 0.048828 0.048828
0 0.784980 0.070715 0.048828 0.048828
0 0.819257 0.068862 0.048828 0.048828
0 0.847050 0.089243 0.048828 0.048828
0 0.846123 0.139270 0.048828 0.048828
0 0.885959 0.123521 0.048828 0.048828
0 0.888738 0.166136 0.048828 0.048828
0 0.916531 0.169841 0.048828 0.048828
0 0.964704 0.165209 0.048828 0.048828
0 0.951735 0.249513 0.048828 0.048828
0 0.949882 0.099434 0.048828 0.048828
0 0.929501 0.130005 0.048828 0.048828
0 0.911899 0.094802 0.048828 0.048828
0 0.923016 0.057745 0.048828 0.048828
0 0.881327 0.056819 0.048828 0.048828
0 0.973042 0.064230 0.048828 0.048828
0 0.643239 0.042923 0.048828 0.048828
0 0.687707 0.025321 0.048828 0.048828
0 0.751629 0.026247 0.048828 0.048828
0 0.806288 0.015130 0.048828 0.048828
0 0.634901 0.004013 0.048828 0.048828
0 0.599697 0.020689 0.048828 0.048828
0 0.555229 0.017909 0.048828 0.048828
0 0.834080 0.035511 0.048828 0.048828
0 0.923016 0.023468 0.048828 0.048828
0 0.969336 0.037364 0.048828 0.048828
0 0.021505 0.161535 0.048828 0.048828
0 0.045202 0.120603 0.048828 0.048828
0 0.003193 0.069977 0.048828 0.048828
0 0.049511 0.065668 0.048828 0.048828
0 0.024736 0.019351 0.048828 0.048828
0 0.148609 0.194927 0.048828 0.048828
0 0.189541 0.207852 0.048828 0.048828
0 0.212161 0.207852 0.048828 0.048828
0 0.271404 0.184155 0.048828 0.048828
0 0.319876 0.169075 0.048828 0.048828
0 0.326339 0.120603 0.048828 0.048828
0 0.290793 0.137837 0.048828 0.048828
0 0.220778 0.150763 0.048828 0.048828
0 0.177692 0.143223 0.048828 0.048828
0 0.137837 0.138915 0.048828 0.048828
0 0.090443 0.091520 0.048828 0.048828
0 0.131375 0.092597 0.048828 0.048828
0 0.164766 0.104446 0.048828 0.048828
0 0.219701 0.113063 0.048828 0.048828
0 0.271404 0.104446 0.048828 0.048828
0 0.331725 0.085057 0.048828 0.048828
0 0.299410 0.058128 0.048828 0.048828
0 0.257401 0.065668 0.048828 0.048828
0 0.218624 0.052742 0.048828 0.048828
0 0.173384 0.039817 0.048828 0.048828
0 0.123835 0.027968 0.048828 0.048828
0 0.078594 0.031199 0.048828 0.048828
0 0.362962 0.036585 0.048828 0.048828
0 0.326339 0.013965 0.048828 0.048828
0 0.266019 0.020428 0.048828 0.048828
0 0.215392 0.007502 0.048828 0.048828
0 0.602090 0.367271 0.048828 0.048828
0 0.463138 0.048434 0.048828 0.048828
0 0.344651 0.249861 0.048828 0.048828