0 0.654046 0.998674 0.048828 0.048828
0 0.929191 0.979220 0.048828 0.048828
0 0.986629 0.969029 0.048828 0.048828
0 0.967174 0.931046 0.048828 0.048828
0 0.906957 0.938457 0.048828 0.048828
0 0.879165 0.950501 0.048828 0.048828
0 0.826359 0.964397 0.048828 0.048828
0 0.795788 0.937531 0.048828 0.048828
0 0.755025 0.957912 0.048828 0.048828
0 0.721675 0.970882 0.048828 0.048828
0 0.574375 0.972735 0.048828 0.048828
0 0.609578 0.970882 0.048828 0.048828
0 0.521569 0.971808 0.048828 0.048828
0 0.508599 0.933825 0.048828 0.048828
0 0.441897 0.969029 0.048828 0.048828
0 0.415031 0.965323 0.048828 0.048828
0 0.418737 0.936604 0.048828 0.048828
0 0.462279 0.933825 0.048828 0.048828
0 0.565111 0.929193 0.048828 0.048828
0 0.609578 0.918076 0.048828 0.048828
0 0.654046 0.949574 0.048828 0.048828
0 0.686471 0.906033 0.048828 0.048828
0 0.720748 0.931046 0.048828 0.048828
0 0.761510 0.919003 0.048828 0.048828
0 0.813389 0.885652 0.048828 0.048828
0 0.843961 0.936604 0.048828 0.048828
0 0.854152 0.914371 0.048828 0.048828
0 0.877312 0.872682 0.048828 0.048828
0 0.899546 0.884725 0.048828 0.048828
0 0.927338 0.898622 0.048828 0.048828
0 0.967174 0.891210 0.048828 0.048828
0 0.964395 0.838405 0.048828 0.048828
0 0.921780 0.818950 0.048828 0.048828
0 0.882871 0.834699 0.048828 0.048828
0 0.859710 0.793010 0.048828 0.048828
0 0.806905 0.815244 0.048828 0.048828
0 0.755952 0.829140 0.048828 0.048828
0 0.704073 0.856006 0.048828 0.048828
0 0.730939 0.818024 0.048828 0.048828
0 0.771701 0.793937 0.048828 0.048828
0 0.802273 0.780967 0.048828 0.048828
0 0.834697 0.745763 0.048828 0.048828
0 0.699441 0.808759 0.048828 0.048828
0 0.634592 0.870829 0.048828 0.048828
0 0.581786 0.882872 0.048828 0.048828
0 0.536392 0.900474 0.048828 0.048828
0 0.505820 0.886578 0.048828 0.048828
0 0.452088 0.890284 0.048828 0.048828
0 0.542877 0.865271 0.048828 0.048828
0 0.646635 0.818024 0.048828 0.048828
0 0.677207 0.779114 0.048828 0.048828
0 0.625327 0.776335 0.048828 0.048828
0 0.600314 0.835625 0.048828 0.048828
0 0.567890 0.818950 0.048828 0.048828
0 0.510452 0.835625 0.048828 0.048828
0 0.516937 0.803201 0.048828 0.048828
0 0.554920 0.786525 0.048828 0.048828
0 0.453941 0.847669 0.048828 0.048828
0 0.458573 0.808759 0.048828 0.048828
0 0.475248 0.783746 0.048828 0.048828
0 0.421516 0.780041 0.048828 0.048828
0 0.421516 0.817097 0.048828 0.048828
0 0.415958 0.869903 0.048828 0.048828
0 0.386313 0.932899 0.048828 0.048828
0 0.344624 0.990337 0.048828 0.048828
0 0.300156 0.969955 0.048828 0.048828
0 0.251983 0.981072 0.048828 0.048828
0 0.262173 0.934752 0.048828 0.048828
0 0.310347 0.929193 0.048828 0.048828
0 0.266805 0.888431 0.048828 0.048828
0 0.305715 0.884725 0.048828 0.048828
0 0.356667 0.902327 0.048828 0.048828
0 0.376122 0.849522 0.048828 0.048828
0 0.324243 0.839331 0.048828 0.048828
0 0.353888 0.813391 0.048828 0.048828
0 0.289966 0.811539 0.048828 0.048828
0 0.364079 0.765218 0.048828 0.048828
0 0.306641 0.765218 0.048828 0.048828
0 0.270511 0.752248 0.048828 0.048828
0 0.964395 0.792084 0.048828 0.048828
0 0.927338 0.748542 0.048828 0.048828
0 0.955131 0.721676 0.048828 0.048828
0 0.924559 0.696663 0.048828 0.048828
0 0.868048 0.692031 0.048828 0.048828
0 0.822654 0.708707 0.048828 0.048828
0 0.772627 0.742058 0.048828 0.048828
0 0.776333 0.689252 0.048828 0.048828
0 0.742056 0.711486 0.048828 0.048828
0 0.717969 0.730941 0.048828 0.048828
0 0.650341 0.735573 0.048828 0.048828
0 0.669795 0.704075 0.048828 0.048828
0 0.619769 0.700369 0.048828 0.048828
0 0.594756 0.731867 0.048828 0.048828
0 0.563258 0.700369 0.048828 0.048828
0 0.538245 0.734646 0.048828 0.048828
0 0.507673 0.699443 0.048828 0.048828
0 0.498409 0.732793 0.048828 0.048828
0 0.443750 0.726309 0.048828 0.048828
0 0.392798 0.723529 0.048828 0.048828
0 0.348330 0.714265 0.048828 0.048828
0 0.311273 0.717044 0.048828 0.048828
0 0.241792 0.853227 0.048828 0.048828
0 0.209368 0.906033 0.048828 0.048828
0 0.208441 0.962544 0.048828 0.048828
0 0.156562 0.944016 0.048828 0.048828
0 0.120432 0.981072 0.048828 0.048828
0 0.210526 0.813250 0.048828 0.048828
0 0.236378 0.730309 0.048828 0.048828
0 0.064738 0.966778 0.048828 0.048828