0 0.667744 0.903836 0.048828 0.048828
0 0.666771 0.873668 0.048828 0.048828
0 0.740733 0.836687 0.048828 0.048828
0 0.698886 0.832795 0.048828 0.048828
0 0.615193 0.763699 0.048828 0.048828
0 0.590864 0.736450 0.048828 0.048828
0 0.637576 0.670274 0.048828 0.048828
0 0.603515 0.652757 0.048828 0.048828
0 0.573346 0.677086 0.048828 0.048828
0 0.560695 0.697523 0.048828 0.048828
0 0.493546 0.641079 0.048828 0.048828
0 0.546097 0.631347 0.048828 0.048828
0 0.584051 0.610910 0.048828 0.048828
0 0.592810 0.951522 0.048828 0.048828
0 0.582105 0.556413 0.048828 0.048828
0 0.592810 0.520405 0.048828 0.048828
0 0.593783 0.486344 0.048828 0.048828
0 0.570427 0.487317 0.048828 0.048828
0 0.552910 0.568091 0.048828 0.048828
0 0.543178 0.533056 0.048828 0.048828
0 0.514956 0.524298 0.048828 0.048828
0 0.521768 0.582688 0.048828 0.048828
0 0.487707 0.542788 0.048828 0.048828
0 0.485761 0.491210 0.048828 0.048828
0 0.399148 0.496076 0.048828 0.048828
0 0.477975 0.461041 0.048828 0.048828
0 0.514956 0.465907 0.048828 0.048828
0 0.509117 0.434766 0.048828 0.048828
0 0.540258 0.441578 0.048828 0.048828
0 0.475056 0.419195 0.048828 0.048828
0 0.473109 0.379295 0.048828 0.048828
0 0.526634 0.388053 0.048828 0.048828
0 0.557776 0.405570 0.048828 0.048828
0 0.450726 0.348153 0.048828 0.048828
0 0.596703 0.262513 0.048828 0.048828
0 0.633683 0.263487 0.048828 0.048828
0 0.604488 0.202177 0.048828 0.048828
0 0.629791 0.195364 0.048828 0.048828
0 0.535393 0.225533 0.048828 0.048828
0 0.550963 0.178820 0.048828 0.048828
0 0.549990 0.127242 0.048828 0.048828
0 0.597676 0.102913 0.048828 0.048828
0 0.476029 0.221640 0.048828 0.048828
0 0.488680 0.182713 0.048828 0.048828
0 0.495492 0.136001 0.048828 0.048828
0 0.506197 0.063986 0.048828 0.048828
0 0.369953 0.202177 0.048828 0.048828
0 0.373845 0.166169 0.048828 0.048828
0 0.393309 0.114591 0.048828 0.048828
0 0.396228 0.080530 0.048828 0.048828
0 0.377738 0.078583 0.048828 0.048828
0 0.360221 0.063986 0.048828 0.048828
0 0.369953 0.026032 0.048828 0.048828
0 0.337838 0.026032 0.048828 0.048828
0 0.319348 0.121403 0.048828 0.048828
0 0.288206 0.001702 0.048828 0.048828
0 0.464351 0.009488 0.048828 0.048828