0 0.965264 0.708704 0.048828 0.048828
0 0.893422 0.628192 0.048828 0.048828
0 0.858740 0.648011 0.048828 0.048828
0 0.754694 0.522908 0.048828 0.048828
0 0.789376 0.546442 0.048828 0.048828
0 0.804240 0.510521 0.048828 0.048828
0 0.848831 0.555112 0.048828 0.048828
0 0.879797 0.595988 0.048828 0.048828
0 0.936775 0.587317 0.048828 0.048828
0 0.996230 0.522908 0.048828 0.048828
0 0.924388 0.503089 0.048828 0.048828
0 0.993752 0.391611 0.048828 0.048828
0 0.945445 0.397805 0.048828 0.048828
0 0.892184 0.403998 0.048828 0.048828
0 0.938013 0.299952 0.048828 0.048828
0 0.916956 0.266508 0.048828 0.048828
0 0.972695 0.266508 0.048828 0.048828
0 0.971457 0.220678 0.048828 0.048828
0 0.923150 0.225633 0.048828 0.048828
0 0.967741 0.141405 0.048828 0.048828