0 0.232117 0.195226 0.048828 0.048828
0 0.258760 0.201375 0.048828 0.048828
0 0.305898 0.212647 0.048828 0.048828
0 0.331517 0.213672 0.048828 0.048828
0 0.365333 0.217771 0.048828 0.048828
0 0.643038 0.536465 0.048828 0.048828
0 0.647136 0.552860 0.048828 0.048828
0 0.664557 0.586677 0.048828 0.048828
0 0.685052 0.516995 0.048828 0.048828
0 0.696324 0.524168 0.048828 0.048828
0 0.721942 0.526217 0.048828 0.048828
0 0.750635 0.541588 0.048828 0.048828
0 0.784452 0.544663 0.048828 0.048828
0 0.793674 0.566182 0.048828 0.048828
0 0.831590 0.556959 0.048828 0.048828
0 0.851060 0.577454 0.048828 0.048828
0 0.826466 0.583603 0.048828 0.048828
0 0.794699 0.604097 0.048828 0.048828
0 0.766006 0.586677 0.048828 0.048828
0 0.725017 0.609221 0.048828 0.048828
0 0.700423 0.554910 0.048828 0.048828
0 0.882827 0.636889 0.048828 0.048828
0 0.909470 0.643038 0.048828 0.048828
0 0.886926 0.836713 0.048828 0.048828
0 0.868480 0.836713 0.048828 0.048828
0 0.843886 0.846961 0.048828 0.048828
0 0.856183 0.809045 0.048828 0.048828
0 0.885901 0.799823 0.048828 0.048828
0 0.962756 0.734239 0.048828 0.048828
0 0.953534 0.716819 0.048828 0.048828
0 0.962756 0.694275 0.048828 0.048828
0 0.974028 0.702472 0.048828 0.048828
0 0.996573 0.709646 0.048828 0.048828
0 0.998622 0.117346 0.048828 0.048828
0 0.968905 0.107099 0.048828 0.048828
0 0.949435 0.095827 0.048828 0.048828
0 0.942261 0.174732 0.048828 0.048828
0 0.768056 0.038441 0.048828 0.048828
0 0.735264 0.025120 0.048828 0.048828
0 0.706571 0.001551 0.048828 0.048828
0 0.670705 0.022045 0.048828 0.048828
0 0.661483 0.006674 0.048828 0.048828
0 0.631765 0.005650 0.048828 0.048828
0 0.590776 0.028194 0.048828 0.048828
0 0.751660 0.703497 0.048828 0.048828
0 0.805971 0.740388 0.048828 0.048828