0 0.117872 0.940203 0.048828 0.048828
0 0.142466 0.940203 0.048828 0.048828
0 0.161936 0.936104 0.048828 0.048828
0 0.213173 0.944302 0.048828 0.048828
0 0.256212 0.946351 0.048828 0.048828
0 0.296177 0.977094 0.048828 0.048828
0 0.331018 0.896139 0.048828 0.048828
0 0.377131 0.899213 0.048828 0.048828
0 0.432467 0.872570 0.048828 0.048828
0 0.463209 0.838754 0.048828 0.048828
0 0.455011 0.824407 0.048828 0.048828
0 0.555436 0.855150 0.048828 0.048828
0 0.567733 0.783418 0.048828 0.048828
0 0.544164 0.771121 0.048828 0.048828
0 0.518545 0.772146 0.048828 0.048828
0 0.493951 0.723983 0.048828 0.048828
0 0.475506 0.726032 0.048828 0.048828
0 0.478580 0.759849 0.048828 0.048828
0 0.390453 0.792641 0.048828 0.048828
0 0.397626 0.825432 0.048828 0.048828
0 0.421195 0.840803 0.048828 0.048828
0 0.383280 0.850026 0.048828 0.048828
0 0.364834 0.821333 0.048828 0.048828
0 0.323845 0.792641 0.048828 0.048828
0 0.311548 0.775220 0.048828 0.048828
0 0.287979 0.767022 0.048828 0.048828
0 0.286954 0.743453 0.048828 0.048828
0 0.255187 0.716810 0.048828 0.048828
0 0.254162 0.745502 0.048828 0.048828
0 0.237767 0.767022 0.048828 0.048828
0 0.237767 0.800838 0.048828 0.048828
0 0.210099 0.745502 0.048828 0.048828
0 0.185505 0.749601 0.048828 0.048828
0 0.147589 0.756775 0.048828 0.048828
0 0.195752 0.720909 0.048828 0.048828
0 0.225470 0.710661 0.048828 0.048828
0 0.180381 0.672746 0.048828 0.048828
0 0.169109 0.649177 0.048828 0.048828
0 0.151688 0.614336 0.048828 0.048828
0 0.145540 0.657375 0.048828 0.048828
0 0.127095 0.654301 0.048828 0.048828
0 0.091229 0.512887 0.048828 0.048828
0 0.038967 0.513911 0.048828 0.048828
0 0.024621 0.451402 0.048828 0.048828
0 0.011299 0.652251 0.048828 0.048828
0 0.110699 0.710661 0.048828 0.048828
0 0.112748 0.740379 0.048828 0.048828
0 0.092254 0.745502 0.048828 0.048828
0 0.043066 0.730131 0.048828 0.048828
0 0.046140 0.711686 0.048828 0.048828
0 0.084056 0.768047 0.048828 0.048828
0 0.020522 0.715785 0.048828 0.048828