0 0.450571 0.729766 0.048828 0.048828
0 0.426824 0.741640 0.048828 0.048828
0 0.391203 0.754427 0.048828 0.048828
0 0.370196 0.753514 0.048828 0.048828
0 0.340969 0.752600 0.048828 0.048828
0 0.347363 0.769040 0.048828 0.048828
0 0.349189 0.785481 0.048828 0.048828
0 0.334576 0.799181 0.048828 0.048828
0 0.327269 0.790048 0.048828 0.048828
0 0.319049 0.782741 0.048828 0.048828
0 0.319049 0.769954 0.048828 0.048828
0 0.304435 0.775434 0.048828 0.048828
0 0.309915 0.803748 0.048828 0.048828
0 0.303522 0.790961 0.048828 0.048828
0 0.291648 0.782741 0.048828 0.048828
0 0.289822 0.796441 0.048828 0.048828
0 0.280688 0.812881 0.048828 0.048828
0 0.290735 0.824755 0.048828 0.048828