0 0.990361 0.985794 0.048828 0.048828
0 0.962960 0.980314 0.048828 0.048828
0 0.947433 0.977574 0.048828 0.048828
0 0.928253 0.979401 0.048828 0.048828
0 0.904506 0.978487 0.048828 0.048828
0 0.879846 0.975747 0.048828 0.048828
0 0.525466 0.773897 0.048828 0.048828
0 0.486192 0.728229 0.048828 0.048828
0 0.499892 0.694436 0.048828 0.048828
0 0.517246 0.685302 0.048828 0.048828
0 0.556520 0.555606 0.048828 0.048828
0 0.519072 0.545559 0.048828 0.048828
0 0.472492 0.560173 0.048828 0.048828
0 0.382070 0.634154 0.048828 0.048828
0 0.372936 0.599447 0.048828 0.048828
0 0.655161 0.588487 0.048828 0.048828
0 0.686215 0.588487 0.048828 0.048828
0 0.701742 0.580267 0.048828 0.048828
0 0.702656 0.566567 0.048828 0.048828
0 0.719096 0.568393 0.048828 0.048828
0 0.772070 0.567480 0.048828 0.048828
0 0.889892 0.488018 0.048828 0.048828
0 0.916379 0.427737 0.048828 0.048828
0 0.930993 0.405817 0.048828 0.048828
0 0.964787 0.412210 0.048828 0.048828
0 0.495325 0.479798 0.048828 0.048828
0 0.448744 0.404904 0.048828 0.048828
0 0.762937 0.328182 0.048828 0.048828
0 0.817738 0.298042 0.048828 0.048828
0 0.309915 0.003943 0.048828 0.048828
0 0.280688 0.013077 0.048828 0.048828
0 0.290735 0.024950 0.048828 0.048828
0 0.012163 0.234107 0.048828 0.048828
0 0.013077 0.379330 0.048828 0.048828
0 0.024950 0.412210 0.048828 0.048828
0 0.044130 0.426824 0.048828 0.048828
0 0.060571 0.427737 0.048828 0.048828
0 0.096191 0.457878 0.048828 0.048828
0 0.198487 0.204880 0.048828 0.048828
0 0.223147 0.201227 0.048828 0.048828