0 0.811968 0.234107 0.048828 0.048828
0 0.768127 0.287995 0.048828 0.048828
0 0.742553 0.264248 0.048828 0.048828
0 0.716066 0.263334 0.048828 0.048828
0 0.701453 0.259681 0.048828 0.048828
0 0.688666 0.260594 0.048828 0.048828
0 0.463982 0.313569 0.048828 0.048828
0 0.446628 0.310829 0.048828 0.048828
0 0.423794 0.300782 0.048828 0.048828
0 0.301405 0.094365 0.048828 0.048828
0 0.297752 0.116285 0.048828 0.048828
0 0.314192 0.119939 0.048828 0.048828
0 0.316932 0.135465 0.048828 0.048828
0 0.275832 0.188440 0.048828 0.048828
0 0.292272 0.231367 0.048828 0.048828
0 0.270352 0.282515 0.048828 0.048828
0 0.275832 0.257854 0.048828 0.048828
0 0.263045 0.238674 0.048828 0.048828
0 0.266698 0.218580 0.048828 0.048828
0 0.254825 0.213100 0.048828 0.048828
0 0.239298 0.211273 0.048828 0.048828
0 0.241124 0.244154 0.048828 0.048828
0 0.717893 0.409470 0.048828 0.048828
0 0.746207 0.405817 0.048828 0.048828
0 0.781827 0.376590 0.048828 0.048828
0 0.812881 0.379330 0.048828 0.048828
0 0.824755 0.412210 0.048828 0.048828
0 0.843935 0.426824 0.048828 0.048828
0 0.860375 0.427737 0.048828 0.048828
0 0.895996 0.457878 0.048828 0.048828
0 0.552577 0.655161 0.048828 0.048828
0 0.510563 0.658815 0.048828 0.048828
0 0.466722 0.625021 0.048828 0.048828
0 0.998291 0.204880 0.048828 0.048828