0 0.109157 0.043057 0.048828 0.048828
0 0.026153 0.179347 0.048828 0.048828
0 0.050747 0.175248 0.048828 0.048828
0 0.100959 0.203941 0.048828 0.048828
0 0.127603 0.203941 0.048828 0.048828
0 0.165518 0.298217 0.048828 0.048828
0 0.177815 0.261327 0.048828 0.048828
0 0.236225 0.267475 0.048828 0.048828
0 0.267992 0.270549 0.048828 0.048828
0 0.436049 0.048181 0.048828 0.048828
0 0.459618 0.047156 0.048828 0.048828
0 0.462692 0.073799 0.048828 0.048828
0 0.497534 0.090195 0.048828 0.048828
0 0.517004 0.084047 0.048828 0.048828
0 0.505731 0.063552 0.048828 0.048828
0 0.451420 0.010265 0.048828 0.048828
0 0.513929 0.017439 0.048828 0.048828
0 0.554919 0.020513 0.048828 0.048828
0 0.545696 0.097368 0.048828 0.048828
0 0.622552 0.088146 0.048828 0.048828
0 0.653294 0.083022 0.048828 0.048828
0 0.647145 0.106591 0.048828 0.048828
0 0.675838 0.118888 0.048828 0.048828
0 0.690185 0.110690 0.048828 0.048828
0 0.728100 0.119913 0.048828 0.048828
0 0.754743 0.128110 0.048828 0.048828
0 0.770114 0.042032 0.048828 0.048828
0 0.805980 0.044082 0.048828 0.048828
0 0.925875 0.006166 0.048828 0.048828
0 0.897182 0.006166 0.048828 0.048828
0 0.401208 0.176273 0.048828 0.048828
0 0.360218 0.175248 0.048828 0.048828
0 0.325377 0.172174 0.048828 0.048828