0 0.796232 0.013331 0.048828 0.048828
0 0.764465 0.021529 0.048828 0.048828
0 0.731673 0.025627 0.048828 0.048828
0 0.673263 0.004108 0.048828 0.048828
0 0.648669 0.020504 0.048828 0.048828
0 0.647644 0.091211 0.048828 0.048828
0 0.726549 0.081988 0.048828 0.048828
0 0.754217 0.078914 0.048828 0.048828
0 0.791108 0.074815 0.048828 0.048828
0 0.815702 0.069691 0.048828 0.048828
0 0.829023 0.077889 0.048828 0.048828
0 0.856691 0.080963 0.048828 0.048828
0 0.886409 0.091211 0.048828 0.048828
0 0.938670 0.062518 0.048828 0.048828
0 0.961215 0.074815 0.048828 0.048828
0 0.978635 0.115805 0.048828 0.048828
0 0.790083 0.122978 0.048828 0.048828
0 0.593333 0.319728 0.048828 0.048828
0 0.615877 0.327926 0.048828 0.048828
0 0.622026 0.338173 0.048828 0.048828
0 0.646620 0.355594 0.048828 0.048828
0 0.663015 0.339198 0.048828 0.048828
0 0.678387 0.344321 0.048828 0.048828
0 0.699906 0.350470 0.048828 0.048828
0 0.677362 0.378138 0.048828 0.048828
0 0.701956 0.366866 0.048828 0.048828
0 0.720401 0.359693 0.048828 0.048828
0 0.742945 0.351495 0.048828 0.048828
0 0.734747 0.371989 0.048828 0.048828
0 0.762415 0.360717 0.048828 0.048828
0 0.781885 0.353544 0.048828 0.048828
0 0.849518 0.308456 0.048828 0.048828
0 0.826974 0.299233 0.048828 0.048828
0 0.815702 0.290010 0.048828 0.048828
0 0.802380 0.282837 0.048828 0.048828
0 0.772663 0.279763 0.048828 0.048828
0 0.678387 0.240823 0.048828 0.048828
0 0.640471 0.313579 0.048828 0.048828
0 0.626125 0.302307 0.048828 0.048828
0 0.674288 0.401707 0.048828 0.048828
0 0.702980 0.403756 0.048828 0.048828
0 0.726549 0.398633 0.048828 0.048828
0 0.774712 0.375064 0.048828 0.048828
0 0.720401 0.445771 0.048828 0.048828
0 0.677362 0.612803 0.048828 0.048828
0 0.292851 0.168636 0.048828 0.048828
0 0.253577 0.176856 0.048828 0.048828
0 0.223437 0.179596 0.048828 0.048828
0 0.190556 0.185989 0.048828 0.048828
0 0.163156 0.180509 0.048828 0.048828
0 0.147629 0.177769 0.048828 0.048828
0 0.128448 0.179596 0.048828 0.048828
0 0.104701 0.178683 0.048828 0.048828
0 0.080041 0.175943 0.048828 0.048828
0 0.979660 0.191635 0.048828 0.048828
0 0.710153 0.110681 0.048828 0.048828