0 0.230228 0.934260 0.048828 0.048828
0 0.188966 0.880862 0.048828 0.048828
0 0.181684 0.818969 0.048828 0.048828
0 0.192607 0.771640 0.048828 0.048828
0 0.233869 0.730378 0.048828 0.048828
0 0.221733 0.613873 0.048828 0.048828
0 0.193820 0.571398 0.048828 0.048828
0 0.249645 0.566543 0.048828 0.048828
0 0.264208 0.615087 0.048828 0.048828
0 0.303043 0.629650 0.048828 0.048828
0 0.310325 0.556835 0.048828 0.048828
0 0.309111 0.519213 0.048828 0.048828
0 0.362509 0.561689 0.048828 0.048828
0 0.361295 0.497369 0.048828 0.048828
0 0.403771 0.434262 0.048828 0.048828
0 0.408625 0.385719 0.048828 0.048828
0 0.485081 0.505864 0.048828 0.048828
0 0.426829 0.565330 0.048828 0.048828
0 0.536052 0.538631 0.048828 0.048828
0 0.499644 0.554407 0.048828 0.048828
0 0.476586 0.577466 0.048828 0.048828
0 0.502072 0.310476 0.048828 0.048828