0 0.372312 0.718613 0.048828 0.048828
0 0.322767 0.697557 0.048828 0.048828
0 0.379744 0.774352 0.048828 0.048828
0 0.450347 0.763205 0.048828 0.048828
0 0.499893 0.757011 0.048828 0.048828
0 0.472643 0.708704 0.048828 0.048828
0 0.450347 0.810273 0.048828 0.048828
0 0.477597 0.841239 0.048828 0.048828
0 0.508563 0.849910 0.048828 0.048828
0 0.551916 0.773114 0.048828 0.048828
0 0.354971 0.925467 0.048828 0.048828
0 0.368597 0.827614 0.048828 0.048828
0 0.343824 0.774352 0.048828 0.048828
0 0.219959 0.735954 0.048828 0.048828
0 0.165459 0.708704 0.048828 0.048828
0 0.093618 0.628192 0.048828 0.048828
0 0.058935 0.648011 0.048828 0.048828
0 0.004435 0.510521 0.048828 0.048828
0 0.049026 0.555112 0.048828 0.048828
0 0.079992 0.595988 0.048828 0.048828
0 0.136970 0.587317 0.048828 0.048828
0 0.208811 0.620761 0.048828 0.048828
0 0.257119 0.651727 0.048828 0.048828
0 0.281891 0.600942 0.048828 0.048828
0 0.250925 0.566260 0.048828 0.048828
0 0.196425 0.522908 0.048828 0.048828
0 0.124584 0.503089 0.048828 0.048828
0 0.321528 0.550158 0.048828 0.048828
0 0.317812 0.495657 0.048828 0.048828
0 0.279414 0.454782 0.048828 0.048828
0 0.352494 0.515476 0.048828 0.048828
0 0.306664 0.659159 0.048828 0.048828
0 0.364881 0.645533 0.048828 0.048828
0 0.419381 0.695079 0.048828 0.048828
0 0.460256 0.656681 0.048828 0.048828
0 0.409472 0.655443 0.048828 0.048828
0 0.665871 0.666590 0.048828 0.048828
0 0.649769 0.625715 0.048828 0.048828
0 0.646053 0.557590 0.048828 0.048828
0 0.554393 0.589794 0.048828 0.048828
0 0.574212 0.532817 0.048828 0.048828
0 0.594030 0.506805 0.048828 0.048828
0 0.617564 0.475839 0.048828 0.048828
0 0.493700 0.565022 0.048828 0.048828
0 0.466449 0.587317 0.048828 0.048828
0 0.419381 0.591033 0.048828 0.048828
0 0.382222 0.557590 0.048828 0.048828
0 0.402040 0.508044 0.048828 0.048828
0 0.437961 0.540249 0.048828 0.048828
0 0.491222 0.527862 0.048828 0.048828
0 0.520950 0.464691 0.048828 0.048828
0 0.524666 0.423816 0.048828 0.048828
0 0.480075 0.436203 0.048828 0.048828
0 0.478836 0.482032 0.048828 0.048828
0 0.441677 0.473362 0.048828 0.048828
0 0.387176 0.463453 0.048828 0.048828
0 0.213766 0.451066 0.048828 0.048828
0 0.737713 0.365600 0.048828 0.048828
0 0.774872 0.330918 0.048828 0.048828
0 0.876441 0.287565 0.048828 0.048828
0 0.898736 0.252883 0.048828 0.048828
0 0.701792 0.233065 0.048828 0.048828
0 0.700553 0.283849 0.048828 0.048828
0 0.408233 0.287565 0.048828 0.048828
0 0.241016 0.382941 0.048828 0.048828
0 0.193948 0.391611 0.048828 0.048828
0 0.145641 0.397805 0.048828 0.048828
0 0.092379 0.403998 0.048828 0.048828
0 0.138209 0.299952 0.048828 0.048828
0 0.117152 0.266508 0.048828 0.048828
0 0.172891 0.266508 0.048828 0.048828
0 0.171652 0.220678 0.048828 0.048828
0 0.123345 0.225633 0.048828 0.048828
0 0.167936 0.141405 0.048828 0.048828
0 0.260835 0.190951 0.048828 0.048828
0 0.294278 0.053461 0.048828 0.048828
0 0.343824 0.063371 0.048828 0.048828
0 0.335153 0.013825 0.048828 0.048828
0 0.421858 0.054700 0.048828 0.048828
0 0.436722 0.098053 0.048828 0.048828
0 0.569257 0.176087 0.048828 0.048828
0 0.611371 0.184758 0.048828 0.048828
0 0.655962 0.187235 0.048828 0.048828
0 0.709224 0.179803 0.048828 0.048828
0 0.678258 0.141405 0.048828 0.048828
0 0.642337 0.115394 0.048828 0.048828
0 0.660917 0.094337 0.048828 0.048828
0 0.726565 0.078234 0.048828 0.048828
0 0.751338 0.112916 0.048828 0.048828
0 0.751338 0.136451 0.048828 0.048828
0 0.779827 0.158746 0.048828 0.048828
0 0.813270 0.129019 0.048828 0.048828
0 0.855384 0.133973 0.048828 0.048828
0 0.847952 0.101769 0.048828 0.048828
0 0.768679 0.047268 0.048828 0.048828