0 0.319932 0.968342 0.048828 0.048828
0 0.236195 0.940429 0.048828 0.048828
0 0.082069 0.990186 0.048828 0.048828
0 0.114836 0.954992 0.048828 0.048828
0 0.148817 0.940429 0.048828 0.048828
0 0.182797 0.985332 0.048828 0.048828
0 0.251972 0.876109 0.048828 0.048828
0 0.163380 0.882177 0.048828 0.048828
0 0.033526 0.976837 0.048828 0.048828
0 0.027458 0.921012 0.048828 0.048828
0 0.052943 0.878536 0.048828 0.048828
0 0.092992 0.832420 0.048828 0.048828
0 0.092992 0.810575 0.048828 0.048828
0 0.032312 0.834847 0.048828 0.048828
0 0.056584 0.796012 0.048828 0.048828
0 0.006827 0.817857 0.048828 0.048828
0 0.028671 0.730479 0.048828 0.048828
0 0.052943 0.753537 0.048828 0.048828
0 0.069933 0.689217 0.048828 0.048828
0 0.000759 0.541159 0.048828 0.048828
0 0.044448 0.531450 0.048828 0.048828
0 0.061438 0.499897 0.048828 0.048828
0 0.108768 0.439218 0.048828 0.048828
0 0.089351 0.421014 0.048828 0.048828
0 0.025031 0.404024 0.048828 0.048828
0 0.028671 0.355480 0.048828 0.048828
0 0.014108 0.304509 0.048828 0.048828
0 0.034739 0.459849 0.048828 0.048828
0 0.011681 0.498683 0.048828 0.048828