0 0.262790 0.626873 0.048828 0.048828
0 0.243335 0.580552 0.048828 0.048828
0 0.190530 0.565729 0.048828 0.048828
0 0.275760 0.534231 0.048828 0.048828
0 0.229439 0.484205 0.048828 0.048828
0 0.195162 0.457339 0.048828 0.048828
0 0.159958 0.487911 0.048828 0.048828
0 0.118270 0.486984 0.048828 0.048828
0 0.075655 0.474941 0.048828 0.048828
0 0.075655 0.439737 0.048828 0.048828
0 0.041377 0.432326 0.048828 0.048828
0 0.105300 0.427694 0.048828 0.048828
0 0.142356 0.445296 0.048828 0.048828
0 0.169222 0.436958 0.048828 0.048828
0 0.227586 0.419356 0.048828 0.048828
0 0.226660 0.373962 0.048828 0.048828
0 0.174781 0.391564 0.048828 0.048828
0 0.136798 0.382299 0.048828 0.048828
0 0.147915 0.335052 0.048828 0.048828
0 0.089551 0.323935 0.048828 0.048828
0 0.096036 0.365624 0.048828 0.048828
0 0.056200 0.376741 0.048828 0.048828
0 0.308184 0.665782 0.048828 0.048828
0 0.371181 0.563877 0.048828 0.048828
0 0.320228 0.550907 0.048828 0.048828
0 0.292435 0.488837 0.048828 0.048828
0 0.334124 0.489764 0.048828 0.048828
0 0.351726 0.461045 0.048828 0.048828
0 0.425839 0.504586 0.048828 0.048828
0 0.447147 0.471235 0.048828 0.048828
0 0.392488 0.461045 0.048828 0.048828
0 0.468454 0.436958 0.048828 0.048828
0 0.423986 0.428620 0.048828 0.048828
0 0.491614 0.404533 0.048828 0.048828
0 0.523112 0.448075 0.048828 0.048828
0 0.535156 0.420282 0.048828 0.048828
0 0.316522 0.394343 0.048828 0.048828
0 0.275760 0.359139 0.048828 0.048828
0 0.237777 0.324862 0.048828 0.048828
0 0.283171 0.316524 0.048828 0.048828
0 0.343388 0.298922 0.048828 0.048828
0 0.325786 0.324862 0.048828 0.048828
0 0.362843 0.360066 0.048828 0.048828
0 0.472160 0.358213 0.048828 0.048828
0 0.524965 0.366550 0.048828 0.048828
0 0.584256 0.383226 0.048828 0.048828
0 0.404531 0.310039 0.048828 0.048828
0 0.431397 0.284100 0.048828 0.048828
0 0.449926 0.315598 0.048828 0.048828
0 0.497173 0.299849 0.048828 0.048828
0 0.481424 0.261866 0.048828 0.048828
0 0.525892 0.259086 0.048828 0.048828
0 0.567580 0.310039 0.048828 0.048828
0 0.615754 0.338758 0.048828 0.048828
0 0.188677 0.285026 0.048828 0.048828
0 0.213690 0.265571 0.048828 0.048828
0 0.266496 0.270203 0.048828 0.048828
0 0.337830 0.255381 0.048828 0.048828
0 0.377665 0.260013 0.048828 0.048828
0 0.417501 0.240558 0.048828 0.048828
0 0.382298 0.217398 0.048828 0.048828
0 0.317449 0.213692 0.048828 0.048828
0 0.134019 0.255381 0.048828 0.048828
0 0.115490 0.227588 0.048828 0.048828
0 0.104373 0.266498 0.048828 0.048828
0 0.062685 0.285026 0.048828 0.048828
0 0.039524 0.316524 0.048828 0.048828
0 0.069170 0.242411 0.048828 0.048828
0 0.085845 0.218324 0.048828 0.048828
0 0.029334 0.235000 0.048828 0.048828
0 0.024702 0.278541 0.048828 0.048828
0 0.002468 0.263719 0.048828 0.048828
0 0.653737 0.374888 0.048828 0.048828
0 0.686161 0.363771 0.048828 0.048828
0 0.736188 0.374888 0.048828 0.048828
0 0.718586 0.318377 0.048828 0.048828
0 0.742673 0.280394 0.048828 0.048828
0 0.688941 0.159960 0.048828 0.048828
0 0.647252 0.197017 0.048828 0.048828
0 0.620386 0.214619 0.048828 0.048828
0 0.600931 0.263719 0.048828 0.048828
0 0.626871 0.174783 0.048828 0.048828
0 0.633356 0.109007 0.048828 0.048828
0 0.594446 0.138653 0.048828 0.048828
0 0.551831 0.163666 0.048828 0.048828
0 0.526818 0.205354 0.048828 0.048828
0 0.458263 0.194237 0.048828 0.048828
0 0.400826 0.171077 0.048828 0.048828
0 0.317449 0.158107 0.048828 0.048828
0 0.252600 0.197943 0.048828 0.048828
0 0.213690 0.209987 0.048828 0.048828
0 0.228513 0.140505 0.048828 0.048828
0 0.260937 0.148843 0.048828 0.048828
0 0.283171 0.108081 0.048828 0.048828
0 0.327639 0.124756 0.048828 0.048828
0 0.396194 0.097890 0.048828 0.048828
0 0.445294 0.065466 0.048828 0.048828
0 0.515701 0.061760 0.048828 0.048828
0 0.554611 0.056202 0.048828 0.048828
0 0.554611 0.099743 0.048828 0.048828
0 0.500879 0.109934 0.048828 0.048828
0 0.511995 0.147917 0.048828 0.048828
0 0.465675 0.137726 0.048828 0.048828
0 0.046009 0.202575 0.048828 0.048828
0 0.129387 0.179415 0.048828 0.048828
0 0.159032 0.202575 0.048828 0.048828
0 0.186824 0.169224 0.048828 0.048828
0 0.167370 0.131241 0.048828 0.048828
0 0.107153 0.138653 0.048828 0.048828
0 0.079360 0.150696 0.048828 0.048828
0 0.026555 0.164592 0.048828 0.048828
0 0.013585 0.085847 0.048828 0.048828
0 0.044156 0.136800 0.048828 0.048828
0 0.054347 0.114566 0.048828 0.048828
0 0.077507 0.072877 0.048828 0.048828
0 0.099741 0.084921 0.048828 0.048828
0 0.127534 0.098817 0.048828 0.048828
0 0.167370 0.091406 0.048828 0.048828
0 0.210911 0.109007 0.048828 0.048828
0 0.226660 0.075656 0.048828 0.048828
0 0.218322 0.027483 0.048828 0.048828
0 0.164590 0.038600 0.048828 0.048828
0 0.121975 0.019145 0.048828 0.048828
0 0.083066 0.034894 0.048828 0.048828
0 0.007100 0.015440 0.048828 0.048828
0 0.310964 0.074730 0.048828 0.048828
0 0.275760 0.046938 0.048828 0.048828
0 0.305405 0.037674 0.048828 0.048828
0 0.337830 0.045085 0.048828 0.048828
0 0.360990 0.019145 0.048828 0.048828
0 0.393415 0.037674 0.048828 0.048828