0 0.605461 0.971667 0.048828 0.048828
0 0.637576 0.956096 0.048828 0.048828
0 0.570427 0.971667 0.048828 0.048828
0 0.532473 0.978479 0.048828 0.048828
0 0.502305 0.982372 0.048828 0.048828
0 0.452673 0.988211 0.048828 0.048828
0 0.374819 0.989184 0.048828 0.048828
0 0.408880 0.969721 0.048828 0.048828
0 0.467270 0.960962 0.048828 0.048828
0 0.450726 0.918142 0.048828 0.048828
0 0.491600 0.918142 0.048828 0.048828
0 0.530527 0.936633 0.048828 0.048828
0 0.581132 0.934686 0.048828 0.048828
0 0.624925 0.919115 0.048828 0.048828
0 0.657040 0.913276 0.048828 0.048828
0 0.696940 0.964855 0.048828 0.048828
0 0.269716 0.990157 0.048828 0.048828
0 0.213271 0.983345 0.048828 0.048828
0 0.172398 0.977506 0.048828 0.048828
0 0.150015 0.976533 0.048828 0.048828
0 0.121793 0.944418 0.048828 0.048828
0 0.149042 0.939552 0.048828 0.048828
0 0.176291 0.923981 0.048828 0.048828
0 0.200620 0.943445 0.048828 0.048828
0 0.148069 0.897706 0.048828 0.048828
0 0.178237 0.882135 0.048828 0.048828
0 0.160720 0.858779 0.048828 0.048828
0 0.096490 0.902572 0.048828 0.048828
0 0.202566 0.832503 0.048828 0.048828
0 0.218137 0.869484 0.048828 0.048828
0 0.240520 0.896732 0.048828 0.048828
0 0.246359 0.943445 0.048828 0.048828
0 0.296964 0.943445 0.048828 0.048828
0 0.303777 0.890893 0.048828 0.048828
0 0.341731 0.909384 0.048828 0.048828
0 0.353409 0.939552 0.048828 0.048828
0 0.396228 0.930794 0.048828 0.048828
0 0.377738 0.874349 0.048828 0.048828
0 0.420558 0.891867 0.048828 0.048828
0 0.401094 0.847100 0.048828 0.048828
0 0.440021 0.862671 0.048828 0.048828
0 0.516902 0.875323 0.048828 0.048828
0 0.513983 0.833476 0.048828 0.048828
0 0.572373 0.862671 0.048828 0.048828
0 0.615193 0.865591 0.048828 0.048828
0 0.602542 0.826664 0.048828 0.048828
0 0.578212 0.781898 0.048828 0.048828
0 0.558749 0.814986 0.048828 0.048828
0 0.485761 0.779951 0.048828 0.048828
0 0.540258 0.736158 0.048828 0.048828
0 0.459485 0.833476 0.048828 0.048828
0 0.420558 0.799415 0.048828 0.048828
0 0.440994 0.765354 0.048828 0.048828
0 0.399148 0.765354 0.048828 0.048828
0 0.370926 0.817905 0.048828 0.048828
0 0.331999 0.836396 0.048828 0.048828
0 0.256091 0.849047 0.048828 0.048828
0 0.247332 0.818878 0.048828 0.048828
0 0.290152 0.803308 0.048828 0.048828
0 0.328106 0.790656 0.048828 0.048828
0 0.353409 0.757568 0.048828 0.048828
0 0.296964 0.740051 0.048828 0.048828
0 0.348543 0.726427 0.048828 0.048828
0 0.323240 0.701124 0.048828 0.048828
0 0.349516 0.681661 0.048828 0.048828
0 0.415692 0.724480 0.048828 0.048828
0 0.373845 0.646626 0.048828 0.048828
0 0.409853 0.645653 0.048828 0.048828
0 0.443914 0.658304 0.048828 0.048828
0 0.484787 0.705017 0.048828 0.048828
0 0.461431 0.736158 0.048828 0.048828
0 0.236628 0.772166 0.048828 0.048828
0 0.221057 0.747837 0.048828 0.048828
0 0.172398 0.716695 0.048828 0.048828
0 0.225923 0.687500 0.048828 0.048828
0 0.261930 0.707936 0.048828 0.048828
0 0.254145 0.658304 0.048828 0.048828
0 0.283340 0.669982 0.048828 0.048828
0 0.283340 0.632029 0.048828 0.048828
0 0.336865 0.623270 0.048828 0.048828
0 0.387470 0.593102 0.048828 0.048828
0 0.411799 0.556121 0.048828 0.048828
0 0.717093 0.759496 0.048828 0.048828
0 0.742943 0.735714 0.048828 0.048828
0 0.662290 0.749156 0.048828 0.048828
0 0.631270 0.778108 0.048828 0.048828
0 0.698480 0.880476 0.048828 0.048828
0 0.626099 0.715034 0.048828 0.048828
0 0.673664 0.675741 0.048828 0.048828
0 0.645746 0.649891 0.048828 0.048828
0 0.643678 0.608530 0.048828 0.048828
0 0.684004 0.587850 0.048828 0.048828
0 0.693310 0.638517 0.048828 0.048828
0 0.546480 0.693319 0.048828 0.048828
0 0.513392 0.658163 0.048828 0.048828
0 0.585773 0.655061 0.048828 0.048828
0 0.538208 0.601292 0.048828 0.048828
0 0.521664 0.557864 0.048828 0.048828
0 0.570263 0.554762 0.048828 0.048828
0 0.600249 0.589918 0.048828 0.048828
0 0.609555 0.558898 0.048828 0.048828
0 0.661256 0.556830 0.048828 0.048828
0 0.686072 0.522707 0.048828 0.048828
0 0.726399 0.495823 0.048828 0.048828
0 0.767759 0.458598 0.048828 0.048828
0 0.741909 0.454462 0.048828 0.048828
0 0.693310 0.453428 0.048828 0.048828
0 0.661256 0.474109 0.048828 0.048828
0 0.598181 0.740884 0.048828 0.048828
0 0.709855 0.722272 0.048828 0.048828
0 0.507188 0.513401 0.048828 0.048828
0 0.514426 0.471007 0.048828 0.048828
0 0.569229 0.478245 0.048828 0.048828
0 0.548549 0.522707 0.048828 0.048828
0 0.580603 0.517537 0.048828 0.048828
0 0.642644 0.519605 0.048828 0.048828
0 0.605419 0.482381 0.048828 0.048828
0 0.635406 0.448258 0.048828 0.048828
0 0.578535 0.417238 0.048828 0.048828
0 0.603351 0.384149 0.048828 0.048828
0 0.643678 0.414136 0.048828 0.048828
0 0.682970 0.416204 0.048828 0.048828
0 0.719161 0.425510 0.048828 0.048828
0 0.777065 0.422408 0.048828 0.048828
0 0.834970 0.416204 0.048828 0.048828
0 0.856684 0.378979 0.048828 0.048828
0 0.897011 0.364503 0.048828 0.048828
0 0.837038 0.346925 0.048828 0.048828
0 0.789474 0.365537 0.048828 0.048828
0 0.750181 0.384149 0.048828 0.048828
0 0.754317 0.355197 0.048828 0.048828
0 0.708821 0.357265 0.048828 0.048828
0 0.707787 0.391388 0.048828 0.048828
0 0.669528 0.373809 0.048828 0.048828
0 0.644712 0.358299 0.048828 0.048828
0 0.684004 0.337619 0.048828 0.048828
0 0.458589 0.367605 0.048828 0.048828
0 0.488576 0.382081 0.048828 0.048828
0 0.534072 0.326245 0.048828 0.048828
0 0.569229 0.268340 0.048828 0.048828
0 0.608521 0.203197 0.048828 0.048828
0 0.431705 0.326245 0.048828 0.048828
0 0.469964 0.284884 0.048828 0.048828
0 0.498916 0.239388 0.048828 0.048828
0 0.456521 0.225945 0.048828 0.048828
0 0.438943 0.259034 0.048828 0.048828
0 0.386208 0.231115 0.048828 0.048828
0 0.424467 0.181483 0.048828 0.048828
0 0.473066 0.183551 0.048828 0.048828
0 0.530970 0.175279 0.048828 0.048828
0 0.378970 0.146326 0.048828 0.048828
0 0.423433 0.127714 0.048828 0.048828
0 0.452385 0.134952 0.048828 0.048828
0 0.483406 0.093592 0.048828 0.048828
0 0.556821 0.112204 0.048828 0.048828
0 0.595079 0.086354 0.048828 0.048828
0 0.618861 0.067741 0.048828 0.048828
0 0.665392 0.076013 0.048828 0.048828
0 0.697446 0.108068 0.048828 0.048828
0 0.184576 0.191823 0.048828 0.048828
0 0.175270 0.109102 0.048828 0.048828
0 0.263161 0.168041 0.048828 0.048828
0 0.245583 0.131850 0.048828 0.048828
0 0.251787 0.096694 0.048828 0.048828
0 0.216630 0.031551 0.048828 0.048828
0 0.211460 0.062571 0.048828 0.048828
0 0.182508 0.005701 0.048828 0.048828
0 0.262127 0.049129 0.048828 0.048828
0 0.302453 0.082218 0.048828 0.048828
0 0.331406 0.118408 0.048828 0.048828
0 0.357256 0.080150 0.048828 0.048828
0 0.387242 0.076013 0.048828 0.048828
0 0.367596 0.041891 0.048828 0.048828
0 0.393447 0.022245 0.048828 0.048828
0 0.437909 0.084286 0.048828 0.048828
0 0.463759 0.038789 0.048828 0.048828
0 0.507188 0.067741 0.048828 0.048828
0 0.548549 0.058435 0.048828 0.048828
0 0.585773 0.026381 0.048828 0.048828
0 0.626099 0.010871 0.048828 0.048828
0 0.526834 0.012939 0.048828 0.048828
0 0.743977 0.058435 0.048828 0.048828
0 0.922861 0.335551 0.048828 0.048828
0 0.950780 0.364503 0.048828 0.048828
0 0.975596 0.360367 0.048828 0.048828
0 0.914589 0.284884 0.048828 0.048828
0 0.908385 0.242490 0.048828 0.048828
0 0.878399 0.262136 0.048828 0.048828
0 0.864957 0.230081 0.048828 0.048828
0 0.880467 0.204231 0.048828 0.048828
0 0.845310 0.187687 0.048828 0.048828
0 0.842208 0.151496 0.048828 0.048828
0 0.786372 0.104966 0.048828 0.048828
0 0.773963 0.162871 0.048828 0.048828
0 0.811188 0.216639 0.048828 0.048828
0 0.830834 0.260068 0.048828 0.048828
0 0.857718 0.307632 0.048828 0.048828
0 0.818426 0.319007 0.048828 0.048828
0 0.800848 0.283850 0.048828 0.048828
0 0.790508 0.240422 0.048828 0.048828
0 0.765691 0.206299 0.048828 0.048828
0 0.738807 0.181483 0.048828 0.048828
0 0.715025 0.234218 0.048828 0.048828
0 0.734671 0.261102 0.048828 0.048828
0 0.756385 0.284884 0.048828 0.048828
0 0.772929 0.312803 0.048828 0.048828
0 0.740875 0.313837 0.048828 0.048828
0 0.711923 0.280748 0.048828 0.048828
0 0.682970 0.277646 0.048828 0.048828
0 0.903215 0.195959 0.048828 0.048828
0 0.934235 0.199061 0.048828 0.048828
0 0.902181 0.161837 0.048828 0.048828
0 0.939405 0.165973 0.048828 0.048828
0 0.989038 0.147360 0.048828 0.048828
0 0.934235 0.123578 0.048828 0.048828
0 0.918725 0.103932 0.048828 0.048828
0 0.891841 0.062571 0.048828 0.048828
0 0.958018 0.002599 0.048828 0.048828
0 0.950780 0.065673 0.048828 0.048828
0 0.971460 0.092558 0.048828 0.048828
0 0.776491 0.650317 0.048828 0.048828
0 0.740423 0.586197 0.048828 0.048828
0 0.804544 0.587532 0.048828 0.048828
0 0.783170 0.542114 0.048828 0.048828
0 0.841947 0.535435 0.048828 0.048828
0 0.904732 0.550129 0.048828 0.048828
0 0.931449 0.477993 0.048828 0.048828
0 0.880687 0.433910 0.048828 0.048828
0 0.922098 0.403186 0.048828 0.048828
0 0.932785 0.640966 0.048828 0.048828