0 0.031785 0.556959 0.048828 0.048828
0 0.051255 0.577454 0.048828 0.048828
0 0.026661 0.583603 0.048828 0.048828
0 0.083022 0.636889 0.048828 0.048828
0 0.109665 0.643038 0.048828 0.048828
0 0.087121 0.836713 0.048828 0.048828
0 0.068676 0.836713 0.048828 0.048828
0 0.044082 0.846961 0.048828 0.048828
0 0.056379 0.809045 0.048828 0.048828
0 0.086096 0.799823 0.048828 0.048828
0 0.162952 0.734239 0.048828 0.048828
0 0.153729 0.716819 0.048828 0.048828
0 0.162952 0.694275 0.048828 0.048828
0 0.174224 0.702472 0.048828 0.048828
0 0.196768 0.709646 0.048828 0.048828
0 0.207015 0.725017 0.048828 0.048828
0 0.232634 0.706571 0.048828 0.048828
0 0.245955 0.714769 0.048828 0.048828
0 0.245955 0.926890 0.048828 0.048828
0 0.645604 0.744487 0.048828 0.048828
0 0.670198 0.721942 0.048828 0.048828
0 0.686593 0.749610 0.048828 0.048828
0 0.701965 0.727066 0.048828 0.048828
0 0.723484 0.711695 0.048828 0.048828
0 0.735781 0.723992 0.048828 0.048828
0 0.755251 0.708621 0.048828 0.048828
0 0.774721 0.716819 0.048828 0.048828
0 0.789067 0.703497 0.048828 0.048828
0 0.797265 0.720918 0.048828 0.048828
0 0.815711 0.709646 0.048828 0.048828
0 0.908962 0.842862 0.048828 0.048828
0 0.795216 0.850035 0.048828 0.048828
0 0.729633 0.839788 0.048828 0.048828
0 0.790092 0.975053 0.048828 0.048828
0 0.695816 0.912544 0.048828 0.048828
0 0.755251 0.943286 0.048828 0.048828
0 0.825958 0.979152 0.048828 0.048828
0 0.850552 0.975053 0.048828 0.048828
0 0.607689 0.987350 0.048828 0.048828
0 0.290019 0.742437 0.048828 0.048828
0 0.689668 0.278230 0.048828 0.048828
0 0.750127 0.251587 0.048828 0.048828
0 0.790092 0.217771 0.048828 0.048828
0 0.818785 0.245439 0.048828 0.048828
0 0.688643 0.209573 0.048828 0.048828
0 0.740905 0.171657 0.048828 0.048828
0 0.715286 0.149113 0.048828 0.048828
0 0.741929 0.116321 0.048828 0.048828
0 0.723484 0.108124 0.048828 0.048828
0 0.769597 0.099926 0.048828 0.048828
0 0.702989 0.111198 0.048828 0.048828
0 0.701965 0.085579 0.048828 0.048828
0 0.674297 0.110173 0.048828 0.048828
0 0.683519 0.169608 0.048828 0.048828
0 0.648678 0.145014 0.048828 0.048828
0 0.659950 0.220845 0.048828 0.048828
0 0.646629 0.209573 0.048828 0.048828
0 0.626134 0.205474 0.048828 0.048828
0 0.588218 0.286428 0.048828 0.048828
0 0.583095 0.222894 0.048828 0.048828
0 0.576946 0.168583 0.048828 0.048828
0 0.609738 0.161410 0.048828 0.048828
0 0.586169 0.107099 0.048828 0.048828
0 0.623060 0.080456 0.048828 0.048828
0 0.645604 0.109148 0.048828 0.048828
0 0.531858 0.069183 0.048828 0.048828
0 0.557476 0.066109 0.048828 0.048828
0 0.596416 0.062010 0.048828 0.048828
0 0.628183 0.044590 0.048828 0.048828
0 0.641505 0.033318 0.048828 0.048828
0 0.655851 0.036392 0.048828 0.048828
0 0.683519 0.032293 0.048828 0.048828
0 0.705039 0.016922 0.048828 0.048828
0 0.727583 0.023070 0.048828 0.048828
0 0.736806 0.050738 0.048828 0.048828
0 0.764474 0.042540 0.048828 0.048828
0 0.789067 0.001551 0.048828 0.048828
0 0.551328 0.023070 0.048828 0.048828
0 0.541080 0.005650 0.048828 0.048828
0 0.443730 0.081480 0.048828 0.048828
0 0.408889 0.067134 0.048828 0.048828
0 0.381221 0.052788 0.048828 0.048828
0 0.359702 0.083530 0.048828 0.048828
0 0.329984 0.085579 0.048828 0.048828
0 0.299242 0.082505 0.048828 0.048828
0 0.444755 0.132717 0.048828 0.048828
0 0.429384 0.238265 0.048828 0.048828
0 0.378147 0.159360 0.048828 0.048828
0 0.375073 0.208548 0.048828 0.048828
0 0.398642 0.273107 0.048828 0.048828
0 0.357652 0.245439 0.048828 0.048828
0 0.324860 0.274131 0.048828 0.048828
0 0.299242 0.143989 0.048828 0.048828
0 0.283871 0.142965 0.048828 0.048828
0 0.225461 0.123495 0.048828 0.048828
0 0.198817 0.117346 0.048828 0.048828
0 0.169100 0.107099 0.048828 0.048828
0 0.149630 0.095827 0.048828 0.048828
0 0.142457 0.174732 0.048828 0.048828
0 0.006166 0.740388 0.048828 0.048828