0 0.015906 0.709646 0.048828 0.048828
0 0.109157 0.842862 0.048828 0.048828
0 0.026153 0.979152 0.048828 0.048828
0 0.050747 0.975053 0.048828 0.048828
0 0.436049 0.847985 0.048828 0.048828
0 0.459618 0.846961 0.048828 0.048828
0 0.462692 0.873604 0.048828 0.048828
0 0.497534 0.890000 0.048828 0.048828
0 0.517004 0.883851 0.048828 0.048828
0 0.505731 0.863357 0.048828 0.048828
0 0.451420 0.810070 0.048828 0.048828
0 0.513929 0.817243 0.048828 0.048828
0 0.554919 0.820317 0.048828 0.048828
0 0.619478 0.792649 0.048828 0.048828
0 0.545696 0.897173 0.048828 0.048828
0 0.622552 0.887950 0.048828 0.048828
0 0.653294 0.882827 0.048828 0.048828
0 0.647145 0.906396 0.048828 0.048828
0 0.675838 0.918692 0.048828 0.048828
0 0.690185 0.910495 0.048828 0.048828
0 0.728100 0.919717 0.048828 0.048828
0 0.754743 0.927915 0.048828 0.048828
0 0.770114 0.841837 0.048828 0.048828
0 0.805980 0.843886 0.048828 0.048828
0 0.649195 0.742437 0.048828 0.048828
0 0.757817 0.759858 0.048828 0.048828
0 0.801881 0.756784 0.048828 0.048828
0 0.839797 0.737314 0.048828 0.048828
0 0.825450 0.726041 0.048828 0.048828
0 0.800856 0.714769 0.048828 0.048828
0 0.770114 0.721942 0.048828 0.048828
0 0.925875 0.805971 0.048828 0.048828
0 0.897182 0.805971 0.048828 0.048828
0 0.871563 0.749610 0.048828 0.048828
0 0.337674 0.030243 0.048828 0.048828
0 0.305907 0.028194 0.048828 0.048828
0 0.230077 0.034342 0.048828 0.048828
0 0.227002 0.078406 0.048828 0.048828
0 0.216755 0.116321 0.048828 0.048828
0 0.324353 0.503673 0.048828 0.048828
0 0.353045 0.493426 0.048828 0.048828
0 0.384812 0.497525 0.048828 0.048828
0 0.503682 0.122470 0.048828 0.048828
0 0.541597 0.122470 0.048828 0.048828
0 0.568241 0.132717 0.048828 0.048828
0 0.593859 0.126569 0.048828 0.048828
0 0.606156 0.126569 0.048828 0.048828
0 0.627675 0.126569 0.048828 0.048828
0 0.548770 0.041515 0.048828 0.048828
0 0.673789 0.137841 0.048828 0.048828
0 0.748595 0.169608 0.048828 0.048828
0 0.492410 0.400174 0.048828 0.048828
0 0.527251 0.405298 0.048828 0.048828
0 0.607181 0.416570 0.048828 0.048828
0 0.661492 0.441164 0.048828 0.048828
0 0.619478 0.473956 0.048828 0.048828
0 0.685061 0.490351 0.048828 0.048828
0 0.736298 0.509821 0.048828 0.048828
0 0.824425 0.593850 0.048828 0.048828
0 0.791634 0.574380 0.048828 0.048828
0 0.752694 0.566182 0.048828 0.048828
0 0.724001 0.559009 0.048828 0.048828
0 0.702481 0.547737 0.048828 0.048828
0 0.675838 0.540564 0.048828 0.048828
0 0.637923 0.528267 0.048828 0.048828
0 0.595909 0.539539 0.048828 0.048828
0 0.657393 0.578479 0.048828 0.048828
0 0.621527 0.623567 0.048828 0.048828
0 0.592834 0.602048 0.048828 0.048828
0 0.564142 0.590776 0.048828 0.048828
0 0.540573 0.584627 0.048828 0.048828
0 0.514954 0.579504 0.048828 0.048828
0 0.479088 0.573355 0.048828 0.048828
0 0.447321 0.580528 0.048828 0.048828
0 0.504707 0.606147 0.048828 0.048828
0 0.401208 0.976078 0.048828 0.048828
0 0.360218 0.975053 0.048828 0.048828
0 0.325377 0.971979 0.048828 0.048828
0 0.018980 0.245439 0.048828 0.048828
0 0.933460 0.708690 0.048828 0.048828
0 0.999377 0.689380 0.048828 0.048828
0 0.601032 0.231092 0.048828 0.048828
0 0.608205 0.153212 0.048828 0.048828
0 0.701457 0.186004 0.048828 0.048828
0 0.654319 0.150138 0.048828 0.048828
0 0.738347 0.245439 0.048828 0.048828
0 0.636898 0.279255 0.048828 0.048828