0 0.944828 0.141423 0.048828 0.048828
0 0.995040 0.309480 0.048828 0.048828
0 0.968397 0.303332 0.048828 0.048828
0 0.935605 0.342272 0.048828 0.048828
0 0.996065 0.497008 0.048828 0.048828
0 0.975570 0.530824 0.048828 0.048828
0 0.960199 0.508280 0.048828 0.048828
0 0.905888 0.570789 0.048828 0.048828
0 0.888467 0.545170 0.048828 0.048828
0 0.856700 0.581036 0.048828 0.048828
0 0.896665 0.675312 0.048828 0.048828
0 0.980694 0.707079 0.048828 0.048828
0 0.939704 0.758316 0.048828 0.048828
0 0.929457 0.776762 0.048828 0.048828
0 0.740905 0.971462 0.048828 0.048828
0 0.715286 0.948918 0.048828 0.048828
0 0.741929 0.916126 0.048828 0.048828
0 0.723484 0.907928 0.048828 0.048828
0 0.769597 0.899730 0.048828 0.048828
0 0.702989 0.911002 0.048828 0.048828
0 0.701965 0.885384 0.048828 0.048828
0 0.674297 0.909978 0.048828 0.048828
0 0.683519 0.969413 0.048828 0.048828
0 0.648678 0.944819 0.048828 0.048828
0 0.576946 0.968388 0.048828 0.048828
0 0.609738 0.961215 0.048828 0.048828
0 0.586169 0.906903 0.048828 0.048828
0 0.623060 0.880260 0.048828 0.048828
0 0.645604 0.908953 0.048828 0.048828
0 0.531858 0.868988 0.048828 0.048828
0 0.557476 0.865914 0.048828 0.048828
0 0.596416 0.861815 0.048828 0.048828
0 0.628183 0.844394 0.048828 0.048828
0 0.641505 0.833122 0.048828 0.048828
0 0.655851 0.836196 0.048828 0.048828
0 0.683519 0.832097 0.048828 0.048828
0 0.705039 0.816726 0.048828 0.048828
0 0.717336 0.795207 0.048828 0.048828
0 0.727583 0.822875 0.048828 0.048828
0 0.736806 0.850543 0.048828 0.048828
0 0.764474 0.842345 0.048828 0.048828
0 0.789067 0.801355 0.048828 0.048828
0 0.801364 0.798281 0.048828 0.048828
0 0.750127 0.792133 0.048828 0.048828
0 0.788043 0.740896 0.048828 0.048828
0 0.764474 0.730648 0.048828 0.048828
0 0.779845 0.718351 0.048828 0.048828
0 0.826983 0.710153 0.048828 0.048828
0 0.813661 0.704005 0.048828 0.048828
0 0.865923 0.718351 0.048828 0.048828
0 0.841329 0.727574 0.048828 0.048828
0 0.881294 0.739871 0.048828 0.048828
0 0.890517 0.779836 0.048828 0.048828
0 0.859774 0.793157 0.048828 0.048828
0 0.837230 0.746019 0.048828 0.048828
0 0.815711 0.727574 0.048828 0.048828
0 0.551328 0.822875 0.048828 0.048828
0 0.541080 0.805454 0.048828 0.048828
0 0.541080 0.687609 0.048828 0.048828
0 0.580021 0.648669 0.048828 0.048828
0 0.593342 0.660966 0.048828 0.048828
0 0.616911 0.664040 0.048828 0.048828
0 0.654827 0.659941 0.048828 0.048828
0 0.681470 0.653793 0.048828 0.048828
0 0.618961 0.486760 0.048828 0.048828
0 0.641505 0.470364 0.048828 0.048828
0 0.669173 0.487785 0.048828 0.048828
0 0.692742 0.488810 0.048828 0.048828
0 0.730657 0.495983 0.048828 0.048828
0 0.749103 0.510329 0.048828 0.048828
0 0.770622 0.518527 0.048828 0.048828
0 0.773696 0.483686 0.048828 0.048828
0 0.790092 0.492909 0.048828 0.048828
0 0.810587 0.485736 0.048828 0.048828
0 0.826983 0.491884 0.048828 0.048828
0 0.836205 0.454993 0.048828 0.048828
0 0.878220 0.340223 0.048828 0.048828
0 0.682494 0.310505 0.048828 0.048828
0 0.815711 0.202907 0.048828 0.048828
0 0.897690 0.132200 0.048828 0.048828
0 0.861824 0.134250 0.048828 0.048828
0 0.828008 0.103508 0.048828 0.048828
0 0.810587 0.120928 0.048828 0.048828
0 0.795216 0.098384 0.048828 0.048828
0 0.739880 0.101458 0.048828 0.048828
0 0.258252 0.224427 0.048828 0.048828
0 0.310514 0.217254 0.048828 0.048828
0 0.373023 0.271565 0.048828 0.048828
0 0.410939 0.279763 0.048828 0.048828
0 0.457052 0.266441 0.048828 0.048828
0 0.246980 0.266441 0.048828 0.048828
0 0.275673 0.265417 0.048828 0.048828
0 0.315638 0.297183 0.048828 0.048828
0 0.464225 0.418103 0.048828 0.048828
0 0.479596 0.416053 0.048828 0.048828
0 0.524685 0.417078 0.048828 0.048828
0 0.506239 0.450894 0.048828 0.048828
0 0.392493 0.535948 0.048828 0.048828
0 0.418112 0.552344 0.048828 0.048828
0 0.436557 0.568739 0.048828 0.048828
0 0.464225 0.573863 0.048828 0.048828
0 0.479596 0.587185 0.048828 0.048828
0 0.495992 0.596407 0.048828 0.048828
0 0.516487 0.608704 0.048828 0.048828
0 0.536981 0.622026 0.048828 0.048828
0 0.317687 0.593333 0.048828 0.048828
0 0.335108 0.583086 0.048828 0.048828
0 0.363801 0.601531 0.048828 0.048828
0 0.382246 0.621001 0.048828 0.048828
0 0.416062 0.628174 0.048828 0.048828
0 0.376097 0.659941 0.048828 0.048828
0 0.338182 0.668139 0.048828 0.048828
0 0.261327 0.680436 0.048828 0.048828
0 0.170125 0.635347 0.048828 0.048828
0 0.089170 0.674288 0.048828 0.048828
0 0.043057 0.632273 0.048828 0.048828
0 0.602565 0.719376 0.048828 0.048828
0 0.531858 0.710153 0.048828 0.048828
0 0.495992 0.796232 0.048828 0.048828
0 0.443730 0.881285 0.048828 0.048828
0 0.408889 0.866939 0.048828 0.048828
0 0.381221 0.852592 0.048828 0.048828
0 0.359702 0.883334 0.048828 0.048828
0 0.329984 0.885384 0.048828 0.048828
0 0.299242 0.882310 0.048828 0.048828
0 0.444755 0.932522 0.048828 0.048828
0 0.378147 0.959165 0.048828 0.048828
0 0.299242 0.943794 0.048828 0.048828
0 0.283871 0.942769 0.048828 0.048828
0 0.225461 0.923299 0.048828 0.048828
0 0.198817 0.917151 0.048828 0.048828
0 0.169100 0.906903 0.048828 0.048828
0 0.149630 0.895631 0.048828 0.048828
0 0.142457 0.974536 0.048828 0.048828
0 0.099418 0.561566 0.048828 0.048828
0 0.051255 0.568739 0.048828 0.048828
0 0.027686 0.473439 0.048828 0.048828
0 0.215213 0.015380 0.048828 0.048828