0 0.076636 0.287565 0.048828 0.048828
0 0.098932 0.252883 0.048828 0.048828
0 0.013465 0.129019 0.048828 0.048828
0 0.055579 0.133973 0.048828 0.048828
0 0.048147 0.101769 0.048828 0.048828
0 0.235183 0.203337 0.048828 0.048828
0 0.276058 0.213247 0.048828 0.048828
0 0.324365 0.181042 0.048828 0.048828
0 0.357808 0.156269 0.048828 0.048828
0 0.320649 0.140167 0.048828 0.048828
0 0.335513 0.114155 0.048828 0.048828
0 0.391252 0.090621 0.048828 0.048828
0 0.393729 0.041075 0.048828 0.048828
0 0.433366 0.036120 0.048828 0.048828
0 0.413547 0.115394 0.048828 0.048828
0 0.531219 0.015063 0.048828 0.048828
0 0.562185 0.010109 0.048828 0.048828