0 0.866097 0.328680 0.048828 0.048828
0 0.903719 0.300768 0.048828 0.048828
0 0.957116 0.266787 0.048828 0.048828
0 0.911000 0.345670 0.048828 0.048828
0 0.965612 0.346884 0.048828 0.048828
0 0.900078 0.393000 0.048828 0.048828
0 0.919495 0.422126 0.048828 0.048828
0 0.903719 0.138147 0.048828 0.048828
0 0.903719 0.105380 0.048828 0.048828
0 0.955903 0.117516 0.048828 0.048828
0 0.949835 0.073827 0.048828 0.048828
0 0.993524 0.087176 0.048828 0.048828
0 0.972893 0.038633 0.048828 0.048828
0 0.932845 0.016788 0.048828 0.048828