0 0.006175 0.843886 0.048828 0.048828
0 0.002076 0.756784 0.048828 0.048828
0 0.039992 0.737314 0.048828 0.048828
0 0.025645 0.726041 0.048828 0.048828
0 0.001052 0.714769 0.048828 0.048828
0 0.126070 0.805971 0.048828 0.048828
0 0.097377 0.805971 0.048828 0.048828
0 0.071759 0.749610 0.048828 0.048828
0 0.860808 0.368407 0.048828 0.048828
0 0.838264 0.365333 0.048828 0.048828
0 0.836214 0.387877 0.048828 0.048828
0 0.806497 0.371482 0.048828 0.048828
0 0.778829 0.358160 0.048828 0.048828
0 0.662009 0.330492 0.048828 0.048828
0 0.640489 0.343814 0.048828 0.048828
0 0.626143 0.322294 0.048828 0.048828
0 0.252113 0.231092 0.048828 0.048828
0 0.402750 0.211622 0.048828 0.048828
0 0.447838 0.233142 0.048828 0.048828
0 0.470382 0.225969 0.048828 0.048828
0 0.503174 0.211622 0.048828 0.048828
0 0.510347 0.231092 0.048828 0.048828
0 0.510347 0.278230 0.048828 0.048828
0 0.533916 0.261834 0.048828 0.048828
0 0.555436 0.298725 0.048828 0.048828
0 0.451937 0.178831 0.048828 0.048828
0 0.476531 0.188053 0.048828 0.048828
0 0.505224 0.188053 0.048828 0.048828
0 0.525718 0.204449 0.048828 0.048828
0 0.566708 0.213672 0.048828 0.048828
0 0.605648 0.194202 0.048828 0.048828
0 0.632291 0.202400 0.048828 0.048828
0 0.664058 0.204449 0.048828 0.048828
0 0.707097 0.192152 0.048828 0.048828
0 0.751161 0.188053 0.048828 0.048828
0 0.705048 0.072258 0.048828 0.048828
0 0.508298 0.127594 0.048828 0.048828
0 0.481655 0.131693 0.048828 0.048828
0 0.448863 0.121445 0.048828 0.048828
0 0.419145 0.111198 0.048828 0.048828
0 0.395576 0.119396 0.048828 0.048828
0 0.368933 0.121445 0.048828 0.048828
0 0.328968 0.107099 0.048828 0.048828
0 0.304375 0.099926 0.048828 0.048828
0 0.273632 0.082505 0.048828 0.048828
0 0.024621 0.593850 0.048828 0.048828
0 0.133655 0.708690 0.048828 0.048828
0 0.199572 0.689380 0.048828 0.048828