0 0.828522 0.983542 0.048828 0.048828
0 0.797950 0.961308 0.048828 0.048828
0 0.760893 0.963161 0.048828 0.048828
0 0.720131 0.973352 0.048828 0.048828
0 0.648797 0.986321 0.048828 0.048828
0 0.614520 0.989101 0.048828 0.048828
0 0.568199 0.990953 0.048828 0.048828
0 0.504277 0.984469 0.048828 0.048828
0 0.462588 0.973352 0.048828 0.048828
0 0.437575 0.930737 0.048828 0.048828
0 0.453324 0.901091 0.048828 0.048828
0 0.471852 0.929810 0.048828 0.048828
0 0.522805 0.918693 0.048828 0.048828
0 0.553377 0.935369 0.048828 0.048828
0 0.622858 0.942780 0.048828 0.048828
0 0.561714 0.885342 0.048828 0.048828
0 0.491307 0.863108 0.048828 0.048828
0 0.593212 0.892754 0.048828 0.048828
0 0.645092 0.905723 0.048828 0.048828
0 0.678443 0.930737 0.048828 0.048828
0 0.719205 0.942780 0.048828 0.048828
0 0.702529 0.899238 0.048828 0.048828
0 0.755335 0.914061 0.048828 0.048828
0 0.739586 0.869593 0.048828 0.048828
0 0.810920 0.919620 0.048828 0.048828
0 0.784980 0.870520 0.048828 0.048828
0 0.819257 0.868667 0.048828 0.048828
0 0.847050 0.889048 0.048828 0.048828
0 0.846123 0.939074 0.048828 0.048828
0 0.885959 0.923325 0.048828 0.048828
0 0.888738 0.965940 0.048828 0.048828
0 0.916531 0.969646 0.048828 0.048828
0 0.964704 0.965014 0.048828 0.048828
0 0.949882 0.899238 0.048828 0.048828
0 0.929501 0.929810 0.048828 0.048828
0 0.911899 0.894606 0.048828 0.048828
0 0.923016 0.857550 0.048828 0.048828
0 0.881327 0.856623 0.048828 0.048828
0 0.973042 0.864035 0.048828 0.048828
0 0.643239 0.842727 0.048828 0.048828
0 0.687707 0.825125 0.048828 0.048828
0 0.751629 0.826052 0.048828 0.048828
0 0.806288 0.814935 0.048828 0.048828
0 0.774790 0.779731 0.048828 0.048828
0 0.740512 0.748233 0.048828 0.048828
0 0.714573 0.781584 0.048828 0.048828
0 0.634901 0.803818 0.048828 0.048828
0 0.599697 0.820493 0.048828 0.048828
0 0.555229 0.817714 0.048828 0.048828
0 0.570978 0.777878 0.048828 0.048828
0 0.513541 0.776025 0.048828 0.048828
0 0.592286 0.783437 0.048828 0.048828
0 0.642312 0.769541 0.048828 0.048828
0 0.667326 0.726925 0.048828 0.048828
0 0.620078 0.701912 0.048828 0.048828
0 0.569126 0.682458 0.048828 0.048828
0 0.514467 0.713029 0.048828 0.048828
0 0.535775 0.663003 0.048828 0.048828
0 0.632122 0.660224 0.048828 0.048828
0 0.686780 0.682458 0.048828 0.048828
0 0.731248 0.692648 0.048828 0.048828
0 0.779422 0.699133 0.048828 0.048828
0 0.810920 0.750086 0.048828 0.048828
0 0.842418 0.778805 0.048828 0.048828
0 0.834080 0.835316 0.048828 0.048828
0 0.901708 0.797333 0.048828 0.048828
0 0.923016 0.823273 0.048828 0.048828
0 0.969336 0.837169 0.048828 0.048828
0 0.981380 0.798259 0.048828 0.048828
0 0.947103 0.782510 0.048828 0.048828
0 0.912825 0.749159 0.048828 0.048828
0 0.877621 0.744527 0.048828 0.048828
0 0.867431 0.710250 0.048828 0.048828
0 0.828522 0.683384 0.048828 0.048828
0 0.814625 0.636137 0.048828 0.048828
0 0.769231 0.650960 0.048828 0.048828
0 0.731248 0.634284 0.048828 0.048828
0 0.692339 0.642622 0.048828 0.048828
0 0.641386 0.623167 0.048828 0.048828
0 0.656209 0.587963 0.048828 0.048828
0 0.659914 0.544422 0.048828 0.048828
0 0.663620 0.497175 0.048828 0.048828
0 0.696971 0.537937 0.048828 0.048828
0 0.714573 0.585184 0.048828 0.048828
0 0.768305 0.604639 0.048828 0.048828
0 0.753482 0.554612 0.048828 0.048828
0 0.759041 0.523114 0.048828 0.048828
0 0.740512 0.485131 0.048828 0.048828
0 0.959146 0.725073 0.048828 0.048828
0 0.917457 0.707471 0.048828 0.048828
0 0.891518 0.671341 0.048828 0.048828
0 0.860020 0.643548 0.048828 0.048828
0 0.837786 0.603712 0.048828 0.048828
0 0.818331 0.571288 0.048828 0.048828
0 0.797950 0.489764 0.048828 0.048828
0 0.825742 0.523114 0.048828 0.048828
0 0.852608 0.553686 0.048828 0.048828
0 0.861872 0.582405 0.048828 0.048828
0 0.903561 0.568509 0.048828 0.048828
0 0.898003 0.608345 0.048828 0.048828
0 0.929501 0.644475 0.048828 0.048828
0 0.952661 0.675973 0.048828 0.048828
0 0.998982 0.688016 0.048828 0.048828
0 0.970263 0.607418 0.048828 0.048828
0 0.954514 0.573141 0.048828 0.048828
0 0.935986 0.514777 0.048828 0.048828
0 0.986012 0.547201 0.048828 0.048828
0 0.971189 0.464750 0.048828 0.048828
0 0.932280 0.468456 0.048828 0.048828
0 0.927648 0.436958 0.048828 0.048828
0 0.966557 0.426767 0.048828 0.048828
0 0.976748 0.223883 0.048828 0.048828
0 0.956367 0.144211 0.048828 0.048828
0 0.920237 0.181268 0.048828 0.048828
0 0.977674 0.261866 0.048828 0.048828
0 0.994350 0.387858 0.048828 0.048828
0 0.947103 0.388784 0.048828 0.048828
0 0.954514 0.355433 0.048828 0.048828
0 0.944323 0.318377 0.048828 0.048828
0 0.906340 0.297069 0.048828 0.048828
0 0.926721 0.246117 0.048828 0.048828
0 0.885959 0.251675 0.048828 0.048828
0 0.880401 0.350801 0.048828 0.048828
0 0.851682 0.317451 0.048828 0.048828
0 0.836859 0.289658 0.048828 0.048828
0 0.789612 0.332273 0.048828 0.048828
0 0.800729 0.302628 0.048828 0.048828
0 0.749776 0.312818 0.048828 0.048828
0 0.759041 0.356360 0.048828 0.048828
0 0.817405 0.380447 0.048828 0.048828
0 0.800729 0.409166 0.048828 0.048828
0 0.737733 0.438811 0.048828 0.048828
0 0.776642 0.455486 0.048828 0.048828
0 0.826669 0.448075 0.048828 0.048828
0 0.870210 0.448075 0.048828 0.048828
0 0.869284 0.485131 0.048828 0.048828
0 0.889665 0.517556 0.048828 0.048828
0 0.021505 0.961340 0.048828 0.048828
0 0.045202 0.920408 0.048828 0.048828
0 0.003193 0.869782 0.048828 0.048828
0 0.049511 0.865473 0.048828 0.048828
0 0.024736 0.819155 0.048828 0.048828
0 0.148609 0.994731 0.048828 0.048828
0 0.271404 0.983960 0.048828 0.048828
0 0.319876 0.968880 0.048828 0.048828
0 0.326339 0.920408 0.048828 0.048828
0 0.290793 0.937642 0.048828 0.048828
0 0.220778 0.950568 0.048828 0.048828
0 0.177692 0.943028 0.048828 0.048828
0 0.137837 0.938719 0.048828 0.048828
0 0.090443 0.891325 0.048828 0.048828
0 0.131375 0.892402 0.048828 0.048828
0 0.164766 0.904250 0.048828 0.048828
0 0.219701 0.912868 0.048828 0.048828
0 0.271404 0.904250 0.048828 0.048828
0 0.331725 0.884862 0.048828 0.048828
0 0.299410 0.857933 0.048828 0.048828
0 0.257401 0.865473 0.048828 0.048828
0 0.218624 0.852547 0.048828 0.048828
0 0.173384 0.839621 0.048828 0.048828
0 0.123835 0.827773 0.048828 0.048828
0 0.078594 0.831004 0.048828 0.048828
0 0.053820 0.785764 0.048828 0.048828
0 0.017196 0.780378 0.048828 0.048828
0 0.362962 0.836390 0.048828 0.048828
0 0.388814 0.779301 0.048828 0.048828
0 0.352191 0.792227 0.048828 0.048828
0 0.326339 0.813770 0.048828 0.048828
0 0.266019 0.820233 0.048828 0.048828
0 0.289716 0.787918 0.048828 0.048828
0 0.325262 0.746986 0.048828 0.048828
0 0.215392 0.807307 0.048828 0.048828
0 0.240167 0.773915 0.048828 0.048828
0 0.270327 0.725443 0.048828 0.048828
0 0.292947 0.728675 0.048828 0.048828
0 0.432977 0.717903 0.048828 0.048828
0 0.456675 0.684511 0.048828 0.048828
0 0.422206 0.666200 0.048828 0.048828
0 0.388814 0.675894 0.048828 0.048828
0 0.354345 0.706054 0.048828 0.048828
0 0.352191 0.668354 0.048828 0.048828
0 0.322031 0.686666 0.048828 0.048828
0 0.253093 0.683434 0.048828 0.048828
0 0.226164 0.728675 0.048828 0.048828
0 0.183078 0.703900 0.048828 0.048828
0 0.187386 0.745909 0.048828 0.048828
0 0.150763 0.734060 0.048828 0.048828
0 0.147532 0.769606 0.048828 0.048828
0 0.102291 0.783609 0.048828 0.048828
0 0.088288 0.731906 0.048828 0.048828
0 0.038739 0.734060 0.048828 0.048828
0 0.427591 0.798690 0.048828 0.048828
0 0.468523 0.780378 0.048828 0.048828
0 0.463138 0.848239 0.048828 0.048828
0 0.562236 0.623114 0.048828 0.048828
0 0.501915 0.643580 0.048828 0.048828
0 0.511609 0.597262 0.048828 0.048828
0 0.537461 0.576796 0.048828 0.048828
0 0.505146 0.557407 0.048828 0.048828
0 0.542847 0.520784 0.048828 0.048828
0 0.508378 0.516476 0.048828 0.048828
0 0.577316 0.533710 0.048828 0.048828
0 0.606399 0.490624 0.048828 0.048828
0 0.556850 0.485238 0.048828 0.048828
0 0.520227 0.476621 0.048828 0.048828
0 0.543924 0.454001 0.048828 0.048828
0 0.623633 0.466927 0.048828 0.048828
0 0.701188 0.463695 0.048828 0.048828
0 0.711960 0.404452 0.048828 0.048828
0 0.711960 0.353826 0.048828 0.048828
0 0.673182 0.377523 0.048828 0.048828
0 0.655948 0.422763 0.048828 0.048828
0 0.640868 0.351671 0.048828 0.048828
0 0.672105 0.332283 0.048828 0.048828
0 0.703343 0.280579 0.048828 0.048828
0 0.752892 0.271962 0.048828 0.048828
0 0.625788 0.394757 0.048828 0.048828
0 0.596704 0.371060 0.048828 0.048828
0 0.598859 0.439998 0.048828 0.048828
0 0.559004 0.410915 0.048828 0.048828
0 0.514841 0.429226 0.048828 0.048828
0 0.460983 0.615574 0.048828 0.048828
0 0.414666 0.631731 0.048828 0.048828
0 0.378042 0.628499 0.048828 0.048828
0 0.385583 0.598339 0.048828 0.048828
0 0.361885 0.578950 0.048828 0.048828
0 0.313413 0.620959 0.048828 0.048828
0 0.325262 0.571410 0.048828 0.048828
0 0.292947 0.585413 0.048828 0.048828
0 0.259556 0.573565 0.048828 0.048828
0 0.221855 0.603725 0.048828 0.048828
0 0.245553 0.639271 0.048828 0.048828
0 0.212161 0.666200 0.048828 0.048828
0 0.184155 0.667277 0.048828 0.048828
0 0.145378 0.643580 0.048828 0.048828
0 0.128143 0.612342 0.048828 0.048828
0 0.166921 0.600493 0.048828 0.048828
0 0.188464 0.570333 0.048828 0.048828
0 0.145378 0.567102 0.048828 0.048828
0 0.117372 0.542327 0.048828 0.048828
0 0.091520 0.506781 0.048828 0.048828
0 0.067823 0.465849 0.048828 0.048828
0 0.082903 0.556330 0.048828 0.048828
0 0.053820 0.547713 0.048828 0.048828
0 0.011811 0.530479 0.048828 0.048828
0 0.100137 0.589722 0.048828 0.048828
0 0.064591 0.613419 0.048828 0.048828
0 0.099060 0.660814 0.048828 0.048828
0 0.118449 0.698514 0.048828 0.048828
0 0.057051 0.692051 0.048828 0.048828
0 0.022582 0.694206 0.048828 0.048828
0 0.022582 0.651120 0.048828 0.048828
0 0.094751 0.420609 0.048828 0.048828
0 0.089366 0.391526 0.048828 0.048828
0 0.136760 0.405529 0.048828 0.048828
0 0.143223 0.347363 0.048828 0.048828
0 0.164766 0.299968 0.048828 0.048828
0 0.202467 0.337668 0.048828 0.048828
0 0.200312 0.365674 0.048828 0.048828
0 0.224010 0.397989 0.048828 0.048828
0 0.257401 0.375369 0.048828 0.048828
0 0.277867 0.379677 0.048828 0.048828
0 0.270327 0.423840 0.048828 0.048828
0 0.222933 0.425995 0.048828 0.048828
0 0.172306 0.418455 0.048828 0.048828
0 0.151840 0.464772 0.048828 0.048828
0 0.114140 0.445384 0.048828 0.048828
0 0.131375 0.498164 0.048828 0.048828
0 0.197081 0.493855 0.048828 0.048828
0 0.163689 0.525093 0.048828 0.048828
0 0.232627 0.524016 0.048828 0.048828
0 0.278944 0.528324 0.048828 0.048828
0 0.318799 0.539096 0.048828 0.048828
0 0.250938 0.484161 0.048828 0.048828
0 0.301565 0.484161 0.048828 0.048828
0 0.356499 0.501395 0.048828 0.048828
0 0.381274 0.539096 0.048828 0.048828
0 0.424360 0.578950 0.048828 0.048828
0 0.465292 0.550944 0.048828 0.048828
0 0.428669 0.542327 0.048828 0.048828
0 0.465292 0.502473 0.048828 0.048828
0 0.426514 0.482007 0.048828 0.048828
0 0.450212 0.459386 0.048828 0.048828
0 0.462060 0.413069 0.048828 0.048828
0 0.422206 0.424918 0.048828 0.048828
0 0.372657 0.438921 0.048828 0.048828
0 0.327416 0.431381 0.048828 0.048828
0 0.336034 0.401220 0.048828 0.048828
0 0.399586 0.403375 0.048828 0.048828
0 0.441594 0.366751 0.048828 0.048828
0 0.480372 0.392603 0.048828 0.048828
0 0.526690 0.373214 0.048828 0.048828
0 0.561158 0.341977 0.048828 0.048828
0 0.342496 0.351671 0.048828 0.048828
0 0.373734 0.339823 0.048828 0.048828
0 0.347882 0.306431 0.048828 0.048828
0 0.309105 0.339823 0.048828 0.048828
0 0.272482 0.315048 0.048828 0.048828
0 0.280022 0.274116 0.048828 0.048828
0 0.305873 0.278425 0.048828 0.048828
0 0.322031 0.240725 0.048828 0.048828
0 0.364039 0.249342 0.048828 0.048828
0 0.379120 0.282733 0.048828 0.048828
0 0.431900 0.329051 0.048828 0.048828
0 0.481449 0.338745 0.048828 0.048828
0 0.506224 0.321511 0.048828 0.048828
0 0.556850 0.302122 0.048828 0.048828
0 0.595627 0.320434 0.048828 0.048828
0 0.622556 0.285965 0.048828 0.048828
0 0.694725 0.222413 0.048828 0.048828
0 0.627942 0.221336 0.048828 0.048828
0 0.473909 0.284888 0.048828 0.048828
0 0.454520 0.259036 0.048828 0.048828
0 0.474986 0.234262 0.048828 0.048828
0 0.498684 0.203024 0.048828 0.048828
0 0.227241 0.265499 0.048828 0.048828
0 0.255247 0.220259 0.048828 0.048828
0 0.202467 0.196561 0.048828 0.048828
0 0.240167 0.301045 0.048828 0.048828
0 0.371580 0.207333 0.048828 0.048828
0 0.402817 0.181481 0.048828 0.048828
0 0.451289 0.177173 0.048828 0.048828
0 0.418974 0.231030 0.048828 0.048828
0 0.310182 0.186867 0.048828 0.048828
0 0.308028 0.155630 0.048828 0.048828
0 0.453443 0.046837 0.048828 0.048828
0 0.481449 0.013445 0.048828 0.048828
0 0.844596 0.205538 0.048828 0.048828
0 0.864543 0.166973 0.048828 0.048828