0 0.045392 0.373652 0.048828 0.048828
0 0.074111 0.347713 0.048828 0.048828
0 0.041687 0.419047 0.048828 0.048828
0 0.083375 0.453324 0.048828 0.048828
0 0.091713 0.497792 0.048828 0.048828
0 0.054656 0.538554 0.048828 0.048828
0 0.004630 0.534848 0.048828 0.048828
0 0.185281 0.537628 0.048828 0.048828
0 0.213073 0.506130 0.048828 0.048828
0 0.135254 0.444060 0.048828 0.048828
0 0.137107 0.369947 0.048828 0.048828
0 0.108388 0.266188 0.048828 0.048828
0 0.066700 0.298613 0.048828 0.048828
0 0.048172 0.318994 0.048828 0.048828
0 0.030570 0.278232 0.048828 0.048828
0 0.016673 0.227279 0.048828 0.048828
0 0.061141 0.242102 0.048828 0.048828
0 0.095419 0.209677 0.048828 0.048828
0 0.028717 0.183737 0.048828 0.048828
0 0.011115 0.119815 0.048828 0.048828
0 0.019453 0.068862 0.048828 0.048828
0 0.047245 0.089243 0.048828 0.048828
0 0.046319 0.139270 0.048828 0.048828
0 0.086155 0.123521 0.048828 0.048828
0 0.088934 0.166136 0.048828 0.048828
0 0.116726 0.169841 0.048828 0.048828
0 0.164900 0.165209 0.048828 0.048828
0 0.151930 0.249513 0.048828 0.048828
0 0.202883 0.151313 0.048828 0.048828
0 0.252909 0.118888 0.048828 0.048828
0 0.207515 0.102213 0.048828 0.048828
0 0.150077 0.099434 0.048828 0.048828
0 0.129696 0.130005 0.048828 0.048828
0 0.112094 0.094802 0.048828 0.048828
0 0.123211 0.057745 0.048828 0.048828
0 0.081522 0.056819 0.048828 0.048828
0 0.173237 0.064230 0.048828 0.048828
0 0.291818 0.091096 0.048828 0.048828
0 0.339066 0.062377 0.048828 0.048828
0 0.373343 0.065156 0.048828 0.048828
0 0.408547 0.096655 0.048828 0.048828
0 0.404841 0.179105 0.048828 0.048828
0 0.362226 0.189296 0.048828 0.048828
0 0.390018 0.209677 0.048828 0.048828
0 0.302009 0.213383 0.048828 0.048828
0 0.270511 0.172620 0.048828 0.048828
0 0.224190 0.203192 0.048828 0.048828
0 0.006483 0.015130 0.048828 0.048828
0 0.034275 0.035511 0.048828 0.048828
0 0.123211 0.023468 0.048828 0.048828
0 0.169532 0.037364 0.048828 0.048828
0 0.208441 0.023468 0.048828 0.048828
0 0.298303 0.023468 0.048828 0.048828
0 0.249203 0.049407 0.048828 0.048828
0 0.256615 0.003087 0.048828 0.048828
0 0.214926 0.004013 0.048828 0.048828
0 0.380754 0.023468 0.048828 0.048828
0 0.421516 0.037364 0.048828 0.048828
0 0.441897 0.132785 0.048828 0.048828
0 0.537318 0.027174 0.048828 0.048828
0 0.561405 0.073494 0.048828 0.048828
0 0.575301 0.011424 0.048828 0.048828