0 0.013465 0.928823 0.048828 0.048828
0 0.055579 0.933778 0.048828 0.048828
0 0.048147 0.901573 0.048828 0.048828
0 0.144762 0.653844 0.048828 0.048828
0 0.164580 0.699674 0.048828 0.048828
0 0.186875 0.783902 0.048828 0.048828
0 0.253762 0.740549 0.048828 0.048828
0 0.242614 0.721970 0.048828 0.048828
0 0.235183 0.646412 0.048828 0.048828
0 0.190591 0.604299 0.048828 0.048828
0 0.316933 0.557230 0.048828 0.048828
0 0.510162 0.492821 0.048828 0.048828
0 0.227751 0.492821 0.048828 0.048828
0 0.262433 0.476718 0.048828 0.048828
0 0.320649 0.459377 0.048828 0.048828
0 0.285967 0.428411 0.048828 0.048828
0 0.320649 0.406115 0.048828 0.048828
0 0.361524 0.394968 0.048828 0.048828
0 0.391252 0.345422 0.048828 0.048828
0 0.413547 0.380104 0.048828 0.048828
0 0.470525 0.381343 0.048828 0.048828
0 0.448229 0.347899 0.048828 0.048828
0 0.459377 0.333035 0.048828 0.048828
0 0.324365 0.980846 0.048828 0.048828
0 0.357808 0.956074 0.048828 0.048828
0 0.320649 0.939971 0.048828 0.048828
0 0.335513 0.913960 0.048828 0.048828
0 0.391252 0.890425 0.048828 0.048828
0 0.393729 0.840880 0.048828 0.048828
0 0.433366 0.835925 0.048828 0.048828
0 0.413547 0.915198 0.048828 0.048828
0 0.507684 0.796288 0.048828 0.048828
0 0.531219 0.814868 0.048828 0.048828
0 0.562185 0.809914 0.048828 0.048828
0 0.564662 0.765322 0.048828 0.048828
0 0.630310 0.772754 0.048828 0.048828
0 0.645174 0.744265 0.048828 0.048828
0 0.699674 0.739311 0.048828 0.048828
0 0.747981 0.707106 0.048828 0.048828
0 0.968460 0.572094 0.048828 0.048828