0 0.028717 0.983542 0.048828 0.048828
0 0.011115 0.919620 0.048828 0.048828
0 0.019453 0.868667 0.048828 0.048828
0 0.047245 0.889048 0.048828 0.048828
0 0.046319 0.939074 0.048828 0.048828
0 0.086155 0.923325 0.048828 0.048828
0 0.088934 0.965940 0.048828 0.048828
0 0.116726 0.969646 0.048828 0.048828
0 0.164900 0.965014 0.048828 0.048828
0 0.202883 0.951118 0.048828 0.048828
0 0.252909 0.918693 0.048828 0.048828
0 0.207515 0.902018 0.048828 0.048828
0 0.150077 0.899238 0.048828 0.048828
0 0.129696 0.929810 0.048828 0.048828
0 0.112094 0.894606 0.048828 0.048828
0 0.123211 0.857550 0.048828 0.048828
0 0.081522 0.856623 0.048828 0.048828
0 0.173237 0.864035 0.048828 0.048828
0 0.291818 0.890901 0.048828 0.048828
0 0.339066 0.862182 0.048828 0.048828
0 0.373343 0.864961 0.048828 0.048828
0 0.408547 0.896459 0.048828 0.048828
0 0.404841 0.978910 0.048828 0.048828
0 0.362226 0.989101 0.048828 0.048828
0 0.270511 0.972425 0.048828 0.048828
0 0.006483 0.814935 0.048828 0.048828
0 0.011115 0.750086 0.048828 0.048828
0 0.042613 0.778805 0.048828 0.048828
0 0.034275 0.835316 0.048828 0.048828
0 0.101904 0.797333 0.048828 0.048828
0 0.123211 0.823273 0.048828 0.048828
0 0.169532 0.837169 0.048828 0.048828
0 0.208441 0.823273 0.048828 0.048828
0 0.181575 0.798259 0.048828 0.048828
0 0.147298 0.782510 0.048828 0.048828
0 0.113021 0.749159 0.048828 0.048828
0 0.077817 0.744527 0.048828 0.048828
0 0.067626 0.710250 0.048828 0.048828
0 0.028717 0.683384 0.048828 0.048828
0 0.014821 0.636137 0.048828 0.048828
0 0.298303 0.823273 0.048828 0.048828
0 0.249203 0.849212 0.048828 0.048828
0 0.256615 0.802891 0.048828 0.048828
0 0.214926 0.803818 0.048828 0.048828
0 0.218632 0.763982 0.048828 0.048828
0 0.259394 0.740822 0.048828 0.048828
0 0.214000 0.733410 0.048828 0.048828
0 0.159341 0.725073 0.048828 0.048828
0 0.117653 0.707471 0.048828 0.048828
0 0.091713 0.671341 0.048828 0.048828
0 0.060215 0.643548 0.048828 0.048828
0 0.037981 0.603712 0.048828 0.048828
0 0.018526 0.571288 0.048828 0.048828
0 0.025938 0.523114 0.048828 0.048828
0 0.052804 0.553686 0.048828 0.048828
0 0.062068 0.582405 0.048828 0.048828
0 0.103756 0.568509 0.048828 0.048828
0 0.098198 0.608345 0.048828 0.048828
0 0.129696 0.644475 0.048828 0.048828
0 0.152856 0.675973 0.048828 0.048828
0 0.199177 0.688016 0.048828 0.048828
0 0.239939 0.703765 0.048828 0.048828
0 0.281628 0.712103 0.048828 0.048828
0 0.302009 0.751939 0.048828 0.048828
0 0.340918 0.741748 0.048828 0.048828
0 0.332581 0.798259 0.048828 0.048828
0 0.380754 0.823273 0.048828 0.048828
0 0.409473 0.782510 0.048828 0.048828
0 0.421516 0.837169 0.048828 0.048828
0 0.441897 0.932589 0.048828 0.048828
0 0.438192 0.729705 0.048828 0.048828
0 0.374269 0.700059 0.048828 0.048828
0 0.419664 0.681531 0.048828 0.048828
0 0.377049 0.653739 0.048828 0.048828
0 0.331654 0.644475 0.048828 0.048828
0 0.358520 0.617609 0.048828 0.048828
0 0.322390 0.603712 0.048828 0.048828
0 0.286260 0.671341 0.048828 0.048828
0 0.255688 0.667635 0.048828 0.048828
0 0.252909 0.624094 0.048828 0.048828
0 0.284407 0.628726 0.048828 0.048828
0 0.222337 0.600007 0.048828 0.048828
0 0.170458 0.607418 0.048828 0.048828
0 0.154709 0.573141 0.048828 0.048828
0 0.136181 0.514777 0.048828 0.048828
0 0.186207 0.547201 0.048828 0.048828
0 0.236234 0.561097 0.048828 0.048828
0 0.321464 0.566656 0.048828 0.048828
0 0.348330 0.567582 0.048828 0.048828
0 0.370564 0.539790 0.048828 0.048828
0 0.326096 0.523114 0.048828 0.048828
0 0.270511 0.528673 0.048828 0.048828
0 0.231602 0.496248 0.048828 0.048828
0 0.286260 0.494396 0.048828 0.048828
0 0.403915 0.636137 0.048828 0.048828
0 0.403915 0.595375 0.048828 0.048828
0 0.441897 0.640769 0.048828 0.048828
0 0.438192 0.602786 0.048828 0.048828
0 0.428001 0.560171 0.048828 0.048828
0 0.455794 0.533305 0.048828 0.048828
0 0.507673 0.549054 0.048828 0.048828
0 0.476175 0.583331 0.048828 0.048828
0 0.521569 0.600007 0.048828 0.048828
0 0.498409 0.640769 0.048828 0.048828
0 0.512305 0.687090 0.048828 0.048828
0 0.500262 0.752865 0.048828 0.048828
0 0.543803 0.753791 0.048828 0.048828
0 0.537318 0.826978 0.048828 0.048828
0 0.561405 0.873299 0.048828 0.048828
0 0.575301 0.811229 0.048828 0.048828
0 0.572522 0.667635 0.048828 0.048828
0 0.606799 0.624094 0.048828 0.048828
0 0.588271 0.587037 0.048828 0.048828
0 0.562331 0.527746 0.048828 0.048828
0 0.990335 0.565729 0.048828 0.048828
0 0.994967 0.457339 0.048828 0.048828
0 0.959763 0.487911 0.048828 0.048828
0 0.918074 0.486984 0.048828 0.048828
0 0.875459 0.474941 0.048828 0.048828
0 0.875459 0.439737 0.048828 0.048828
0 0.841182 0.432326 0.048828 0.048828
0 0.905104 0.427694 0.048828 0.048828
0 0.942161 0.445296 0.048828 0.048828
0 0.969027 0.436958 0.048828 0.048828
0 0.974586 0.391564 0.048828 0.048828
0 0.936603 0.382299 0.048828 0.048828
0 0.947720 0.335052 0.048828 0.048828
0 0.889355 0.323935 0.048828 0.048828
0 0.895840 0.365624 0.048828 0.048828
0 0.856005 0.376741 0.048828 0.048828
0 0.789303 0.360066 0.048828 0.048828
0 0.771701 0.400828 0.048828 0.048828
0 0.742056 0.423062 0.048828 0.048828
0 0.776333 0.486058 0.048828 0.048828
0 0.729086 0.498101 0.048828 0.048828
0 0.712410 0.466603 0.048828 0.048828
0 0.635518 0.462898 0.048828 0.048828
0 0.670722 0.457339 0.048828 0.048828
0 0.645709 0.418430 0.048828 0.048828
0 0.598461 0.421209 0.048828 0.048828
0 0.580860 0.448075 0.048828 0.048828
0 0.530833 0.438811 0.048828 0.048828
0 0.550288 0.412871 0.048828 0.048828
0 0.473396 0.426767 0.048828 0.048828
0 0.453941 0.386932 0.048828 0.048828
0 0.505820 0.386005 0.048828 0.048828
0 0.529907 0.476794 0.048828 0.048828
0 0.502114 0.501807 0.048828 0.048828
0 0.490071 0.461971 0.048828 0.048828
0 0.443750 0.463824 0.048828 0.048828
0 0.438192 0.509218 0.048828 0.048828
0 0.402062 0.506439 0.048828 0.048828
0 0.367784 0.487911 0.048828 0.048828
0 0.392798 0.464750 0.048828 0.048828
0 0.369637 0.440664 0.048828 0.048828
0 0.330728 0.450854 0.048828 0.048828
0 0.270511 0.463824 0.048828 0.048828
0 0.214000 0.465677 0.048828 0.048828
0 0.171385 0.464750 0.048828 0.048828
0 0.132475 0.468456 0.048828 0.048828
0 0.127843 0.436958 0.048828 0.048828
0 0.166753 0.426767 0.048828 0.048828
0 0.216779 0.422135 0.048828 0.048828
0 0.284407 0.417503 0.048828 0.048828
0 0.414105 0.425841 0.048828 0.048828
0 0.673501 0.586111 0.048828 0.048828
0 0.723527 0.580552 0.048828 0.048828
0 0.988482 0.285026 0.048828 0.048828
0 0.933823 0.255381 0.048828 0.048828
0 0.915295 0.227588 0.048828 0.048828
0 0.904178 0.266498 0.048828 0.048828
0 0.862489 0.285026 0.048828 0.048828
0 0.839329 0.316524 0.048828 0.048828
0 0.868974 0.242411 0.048828 0.048828
0 0.885650 0.218324 0.048828 0.048828
0 0.829139 0.235000 0.048828 0.048828
0 0.824506 0.278541 0.048828 0.048828
0 0.802273 0.263719 0.048828 0.048828
0 0.783744 0.302628 0.048828 0.048828
0 0.743908 0.301701 0.048828 0.048828
0 0.730939 0.348949 0.048828 0.048828
0 0.685544 0.360992 0.048828 0.048828
0 0.647561 0.368403 0.048828 0.048828
0 0.600314 0.388784 0.048828 0.048828
0 0.593829 0.345243 0.048828 0.048828
0 0.542877 0.359139 0.048828 0.048828
0 0.508599 0.357286 0.048828 0.048828
0 0.635518 0.323935 0.048828 0.048828
0 0.679059 0.297069 0.048828 0.048828
0 0.708705 0.259086 0.048828 0.048828
0 0.656826 0.282247 0.048828 0.048828
0 0.597535 0.293364 0.048828 0.048828
0 0.530833 0.322083 0.048828 0.048828
0 0.483586 0.323009 0.048828 0.048828
0 0.513231 0.278541 0.048828 0.048828
0 0.557699 0.267424 0.048828 0.048828
0 0.596609 0.261866 0.048828 0.048828
0 0.604946 0.240558 0.048828 0.048828
0 0.645709 0.231294 0.048828 0.048828
0 0.756878 0.251675 0.048828 0.048828
0 0.451162 0.344317 0.048828 0.048828
0 0.451162 0.302628 0.048828 0.048828
0 0.417811 0.326715 0.048828 0.048828
0 0.397430 0.368403 0.048828 0.048828
0 0.350183 0.379520 0.048828 0.048828
0 0.326096 0.353581 0.048828 0.048828
0 0.279775 0.357286 0.048828 0.048828
0 0.251983 0.396196 0.048828 0.048828
0 0.251056 0.335979 0.048828 0.048828
0 0.289966 0.324862 0.048828 0.048828
0 0.333507 0.317451 0.048828 0.048828
0 0.306641 0.278541 0.048828 0.048828
0 0.264952 0.260013 0.048828 0.048828
0 0.340918 0.289658 0.048828 0.048828
0 0.381681 0.304481 0.048828 0.048828
0 0.394650 0.266498 0.048828 0.048828
0 0.431707 0.264645 0.048828 0.048828
0 0.511379 0.237779 0.048828 0.048828
0 0.580860 0.213692 0.048828 0.048828
0 0.654046 0.198870 0.048828 0.048828
0 0.691103 0.207207 0.048828 0.048828
0 0.739276 0.222030 0.048828 0.048828
0 0.793935 0.215545 0.048828 0.048828
0 0.845814 0.202575 0.048828 0.048828
0 0.929191 0.179415 0.048828 0.048828
0 0.958836 0.202575 0.048828 0.048828
0 0.986629 0.169224 0.048828 0.048828
0 0.967174 0.131241 0.048828 0.048828
0 0.906957 0.138653 0.048828 0.048828
0 0.879165 0.150696 0.048828 0.048828
0 0.826359 0.164592 0.048828 0.048828
0 0.795788 0.137726 0.048828 0.048828
0 0.755025 0.158107 0.048828 0.048828
0 0.721675 0.171077 0.048828 0.048828
0 0.574375 0.172930 0.048828 0.048828
0 0.609578 0.171077 0.048828 0.048828
0 0.511379 0.203502 0.048828 0.048828
0 0.521569 0.172004 0.048828 0.048828
0 0.508599 0.134021 0.048828 0.048828
0 0.474322 0.209987 0.048828 0.048828
0 0.417811 0.225736 0.048828 0.048828
0 0.388165 0.222030 0.048828 0.048828
0 0.441897 0.169224 0.048828 0.048828
0 0.415031 0.165519 0.048828 0.048828
0 0.418737 0.136800 0.048828 0.048828
0 0.462279 0.134021 0.048828 0.048828
0 0.565111 0.129388 0.048828 0.048828
0 0.609578 0.118272 0.048828 0.048828
0 0.654046 0.149770 0.048828 0.048828
0 0.686471 0.106228 0.048828 0.048828
0 0.720748 0.131241 0.048828 0.048828
0 0.761510 0.119198 0.048828 0.048828
0 0.813389 0.085847 0.048828 0.048828
0 0.843961 0.136800 0.048828 0.048828
0 0.854152 0.114566 0.048828 0.048828
0 0.877312 0.072877 0.048828 0.048828
0 0.899546 0.084921 0.048828 0.048828
0 0.927338 0.098817 0.048828 0.048828
0 0.967174 0.091406 0.048828 0.048828
0 0.964395 0.038600 0.048828 0.048828
0 0.921780 0.019145 0.048828 0.048828
0 0.882871 0.034894 0.048828 0.048828
0 0.806905 0.015440 0.048828 0.048828
0 0.755952 0.029336 0.048828 0.048828
0 0.704073 0.056202 0.048828 0.048828
0 0.730939 0.018219 0.048828 0.048828
0 0.699441 0.008955 0.048828 0.048828
0 0.634592 0.071024 0.048828 0.048828
0 0.581786 0.083068 0.048828 0.048828
0 0.536392 0.100670 0.048828 0.048828
0 0.505820 0.086773 0.048828 0.048828
0 0.452088 0.090479 0.048828 0.048828
0 0.542877 0.065466 0.048828 0.048828
0 0.646635 0.018219 0.048828 0.048828
0 0.600314 0.035821 0.048828 0.048828
0 0.567890 0.019145 0.048828 0.048828
0 0.510452 0.035821 0.048828 0.048828
0 0.516937 0.003396 0.048828 0.048828
0 0.453941 0.047864 0.048828 0.048828
0 0.458573 0.008955 0.048828 0.048828
0 0.421516 0.017292 0.048828 0.048828
0 0.415958 0.070098 0.048828 0.048828
0 0.386313 0.133094 0.048828 0.048828
0 0.276996 0.214619 0.048828 0.048828
0 0.344624 0.190532 0.048828 0.048828
0 0.300156 0.170151 0.048828 0.048828
0 0.251983 0.181268 0.048828 0.048828
0 0.262173 0.134947 0.048828 0.048828
0 0.310347 0.129388 0.048828 0.048828
0 0.266805 0.088626 0.048828 0.048828
0 0.305715 0.084921 0.048828 0.048828
0 0.356667 0.102522 0.048828 0.048828
0 0.376122 0.049717 0.048828 0.048828
0 0.324243 0.039526 0.048828 0.048828
0 0.353888 0.013587 0.048828 0.048828
0 0.289966 0.011734 0.048828 0.048828
0 0.241792 0.053423 0.048828 0.048828
0 0.209368 0.106228 0.048828 0.048828
0 0.208441 0.162739 0.048828 0.048828
0 0.209368 0.217398 0.048828 0.048828
0 0.176943 0.223883 0.048828 0.048828
0 0.156562 0.144211 0.048828 0.048828
0 0.120432 0.181268 0.048828 0.048828
0 0.177870 0.261866 0.048828 0.048828
0 0.201956 0.306334 0.048828 0.048828
0 0.226969 0.372109 0.048828 0.048828
0 0.194545 0.387858 0.048828 0.048828
0 0.147298 0.388784 0.048828 0.048828
0 0.154709 0.355433 0.048828 0.048828
0 0.144519 0.318377 0.048828 0.048828
0 0.106536 0.297069 0.048828 0.048828
0 0.126917 0.246117 0.048828 0.048828
0 0.086155 0.251675 0.048828 0.048828
0 0.080596 0.350801 0.048828 0.048828
0 0.051877 0.317451 0.048828 0.048828
0 0.037055 0.289658 0.048828 0.048828
0 0.000924 0.302628 0.048828 0.048828
0 0.017600 0.380447 0.048828 0.048828
0 0.000924 0.409166 0.048828 0.048828
0 0.026864 0.448075 0.048828 0.048828
0 0.070406 0.448075 0.048828 0.048828
0 0.069479 0.485131 0.048828 0.048828
0 0.089860 0.517556 0.048828 0.048828
0 0.210526 0.013445 0.048828 0.048828
0 0.044791 0.205538 0.048828 0.048828
0 0.064738 0.166973 0.048828 0.048828