0 0.210020 0.937002 0.005755 0.008633
0 0.172971 0.866804 0.005755 0.008633
0 0.172856 0.861470 0.005755 0.008633
0 0.181573 0.854932 0.005755 0.008633
0 0.176641 0.854244 0.005755 0.008633
0 0.166777 0.842028 0.005755 0.008633
0 0.163909 0.837211 0.005755 0.008633
0 0.169415 0.825511 0.005755 0.008633
0 0.165400 0.822414 0.005755 0.008633
0 0.161845 0.826716 0.005755 0.008633
0 0.160354 0.830329 0.005755 0.008633
0 0.152439 0.820350 0.005755 0.008633
0 0.158633 0.818629 0.005755 0.008633
0 0.163106 0.815016 0.005755 0.008633
0 0.164139 0.875235 0.005755 0.008633
0 0.162877 0.805381 0.005755 0.008633
0 0.164139 0.799015 0.005755 0.008633
0 0.164253 0.792993 0.005755 0.008633
0 0.161501 0.793165 0.005755 0.008633
0 0.159436 0.807446 0.005755 0.008633
0 0.158289 0.801252 0.005755 0.008633
0 0.154963 0.799703 0.005755 0.008633
0 0.155765 0.810026 0.005755 0.008633
0 0.151751 0.802972 0.005755 0.008633
0 0.151522 0.793853 0.005755 0.008633
0 0.141313 0.794714 0.005755 0.008633
0 0.150604 0.788520 0.005755 0.008633
0 0.154963 0.789380 0.005755 0.008633
0 0.154274 0.783874 0.005755 0.008633
0 0.157945 0.785079 0.005755 0.008633
0 0.150260 0.781121 0.005755 0.008633
0 0.150030 0.774067 0.005755 0.008633
0 0.156339 0.775616 0.005755 0.008633
0 0.160009 0.778713 0.005755 0.008633
0 0.147392 0.768562 0.005755 0.008633
0 0.164598 0.753421 0.005755 0.008633
0 0.168956 0.753593 0.005755 0.008633
0 0.165515 0.742754 0.005755 0.008633
0 0.168497 0.741549 0.005755 0.008633
0 0.157371 0.746883 0.005755 0.008633
0 0.159207 0.738624 0.005755 0.008633
0 0.159092 0.729506 0.005755 0.008633
0 0.164712 0.725204 0.005755 0.008633
0 0.150374 0.746195 0.005755 0.008633
0 0.151866 0.739313 0.005755 0.008633
0 0.152669 0.731054 0.005755 0.008633
0 0.153930 0.718322 0.005755 0.008633
0 0.137872 0.742754 0.005755 0.008633
0 0.138331 0.736388 0.005755 0.008633
0 0.140625 0.727269 0.005755 0.008633
0 0.140969 0.721247 0.005755 0.008633
0 0.138790 0.720903 0.005755 0.008633
0 0.136725 0.718322 0.005755 0.008633
0 0.137872 0.711612 0.005755 0.008633
0 0.134087 0.711612 0.005755 0.008633
0 0.139707 0.704730 0.005755 0.008633
0 0.131907 0.728473 0.005755 0.008633
0 0.128237 0.707311 0.005755 0.008633
0 0.134431 0.703870 0.005755 0.008633
0 0.133743 0.693890 0.005755 0.008633
0 0.148998 0.708687 0.005755 0.008633
0 0.152783 0.702665 0.005755 0.008633
0 0.124681 0.705418 0.005755 0.008633
0 0.122272 0.688385 0.005755 0.008633
0 0.125140 0.684256 0.005755 0.008633
0 0.120208 0.683051 0.005755 0.008633
0 0.126746 0.675481 0.005755 0.008633
0 0.119749 0.672728 0.005755 0.008633
0 0.130990 0.668771 0.005755 0.008633
0 0.132137 0.673416 0.005755 0.008633
0 0.138904 0.675309 0.005755 0.008633
0 0.135807 0.680298 0.005755 0.008633
0 0.135004 0.687180 0.005755 0.008633
0 0.137872 0.687869 0.005755 0.008633
0 0.140625 0.690794 0.005755 0.008633
0 0.145442 0.696471 0.005755 0.008633
0 0.142460 0.685804 0.005755 0.008633
0 0.145328 0.681503 0.005755 0.008633
0 0.152554 0.689417 0.005755 0.008633
0 0.156913 0.695095 0.005755 0.008633
0 0.156568 0.686664 0.005755 0.008633
0 0.152669 0.681331 0.005755 0.008633
0 0.157027 0.680470 0.005755 0.008633
0 0.161156 0.688729 0.005755 0.008633
0 0.163451 0.696127 0.005755 0.008633
0 0.169300 0.694235 0.005755 0.008633
0 0.165630 0.684428 0.005755 0.008633
0 0.174806 0.687008 0.005755 0.008633
0 0.169874 0.680126 0.005755 0.008633
0 0.173315 0.675825 0.005755 0.008633
0 0.175380 0.668427 0.005755 0.008633
0 0.180426 0.671868 0.005755 0.008633
0 0.170906 0.669115 0.005755 0.008633
0 0.166777 0.664469 0.005755 0.008633
0 0.160468 0.662405 0.005755 0.008633
0 0.166203 0.673244 0.005755 0.008633
0 0.160698 0.674621 0.005755 0.008633
0 0.162992 0.678922 0.005755 0.008633
0 0.155192 0.673416 0.005755 0.008633
0 0.152783 0.668599 0.005755 0.008633
0 0.148539 0.669115 0.005755 0.008633
0 0.150489 0.664641 0.005755 0.008633
0 0.155536 0.661200 0.005755 0.008633
0 0.133972 0.657243 0.005755 0.008633
0 0.135693 0.668255 0.005755 0.008633
0 0.134546 0.640382 0.005755 0.008633
0 0.138560 0.645544 0.005755 0.008633
0 0.144754 0.644167 0.005755 0.008633
0 0.141887 0.639866 0.005755 0.008633
0 0.141772 0.633156 0.005755 0.008633
0 0.146475 0.636597 0.005755 0.008633
0 0.144983 0.626102 0.005755 0.008633
0 0.149572 0.626618 0.005755 0.008633
0 0.152095 0.629887 0.005755 0.008633
0 0.154389 0.640210 0.005755 0.008633
0 0.152783 0.650017 0.005755 0.008633
0 0.159895 0.644511 0.005755 0.008633
0 0.163795 0.643823 0.005755 0.008633
0 0.160927 0.634360 0.005755 0.008633
0 0.167465 0.631607 0.005755 0.008633
0 0.168153 0.622660 0.005755 0.008633
0 0.162762 0.623177 0.005755 0.008633
0 0.158633 0.624381 0.005755 0.008633
0 0.164942 0.616639 0.005755 0.008633
0 0.158633 0.613714 0.005755 0.008633
0 0.154389 0.615778 0.005755 0.008633
0 0.149113 0.619564 0.005755 0.008633
0 0.174921 0.658620 0.005755 0.008633
0 0.175609 0.649157 0.005755 0.008633
0 0.170562 0.652426 0.005755 0.008633
0 0.174921 0.639350 0.005755 0.008633
0 0.175380 0.632295 0.005755 0.008633
0 0.174233 0.619047 0.005755 0.008633
0 0.181803 0.630231 0.005755 0.008633
0 0.130875 0.624897 0.005755 0.008633
0 0.137528 0.625757 0.005755 0.008633
0 0.138101 0.621112 0.005755 0.008633
0 0.132710 0.616639 0.005755 0.008633
0 0.136496 0.607004 0.005755 0.008633
0 0.125828 0.619564 0.005755 0.008633
0 0.126516 0.609412 0.005755 0.008633
0 0.141313 0.615606 0.005755 0.008633
0 0.146131 0.609929 0.005755 0.008633
0 0.151980 0.609240 0.005755 0.008633
0 0.156110 0.608724 0.005755 0.008633
0 0.160583 0.602014 0.005755 0.008633
0 0.163106 0.606660 0.005755 0.008633
0 0.167695 0.606832 0.005755 0.008633
0 0.165630 0.595992 0.005755 0.008633
0 0.169415 0.593239 0.005755 0.008633
0 0.161501 0.595992 0.005755 0.008633
0 0.157027 0.597197 0.005755 0.008633
0 0.153471 0.597885 0.005755 0.008633
0 0.148654 0.603563 0.005755 0.008633
0 0.147622 0.598917 0.005755 0.008633
0 0.142575 0.602874 0.005755 0.008633
0 0.138445 0.599089 0.005755 0.008633
0 0.133972 0.601154 0.005755 0.008633
0 0.142460 0.595648 0.005755 0.008633
0 0.149342 0.594100 0.005755 0.008633
0 0.147392 0.586529 0.005755 0.008633
0 0.152210 0.586529 0.005755 0.008633
0 0.156798 0.589798 0.005755 0.008633
0 0.162762 0.589454 0.005755 0.008633
0 0.167924 0.586701 0.005755 0.008633
0 0.171709 0.585669 0.005755 0.008633
0 0.176412 0.594788 0.005755 0.008633
0 0.176297 0.602014 0.005755 0.008633
0 0.180771 0.601670 0.005755 0.008633
0 0.183753 0.607692 0.005755 0.008633
0 0.142804 0.652770 0.005755 0.008633
0 0.120323 0.604939 0.005755 0.008633
0 0.126058 0.599261 0.005755 0.008633
0 0.119405 0.598057 0.005755 0.008633
0 0.114587 0.597025 0.005755 0.008633
0 0.111949 0.596852 0.005755 0.008633
0 0.108623 0.591175 0.005755 0.008633
0 0.111835 0.590314 0.005755 0.008633
0 0.115046 0.587562 0.005755 0.008633
0 0.117914 0.591003 0.005755 0.008633
0 0.111720 0.582916 0.005755 0.008633
0 0.115276 0.580163 0.005755 0.008633
0 0.113211 0.576034 0.005755 0.008633
0 0.105641 0.583776 0.005755 0.008633
0 0.118143 0.571389 0.005755 0.008633
0 0.119978 0.577927 0.005755 0.008633
0 0.122617 0.582744 0.005755 0.008633
0 0.123305 0.591003 0.005755 0.008633
0 0.129269 0.591003 0.005755 0.008633
0 0.130072 0.581712 0.005755 0.008633
0 0.134546 0.584981 0.005755 0.008633
0 0.135922 0.590314 0.005755 0.008633
0 0.140969 0.588766 0.005755 0.008633
0 0.138790 0.578787 0.005755 0.008633
0 0.143836 0.581884 0.005755 0.008633
0 0.141542 0.573969 0.005755 0.008633
0 0.146131 0.576722 0.005755 0.008633
0 0.155192 0.578959 0.005755 0.008633
0 0.154848 0.571561 0.005755 0.008633
0 0.161730 0.576722 0.005755 0.008633
0 0.166777 0.577238 0.005755 0.008633
0 0.165286 0.570356 0.005755 0.008633
0 0.162418 0.562442 0.005755 0.008633
0 0.160124 0.568292 0.005755 0.008633
0 0.151522 0.562098 0.005755 0.008633
0 0.157945 0.554355 0.005755 0.008633
0 0.148425 0.571561 0.005755 0.008633
0 0.143836 0.565539 0.005755 0.008633
0 0.146245 0.559517 0.005755 0.008633
0 0.141313 0.559517 0.005755 0.008633
0 0.137987 0.568808 0.005755 0.008633
0 0.133399 0.572077 0.005755 0.008633
0 0.124452 0.574314 0.005755 0.008633
0 0.123419 0.568980 0.005755 0.008633
0 0.128466 0.566227 0.005755 0.008633
0 0.132940 0.563990 0.005755 0.008633
0 0.135922 0.558141 0.005755 0.008633
0 0.129269 0.555044 0.005755 0.008633
0 0.135349 0.552635 0.005755 0.008633
0 0.132366 0.548161 0.005755 0.008633
0 0.135463 0.544720 0.005755 0.008633
0 0.143263 0.552291 0.005755 0.008633
0 0.138331 0.538526 0.005755 0.008633
0 0.142575 0.538354 0.005755 0.008633
0 0.146589 0.540591 0.005755 0.008633
0 0.151407 0.548850 0.005755 0.008633
0 0.148654 0.554355 0.005755 0.008633
0 0.122158 0.560721 0.005755 0.008633
0 0.120323 0.556420 0.005755 0.008633
0 0.114587 0.550914 0.005755 0.008633
0 0.120896 0.545753 0.005755 0.008633
0 0.125140 0.549366 0.005755 0.008633
0 0.124222 0.540591 0.005755 0.008633
0 0.127663 0.542656 0.005755 0.008633
0 0.127663 0.535946 0.005755 0.008633
0 0.133972 0.534397 0.005755 0.008633
0 0.139937 0.529064 0.005755 0.008633
0 0.142804 0.522526 0.005755 0.008633
0 0.178787 0.558481 0.005755 0.008633
0 0.181834 0.554277 0.005755 0.008633
0 0.172328 0.556653 0.005755 0.008633
0 0.168672 0.561772 0.005755 0.008633
0 0.176593 0.579870 0.005755 0.008633
0 0.168062 0.550621 0.005755 0.008633
0 0.173669 0.543674 0.005755 0.008633
0 0.170378 0.539104 0.005755 0.008633
0 0.170134 0.531791 0.005755 0.008633
0 0.174887 0.528135 0.005755 0.008633
0 0.175984 0.537093 0.005755 0.008633
0 0.158678 0.546782 0.005755 0.008633
0 0.154778 0.540566 0.005755 0.008633
0 0.163309 0.540018 0.005755 0.008633
0 0.157703 0.530512 0.005755 0.008633
0 0.155753 0.522834 0.005755 0.008633
0 0.161481 0.522285 0.005755 0.008633
0 0.165016 0.528501 0.005755 0.008633
0 0.166112 0.523016 0.005755 0.008633
0 0.172206 0.522651 0.005755 0.008633
0 0.175131 0.516618 0.005755 0.008633
0 0.179884 0.511865 0.005755 0.008633
0 0.184759 0.505284 0.005755 0.008633
0 0.181712 0.504553 0.005755 0.008633
0 0.175984 0.504370 0.005755 0.008633
0 0.172206 0.508026 0.005755 0.008633
0 0.164772 0.555191 0.005755 0.008633
0 0.177934 0.551900 0.005755 0.008633
0 0.154047 0.514973 0.005755 0.008633
0 0.154900 0.507478 0.005755 0.008633
0 0.161359 0.508757 0.005755 0.008633
0 0.158922 0.516618 0.005755 0.008633
0 0.162700 0.515704 0.005755 0.008633
0 0.170012 0.516070 0.005755 0.008633
0 0.165625 0.509489 0.005755 0.008633
0 0.169159 0.503456 0.005755 0.008633
0 0.162456 0.497972 0.005755 0.008633
0 0.165381 0.492122 0.005755 0.008633
0 0.170134 0.497423 0.005755 0.008633
0 0.174765 0.497789 0.005755 0.008633
0 0.179031 0.499434 0.005755 0.008633
0 0.185856 0.498886 0.005755 0.008633
0 0.192681 0.497789 0.005755 0.008633
0 0.195240 0.491208 0.005755 0.008633
0 0.199993 0.488648 0.005755 0.008633
0 0.192924 0.485541 0.005755 0.008633
0 0.187318 0.488831 0.005755 0.008633
0 0.182687 0.492122 0.005755 0.008633
0 0.183175 0.487003 0.005755 0.008633
0 0.177812 0.487369 0.005755 0.008633
0 0.177690 0.493401 0.005755 0.008633
0 0.173181 0.490294 0.005755 0.008633
0 0.170256 0.487551 0.005755 0.008633
0 0.174887 0.483895 0.005755 0.008633
0 0.148319 0.489197 0.005755 0.008633
0 0.151853 0.491756 0.005755 0.008633
0 0.157216 0.481884 0.005755 0.008633
0 0.161359 0.471647 0.005755 0.008633
0 0.165991 0.460130 0.005755 0.008633
0 0.145150 0.481884 0.005755 0.008633
0 0.149660 0.474572 0.005755 0.008633
0 0.153072 0.466528 0.005755 0.008633
0 0.148075 0.464152 0.005755 0.008633
0 0.146003 0.470002 0.005755 0.008633
0 0.139788 0.465066 0.005755 0.008633
0 0.144297 0.456291 0.005755 0.008633
0 0.150025 0.456657 0.005755 0.008633
0 0.156850 0.455194 0.005755 0.008633
0 0.138935 0.450076 0.005755 0.008633
0 0.144175 0.446785 0.005755 0.008633
0 0.147588 0.448065 0.005755 0.008633
0 0.151244 0.440752 0.005755 0.008633
0 0.159897 0.444043 0.005755 0.008633
0 0.164406 0.439473 0.005755 0.008633
0 0.167209 0.436182 0.005755 0.008633
0 0.172694 0.437645 0.005755 0.008633
0 0.176472 0.443312 0.005755 0.008633
0 0.116023 0.458119 0.005755 0.008633
0 0.114926 0.443495 0.005755 0.008633
0 0.125285 0.453915 0.005755 0.008633
0 0.123213 0.447516 0.005755 0.008633
0 0.123944 0.441301 0.005755 0.008633
0 0.119801 0.429784 0.005755 0.008633
0 0.119191 0.435268 0.005755 0.008633
0 0.115779 0.425214 0.005755 0.008633
0 0.125163 0.432892 0.005755 0.008633
0 0.129916 0.438742 0.005755 0.008633
0 0.133329 0.445140 0.005755 0.008633
0 0.136375 0.438376 0.005755 0.008633
0 0.139910 0.437645 0.005755 0.008633
0 0.137594 0.431612 0.005755 0.008633
0 0.136497 0.423934 0.005755 0.008633
0 0.140641 0.428139 0.005755 0.008633
0 0.145882 0.439107 0.005755 0.008633
0 0.148928 0.431064 0.005755 0.008633
0 0.154047 0.436182 0.005755 0.008633
0 0.158922 0.434537 0.005755 0.008633
0 0.163309 0.428870 0.005755 0.008633
0 0.168062 0.426128 0.005755 0.008633
0 0.164772 0.420095 0.005755 0.008633
0 0.160019 0.422654 0.005755 0.008633
0 0.156363 0.426493 0.005755 0.008633
0 0.149660 0.421923 0.005755 0.008633
0 0.143810 0.422106 0.005755 0.008633
0 0.145638 0.413697 0.005755 0.008633
0 0.148319 0.410589 0.005755 0.008633
0 0.152585 0.413148 0.005755 0.008633
0 0.158800 0.416987 0.005755 0.008633
0 0.165503 0.413697 0.005755 0.008633
0 0.161725 0.409309 0.005755 0.008633
0 0.168915 0.414976 0.005755 0.008633
0 0.173181 0.418267 0.005755 0.008633
0 0.177447 0.414428 0.005755 0.008633
0 0.174400 0.406567 0.005755 0.008633
0 0.183418 0.409309 0.005755 0.008633
0 0.185734 0.416987 0.005755 0.008633
0 0.187928 0.421740 0.005755 0.008633
0 0.193534 0.422654 0.005755 0.008633
0 0.191584 0.414794 0.005755 0.008633
0 0.195971 0.414245 0.005755 0.008633
0 0.122116 0.420826 0.005755 0.008633
0 0.117485 0.410589 0.005755 0.008633
0 0.119923 0.413514 0.005755 0.008633
0 0.124432 0.414428 0.005755 0.008633
0 0.126748 0.423751 0.005755 0.008633
0 0.134547 0.421192 0.005755 0.008633
0 0.139544 0.409126 0.005755 0.008633
0 0.138813 0.399255 0.005755 0.008633
0 0.135888 0.412051 0.005755 0.008633
0 0.129551 0.392308 0.005755 0.008633
0 0.138569 0.390297 0.005755 0.008633
0 0.145638 0.389200 0.005755 0.008633
0 0.144053 0.397427 0.005755 0.008633
0 0.148685 0.402911 0.005755 0.008633
0 0.150391 0.392308 0.005755 0.008633
0 0.150025 0.384813 0.005755 0.008633
0 0.155144 0.384630 0.005755 0.008633
0 0.160019 0.382071 0.005755 0.008633
0 0.156363 0.392125 0.005755 0.008633
0 0.160628 0.392308 0.005755 0.008633
0 0.155997 0.397975 0.005755 0.008633
0 0.153560 0.408212 0.005755 0.008633
0 0.160994 0.400900 0.005755 0.008633
0 0.166600 0.401997 0.005755 0.008633
0 0.172328 0.399620 0.005755 0.008633
0 0.168550 0.390114 0.005755 0.008633
0 0.170378 0.381339 0.005755 0.008633
0 0.173912 0.388652 0.005755 0.008633
0 0.178543 0.391760 0.005755 0.008633
0 0.180981 0.396878 0.005755 0.008633
0 0.183296 0.401266 0.005755 0.008633
0 0.189390 0.406019 0.005755 0.008633
0 0.188903 0.398524 0.005755 0.008633
0 0.193656 0.399438 0.005755 0.008633
0 0.199384 0.401266 0.005755 0.008633
0 0.199506 0.389566 0.005755 0.008633
0 0.195484 0.390297 0.005755 0.008633
0 0.189999 0.390663 0.005755 0.008633
0 0.183784 0.388103 0.005755 0.008633
0 0.181712 0.377866 0.005755 0.008633
0 0.176106 0.373662 0.005755 0.008633
0 0.171597 0.374941 0.005755 0.008633
0 0.180372 0.369091 0.005755 0.008633
0 0.185490 0.368543 0.005755 0.008633
0 0.151000 0.375490 0.005755 0.008633
0 0.154778 0.369091 0.005755 0.008633
0 0.161238 0.369823 0.005755 0.008633
0 0.165625 0.367629 0.005755 0.008633
0 0.163553 0.361048 0.005755 0.008633
0 0.159288 0.356660 0.005755 0.008633
0 0.153072 0.357026 0.005755 0.008633
0 0.148806 0.356843 0.005755 0.008633
0 0.148685 0.367446 0.005755 0.008633
0 0.144541 0.370554 0.005755 0.008633
0 0.141860 0.370005 0.005755 0.008633
0 0.139666 0.369457 0.005755 0.008633
0 0.142957 0.362327 0.005755 0.008633
0 0.141738 0.355746 0.005755 0.008633
0 0.142591 0.348617 0.005755 0.008633
0 0.145882 0.346423 0.005755 0.008633
0 0.151366 0.346057 0.005755 0.008633
0 0.154169 0.346057 0.005755 0.008633
0 0.139422 0.341670 0.005755 0.008633
0 0.141129 0.339476 0.005755 0.008633
0 0.151366 0.336003 0.005755 0.008633
0 0.153803 0.338197 0.005755 0.008633
0 0.159531 0.339111 0.005755 0.008633
0 0.163675 0.342584 0.005755 0.008633
0 0.165625 0.352273 0.005755 0.008633
0 0.167819 0.348434 0.005755 0.008633
0 0.172084 0.350993 0.005755 0.008633
0 0.178665 0.353187 0.005755 0.008633
0 0.176715 0.361048 0.005755 0.008633
0 0.173912 0.364704 0.005755 0.008633
0 0.183662 0.359951 0.005755 0.008633
0 0.186343 0.362510 0.005755 0.008633
0 0.183540 0.351724 0.005755 0.008633
0 0.187684 0.352638 0.005755 0.008633
0 0.191096 0.356660 0.005755 0.008633
0 0.194631 0.358306 0.005755 0.008633
0 0.190365 0.369091 0.005755 0.008633
0 0.181956 0.434537 0.005755 0.008633
0 0.187928 0.376038 0.005755 0.008633
0 0.192193 0.377318 0.005755 0.008633
0 0.194021 0.372382 0.005755 0.008633
0 0.196946 0.374576 0.005755 0.008633
0 0.200359 0.380974 0.005755 0.008633
0 0.195849 0.383350 0.005755 0.008633
0 0.189146 0.381888 0.005755 0.008633
0 0.206818 0.380425 0.005755 0.008633
0 0.203162 0.375307 0.005755 0.008633
0 0.206330 0.373479 0.005755 0.008633
0 0.211571 0.367446 0.005755 0.008633
0 0.199871 0.366898 0.005755 0.008633
0 0.206574 0.364704 0.005755 0.008633
0 0.203405 0.358488 0.005755 0.008633
0 0.209743 0.354284 0.005755 0.008633
0 0.212668 0.358488 0.005755 0.008633
0 0.216080 0.354284 0.005755 0.008633
0 0.214496 0.348617 0.005755 0.008633
0 0.210108 0.347520 0.005755 0.008633
0 0.206330 0.343681 0.005755 0.008633
0 0.202552 0.349165 0.005755 0.008633
0 0.198287 0.352638 0.005755 0.008633
0 0.193168 0.348434 0.005755 0.008633
0 0.196459 0.344595 0.005755 0.008633
0 0.167209 0.331433 0.005755 0.008633
0 0.168672 0.337831 0.005755 0.008633
0 0.173790 0.340756 0.005755 0.008633
0 0.179518 0.345326 0.005755 0.008633
0 0.184028 0.344961 0.005755 0.008633
0 0.189024 0.338928 0.005755 0.008633
0 0.189146 0.330153 0.005755 0.008633
0 0.192681 0.334175 0.005755 0.008633
0 0.180859 0.335089 0.005755 0.008633
0 0.176593 0.332895 0.005755 0.008633
0 0.172206 0.325400 0.005755 0.008633
0 0.175740 0.321013 0.005755 0.008633
0 0.181956 0.320098 0.005755 0.008633
0 0.184393 0.326680 0.005755 0.008633
0 0.153438 0.325766 0.005755 0.008633
0 0.197677 0.334540 0.005755 0.008633
0 0.205599 0.335820 0.005755 0.008633
0 0.210352 0.336917 0.005755 0.008633
0 0.214252 0.340939 0.005755 0.008633
0 0.219493 0.336186 0.005755 0.008633
0 0.220833 0.327228 0.005755 0.008633
0 0.216446 0.328873 0.005755 0.008633
0 0.211327 0.329239 0.005755 0.008633
0 0.208158 0.329970 0.005755 0.008633
0 0.204137 0.325217 0.005755 0.008633
0 0.190243 0.321378 0.005755 0.008633
0 0.194874 0.320281 0.005755 0.008633
0 0.221321 0.321378 0.005755 0.008633
0 0.203040 0.483530 0.005755 0.008633
0 0.206330 0.488648 0.005755 0.008633
0 0.209255 0.487917 0.005755 0.008633
0 0.202065 0.474572 0.005755 0.008633
0 0.201334 0.467077 0.005755 0.008633
0 0.197799 0.470550 0.005755 0.008633
0 0.196215 0.464883 0.005755 0.008633
0 0.198043 0.460313 0.005755 0.008633
0 0.193899 0.457388 0.005755 0.008633
0 0.193534 0.450990 0.005755 0.008633
0 0.186953 0.442763 0.005755 0.008633
0 0.185490 0.453001 0.005755 0.008633
0 0.189878 0.462507 0.005755 0.008633
0 0.192193 0.470185 0.005755 0.008633
0 0.195362 0.478594 0.005755 0.008633
0 0.190731 0.480605 0.005755 0.008633
0 0.188659 0.474389 0.005755 0.008633
0 0.187440 0.466711 0.005755 0.008633
0 0.184515 0.460679 0.005755 0.008633
0 0.181346 0.456291 0.005755 0.008633
0 0.178543 0.465614 0.005755 0.008633
0 0.180859 0.470367 0.005755 0.008633
0 0.183418 0.474572 0.005755 0.008633
0 0.185368 0.479508 0.005755 0.008633
0 0.181590 0.479691 0.005755 0.008633
0 0.178178 0.473841 0.005755 0.008633
0 0.174765 0.473292 0.005755 0.008633
0 0.200724 0.458850 0.005755 0.008633
0 0.204380 0.459399 0.005755 0.008633
0 0.200602 0.452818 0.005755 0.008633
0 0.204990 0.453549 0.005755 0.008633
0 0.210840 0.450258 0.005755 0.008633
0 0.204380 0.446054 0.005755 0.008633
0 0.202552 0.442580 0.005755 0.008633
0 0.199384 0.435268 0.005755 0.008633
0 0.205112 0.407847 0.005755 0.008633
0 0.213155 0.410955 0.005755 0.008633
0 0.207183 0.424665 0.005755 0.008633
0 0.206330 0.435817 0.005755 0.008633
0 0.208768 0.440570 0.005755 0.008633
0 0.213277 0.448248 0.005755 0.008633
0 0.219249 0.447151 0.005755 0.008633
0 0.215105 0.438010 0.005755 0.008633
0 0.219736 0.436731 0.005755 0.008633
0 0.225586 0.436365 0.005755 0.008633
0 0.213155 0.431064 0.005755 0.008633
0 0.218396 0.430698 0.005755 0.008633
0 0.223393 0.426676 0.005755 0.008633
0 0.217421 0.422837 0.005755 0.008633
0 0.222418 0.420461 0.005755 0.008633
0 0.222174 0.412600 0.005755 0.008633
0 0.217786 0.412600 0.005755 0.008633
0 0.210718 0.387372 0.005755 0.008633
0 0.215593 0.391760 0.005755 0.008633
0 0.226074 0.402728 0.005755 0.008633
0 0.231802 0.399072 0.005755 0.008633
0 0.235580 0.394319 0.005755 0.008633
0 0.230705 0.391942 0.005755 0.008633
0 0.225830 0.388469 0.005755 0.008633
0 0.219614 0.382985 0.005755 0.008633
0 0.214861 0.376404 0.005755 0.008633
0 0.222418 0.374758 0.005755 0.008633
0 0.229121 0.374758 0.005755 0.008633
0 0.227780 0.367994 0.005755 0.008633
0 0.224246 0.363241 0.005755 0.008633
0 0.220224 0.356112 0.005755 0.008633
0 0.224124 0.353918 0.005755 0.008633
0 0.227414 0.355563 0.005755 0.008633
0 0.229852 0.348982 0.005755 0.008633
0 0.231924 0.384082 0.005755 0.008633
0 0.235336 0.382436 0.005755 0.008633
0 0.239967 0.382436 0.005755 0.008633
0 0.242892 0.392856 0.005755 0.008633
0 0.246914 0.393405 0.005755 0.008633
0 0.249595 0.390297 0.005755 0.008633
0 0.253739 0.395416 0.005755 0.008633
0 0.251545 0.398158 0.005755 0.008633
0 0.245208 0.401631 0.005755 0.008633
0 0.239602 0.403094 0.005755 0.008633
0 0.234605 0.404922 0.005755 0.008633
0 0.229974 0.410772 0.005755 0.008633
0 0.228389 0.417353 0.005755 0.008633
0 0.233752 0.416804 0.005755 0.008633
0 0.236920 0.412051 0.005755 0.008633
0 0.241917 0.409126 0.005755 0.008633
0 0.246914 0.408944 0.005755 0.008633
0 0.251667 0.406750 0.005755 0.008633
0 0.251058 0.417536 0.005755 0.008633
0 0.244233 0.413514 0.005755 0.008633
0 0.245208 0.418998 0.005755 0.008633
0 0.238992 0.420278 0.005755 0.008633
0 0.233995 0.422837 0.005755 0.008633
0 0.228389 0.426676 0.005755 0.008633
0 0.232046 0.433623 0.005755 0.008633
0 0.237164 0.428870 0.005755 0.008633
0 0.241917 0.424300 0.005755 0.008633
0 0.185788 0.539179 0.005755 0.008633
0 0.181537 0.527843 0.005755 0.008633
0 0.189094 0.528079 0.005755 0.008633
0 0.186575 0.520049 0.005755 0.008633
0 0.193503 0.518868 0.005755 0.008633
0 0.200903 0.521466 0.005755 0.008633
0 0.204052 0.508713 0.005755 0.008633
0 0.198069 0.500919 0.005755 0.008633
0 0.202950 0.495487 0.005755 0.008633
0 0.204209 0.537526 0.005755 0.008633
0 0.257035 0.405861 0.005755 0.008633
0 0.260638 0.400948 0.005755 0.008633
0 0.263804 0.405043 0.005755 0.008633
0 0.270356 0.404387 0.005755 0.008633
0 0.277235 0.409629 0.005755 0.008633
0 0.253977 0.431084 0.005755 0.008633
0 0.273632 0.424369 0.005755 0.008633
0 0.271339 0.394396 0.005755 0.008633
0 0.263149 0.391121 0.005755 0.008633
0 0.257253 0.392103 0.005755 0.008633
0 0.257799 0.385880 0.005755 0.008633
0 0.252449 0.381949 0.005755 0.008633
0 0.246116 0.384242 0.005755 0.008633
0 0.247644 0.379328 0.005755 0.008633
0 0.248845 0.374742 0.005755 0.008633
0 0.244259 0.372940 0.005755 0.008633
0 0.242512 0.367044 0.005755 0.008633
0 0.240110 0.360329 0.005755 0.008633
0 0.236179 0.367536 0.005755 0.008633
0 0.233231 0.362458 0.005755 0.008633
0 0.234541 0.356726 0.005755 0.008633
0 0.239673 0.351485 0.005755 0.008633
0 0.243277 0.356071 0.005755 0.008633
0 0.248518 0.355088 0.005755 0.008633
0 0.247208 0.361312 0.005755 0.008633
0 0.251903 0.364424 0.005755 0.008633
0 0.254960 0.368027 0.005755 0.008633
0 0.260747 0.366061 0.005755 0.008633
0 0.253541 0.358364 0.005755 0.008633
0 0.254523 0.350174 0.005755 0.008633
0 0.252449 0.341330 0.005755 0.008633
0 0.248627 0.338873 0.005755 0.008633
0 0.249064 0.346735 0.005755 0.008633
0 0.244696 0.343623 0.005755 0.008633
0 0.238581 0.342640 0.005755 0.008633
0 0.242076 0.332158 0.005755 0.008633
0 0.237380 0.333959 0.005755 0.008633
0 0.234760 0.327572 0.005755 0.008633
0 0.229409 0.339201 0.005755 0.008633
0 0.238145 0.323641 0.005755 0.008633
0 0.244915 0.324624 0.005755 0.008633
0 0.250265 0.322331 0.005755 0.008633
0 0.248736 0.332813 0.005755 0.008633
0 0.257035 0.340347 0.005755 0.008633
0 0.262385 0.337235 0.005755 0.008633
0 0.265879 0.341002 0.005755 0.008633
0 0.270028 0.343787 0.005755 0.008633
0 0.275706 0.347881 0.005755 0.008633
0 0.267299 0.349028 0.005755 0.008633
0 0.265333 0.358200 0.005755 0.008633
0 0.262931 0.352631 0.005755 0.008633
0 0.270683 0.355415 0.005755 0.008633
0 0.275379 0.358036 0.005755 0.008633
0 0.272976 0.365243 0.005755 0.008633
0 0.267408 0.362458 0.005755 0.008633
0 0.265333 0.368682 0.005755 0.008633
0 0.271120 0.372285 0.005755 0.008633
0 0.270902 0.380147 0.005755 0.008633
0 0.266862 0.383095 0.005755 0.008633
0 0.262167 0.382768 0.005755 0.008633
0 0.261621 0.374578 0.005755 0.008633
0 0.256270 0.375561 0.005755 0.008633
0 0.277344 0.383914 0.005755 0.008633
0 0.277562 0.373923 0.005755 0.008633
0 0.281493 0.363277 0.005755 0.008633
0 0.281275 0.351648 0.005755 0.008633
0 0.279637 0.342968 0.005755 0.008633
0 0.282804 0.340183 0.005755 0.008633
0 0.288154 0.348864 0.005755 0.008633
0 0.291539 0.344278 0.005755 0.008633
0 0.287717 0.356889 0.005755 0.008633
0 0.292631 0.362950 0.005755 0.008633
0 0.293614 0.370811 0.005755 0.008633
0 0.289246 0.378018 0.005755 0.008633
0 0.283350 0.377363 0.005755 0.008633
0 0.304642 0.377854 0.005755 0.008633
0 0.307917 0.372285 0.005755 0.008633
0 0.298745 0.361312 0.005755 0.008633
0 0.298964 0.348209 0.005755 0.008633
0 0.295579 0.329865 0.005755 0.008633
0 0.290665 0.335597 0.005755 0.008633
0 0.288482 0.339201 0.005755 0.008633
0 0.286407 0.331994 0.005755 0.008633
0 0.282367 0.330192 0.005755 0.008633
0 0.280729 0.334942 0.005755 0.008633
0 0.276252 0.335270 0.005755 0.008633
0 0.276252 0.329537 0.005755 0.008633
0 0.266425 0.331994 0.005755 0.008633
0 0.271448 0.330520 0.005755 0.008633
0 0.270028 0.323477 0.005755 0.008633
0 0.275160 0.319874 0.005755 0.008633
0 0.280729 0.326917 0.005755 0.008633
0 0.277017 0.324624 0.005755 0.008633
0 0.280511 0.319219 0.005755 0.008633
0 0.284769 0.322986 0.005755 0.008633
0 0.290010 0.325606 0.005755 0.008633
0 0.294050 0.319874 0.005755 0.008633
0 0.286189 0.315288 0.005755 0.008633
0 0.282585 0.311357 0.005755 0.008633
0 0.278218 0.311685 0.005755 0.008633
0 0.273413 0.313486 0.005755 0.008633
0 0.264023 0.322658 0.005755 0.008633
0 0.261293 0.327572 0.005755 0.008633
0 0.255943 0.330192 0.005755 0.008633
0 0.265006 0.315779 0.005755 0.008633
0 0.260966 0.316271 0.005755 0.008633
0 0.255506 0.316598 0.005755 0.008633
0 0.247972 0.315452 0.005755 0.008633
0 0.243058 0.313486 0.005755 0.008633
0 0.240110 0.305952 0.005755 0.008633
0 0.241966 0.300711 0.005755 0.008633
0 0.244150 0.305788 0.005755 0.008633
0 0.250156 0.303823 0.005755 0.008633
0 0.253759 0.306771 0.005755 0.008633
0 0.261948 0.308081 0.005755 0.008633
0 0.254742 0.297927 0.005755 0.008633
0 0.246443 0.293996 0.005755 0.008633
0 0.258454 0.299237 0.005755 0.008633
0 0.264569 0.301530 0.005755 0.008633
0 0.268500 0.305952 0.005755 0.008633
0 0.273304 0.308081 0.005755 0.008633
0 0.271339 0.300383 0.005755 0.008633
0 0.277562 0.303004 0.005755 0.008633
0 0.275706 0.295142 0.005755 0.008633
0 0.284114 0.303987 0.005755 0.008633
0 0.281057 0.295306 0.005755 0.008633
0 0.285097 0.294978 0.005755 0.008633
0 0.288372 0.298582 0.005755 0.008633
0 0.288263 0.307426 0.005755 0.008633
0 0.292958 0.304642 0.005755 0.008633
0 0.293286 0.312176 0.005755 0.008633
0 0.296562 0.312831 0.005755 0.008633
0 0.302240 0.312012 0.005755 0.008633
0 0.300711 0.326917 0.005755 0.008633
0 0.306716 0.309555 0.005755 0.008633
0 0.312613 0.303823 0.005755 0.008633
0 0.307262 0.300875 0.005755 0.008633
0 0.300493 0.300383 0.005755 0.008633
0 0.298090 0.305788 0.005755 0.008633
0 0.296016 0.299564 0.005755 0.008633
0 0.297326 0.293013 0.005755 0.008633
0 0.292412 0.292849 0.005755 0.008633
0 0.303222 0.294159 0.005755 0.008633
0 0.317199 0.298909 0.005755 0.008633
0 0.322767 0.293832 0.005755 0.008633
0 0.326807 0.294323 0.005755 0.008633
0 0.330957 0.299892 0.005755 0.008633
0 0.330520 0.314469 0.005755 0.008633
0 0.325497 0.316271 0.005755 0.008633
0 0.328773 0.319874 0.005755 0.008633
0 0.318400 0.320529 0.005755 0.008633
0 0.314687 0.313322 0.005755 0.008633
0 0.309228 0.318727 0.005755 0.008633
0 0.264350 0.290392 0.005755 0.008633
0 0.269592 0.287280 0.005755 0.008633
0 0.277126 0.287444 0.005755 0.008633
0 0.283568 0.285479 0.005755 0.008633
0 0.279855 0.279255 0.005755 0.008633
0 0.275815 0.273686 0.005755 0.008633
0 0.272758 0.279583 0.005755 0.008633
0 0.263368 0.283513 0.005755 0.008633
0 0.259218 0.286462 0.005755 0.008633
0 0.253977 0.285970 0.005755 0.008633
0 0.255834 0.278927 0.005755 0.008633
0 0.249064 0.278600 0.005755 0.008633
0 0.258345 0.279910 0.005755 0.008633
0 0.264241 0.277453 0.005755 0.008633
0 0.267189 0.269919 0.005755 0.008633
0 0.261621 0.265497 0.005755 0.008633
0 0.255615 0.262057 0.005755 0.008633
0 0.249173 0.267462 0.005755 0.008633
0 0.251684 0.258618 0.005755 0.008633
0 0.263040 0.258127 0.005755 0.008633
0 0.269482 0.262057 0.005755 0.008633
0 0.274724 0.263859 0.005755 0.008633
0 0.280401 0.265006 0.005755 0.008633
0 0.284114 0.274014 0.005755 0.008633
0 0.287826 0.279091 0.005755 0.008633
0 0.286844 0.289082 0.005755 0.008633
0 0.294815 0.282367 0.005755 0.008633
0 0.297326 0.286953 0.005755 0.008633
0 0.302786 0.289410 0.005755 0.008633
0 0.307372 0.286953 0.005755 0.008633
0 0.304205 0.282531 0.005755 0.008633
0 0.300165 0.279746 0.005755 0.008633
0 0.296125 0.273850 0.005755 0.008633
0 0.291976 0.273031 0.005755 0.008633
0 0.290775 0.266971 0.005755 0.008633
0 0.286189 0.262221 0.005755 0.008633
0 0.284551 0.253868 0.005755 0.008633
0 0.279200 0.256489 0.005755 0.008633
0 0.274724 0.253541 0.005755 0.008633
0 0.270138 0.255015 0.005755 0.008633
0 0.264132 0.251575 0.005755 0.008633
0 0.265879 0.245351 0.005755 0.008633
0 0.266316 0.237653 0.005755 0.008633
0 0.266753 0.229300 0.005755 0.008633
0 0.270683 0.236507 0.005755 0.008633
0 0.272758 0.244860 0.005755 0.008633
0 0.279091 0.248299 0.005755 0.008633
0 0.277344 0.239455 0.005755 0.008633
0 0.277999 0.233886 0.005755 0.008633
0 0.275815 0.227171 0.005755 0.008633
0 0.317963 0.286953 0.005755 0.008633
0 0.312176 0.291539 0.005755 0.008633
0 0.313049 0.283350 0.005755 0.008633
0 0.308136 0.283513 0.005755 0.008633
0 0.308573 0.276471 0.005755 0.008633
0 0.313377 0.272376 0.005755 0.008633
0 0.308027 0.271066 0.005755 0.008633
0 0.301584 0.269592 0.005755 0.008633
0 0.296671 0.266480 0.005755 0.008633
0 0.293614 0.260092 0.005755 0.008633
0 0.289901 0.255178 0.005755 0.008633
0 0.287280 0.248136 0.005755 0.008633
0 0.284987 0.242403 0.005755 0.008633
0 0.282585 0.227990 0.005755 0.008633
0 0.285861 0.233886 0.005755 0.008633
0 0.289028 0.239291 0.005755 0.008633
0 0.290119 0.244369 0.005755 0.008633
0 0.295033 0.241912 0.005755 0.008633
0 0.294378 0.248955 0.005755 0.008633
0 0.298090 0.255342 0.005755 0.008633
0 0.300820 0.260911 0.005755 0.008633
0 0.306280 0.263040 0.005755 0.008633
0 0.311084 0.265824 0.005755 0.008633
0 0.315998 0.267299 0.005755 0.008633
0 0.318400 0.274341 0.005755 0.008633
0 0.322986 0.272540 0.005755 0.008633
0 0.322003 0.282531 0.005755 0.008633
0 0.327681 0.286953 0.005755 0.008633
0 0.331066 0.279746 0.005755 0.008633
0 0.332485 0.289410 0.005755 0.008633
0 0.334888 0.306280 0.005755 0.008633
0 0.334451 0.270411 0.005755 0.008633
0 0.326917 0.265169 0.005755 0.008633
0 0.332267 0.261894 0.005755 0.008633
0 0.327244 0.256980 0.005755 0.008633
0 0.321894 0.255342 0.005755 0.008633
0 0.325060 0.250592 0.005755 0.008633
0 0.320802 0.248136 0.005755 0.008633
0 0.316544 0.260092 0.005755 0.008633
0 0.312940 0.259437 0.005755 0.008633
0 0.312613 0.251739 0.005755 0.008633
0 0.316325 0.252558 0.005755 0.008633
0 0.309009 0.247480 0.005755 0.008633
0 0.302895 0.248791 0.005755 0.008633
0 0.301038 0.242731 0.005755 0.008633
0 0.298855 0.232412 0.005755 0.008633
0 0.304751 0.238145 0.005755 0.008633
0 0.310647 0.240601 0.005755 0.008633
0 0.320693 0.241584 0.005755 0.008633
0 0.323859 0.241748 0.005755 0.008633
0 0.326480 0.236834 0.005755 0.008633
0 0.321239 0.233886 0.005755 0.008633
0 0.314687 0.234869 0.005755 0.008633
0 0.310101 0.229136 0.005755 0.008633
0 0.316544 0.228809 0.005755 0.008633
0 0.330411 0.253868 0.005755 0.008633
0 0.330411 0.246662 0.005755 0.008633
0 0.334888 0.254687 0.005755 0.008633
0 0.334451 0.247972 0.005755 0.008633
0 0.333250 0.240438 0.005755 0.008633
0 0.336525 0.235688 0.005755 0.008633
0 0.342640 0.238472 0.005755 0.008633
0 0.338928 0.244532 0.005755 0.008633
0 0.344278 0.247480 0.005755 0.008633
0 0.341548 0.254687 0.005755 0.008633
0 0.343186 0.262876 0.005755 0.008633
0 0.341767 0.274505 0.005755 0.008633
0 0.346899 0.274669 0.005755 0.008633
0 0.346134 0.287608 0.005755 0.008633
0 0.348973 0.295797 0.005755 0.008633
0 0.350611 0.284824 0.005755 0.008633
0 0.350283 0.259437 0.005755 0.008633
0 0.354323 0.251739 0.005755 0.008633
0 0.352140 0.245187 0.005755 0.008633
0 0.349082 0.234705 0.005755 0.008633
0 0.408045 0.252230 0.005755 0.008633
0 0.405752 0.244041 0.005755 0.008633
0 0.399528 0.241420 0.005755 0.008633
0 0.409574 0.235852 0.005755 0.008633
0 0.404114 0.227007 0.005755 0.008633
0 0.400074 0.222257 0.005755 0.008633
0 0.395925 0.227662 0.005755 0.008633
0 0.391012 0.227499 0.005755 0.008633
0 0.385989 0.225369 0.005755 0.008633
0 0.385989 0.219146 0.005755 0.008633
0 0.381949 0.217835 0.005755 0.008633
0 0.389483 0.217016 0.005755 0.008633
0 0.393850 0.220128 0.005755 0.008633
0 0.397017 0.218654 0.005755 0.008633
0 0.403896 0.215542 0.005755 0.008633
0 0.403787 0.207517 0.005755 0.008633
0 0.397672 0.210629 0.005755 0.008633
0 0.393195 0.208991 0.005755 0.008633
0 0.394506 0.200638 0.005755 0.008633
0 0.387627 0.198672 0.005755 0.008633
0 0.388391 0.206043 0.005755 0.008633
0 0.383696 0.208008 0.005755 0.008633
0 0.375834 0.205060 0.005755 0.008633
0 0.373759 0.212267 0.005755 0.008633
0 0.370265 0.216197 0.005755 0.008633
0 0.374305 0.227335 0.005755 0.008633
0 0.368737 0.229464 0.005755 0.008633
0 0.366771 0.223895 0.005755 0.008633
0 0.357708 0.223240 0.005755 0.008633
0 0.361858 0.222257 0.005755 0.008633
0 0.358909 0.215378 0.005755 0.008633
0 0.353341 0.215870 0.005755 0.008633
0 0.351266 0.220620 0.005755 0.008633
0 0.345370 0.218982 0.005755 0.008633
0 0.347663 0.214396 0.005755 0.008633
0 0.338600 0.216853 0.005755 0.008633
0 0.336307 0.209810 0.005755 0.008633
0 0.342422 0.209646 0.005755 0.008633
0 0.345261 0.225697 0.005755 0.008633
0 0.341985 0.230119 0.005755 0.008633
0 0.340565 0.223076 0.005755 0.008633
0 0.335106 0.223404 0.005755 0.008633
0 0.334451 0.231429 0.005755 0.008633
0 0.330192 0.230938 0.005755 0.008633
0 0.326152 0.227662 0.005755 0.008633
0 0.329100 0.223568 0.005755 0.008633
0 0.326371 0.219309 0.005755 0.008633
0 0.321785 0.221111 0.005755 0.008633
0 0.314687 0.223404 0.005755 0.008633
0 0.308027 0.223732 0.005755 0.008633
0 0.303004 0.223568 0.005755 0.008633
0 0.298418 0.224223 0.005755 0.008633
0 0.297872 0.218654 0.005755 0.008633
0 0.302458 0.216853 0.005755 0.008633
0 0.308354 0.216034 0.005755 0.008633
0 0.316325 0.215215 0.005755 0.008633
0 0.331612 0.216689 0.005755 0.008633
0 0.413396 0.259109 0.005755 0.008633
0 0.420821 0.241093 0.005755 0.008633
0 0.414815 0.238800 0.005755 0.008633
0 0.411539 0.227826 0.005755 0.008633
0 0.416453 0.227990 0.005755 0.008633
0 0.418528 0.222913 0.005755 0.008633
0 0.427263 0.230611 0.005755 0.008633
0 0.429774 0.224714 0.005755 0.008633
0 0.423332 0.222913 0.005755 0.008633
0 0.432286 0.218654 0.005755 0.008633
0 0.427044 0.217180 0.005755 0.008633
0 0.435015 0.212922 0.005755 0.008633
0 0.438728 0.220620 0.005755 0.008633
0 0.440147 0.215706 0.005755 0.008633
0 0.362185 0.245024 0.005755 0.008633
0 0.368081 0.244041 0.005755 0.008633
0 0.414378 0.211120 0.005755 0.008633
0 0.409574 0.204896 0.005755 0.008633
0 0.405097 0.198836 0.005755 0.008633
0 0.410447 0.197362 0.005755 0.008633
0 0.417545 0.194250 0.005755 0.008633
0 0.415470 0.198836 0.005755 0.008633
0 0.419838 0.205060 0.005755 0.008633
0 0.432722 0.204732 0.005755 0.008633
0 0.438946 0.206206 0.005755 0.008633
0 0.445934 0.209155 0.005755 0.008633
0 0.424751 0.196215 0.005755 0.008633
0 0.427918 0.191629 0.005755 0.008633
0 0.430102 0.197198 0.005755 0.008633
0 0.435670 0.194414 0.005755 0.008633
0 0.433814 0.187699 0.005755 0.008633
0 0.439055 0.187207 0.005755 0.008633
0 0.443969 0.196215 0.005755 0.008633
0 0.449647 0.201293 0.005755 0.008633
0 0.399310 0.191793 0.005755 0.008633
0 0.402258 0.188354 0.005755 0.008633
0 0.408482 0.189173 0.005755 0.008633
0 0.416890 0.186552 0.005755 0.008633
0 0.421585 0.187371 0.005755 0.008633
0 0.426280 0.183932 0.005755 0.008633
0 0.422131 0.179837 0.005755 0.008633
0 0.414487 0.179182 0.005755 0.008633
0 0.392868 0.186552 0.005755 0.008633
0 0.390684 0.181639 0.005755 0.008633
0 0.389374 0.188518 0.005755 0.008633
0 0.384460 0.191793 0.005755 0.008633
0 0.381730 0.197362 0.005755 0.008633
0 0.385224 0.184259 0.005755 0.008633
0 0.387190 0.180001 0.005755 0.008633
0 0.380529 0.182949 0.005755 0.008633
0 0.379983 0.190647 0.005755 0.008633
0 0.377363 0.188026 0.005755 0.008633
0 0.375179 0.194905 0.005755 0.008633
0 0.370484 0.194741 0.005755 0.008633
0 0.368955 0.203095 0.005755 0.008633
0 0.363605 0.205224 0.005755 0.008633
0 0.359128 0.206534 0.005755 0.008633
0 0.353559 0.210137 0.005755 0.008633
0 0.352795 0.202439 0.005755 0.008633
0 0.346789 0.204896 0.005755 0.008633
0 0.342749 0.204569 0.005755 0.008633
0 0.357708 0.198672 0.005755 0.008633
0 0.362840 0.193922 0.005755 0.008633
0 0.366334 0.187207 0.005755 0.008633
0 0.360220 0.191302 0.005755 0.008633
0 0.353232 0.193267 0.005755 0.008633
0 0.345370 0.198345 0.005755 0.008633
0 0.339801 0.198508 0.005755 0.008633
0 0.343295 0.190647 0.005755 0.008633
0 0.348536 0.188681 0.005755 0.008633
0 0.353122 0.187699 0.005755 0.008633
0 0.354105 0.183932 0.005755 0.008633
0 0.358909 0.182294 0.005755 0.008633
0 0.372012 0.185897 0.005755 0.008633
0 0.454124 0.207681 0.005755 0.008633
0 0.457945 0.205715 0.005755 0.008633
0 0.463842 0.207681 0.005755 0.008633
0 0.461767 0.197690 0.005755 0.008633
0 0.464606 0.190974 0.005755 0.008633
0 0.458273 0.169682 0.005755 0.008633
0 0.453359 0.176234 0.005755 0.008633
0 0.450193 0.179346 0.005755 0.008633
0 0.447900 0.188026 0.005755 0.008633
0 0.450957 0.172303 0.005755 0.008633
0 0.451721 0.160674 0.005755 0.008633
0 0.447135 0.165915 0.005755 0.008633
0 0.442113 0.170337 0.005755 0.008633
0 0.439165 0.177708 0.005755 0.008633
0 0.431084 0.175742 0.005755 0.008633
0 0.424315 0.171648 0.005755 0.008633
0 0.414487 0.169355 0.005755 0.008633
0 0.406844 0.176397 0.005755 0.008633
0 0.402258 0.178527 0.005755 0.008633
0 0.404005 0.166243 0.005755 0.008633
0 0.407827 0.167717 0.005755 0.008633
0 0.410447 0.160510 0.005755 0.008633
0 0.415689 0.163458 0.005755 0.008633
0 0.423769 0.158709 0.005755 0.008633
0 0.429556 0.152976 0.005755 0.008633
0 0.437854 0.152321 0.005755 0.008633
0 0.442440 0.151338 0.005755 0.008633
0 0.442440 0.159036 0.005755 0.008633
0 0.436107 0.160838 0.005755 0.008633
0 0.437418 0.167553 0.005755 0.008633
0 0.431958 0.165751 0.005755 0.008633
0 0.335979 0.202276 0.005755 0.008633
0 0.335979 0.194905 0.005755 0.008633
0 0.332049 0.199164 0.005755 0.008633
0 0.329646 0.206534 0.005755 0.008633
0 0.324078 0.208499 0.005755 0.008633
0 0.321239 0.203913 0.005755 0.008633
0 0.315779 0.204569 0.005755 0.008633
0 0.312503 0.211448 0.005755 0.008633
0 0.312394 0.200802 0.005755 0.008633
0 0.316980 0.198836 0.005755 0.008633
0 0.322112 0.197526 0.005755 0.008633
0 0.318946 0.190647 0.005755 0.008633
0 0.314032 0.187371 0.005755 0.008633
0 0.322986 0.192612 0.005755 0.008633
0 0.327790 0.195233 0.005755 0.008633
0 0.329319 0.188518 0.005755 0.008633
0 0.333686 0.188190 0.005755 0.008633
0 0.343077 0.183440 0.005755 0.008633
0 0.351266 0.179182 0.005755 0.008633
0 0.359892 0.176561 0.005755 0.008633
0 0.364260 0.178035 0.005755 0.008633
0 0.369938 0.180656 0.005755 0.008633
0 0.376380 0.179509 0.005755 0.008633
0 0.382495 0.177216 0.005755 0.008633
0 0.392322 0.173122 0.005755 0.008633
0 0.395816 0.177216 0.005755 0.008633
0 0.399092 0.171320 0.005755 0.008633
0 0.396799 0.164605 0.005755 0.008633
0 0.389701 0.165915 0.005755 0.008633
0 0.386426 0.168044 0.005755 0.008633
0 0.380202 0.170501 0.005755 0.008633
0 0.376598 0.165751 0.005755 0.008633
0 0.371794 0.169355 0.005755 0.008633
0 0.367863 0.171648 0.005755 0.008633
0 0.350502 0.171975 0.005755 0.008633
0 0.354651 0.171648 0.005755 0.008633
0 0.343077 0.177380 0.005755 0.008633
0 0.344278 0.171811 0.005755 0.008633
0 0.342749 0.165096 0.005755 0.008633
0 0.338709 0.178527 0.005755 0.008633
0 0.332049 0.181311 0.005755 0.008633
0 0.328554 0.180656 0.005755 0.008633
0 0.334888 0.171320 0.005755 0.008633
0 0.331721 0.170665 0.005755 0.008633
0 0.332158 0.165588 0.005755 0.008633
0 0.337290 0.165096 0.005755 0.008633
0 0.349410 0.164277 0.005755 0.008633
0 0.354651 0.162312 0.005755 0.008633
0 0.359892 0.167881 0.005755 0.008633
0 0.363714 0.160183 0.005755 0.008633
0 0.367754 0.164605 0.005755 0.008633
0 0.372558 0.162476 0.005755 0.008633
0 0.378673 0.156579 0.005755 0.008633
0 0.382276 0.165588 0.005755 0.008633
0 0.383477 0.161657 0.005755 0.008633
0 0.386207 0.154286 0.005755 0.008633
0 0.388828 0.156416 0.005755 0.008633
0 0.392103 0.158872 0.005755 0.008633
0 0.396799 0.157562 0.005755 0.008633
0 0.401931 0.160674 0.005755 0.008633
0 0.403787 0.154778 0.005755 0.008633
0 0.402804 0.146261 0.005755 0.008633
0 0.396471 0.148226 0.005755 0.008633
0 0.391448 0.144787 0.005755 0.008633
0 0.386862 0.147571 0.005755 0.008633
0 0.384133 0.140201 0.005755 0.008633
0 0.377909 0.144132 0.005755 0.008633
0 0.371903 0.146588 0.005755 0.008633
0 0.365788 0.151338 0.005755 0.008633
0 0.368955 0.144623 0.005755 0.008633
0 0.373759 0.140365 0.005755 0.008633
0 0.377363 0.138072 0.005755 0.008633
0 0.381184 0.131848 0.005755 0.008633
0 0.365243 0.142985 0.005755 0.008633
0 0.357599 0.153959 0.005755 0.008633
0 0.351375 0.156088 0.005755 0.008633
0 0.346025 0.159200 0.005755 0.008633
0 0.342422 0.156743 0.005755 0.008633
0 0.336089 0.157398 0.005755 0.008633
0 0.346789 0.152976 0.005755 0.008633
0 0.359019 0.144623 0.005755 0.008633
0 0.362622 0.137744 0.005755 0.008633
0 0.356507 0.137253 0.005755 0.008633
0 0.353559 0.147735 0.005755 0.008633
0 0.349737 0.144787 0.005755 0.008633
0 0.342968 0.147735 0.005755 0.008633
0 0.343732 0.142002 0.005755 0.008633
0 0.348209 0.139054 0.005755 0.008633
0 0.336307 0.149864 0.005755 0.008633
0 0.336853 0.142985 0.005755 0.008633
0 0.338818 0.138563 0.005755 0.008633
0 0.332485 0.137908 0.005755 0.008633
0 0.332485 0.144459 0.005755 0.008633
0 0.331830 0.153795 0.005755 0.008633
0 0.328336 0.164932 0.005755 0.008633
0 0.315452 0.179346 0.005755 0.008633
0 0.323423 0.175087 0.005755 0.008633
0 0.318181 0.171484 0.005755 0.008633
0 0.312503 0.173449 0.005755 0.008633
0 0.313705 0.165260 0.005755 0.008633
0 0.319382 0.164277 0.005755 0.008633
0 0.314251 0.157071 0.005755 0.008633
0 0.318837 0.156416 0.005755 0.008633
0 0.324842 0.159527 0.005755 0.008633
0 0.327135 0.150192 0.005755 0.008633
0 0.321020 0.148390 0.005755 0.008633
0 0.324514 0.143804 0.005755 0.008633
0 0.316980 0.143476 0.005755 0.008633
0 0.325716 0.135287 0.005755 0.008633
0 0.318946 0.135287 0.005755 0.008633
0 0.314687 0.132994 0.005755 0.008633
0 0.413723 0.154614 0.005755 0.008633
0 0.409574 0.149700 0.005755 0.008633
0 0.413068 0.148062 0.005755 0.008633
0 0.416890 0.149373 0.005755 0.008633
0 0.415907 0.141183 0.005755 0.008633
0 0.419619 0.144787 0.005755 0.008633
0 0.423441 0.148062 0.005755 0.008633
0 0.422895 0.138563 0.005755 0.008633
0 0.417108 0.132830 0.005755 0.008633
0 0.410557 0.128899 0.005755 0.008633
0 0.423004 0.125951 0.005755 0.008633
0 0.415907 0.123986 0.005755 0.008633
0 0.407827 0.137580 0.005755 0.008633
0 0.402258 0.136597 0.005755 0.008633
0 0.396471 0.140037 0.005755 0.008633
0 0.392103 0.132339 0.005755 0.008633
0 0.395379 0.127589 0.005755 0.008633
0 0.403568 0.123658 0.005755 0.008633
0 0.391776 0.123167 0.005755 0.008633
0 0.385115 0.122348 0.005755 0.008633
0 0.379765 0.125296 0.005755 0.008633
0 0.373869 0.131192 0.005755 0.008633
0 0.374305 0.121857 0.005755 0.008633
0 0.370265 0.125788 0.005755 0.008633
0 0.367426 0.129227 0.005755 0.008633
0 0.359455 0.130046 0.005755 0.008633
0 0.361748 0.124477 0.005755 0.008633
0 0.355852 0.123822 0.005755 0.008633
0 0.352904 0.129391 0.005755 0.008633
0 0.349192 0.123822 0.005755 0.008633
0 0.346243 0.129882 0.005755 0.008633
0 0.342640 0.123658 0.005755 0.008633
0 0.341548 0.129555 0.005755 0.008633
0 0.335106 0.128408 0.005755 0.008633
0 0.329100 0.127917 0.005755 0.008633
0 0.323859 0.126279 0.005755 0.008633
0 0.319492 0.126770 0.005755 0.008633
0 0.311302 0.150847 0.005755 0.008633
0 0.307481 0.160183 0.005755 0.008633
0 0.307372 0.170174 0.005755 0.008633
0 0.307481 0.179837 0.005755 0.008633
0 0.303659 0.180983 0.005755 0.008633
0 0.301257 0.166898 0.005755 0.008633
0 0.296998 0.173449 0.005755 0.008633
0 0.303768 0.187699 0.005755 0.008633
0 0.306607 0.195560 0.005755 0.008633
0 0.309555 0.207189 0.005755 0.008633
0 0.305734 0.209974 0.005755 0.008633
0 0.300165 0.210137 0.005755 0.008633
0 0.301038 0.204241 0.005755 0.008633
0 0.299837 0.197690 0.005755 0.008633
0 0.295361 0.193922 0.005755 0.008633
0 0.297763 0.184914 0.005755 0.008633
0 0.292958 0.185897 0.005755 0.008633
0 0.292303 0.203422 0.005755 0.008633
0 0.288918 0.197526 0.005755 0.008633
0 0.287171 0.192612 0.005755 0.008633
0 0.281603 0.200146 0.005755 0.008633
0 0.282913 0.194905 0.005755 0.008633
0 0.276907 0.196707 0.005755 0.008633
0 0.277999 0.204405 0.005755 0.008633
0 0.284878 0.208663 0.005755 0.008633
0 0.282913 0.213741 0.005755 0.008633
0 0.275488 0.218982 0.005755 0.008633
0 0.280074 0.221930 0.005755 0.008633
0 0.285970 0.220620 0.005755 0.008633
0 0.291102 0.220620 0.005755 0.008633
0 0.290993 0.227171 0.005755 0.008633
0 0.293395 0.232904 0.005755 0.008633
0 0.427465 0.139209 0.005755 0.008633
0 0.432035 0.121117 0.005755 0.008633
0 0.438002 0.121498 0.005755 0.008633
0 0.439399 0.113119 0.005755 0.008633
0 0.435971 0.111214 0.005755 0.008633
0 0.439526 0.128163 0.005755 0.008633
0 0.432289 0.132353 0.005755 0.008633
0 0.444350 0.141113 0.005755 0.008633
0 0.446128 0.133495 0.005755 0.008633
0 0.450317 0.134829 0.005755 0.008633
0 0.447397 0.124545 0.005755 0.008633
0 0.444604 0.119784 0.005755 0.008633
0 0.448286 0.119022 0.005755 0.008633
0 0.454126 0.110262 0.005755 0.008633
0 0.455142 0.105882 0.005755 0.008633
0 0.460982 0.104168 0.005755 0.008633
0 0.465044 0.108548 0.005755 0.008633
0 0.467329 0.100741 0.005755 0.008633
0 0.472154 0.098836 0.005755 0.008633
0 0.475455 0.088362 0.005755 0.008633
0 0.482056 0.086267 0.005755 0.008633
0 0.487262 0.084934 0.005755 0.008633
0 0.492213 0.083220 0.005755 0.008633
0 0.488277 0.076936 0.005755 0.008633
0 0.490817 0.072746 0.005755 0.008633
0 0.493229 0.069128 0.005755 0.008633
0 0.490943 0.066081 0.005755 0.008633
0 0.485992 0.072366 0.005755 0.008633
0 0.481929 0.077126 0.005755 0.008633
0 0.478248 0.072746 0.005755 0.008633
0 0.483834 0.062463 0.005755 0.008633
0 0.473931 0.081697 0.005755 0.008633
0 0.470249 0.083982 0.005755 0.008633
0 0.464663 0.084934 0.005755 0.008633
0 0.461616 0.092742 0.005755 0.008633
0 0.456030 0.087600 0.005755 0.008633
0 0.451587 0.094837 0.005755 0.008633
0 0.449682 0.102454 0.005755 0.008633
0 0.444985 0.100550 0.005755 0.008633
0 0.443842 0.106644 0.005755 0.008633
0 0.514431 0.051608 0.005755 0.008633
0 0.549852 0.103788 0.005755 0.008633
0 0.153491 0.316314 0.005755 0.008633
0 0.154253 0.302983 0.005755 0.008633
0 0.157681 0.291557 0.005755 0.008633
0 0.160474 0.291176 0.005755 0.008633
0 0.159839 0.285844 0.005755 0.008633
0 0.154761 0.285463 0.005755 0.008633
0 0.160728 0.302222 0.005755 0.008633
0 0.170250 0.310220 0.005755 0.008633
0 0.167964 0.318218 0.005755 0.008633
0 0.168726 0.295556 0.005755 0.008633
0 0.172662 0.299365 0.005755 0.008633
0 0.176597 0.306602 0.005755 0.008633
0 0.180406 0.310220 0.005755 0.008633
0 0.184088 0.305459 0.005755 0.008633
0 0.186119 0.314790 0.005755 0.008633
0 0.191071 0.311363 0.005755 0.008633
0 0.188404 0.304507 0.005755 0.008633
0 0.193864 0.304126 0.005755 0.008633
0 0.188912 0.295175 0.005755 0.008633
0 0.194371 0.294414 0.005755 0.008633
0 0.191451 0.286225 0.005755 0.008633
0 0.186373 0.284892 0.005755 0.008633
0 0.183580 0.278798 0.005755 0.008633
0 0.183326 0.291748 0.005755 0.008633
0 0.178248 0.268134 0.005755 0.008633
0 0.180914 0.268514 0.005755 0.008633
0 0.206052 0.317266 0.005755 0.008633
0 0.210876 0.319551 0.005755 0.008633
0 0.213542 0.319551 0.005755 0.008633
0 0.220525 0.315362 0.005755 0.008633
0 0.226238 0.312696 0.005755 0.008633
0 0.226999 0.304126 0.005755 0.008633
0 0.222810 0.307173 0.005755 0.008633
0 0.214558 0.309458 0.005755 0.008633
0 0.209479 0.308125 0.005755 0.008633
0 0.204782 0.307363 0.005755 0.008633
0 0.199196 0.298984 0.005755 0.008633
0 0.204020 0.299175 0.005755 0.008633
0 0.207956 0.301269 0.005755 0.008633
0 0.214431 0.302793 0.005755 0.008633
0 0.220525 0.301269 0.005755 0.008633
0 0.227634 0.297842 0.005755 0.008633
0 0.223826 0.293081 0.005755 0.008633
0 0.218874 0.294414 0.005755 0.008633
0 0.214304 0.292128 0.005755 0.008633
0 0.208972 0.289843 0.005755 0.008633
0 0.203132 0.287748 0.005755 0.008633
0 0.197799 0.288320 0.005755 0.008633
0 0.194879 0.280321 0.005755 0.008633
0 0.190563 0.279369 0.005755 0.008633
0 0.188151 0.273847 0.005755 0.008633
0 0.231316 0.289272 0.005755 0.008633
0 0.234363 0.279179 0.005755 0.008633
0 0.230046 0.281464 0.005755 0.008633
0 0.226999 0.285273 0.005755 0.008633
0 0.219890 0.286415 0.005755 0.008633
0 0.222683 0.280702 0.005755 0.008633
0 0.226873 0.273466 0.005755 0.008633
0 0.213923 0.284130 0.005755 0.008633
0 0.216843 0.278227 0.005755 0.008633
0 0.220398 0.269657 0.005755 0.008633
0 0.223064 0.270228 0.005755 0.008633
0 0.239568 0.268324 0.005755 0.008633
0 0.242361 0.262421 0.005755 0.008633
0 0.238299 0.259183 0.005755 0.008633
0 0.234363 0.260897 0.005755 0.008633
0 0.230300 0.266229 0.005755 0.008633
0 0.230046 0.259564 0.005755 0.008633
0 0.226492 0.262801 0.005755 0.008633
0 0.218366 0.262230 0.005755 0.008633
0 0.215192 0.270228 0.005755 0.008633
0 0.210114 0.265848 0.005755 0.008633
0 0.210622 0.273275 0.005755 0.008633
0 0.206305 0.271181 0.005755 0.008633
0 0.205925 0.277465 0.005755 0.008633
0 0.200592 0.279941 0.005755 0.008633
0 0.198942 0.270800 0.005755 0.008633
0 0.193102 0.271181 0.005755 0.008633
0 0.259500 0.347736 0.005755 0.008633
0 0.238933 0.282607 0.005755 0.008633
0 0.243758 0.279369 0.005755 0.008633
0 0.243123 0.291367 0.005755 0.008633
0 0.229158 0.326978 0.005755 0.008633
0 0.254803 0.251566 0.005755 0.008633
0 0.247693 0.255184 0.005755 0.008633
0 0.248836 0.246995 0.005755 0.008633
0 0.251883 0.243377 0.005755 0.008633
0 0.248074 0.239949 0.005755 0.008633
0 0.252518 0.233474 0.005755 0.008633
0 0.248455 0.232713 0.005755 0.008633
0 0.256580 0.235760 0.005755 0.008633
0 0.260008 0.228142 0.005755 0.008633
0 0.254168 0.227190 0.005755 0.008633
0 0.249852 0.225666 0.005755 0.008633
0 0.252645 0.221667 0.005755 0.008633
0 0.262040 0.223952 0.005755 0.008633
0 0.271181 0.223381 0.005755 0.008633
0 0.272450 0.212907 0.005755 0.008633
0 0.272450 0.203957 0.005755 0.008633
0 0.267880 0.208146 0.005755 0.008633
0 0.265848 0.216145 0.005755 0.008633
0 0.264071 0.203576 0.005755 0.008633
0 0.267753 0.200148 0.005755 0.008633
0 0.271434 0.191007 0.005755 0.008633
0 0.277275 0.189484 0.005755 0.008633
0 0.262294 0.211193 0.005755 0.008633
0 0.258866 0.207004 0.005755 0.008633
0 0.259120 0.219192 0.005755 0.008633
0 0.254422 0.214050 0.005755 0.008633
0 0.249217 0.217287 0.005755 0.008633
0 0.242869 0.250233 0.005755 0.008633
0 0.237410 0.253089 0.005755 0.008633
0 0.233093 0.252518 0.005755 0.008633
0 0.233982 0.247186 0.005755 0.008633
0 0.231189 0.243758 0.005755 0.008633
0 0.225476 0.251185 0.005755 0.008633
0 0.226873 0.242425 0.005755 0.008633
0 0.223064 0.244900 0.005755 0.008633
0 0.219128 0.242806 0.005755 0.008633
0 0.214685 0.248138 0.005755 0.008633
0 0.217478 0.254422 0.005755 0.008633
0 0.213542 0.259183 0.005755 0.008633
0 0.210241 0.259374 0.005755 0.008633
0 0.205671 0.255184 0.005755 0.008633
0 0.203639 0.249661 0.005755 0.008633
0 0.208210 0.247567 0.005755 0.008633
0 0.210749 0.242234 0.005755 0.008633
0 0.205671 0.241663 0.005755 0.008633
0 0.202370 0.237283 0.005755 0.008633
0 0.199323 0.230999 0.005755 0.008633
0 0.196530 0.223762 0.005755 0.008633
0 0.198307 0.239759 0.005755 0.008633
0 0.194879 0.238235 0.005755 0.008633
0 0.189928 0.235188 0.005755 0.008633
0 0.187262 0.242806 0.005755 0.008633
0 0.200338 0.245662 0.005755 0.008633
0 0.196149 0.249852 0.005755 0.008633
0 0.200211 0.258231 0.005755 0.008633
0 0.202497 0.264896 0.005755 0.008633
0 0.195260 0.263754 0.005755 0.008633
0 0.191198 0.264134 0.005755 0.008633
0 0.191198 0.256517 0.005755 0.008633
0 0.185865 0.263944 0.005755 0.008633
0 0.184977 0.256898 0.005755 0.008633
0 0.185611 0.250042 0.005755 0.008633
0 0.182437 0.239949 0.005755 0.008633
0 0.164790 0.303745 0.005755 0.008633
0 0.199704 0.215764 0.005755 0.008633
0 0.199069 0.210622 0.005755 0.008633
0 0.204655 0.213098 0.005755 0.008633
0 0.205417 0.202814 0.005755 0.008633
0 0.207956 0.194435 0.005755 0.008633
0 0.212399 0.201100 0.005755 0.008633
0 0.212145 0.206052 0.005755 0.008633
0 0.214939 0.211765 0.005755 0.008633
0 0.218874 0.207765 0.005755 0.008633
0 0.221286 0.208527 0.005755 0.008633
0 0.220398 0.216335 0.005755 0.008633
0 0.214812 0.216716 0.005755 0.008633
0 0.208845 0.215383 0.005755 0.008633
0 0.206432 0.223572 0.005755 0.008633
0 0.201989 0.220144 0.005755 0.008633
0 0.204020 0.229475 0.005755 0.008633
0 0.211765 0.228713 0.005755 0.008633
0 0.207829 0.234236 0.005755 0.008633
0 0.215954 0.234046 0.005755 0.008633
0 0.221413 0.234807 0.005755 0.008633
0 0.226111 0.236712 0.005755 0.008633
0 0.218112 0.226999 0.005755 0.008633
0 0.224079 0.226999 0.005755 0.008633
0 0.230554 0.230046 0.005755 0.008633
0 0.233474 0.236712 0.005755 0.008633
0 0.238553 0.243758 0.005755 0.008633
0 0.243377 0.238806 0.005755 0.008633
0 0.239060 0.237283 0.005755 0.008633
0 0.243377 0.230237 0.005755 0.008633
0 0.238806 0.226619 0.005755 0.008633
0 0.241600 0.222619 0.005755 0.008633
0 0.242996 0.214431 0.005755 0.008633
0 0.238299 0.216525 0.005755 0.008633
0 0.232459 0.219001 0.005755 0.008633
0 0.227126 0.217668 0.005755 0.008633
0 0.228142 0.212336 0.005755 0.008633
0 0.235633 0.212717 0.005755 0.008633
0 0.240584 0.206242 0.005755 0.008633
0 0.245154 0.210812 0.005755 0.008633
0 0.250613 0.207385 0.005755 0.008633
0 0.254676 0.201862 0.005755 0.008633
0 0.228904 0.203576 0.005755 0.008633
0 0.232586 0.201481 0.005755 0.008633
0 0.229539 0.195578 0.005755 0.008633
0 0.224968 0.201481 0.005755 0.008633
0 0.220652 0.197101 0.005755 0.008633
0 0.221540 0.189864 0.005755 0.008633
0 0.224587 0.190626 0.005755 0.008633
0 0.226492 0.183961 0.005755 0.008633
0 0.231443 0.185484 0.005755 0.008633
0 0.233220 0.191388 0.005755 0.008633
0 0.239441 0.199577 0.005755 0.008633
0 0.245281 0.201291 0.005755 0.008633
0 0.248201 0.198244 0.005755 0.008633
0 0.254168 0.194816 0.005755 0.008633
0 0.258739 0.198053 0.005755 0.008633
0 0.261913 0.191959 0.005755 0.008633
0 0.270419 0.180724 0.005755 0.008633
0 0.262547 0.180533 0.005755 0.008633
0 0.244393 0.191769 0.005755 0.008633
0 0.242107 0.187198 0.005755 0.008633
0 0.244520 0.182818 0.005755 0.008633
0 0.247313 0.177296 0.005755 0.008633
0 0.215319 0.188341 0.005755 0.008633
0 0.218620 0.180343 0.005755 0.008633
0 0.212399 0.176153 0.005755 0.008633
0 0.216843 0.194625 0.005755 0.008633
0 0.232332 0.178057 0.005755 0.008633
0 0.236013 0.173487 0.005755 0.008633
0 0.241726 0.172725 0.005755 0.008633
0 0.237918 0.182247 0.005755 0.008633
0 0.225095 0.174439 0.005755 0.008633
0 0.224841 0.168917 0.005755 0.008633
0 0.241980 0.149683 0.005755 0.008633
0 0.245281 0.143779 0.005755 0.008633
0 0.307617 0.143779 0.005755 0.008633
0 0.310664 0.129115 0.005755 0.008633
0 0.288083 0.177740 0.005755 0.008633
0 0.290434 0.170922 0.005755 0.008633