0 0.080972 0.494441 0.048828 0.048828
0 0.134259 0.500590 0.048828 0.048828
0 0.013340 0.423734 0.048828 0.048828
0 0.122987 0.666598 0.048828 0.048828
0 0.152704 0.678894 0.048828 0.048828
0 0.190620 0.674795 0.048828 0.048828
0 0.199842 0.655325 0.048828 0.048828
0 0.240832 0.666598 0.048828 0.048828
0 0.286945 0.645078 0.048828 0.048828
0 0.224436 0.694266 0.048828 0.048828
0 0.363801 0.729107 0.048828 0.048828
0 0.262351 0.725008 0.048828 0.048828
0 0.237758 0.720909 0.048828 0.048828
0 0.025636 0.745502 0.048828 0.048828
0 0.051255 0.731156 0.048828 0.048828
0 0.073799 0.771121 0.048828 0.048828
0 0.964298 0.783418 0.048828 0.048828
0 0.944828 0.941228 0.048828 0.048828
0 0.897690 0.932005 0.048828 0.048828
0 0.861824 0.934055 0.048828 0.048828
0 0.828008 0.903312 0.048828 0.048828
0 0.810587 0.920733 0.048828 0.048828
0 0.795216 0.898189 0.048828 0.048828
0 0.739880 0.901263 0.048828 0.048828
0 0.671222 0.780344 0.048828 0.048828
0 0.683519 0.309988 0.048828 0.048828
0 0.215213 0.815185 0.048828 0.048828
0 0.248005 0.797764 0.048828 0.048828