0 0.629791 0.995169 0.048828 0.048828
0 0.550963 0.978625 0.048828 0.048828
0 0.549990 0.927047 0.048828 0.048828
0 0.597676 0.902717 0.048828 0.048828
0 0.488680 0.982518 0.048828 0.048828
0 0.495492 0.935805 0.048828 0.048828
0 0.506197 0.863790 0.048828 0.048828
0 0.373845 0.965974 0.048828 0.048828
0 0.393309 0.914395 0.048828 0.048828
0 0.396228 0.880334 0.048828 0.048828
0 0.377738 0.878388 0.048828 0.048828
0 0.360221 0.863790 0.048828 0.048828
0 0.369953 0.825836 0.048828 0.048828
0 0.337838 0.825836 0.048828 0.048828
0 0.385523 0.786909 0.048828 0.048828
0 0.319348 0.921208 0.048828 0.048828
0 0.288206 0.801507 0.048828 0.048828
0 0.340757 0.782044 0.048828 0.048828
0 0.334918 0.725599 0.048828 0.048828
0 0.464351 0.809292 0.048828 0.048828
0 0.496466 0.775231 0.048828 0.048828
0 0.258037 0.790802 0.048828 0.048828
0 0.237601 0.694458 0.048828 0.048828
0 0.261930 0.671102 0.048828 0.048828
0 0.220084 0.664289 0.048828 0.048828
0 0.275555 0.621470 0.048828 0.048828
0 0.216191 0.605899 0.048828 0.048828
0 0.311562 0.583516 0.048828 0.048828
0 0.321294 0.609791 0.048828 0.048828
0 0.378711 0.620496 0.048828 0.048828
0 0.352435 0.648718 0.048828 0.048828
0 0.345623 0.687645 0.048828 0.048828
0 0.369953 0.691538 0.048828 0.048828
0 0.393309 0.708082 0.048828 0.048828
0 0.434182 0.740197 0.048828 0.048828
0 0.408880 0.679860 0.048828 0.048828
0 0.433209 0.655531 0.048828 0.048828
0 0.494519 0.700297 0.048828 0.048828
0 0.531500 0.732412 0.048828 0.048828
0 0.528580 0.684726 0.048828 0.048828
0 0.495492 0.654558 0.048828 0.048828
0 0.532473 0.649692 0.048828 0.048828
0 0.567507 0.696404 0.048828 0.048828
0 0.586971 0.738251 0.048828 0.048828
0 0.636603 0.727546 0.048828 0.048828
0 0.605461 0.672075 0.048828 0.048828
0 0.683315 0.686672 0.048828 0.048828
0 0.641469 0.647745 0.048828 0.048828
0 0.670664 0.623416 0.048828 0.048828
0 0.688181 0.581569 0.048828 0.048828
0 0.731001 0.601033 0.048828 0.048828
0 0.650227 0.585462 0.048828 0.048828
0 0.615193 0.559186 0.048828 0.048828
0 0.561668 0.547508 0.048828 0.048828
0 0.610327 0.608818 0.048828 0.048828
0 0.563615 0.616604 0.048828 0.048828
0 0.583078 0.640933 0.048828 0.048828
0 0.516902 0.609791 0.048828 0.048828
0 0.496466 0.582543 0.048828 0.048828
0 0.460458 0.585462 0.048828 0.048828
0 0.477002 0.560159 0.048828 0.048828
0 0.519822 0.540696 0.048828 0.048828
0 0.336865 0.518313 0.048828 0.048828
0 0.351462 0.580596 0.048828 0.048828
0 0.341731 0.422942 0.048828 0.048828
0 0.375792 0.452137 0.048828 0.048828
0 0.428343 0.444352 0.048828 0.048828
0 0.404014 0.420022 0.048828 0.048828
0 0.403041 0.382068 0.048828 0.048828
0 0.442941 0.401532 0.048828 0.048828
0 0.430290 0.342168 0.048828 0.048828
0 0.469217 0.345088 0.048828 0.048828
0 0.490626 0.363578 0.048828 0.048828
0 0.510090 0.421968 0.048828 0.048828
0 0.496466 0.477440 0.048828 0.048828
0 0.556802 0.446298 0.048828 0.048828
0 0.589890 0.442405 0.048828 0.048828
0 0.565561 0.388881 0.048828 0.048828
0 0.621032 0.373310 0.048828 0.048828
0 0.626871 0.322705 0.048828 0.048828
0 0.581132 0.325624 0.048828 0.048828
0 0.546097 0.332436 0.048828 0.048828
0 0.599622 0.288643 0.048828 0.048828
0 0.546097 0.272099 0.048828 0.048828
0 0.510090 0.283778 0.048828 0.048828
0 0.465324 0.305187 0.048828 0.048828
0 0.684288 0.526098 0.048828 0.048828
0 0.690127 0.472574 0.048828 0.048828
0 0.647308 0.491064 0.048828 0.048828
0 0.684288 0.417103 0.048828 0.048828
0 0.688181 0.377202 0.048828 0.048828
0 0.678449 0.302268 0.048828 0.048828
0 0.742679 0.365524 0.048828 0.048828
0 0.310589 0.335356 0.048828 0.048828
0 0.367033 0.340222 0.048828 0.048828
0 0.371899 0.313946 0.048828 0.048828
0 0.326160 0.288643 0.048828 0.048828
0 0.358275 0.234146 0.048828 0.048828
0 0.267769 0.305187 0.048828 0.048828
0 0.273608 0.247770 0.048828 0.048828
0 0.399148 0.282804 0.048828 0.048828
0 0.440021 0.250690 0.048828 0.048828
0 0.489653 0.246797 0.048828 0.048828
0 0.524688 0.243877 0.048828 0.048828
0 0.562641 0.205923 0.048828 0.048828
0 0.584051 0.232199 0.048828 0.048828
0 0.622978 0.233172 0.048828 0.048828
0 0.605461 0.171862 0.048828 0.048828
0 0.637576 0.156291 0.048828 0.048828
0 0.570427 0.171862 0.048828 0.048828
0 0.532473 0.178675 0.048828 0.048828
0 0.502305 0.182567 0.048828 0.048828
0 0.461431 0.214682 0.048828 0.048828
0 0.452673 0.188406 0.048828 0.048828
0 0.409853 0.210789 0.048828 0.048828
0 0.374819 0.189379 0.048828 0.048828
0 0.336865 0.201058 0.048828 0.048828
0 0.408880 0.169916 0.048828 0.048828
0 0.467270 0.161157 0.048828 0.048828
0 0.450726 0.118338 0.048828 0.048828
0 0.491600 0.118338 0.048828 0.048828
0 0.530527 0.136828 0.048828 0.048828
0 0.581132 0.134882 0.048828 0.048828
0 0.624925 0.119311 0.048828 0.048828
0 0.657040 0.113472 0.048828 0.048828
0 0.696940 0.165050 0.048828 0.048828
0 0.695967 0.205923 0.048828 0.048828
0 0.733920 0.203977 0.048828 0.048828
0 0.759223 0.238038 0.048828 0.048828
0 0.411799 0.493010 0.048828 0.048828
0 0.221057 0.222467 0.048828 0.048828
0 0.269716 0.190353 0.048828 0.048828
0 0.213271 0.183540 0.048828 0.048828
0 0.172398 0.177701 0.048828 0.048828
0 0.150015 0.176728 0.048828 0.048828
0 0.121793 0.144613 0.048828 0.048828
0 0.149042 0.139748 0.048828 0.048828
0 0.176291 0.124177 0.048828 0.048828
0 0.200620 0.143640 0.048828 0.048828
0 0.148069 0.097901 0.048828 0.048828
0 0.178237 0.082330 0.048828 0.048828
0 0.160720 0.058974 0.048828 0.048828
0 0.096490 0.102767 0.048828 0.048828
0 0.202566 0.032698 0.048828 0.048828
0 0.218137 0.069679 0.048828 0.048828
0 0.240520 0.096928 0.048828 0.048828
0 0.246359 0.143640 0.048828 0.048828
0 0.296964 0.143640 0.048828 0.048828
0 0.303777 0.091089 0.048828 0.048828
0 0.341731 0.109579 0.048828 0.048828
0 0.353409 0.139748 0.048828 0.048828
0 0.396228 0.130989 0.048828 0.048828
0 0.377738 0.074545 0.048828 0.048828
0 0.420558 0.092062 0.048828 0.048828
0 0.401094 0.047296 0.048828 0.048828
0 0.440021 0.062867 0.048828 0.048828
0 0.516902 0.075518 0.048828 0.048828
0 0.513983 0.033671 0.048828 0.048828
0 0.572373 0.062867 0.048828 0.048828
0 0.615193 0.065786 0.048828 0.048828
0 0.602542 0.026859 0.048828 0.048828
0 0.558749 0.015181 0.048828 0.048828
0 0.459485 0.033671 0.048828 0.048828
0 0.370926 0.018101 0.048828 0.048828
0 0.331999 0.036591 0.048828 0.048828
0 0.256091 0.049242 0.048828 0.048828
0 0.247332 0.019074 0.048828 0.048828
0 0.290152 0.003503 0.048828 0.048828
0 0.698480 0.080671 0.048828 0.048828