0 0.013227 0.186843 0.048828 0.048828
0 0.047178 0.220794 0.048828 0.048828
0 0.085245 0.219765 0.048828 0.048828
0 0.018371 0.042807 0.048828 0.048828
0 0.012198 0.118940 0.048828 0.048828
0 0.044092 0.114825 0.048828 0.048828
0 0.046149 0.160093 0.048828 0.048828
0 0.080101 0.127171 0.048828 0.048828
0 0.086274 0.195073 0.048828 0.048828
0 0.104792 0.150834 0.048828 0.048828
0 0.117138 0.191987 0.048828 0.048828
0 0.152119 0.128199 0.048828 0.048828
0 0.134629 0.101450 0.048828 0.048828
0 0.103764 0.106594 0.048828 0.048828
0 0.116110 0.066470 0.048828 0.048828
0 0.080101 0.091161 0.048828 0.048828
0 0.083187 0.058239 0.048828 0.048828
0 0.066726 0.028403 0.048828 0.048828
0 0.057466 0.066470 0.048828 0.048828
0 0.039976 0.009884 0.048828 0.048828
0 0.092447 0.012970 0.048828 0.048828
0 0.122283 0.031489 0.048828 0.048828
0 0.160349 0.077787 0.048828 0.048828
0 0.136686 0.004740 0.048828 0.048828
0 0.185041 0.114825 0.048828 0.048828
0 0.221050 0.116882 0.048828 0.048828
0 0.232367 0.081902 0.048828 0.048828
0 0.194301 0.068527 0.048828 0.048828
0 0.181955 0.031489 0.048828 0.048828
0 0.176811 0.002682 0.048828 0.048828
0 0.256030 0.015028 0.048828 0.048828
0 0.267347 0.076758 0.048828 0.048828
0 0.301299 0.057210 0.048828 0.048828
0 0.327020 0.019143 0.048828 0.048828