0 0.065530 0.047720 0.048828 0.048828
0 0.025813 0.023348 0.048828 0.048828
0 0.010468 0.058552 0.048828 0.048828
0 0.005052 0.095561 0.048828 0.048828
0 0.051088 0.117225 0.048828 0.048828
0 0.047477 0.088340 0.048828 0.048828
0 0.006857 0.133473 0.048828 0.048828
0 0.046574 0.162359 0.048828 0.048828
0 0.073654 0.193952 0.048828 0.048828
0 0.032132 0.195758 0.048828 0.048828
0 0.003246 0.166872 0.048828 0.048828
0 0.003246 0.228254 0.048828 0.048828
0 0.030326 0.243599 0.048828 0.048828
0 0.042061 0.221032 0.048828 0.048828
0 0.076362 0.212006 0.048828 0.048828
0 0.084486 0.240891 0.048828 0.048828
0 0.093513 0.275192 0.048828 0.048828
0 0.070946 0.278803 0.048828 0.048828
0 0.039353 0.294148 0.048828 0.048828
0 0.016786 0.287830 0.048828 0.048828
0 0.024008 0.313104 0.048828 0.048828
0 0.009565 0.336574 0.048828 0.048828
0 0.011370 0.408787 0.048828 0.048828
0 0.054698 0.345601 0.048828 0.048828
0 0.094416 0.333866 0.048828 0.048828
0 0.138647 0.328450 0.048828 0.048828
0 0.126912 0.357335 0.048828 0.048828
0 0.090805 0.370875 0.048828 0.048828
0 0.049282 0.384415 0.048828 0.048828
0 0.141355 0.387123 0.048828 0.048828
0 0.079070 0.403371 0.048828 0.048828
0 0.060114 0.429549 0.048828 0.048828
0 0.026716 0.463850 0.048828 0.048828
0 0.079070 0.459337 0.048828 0.048828
0 0.118788 0.480098 0.048828 0.048828
0 0.089000 0.506276 0.048828 0.048828
0 0.053796 0.527940 0.048828 0.048828
0 0.193709 0.403371 0.048828 0.048828
0 0.170240 0.363654 0.048828 0.048828
0 0.180169 0.454823 0.048828 0.048828
0 0.154895 0.426841 0.048828 0.048828
0 0.172948 0.495443 0.048828 0.048828
0 0.076362 0.554117 0.048828 0.048828
0 0.093513 0.577586 0.048828 0.048828
0 0.187391 0.581197 0.048828 0.048828
0 0.187391 0.603764 0.048828 0.048828
0 0.191904 0.641676 0.048828 0.048828
0 0.225303 0.623622 0.048828 0.048828
0 0.237940 0.651605 0.048828 0.048828
0 0.280365 0.663340 0.048828 0.048828
0 0.282171 0.697641 0.048828 0.048828
0 0.241551 0.692225 0.048828 0.048828
0 0.189196 0.686809 0.048828 0.048828
0 0.134133 0.634454 0.048828 0.048828
0 0.149479 0.687712 0.048828 0.048828
0 0.103442 0.671464 0.048828 0.048828
0 0.064628 0.692225 0.048828 0.048828
0 0.034840 0.657021 0.048828 0.048828
0 0.049282 0.591126 0.048828 0.048828
0 0.004149 0.810475 0.048828 0.048828
0 0.041158 0.803253 0.048828 0.048828
0 0.042964 0.771660 0.048828 0.048828
0 0.014981 0.764439 0.048828 0.048828
0 0.070044 0.788811 0.048828 0.048828
0 0.075460 0.765341 0.048828 0.048828
0 0.113372 0.748191 0.048828 0.048828
0 0.107053 0.717500 0.048828 0.048828
0 0.121496 0.784297 0.048828 0.048828
0 0.158505 0.804156 0.048828 0.048828
0 0.196417 0.808669 0.048828 0.048828
0 0.194612 0.759023 0.048828 0.048828
0 0.103442 0.816793 0.048828 0.048828
0 0.239745 0.835749 0.048828 0.048828
0 0.229816 0.787005 0.048828 0.048828
0 0.228011 0.878175 0.048828 0.048828
0 0.155797 0.852900 0.048828 0.048828
0 0.106150 0.848387 0.048828 0.048828
0 0.066433 0.840263 0.048828 0.048828
0 0.012273 0.849289 0.048828 0.048828
0 0.043866 0.878175 0.048828 0.048828
0 0.087194 0.882688 0.048828 0.048828
0 0.125107 0.900742 0.048828 0.048828
0 0.169337 0.879980 0.048828 0.048828
0 0.209957 0.910671 0.048828 0.048828
0 0.215373 0.946778 0.048828 0.048828
0 0.180169 0.953096 0.048828 0.048828
0 0.138647 0.950388 0.048828 0.048828
0 0.089902 0.950388 0.048828 0.048828
0 0.068238 0.914282 0.048828 0.048828
0 0.054698 0.935043 0.048828 0.048828
0 0.026716 0.919698 0.048828 0.048828
0 0.008662 0.989203 0.048828 0.048828
0 0.033034 0.963026 0.048828 0.048828
0 0.203639 0.999132 0.048828 0.048828