0 0.009605 0.019778 0.048828 0.048828
0 0.010508 0.071230 0.048828 0.048828
0 0.012313 0.106434 0.048828 0.048828
0 0.043004 0.093797 0.048828 0.048828
0 0.042101 0.135319 0.048828 0.048828
0 0.072792 0.133514 0.048828 0.048828
0 0.093554 0.162399 0.048828 0.048828
0 0.137784 0.172329 0.048828 0.048828
0 0.122439 0.197603 0.048828 0.048828
0 0.084527 0.197603 0.048828 0.048828
0 0.048420 0.183161 0.048828 0.048828
0 0.011411 0.199409 0.048828 0.048828
0 0.036685 0.237321 0.048828 0.048828
0 0.102580 0.258082 0.048828 0.048828
0 0.135076 0.282454 0.048828 0.048828
0 0.068279 0.266206 0.048828 0.048828
0 0.135979 0.314048 0.048828 0.048828
0 0.092651 0.308632 0.048828 0.048828
0 0.037588 0.314048 0.048828 0.048828
0 0.005995 0.344738 0.048828 0.048828
0 0.006897 0.445837 0.048828 0.048828
0 0.040296 0.425076 0.048828 0.048828
0 0.072792 0.396190 0.048828 0.048828
0 0.032172 0.371818 0.048828 0.048828
0 0.091748 0.337517 0.048828 0.048828
0 0.135076 0.346544 0.048828 0.048828
0 0.134174 0.379040 0.048828 0.048828
0 0.150422 0.402509 0.048828 0.048828
0 0.113412 0.412438 0.048828 0.048828
0 0.137784 0.433200 0.048828 0.048828
0 0.116120 0.462085 0.048828 0.048828
0 0.004189 0.526175 0.048828 0.048828
0 0.031269 0.540617 0.048828 0.048828
0 0.020437 0.589361 0.048828 0.048828
0 0.066474 0.714832 0.048828 0.048828
0 0.035783 0.926057 0.048828 0.048828
0 0.071890 0.882729 0.048828 0.048828
0 0.107094 0.849330 0.048828 0.048828
0 0.144103 0.963066 0.048828 0.048828
0 0.140492 0.996465 0.048828 0.048828
0 0.173891 0.977509 0.048828 0.048828
0 0.221733 0.976606 0.048828 0.048828
0 0.171183 0.716638 0.048828 0.048828
0 0.214511 0.683239 0.048828 0.048828
0 0.209095 0.628176 0.048828 0.048828
0 0.165767 0.657062 0.048828 0.048828
0 0.170280 0.615539 0.048828 0.048828
0 0.144103 0.588459 0.048828 0.048828
0 0.099872 0.639008 0.048828 0.048828
0 0.078208 0.621858 0.048828 0.048828
0 0.090846 0.569503 0.048828 0.048828
0 0.154032 0.553255 0.048828 0.048828
0 0.186528 0.564087 0.048828 0.048828
0 0.164864 0.245445 0.048828 0.048828
0 0.182015 0.299605 0.048828 0.048828
0 0.221733 0.307729 0.048828 0.048828
0 0.244299 0.263498 0.048828 0.048828
0 0.266866 0.300508 0.048828 0.048828
0 0.262353 0.335712 0.048828 0.048828
0 0.319221 0.313145 0.048828 0.048828
0 0.303875 0.359181 0.048828 0.048828
0 0.355327 0.328490 0.048828 0.048828
0 0.376991 0.279746 0.048828 0.048828
0 0.464550 0.307729 0.048828 0.048828
0 0.485312 0.342030 0.048828 0.048828
0 0.425736 0.339322 0.048828 0.048828
0 0.520516 0.360084 0.048828 0.048828
0 0.437470 0.368208 0.048828 0.048828
0 0.393240 0.396190 0.048828 0.048828
0 0.359841 0.371818 0.048828 0.048828
0 0.362549 0.413341 0.048828 0.048828
0 0.389629 0.425076 0.048828 0.048828
0 0.418514 0.400704 0.048828 0.048828
0 0.455524 0.406120 0.048828 0.048828
0 0.497949 0.403412 0.048828 0.048828
0 0.600853 0.421465 0.048828 0.048828
0 0.563844 0.434103 0.048828 0.048828
0 0.535861 0.432297 0.048828 0.048828
0 0.529542 0.386261 0.048828 0.048828
0 0.477188 0.435005 0.048828 0.048828
0 0.507878 0.451253 0.048828 0.048828
0 0.441984 0.439519 0.048828 0.048828
0 0.355327 0.439519 0.048828 0.048828
0 0.288530 0.419660 0.048828 0.048828
0 0.315610 0.448545 0.048828 0.048828
0 0.288530 0.469307 0.048828 0.048828
0 0.257839 0.439519 0.048828 0.048828
0 0.235273 0.407022 0.048828 0.048828
0 0.181112 0.425979 0.048828 0.048828
0 0.219025 0.469307 0.048828 0.048828
0 0.256937 0.490971 0.048828 0.048828
0 0.227149 0.513537 0.048828 0.048828
0 0.172086 0.480139 0.048828 0.048828
0 0.194652 0.518953 0.048828 0.048828
0 0.120634 0.511732 0.048828 0.048828
0 0.235273 0.563184 0.048828 0.048828
0 0.267769 0.545131 0.048828 0.048828
0 0.274990 0.584848 0.048828 0.048828
0 0.294849 0.616442 0.048828 0.048828
0 0.325539 0.588459 0.048828 0.048828
0 0.342690 0.543325 0.048828 0.048828
0 0.339982 0.479236 0.048828 0.048828
0 0.391434 0.499997 0.048828 0.048828
0 0.409488 0.471112 0.048828 0.048828
0 0.457329 0.481944 0.048828 0.048828
0 0.486214 0.507219 0.048828 0.048828
0 0.518710 0.518051 0.048828 0.048828
0 0.517808 0.490971 0.048828 0.048828
0 0.558428 0.489165 0.048828 0.048828
0 0.542180 0.457572 0.048828 0.048828
0 0.565649 0.462085 0.048828 0.048828
0 0.590924 0.454864 0.048828 0.048828
0 0.600853 0.491873 0.048828 0.048828
0 0.578287 0.523467 0.048828 0.048828
0 0.622517 0.513537 0.048828 0.048828
0 0.661332 0.553255 0.048828 0.048828
0 0.636960 0.547839 0.048828 0.048828
0 0.604464 0.555963 0.048828 0.048828
0 0.571968 0.567697 0.048828 0.048828
0 0.539472 0.549644 0.048828 0.048828
0 0.539472 0.578529 0.048828 0.048828
0 0.499754 0.555963 0.048828 0.048828
0 0.434762 0.546033 0.048828 0.048828
0 0.457329 0.583945 0.048828 0.048828
0 0.419417 0.583945 0.048828 0.048828
0 0.431152 0.612831 0.048828 0.048828
0 0.394142 0.630884 0.048828 0.048828
0 0.423930 0.651646 0.048828 0.048828
0 0.461842 0.637203 0.048828 0.048828
0 0.422125 0.682336 0.048828 0.048828
0 0.376089 0.688655 0.048828 0.048828
0 0.401364 0.721151 0.048828 0.048828
0 0.356230 0.728372 0.048828 0.048828
0 0.330053 0.701292 0.048828 0.048828
0 0.432957 0.725664 0.048828 0.048828
0 0.463648 0.714832 0.048828 0.048828
0 0.526834 0.708514 0.048828 0.048828
0 0.505170 0.701292 0.048828 0.048828
0 0.503365 0.658867 0.048828 0.048828
0 0.517808 0.639008 0.048828 0.048828
0 0.541277 0.672407 0.048828 0.048828
0 0.573773 0.677823 0.048828 0.048828
0 0.577384 0.622760 0.048828 0.048828
0 0.605367 0.596583 0.048828 0.048828
0 0.635155 0.576724 0.048828 0.048828
0 0.670359 0.585751 0.048828 0.048828
0 0.721811 0.594777 0.048828 0.048828
0 0.664943 0.611026 0.048828 0.048828
0 0.706465 0.629982 0.048828 0.048828
0 0.610783 0.648938 0.048828 0.048828
0 0.642376 0.663380 0.048828 0.048828
0 0.688412 0.657964 0.048828 0.048828
0 0.622517 0.691363 0.048828 0.048828
0 0.649597 0.710319 0.048828 0.048828
0 0.698341 0.703098 0.048828 0.048828
0 0.683899 0.730178 0.048828 0.048828
0 0.645084 0.740107 0.048828 0.048828
0 0.614393 0.731080 0.048828 0.048828
0 0.578287 0.718443 0.048828 0.048828
0 0.580092 0.756355 0.048828 0.048828
0 0.552109 0.713027 0.048828 0.048828
0 0.285822 0.814126 0.048828 0.048828
0 0.309291 0.786143 0.048828 0.048828
0 0.277698 0.760868 0.048828 0.048828
0 0.264158 0.736496 0.048828 0.048828
0 0.219025 0.803294 0.048828 0.048828
0 0.332761 0.761771 0.048828 0.048828
0 0.364354 0.769895 0.048828 0.048828
0 0.366159 0.820445 0.048828 0.048828
0 0.327345 0.816834 0.048828 0.048828
0 0.323734 0.870994 0.048828 0.048828
0 0.267769 0.880923 0.048828 0.048828
0 0.296654 0.905295 0.048828 0.048828
0 0.383310 0.902587 0.048828 0.048828
0 0.423028 0.898977 0.048828 0.048828
0 0.416709 0.864675 0.048828 0.048828
0 0.461842 0.861967 0.048828 0.048828
0 0.462745 0.822250 0.048828 0.048828
0 0.412196 0.797878 0.048828 0.048828
0 0.487117 0.799683 0.048828 0.048828
0 0.532250 0.808710 0.048828 0.048828
0 0.547596 0.778019 0.048828 0.048828
0 0.569260 0.796073 0.048828 0.048828
0 0.613491 0.776214 0.048828 0.048828
0 0.658624 0.790657 0.048828 0.048828
0 0.643279 0.815029 0.048828 0.048828
0 0.599951 0.818639 0.048828 0.048828
0 0.574676 0.832179 0.048828 0.048828
0 0.549401 0.860162 0.048828 0.048828
0 0.497949 0.846622 0.048828 0.048828
0 0.515100 0.879118 0.048828 0.048828
0 0.519613 0.908003 0.048828 0.048828
0 0.477188 0.908003 0.048828 0.048828
0 0.564747 0.905295 0.048828 0.048828
0 0.599048 0.859259 0.048828 0.048828
0 0.636057 0.861967 0.048828 0.048828
0 0.639668 0.900782 0.048828 0.048828
0 0.670359 0.880021 0.048828 0.048828
0 0.665845 0.846622 0.048828 0.048828
0 0.698341 0.914322 0.048828 0.048828
0 0.712784 0.871897 0.048828 0.048828
0 0.718200 0.832179 0.048828 0.048828
0 0.699244 0.805099 0.048828 0.048828
0 0.690217 0.768090 0.048828 0.048828
0 0.717297 0.745523 0.048828 0.048828
0 0.731740 0.776214 0.048828 0.048828
0 0.761528 0.782533 0.048828 0.048828
0 0.770555 0.751842 0.048828 0.048828
0 0.752502 0.712124 0.048828 0.048828
0 0.731740 0.682336 0.048828 0.048828
0 0.739864 0.655256 0.048828 0.048828
0 0.774166 0.683239 0.048828 0.048828
0 0.794024 0.687752 0.048828 0.048828
0 0.817494 0.713027 0.048828 0.048828
0 0.789511 0.713027 0.048828 0.048828
0 0.799440 0.735594 0.048828 0.048828
0 0.836450 0.740107 0.048828 0.048828
0 0.806662 0.782533 0.048828 0.048828
0 0.834644 0.782533 0.048828 0.048828
0 0.871654 0.794267 0.048828 0.048828
0 0.865335 0.847525 0.048828 0.048828
0 0.825618 0.823153 0.048828 0.048828
0 0.810272 0.858357 0.048828 0.048828
0 0.782290 0.862870 0.048828 0.048828
0 0.743475 0.818639 0.048828 0.048828
0 0.754307 0.866481 0.048828 0.048828
0 0.759723 0.890853 0.048828 0.048828
0 0.750696 0.907101 0.048828 0.048828
0 0.804856 0.895366 0.048828 0.048828
0 0.850892 0.917030 0.048828 0.048828
0 0.847282 0.888145 0.048828 0.048828
0 0.806662 0.933278 0.048828 0.048828
0 0.846379 0.962164 0.048828 0.048828
0 0.873459 0.993757 0.048828 0.048828
0 0.831936 0.995562 0.048828 0.048828
0 0.803051 0.966677 0.048828 0.048828
0 0.763334 0.933278 0.048828 0.048828
0 0.733545 0.950429 0.048828 0.048828
0 0.688412 0.949526 0.048828 0.048828
0 0.690217 0.980217 0.048828 0.048828
0 0.728129 0.996465 0.048828 0.048828
0 0.766042 0.988341 0.048828 0.048828
0 0.646889 0.960358 0.048828 0.048828
0 0.584605 0.934181 0.048828 0.048828
0 0.548498 0.936889 0.048828 0.048828
0 0.502462 0.928765 0.048828 0.048828
0 0.448302 0.935986 0.048828 0.048828
0 0.433860 0.961261 0.048828 0.048828
0 0.395045 0.947721 0.048828 0.048828
0 0.360743 0.958553 0.048828 0.048828
0 0.331858 0.971190 0.048828 0.048828
0 0.411293 0.990146 0.048828 0.048828
0 0.567455 0.988341 0.048828 0.048828
0 0.601756 0.989244 0.048828 0.048828
0 0.639668 0.995562 0.048828 0.048828
0 0.209095 0.870091 0.048828 0.048828