0 0.915263 0.359234 0.048828 0.048828
0 0.948062 0.371989 0.048828 0.048828
0 0.984506 0.359234 0.048828 0.048828
0 0.753089 0.364700 0.048828 0.048828
0 0.774955 0.980597 0.048828 0.048828
0 0.616425 0.428476 0.048828 0.048828
0 0.357676 0.129639 0.048828 0.048828
0 0.324877 0.122350 0.048828 0.048828
0 0.244701 0.167905 0.048828 0.048828
0 0.215546 0.187949 0.048828 0.048828
0 0.188213 0.202526 0.048828 0.048828
0 0.026039 0.124173 0.048828 0.048828
0 0.055194 0.333723 0.048828 0.048828
0 0.272033 0.678115 0.048828 0.048828
0 0.321232 0.687226 0.048828 0.048828
0 0.372253 0.721847 0.048828 0.048828
0 0.375898 0.683582 0.048828 0.048828
0 0.430563 0.741891 0.048828 0.048828
0 0.459718 0.745536 0.048828 0.048828
0 0.439674 0.707270 0.048828 0.048828
0 0.470651 0.729136 0.048828 0.048828
0 0.514383 0.756469 0.048828 0.048828
0 0.527138 0.730958 0.048828 0.048828
0 0.543538 0.754647 0.048828 0.048828
0 0.257456 0.769224 0.048828 0.048828
0 0.352209 0.863977 0.048828 0.048828
0 0.204613 0.444876 0.048828 0.048828
0 0.022395 0.736425 0.048828 0.048828
0 0.018750 0.803845 0.048828 0.048828
0 0.073416 0.811134 0.048828 0.048828
0 0.086171 0.849400 0.048828 0.048828
0 0.195502 0.889488 0.048828 0.048828
0 0.293899 0.955086 0.048828 0.048828
0 0.618247 0.803845 0.048828 0.048828
0 0.601848 0.781979 0.048828 0.048828
0 0.561760 0.783802 0.048828 0.048828
0 0.621892 0.751002 0.048828 0.048828
0 0.665624 0.767402 0.048828 0.048828
0 0.179102 0.136928 0.048828 0.048828
0 0.241056 0.096840 0.048828 0.048828
0 0.301188 0.104129 0.048828 0.048828
0 0.277500 0.206171 0.048828 0.048828
0 0.195502 0.348301 0.048828 0.048828
0 0.171813 0.474031 0.048828 0.048828
0 0.215546 0.499541 0.048828 0.048828
0 0.421452 0.535985 0.048828 0.048828
0 0.683846 0.399322 0.048828 0.048828
0 0.840553 0.361056 0.048828 0.048828
0 0.211901 0.658071 0.048828 0.048828
0 0.055194 0.669004 0.048828 0.048828
0 0.722112 0.776513 0.048828 0.048828
0 0.769488 0.822067 0.048828 0.048828
0 0.313943 0.838467 0.048828 0.048828
0 0.139014 0.118706 0.048828 0.048828
0 0.071594 0.118706 0.048828 0.048828