0 0.546104 0.783350 0.048828 0.048828
0 0.583016 0.785028 0.048828 0.048828
0 0.690394 0.766572 0.048828 0.048828
0 0.723950 0.776639 0.048828 0.048828
0 0.890051 0.763216 0.048828 0.048828
0 0.265914 0.754827 0.048828 0.048828
0 0.291081 0.746438 0.048828 0.048828
0 0.559527 0.083712 0.048828 0.048828
0 0.624960 0.066934 0.048828 0.048828
0 0.655161 0.061901 0.048828 0.048828
0 0.717239 0.045123 0.048828 0.048828
0 0.351010 0.211064 0.048828 0.048828
0 0.310901 0.232837 0.048828 0.048828
0 0.276523 0.251172 0.048828 0.048828
0 0.203182 0.334827 0.048828 0.048828
0 0.214641 0.284405 0.048828 0.048828
0 0.205474 0.255756 0.048828 0.048828
0 0.171095 0.268362 0.048828 0.048828
0 0.165365 0.303886 0.048828 0.048828
0 0.120673 0.321076 0.048828 0.048828
0 0.089733 0.300448 0.048828 0.048828
0 0.066814 0.303886 0.048828 0.048828
0 0.033581 0.314200 0.048828 0.048828
0 0.018183 0.688913 0.048828 0.048828
0 0.056291 0.696852 0.048828 0.048828
0 0.095987 0.669859 0.048828 0.048828
0 0.129331 0.617460 0.048828 0.048828
0 0.216662 0.793709 0.048828 0.048828
0 0.161088 0.792121 0.048828 0.048828
0 0.027710 0.811175 0.048828 0.048828
0 0.080108 0.834993 0.048828 0.048828
0 0.080108 0.849283 0.048828 0.048828
0 0.132507 0.860398 0.048828 0.048828
0 0.037950 0.877645 0.048828 0.048828
0 0.030793 0.944450 0.048828 0.048828
0 0.108335 0.938486 0.048828 0.048828
0 0.164404 0.912241 0.048828 0.048828
0 0.263420 0.933714 0.048828 0.048828
0 0.307559 0.926556 0.048828 0.048828
0 0.356470 0.915819 0.048828 0.048828
0 0.383908 0.869294 0.048828 0.048828
0 0.428048 0.858557 0.048828 0.048828
0 0.424469 0.919398 0.048828 0.048828
0 0.444749 0.912241 0.048828 0.048828
0 0.473380 0.901504 0.048828 0.048828
0 0.022442 0.753577 0.048828 0.048828
0 0.730661 0.756505 0.048828 0.048828
0 0.336381 0.764894 0.048828 0.048828
0 0.297792 0.815228 0.048828 0.048828
0 0.247458 0.788383 0.048828 0.048828
0 0.531004 0.251491 0.048828 0.048828
0 0.856495 0.177668 0.048828 0.048828
0 0.468926 0.246458 0.048828 0.048828
0 0.035873 0.004793 0.048828 0.048828
0 0.085669 0.962345 0.048828 0.048828
0 0.492468 0.882417 0.048828 0.048828