0 0.128203 0.763534 0.048828 0.048828
0 0.155943 0.758250 0.048828 0.048828
0 0.177078 0.735794 0.048828 0.048828
0 0.145375 0.706734 0.048828 0.048828
0 0.196892 0.714660 0.048828 0.048828
0 0.212743 0.760892 0.048828 0.048828
0 0.274827 0.762213 0.048828 0.048828
0 0.247087 0.713339 0.048828 0.048828
0 0.319738 0.709376 0.048828 0.048828
0 0.377859 0.694846 0.048828 0.048828
0 0.360687 0.638046 0.048828 0.048828
0 0.290678 0.647292 0.048828 0.048828
0 0.244445 0.612948 0.048828 0.048828
0 0.212743 0.595776 0.048828 0.048828
0 0.271323 0.561912 0.048828 0.048828
0 0.318960 0.578783 0.048828 0.048828
0 0.309036 0.520230 0.048828 0.048828
0 0.332854 0.480532 0.048828 0.048828
0 0.359650 0.511298 0.048828 0.048828
0 0.353695 0.543056 0.048828 0.048828
0 0.373544 0.549010 0.048828 0.048828
0 0.395378 0.576799 0.048828 0.048828
0 0.412249 0.643292 0.048828 0.048828
0 0.609743 0.751467 0.048828 0.048828
0 0.556152 0.669095 0.048828 0.048828
0 0.589895 0.689936 0.048828 0.048828
0 0.745707 0.442820 0.048828 0.048828
0 0.703032 0.451752 0.048828 0.048828
0 0.658373 0.434881 0.048828 0.048828
0 0.618675 0.427933 0.048828 0.048828
0 0.586917 0.417017 0.048828 0.048828
0 0.487674 0.460684 0.048828 0.048828
0 0.477750 0.419994 0.048828 0.048828
0 0.409272 0.449767 0.048828 0.048828
0 0.450954 0.472593 0.048828 0.048828
0 0.477750 0.504351 0.048828 0.048828
0 0.443014 0.533131 0.048828 0.048828
0 0.405302 0.539086 0.048828 0.048828
0 0.407287 0.486487 0.048828 0.048828
0 0.382476 0.471601 0.048828 0.048828
0 0.390415 0.412055 0.048828 0.048828
0 0.424158 0.389229 0.048828 0.048828
0 0.381483 0.338614 0.048828 0.048828
0 0.424158 0.341592 0.048828 0.048828
0 0.479734 0.339607 0.048828 0.048828
0 0.457901 0.376327 0.048828 0.048828
0 0.496606 0.367395 0.048828 0.048828
0 0.555159 0.351516 0.048828 0.048828
0 0.583940 0.319758 0.048828 0.048828
0 0.683183 0.311819 0.048828 0.048828
0 0.638524 0.302887 0.048828 0.048828
0 0.663335 0.258227 0.048828 0.048828
0 0.616690 0.257235 0.048828 0.048828
0 0.547220 0.299909 0.048828 0.048828
0 0.519432 0.288993 0.048828 0.048828
0 0.490651 0.263189 0.048828 0.048828
0 0.460878 0.288000 0.048828 0.048828
0 0.441029 0.252273 0.048828 0.048828
0 0.400340 0.254257 0.048828 0.048828
0 0.385453 0.298917 0.048828 0.048828
0 0.332854 0.312811 0.048828 0.048828
0 0.426143 0.308841 0.048828 0.048828
0 0.031154 0.469616 0.048828 0.048828
0 0.055965 0.430911 0.048828 0.048828
0 0.090700 0.443812 0.048828 0.048828
0 0.102609 0.393198 0.048828 0.048828
0 0.078791 0.367395 0.048828 0.048828
0 0.103602 0.339607 0.048828 0.048828
0 0.151239 0.347546 0.048828 0.048828
0 0.195898 0.333652 0.048828 0.048828
0 0.171087 0.311819 0.048828 0.048828
0 0.189944 0.406100 0.048828 0.048828
0 0.229641 0.377319 0.048828 0.048828
0 0.257429 0.328690 0.048828 0.048828
0 0.289187 0.301894 0.048828 0.048828
0 0.293157 0.340599 0.048828 0.048828
0 0.335831 0.366403 0.048828 0.048828
0 0.015275 0.422971 0.048828 0.048828
0 0.015275 0.350524 0.048828 0.048828
0 0.004358 0.291970 0.048828 0.048828
0 0.050010 0.275099 0.048828 0.048828
0 0.032147 0.235401 0.048828 0.048828
0 0.067874 0.231432 0.048828 0.048828
0 0.131390 0.280061 0.048828 0.048828
0 0.165133 0.261205 0.048828 0.048828
0 0.144292 0.232424 0.048828 0.048828
0 0.113526 0.212575 0.048828 0.048828
0 0.083753 0.173870 0.048828 0.048828
0 0.028177 0.191734 0.048828 0.048828
0 0.009321 0.164938 0.048828 0.048828
0 0.031154 0.117302 0.048828 0.048828
0 0.075814 0.129211 0.048828 0.048828
0 0.062912 0.085544 0.048828 0.048828
0 0.444007 0.212575 0.048828 0.048828
0 0.430113 0.160969 0.048828 0.048828
0 0.443014 0.100430 0.048828 0.048828
0 0.433090 0.064703 0.048828 0.048828
0 0.444999 0.010119 0.048828 0.048828
0 0.208800 0.269144 0.048828 0.048828
0 0.268346 0.270136 0.048828 0.048828
0 0.183989 0.230439 0.048828 0.048828
0 0.238573 0.228454 0.048828 0.048828
0 0.150246 0.173870 0.048828 0.048828
0 0.196891 0.181810 0.048828 0.048828
0 0.134367 0.133181 0.048828 0.048828
0 0.185974 0.133181 0.048828 0.048828
0 0.226664 0.154022 0.048828 0.048828
0 0.266361 0.193719 0.048828 0.048828
0 0.306058 0.217537 0.048828 0.048828
0 0.340794 0.252273 0.048828 0.048828
0 0.393393 0.213568 0.048828 0.048828
0 0.377514 0.175855 0.048828 0.048828
0 0.346748 0.134173 0.048828 0.048828
0 0.324915 0.173870 0.048828 0.048828
0 0.351710 0.079589 0.048828 0.048828
0 0.311021 0.116309 0.048828 0.048828
0 0.282240 0.085544 0.048828 0.048828
0 0.242543 0.122264 0.048828 0.048828
0 0.289187 0.155014 0.048828 0.048828
0 0.212770 0.095468 0.048828 0.048828
0 0.251475 0.053786 0.048828 0.048828
0 0.312013 0.045846 0.048828 0.048828
0 0.318960 0.005157 0.048828 0.048828
0 0.282240 0.011111 0.048828 0.048828
0 0.240558 0.005157 0.048828 0.048828
0 0.195898 0.052793 0.048828 0.048828
0 0.180019 0.006149 0.048828 0.048828
0 0.152231 0.087529 0.048828 0.048828
0 0.147269 0.042869 0.048828 0.048828
0 0.107572 0.060733 0.048828 0.048828
0 0.016268 0.054778 0.048828 0.048828
0 0.022222 0.012104 0.048828 0.048828
0 0.071844 0.004164 0.048828 0.048828
0 0.112534 0.020043 0.048828 0.048828
0 0.071844 0.044854 0.048828 0.048828
0 0.780442 0.479540 0.048828 0.048828
0 0.850905 0.378312 0.048828 0.048828
0 0.885640 0.375334 0.048828 0.048828
0 0.919383 0.394191 0.048828 0.048828
0 0.943201 0.347546 0.048828 0.048828
0 0.996793 0.367395 0.048828 0.048828
0 0.983891 0.340599 0.048828 0.048828
0 0.969004 0.319758 0.048828 0.048828
0 0.936254 0.269144 0.048828 0.048828
0 0.923352 0.309834 0.048828 0.048828
0 0.859837 0.327698 0.048828 0.048828
0 0.867776 0.288993 0.048828 0.048828
0 0.885640 0.262197 0.048828 0.048828
0 0.847927 0.203643 0.048828 0.048828
0 0.891595 0.188757 0.048828 0.048828
0 0.856859 0.163946 0.048828 0.048828
0 0.797313 0.170893 0.048828 0.048828
0 0.719903 0.157991 0.048828 0.048828
0 0.722881 0.188757 0.048828 0.048828
0 0.669289 0.159976 0.048828 0.048828
0 0.687153 0.196696 0.048828 0.048828
0 0.644478 0.216545 0.048828 0.048828
0 0.606766 0.215553 0.048828 0.048828
0 0.572031 0.229447 0.048828 0.048828
0 0.540273 0.228454 0.048828 0.048828
0 0.498591 0.198681 0.048828 0.048828
0 0.557144 0.198681 0.048828 0.048828
0 0.606766 0.176848 0.048828 0.048828
0 0.608751 0.123256 0.048828 0.048828
0 0.532333 0.161961 0.048828 0.048828
0 0.561114 0.128218 0.048828 0.048828
0 0.522409 0.131196 0.048828 0.048828
0 0.490651 0.100430 0.048828 0.048828
0 0.543250 0.085544 0.048828 0.048828
0 0.515462 0.047831 0.048828 0.048828
0 0.482712 0.047831 0.048828 0.048828
0 0.546227 0.014088 0.048828 0.048828
0 0.574016 0.048824 0.048828 0.048828
0 0.595849 0.045846 0.048828 0.048828
0 0.597834 0.084551 0.048828 0.048828
0 0.636539 0.083559 0.048828 0.048828
0 0.691123 0.078597 0.048828 0.048828
0 0.712956 0.057756 0.048828 0.048828
0 0.628600 0.017066 0.048828 0.048828
0 0.582948 0.003172 0.048828 0.048828
0 0.756624 0.011111 0.048828 0.048828
0 0.772502 0.092491 0.048828 0.048828
0 0.721888 0.116309 0.048828 0.048828
0 0.812062 0.024335 0.048828 0.048828
0 0.815763 0.064124 0.048828 0.048828
0 0.866656 0.077078 0.048828 0.048828
0 0.866656 0.002127 0.048828 0.048828
0 0.922176 0.028961 0.048828 0.048828
0 0.924026 0.082630 0.048828 0.048828
0 0.899968 0.123344 0.048828 0.048828
0 0.932354 0.165909 0.048828 0.048828
0 0.947159 0.206624 0.048828 0.048828
0 0.952711 0.241786 0.048828 0.048828
0 0.985098 0.256591 0.048828 0.048828
0 0.999903 0.206624 0.048828 0.048828
0 0.972143 0.054870 0.048828 0.048828
0 0.976770 0.115017 0.048828 0.048828
0 0.004726 0.684130 0.048828 0.048828
0 0.050056 0.664185 0.048828 0.048828
0 0.059122 0.623388 0.048828 0.048828
0 0.073628 0.579871 0.048828 0.048828
0 0.098106 0.559925 0.048828 0.048828
0 0.125304 0.526381 0.048828 0.048828
0 0.108985 0.498276 0.048828 0.048828
0 0.073628 0.477424 0.048828 0.048828
0 0.110798 0.607069 0.048828 0.048828
0 0.131650 0.624294 0.048828 0.048828
0 0.184234 0.635174 0.048828 0.048828
0 0.109892 0.668718 0.048828 0.048828
0 0.209619 0.683224 0.048828 0.048828
0 0.160662 0.670531 0.048828 0.048828
0 0.048243 0.714955 0.048828 0.048828
0 0.021951 0.742153 0.048828 0.048828
0 0.057309 0.750312 0.048828 0.048828
0 0.084507 0.751219 0.048828 0.048828
0 0.067281 0.788390 0.048828 0.048828
0 0.097199 0.819215 0.048828 0.048828
0 0.165195 0.809242 0.048828 0.048828
0 0.106265 0.907155 0.048828 0.048828
0 0.125304 0.929820 0.048828 0.048828
0 0.147969 0.885397 0.048828 0.048828
0 0.210525 0.892650 0.048828 0.048828
0 0.191486 0.858199 0.048828 0.048828
0 0.225031 0.827374 0.048828 0.048828
0 0.465281 0.833720 0.048828 0.048828
0 0.504265 0.847319 0.048828 0.048828
0 0.514238 0.805615 0.048828 0.048828
0 0.484320 0.764818 0.048828 0.048828
0 0.458935 0.728554 0.048828 0.048828
0 0.504265 0.710422 0.048828 0.048828
0 0.555942 0.776604 0.048828 0.048828
0 0.609432 0.809242 0.048828 0.048828
0 0.567728 0.876331 0.048828 0.048828
0 0.779873 0.992376 0.048828 0.048828
0 0.849682 0.970618 0.048828 0.048828
0 0.733637 0.857292 0.048828 0.048828
0 0.789846 0.875424 0.048828 0.048828
0 0.842429 0.863638 0.048828 0.048828
0 0.856935 0.751219 0.048828 0.048828
0 0.929463 0.889930 0.048828 0.048828
0 0.179701 0.477424 0.048828 0.048828
0 0.157035 0.445693 0.048828 0.048828
0 0.119865 0.442973 0.048828 0.048828
0 0.181514 0.522754 0.048828 0.048828
0 0.220498 0.548139 0.048828 0.048828
0 0.166101 0.569898 0.048828 0.048828
0 0.227751 0.478331 0.048828 0.048828
0 0.262202 0.458385 0.048828 0.048828
0 0.224124 0.418495 0.048828 0.048828
0 0.281240 0.394923 0.048828 0.048828
0 0.327477 0.436627 0.048828 0.048828
0 0.294839 0.482864 0.048828 0.048828
0 0.708252 0.743966 0.048828 0.048828
0 0.666548 0.705889 0.048828 0.048828
0 0.637536 0.675064 0.048828 0.048828
0 0.617591 0.630641 0.048828 0.048828
0 0.633003 0.595283 0.048828 0.048828
0 0.683773 0.613415 0.048828 0.048828
0 0.710065 0.682317 0.048828 0.048828
0 0.765368 0.656932 0.048828 0.048828
0 0.774434 0.708609 0.048828 0.048828
0 0.807072 0.615228 0.048828 0.048828
0 0.735450 0.593470 0.048828 0.048828
0 0.769901 0.532727 0.048828 0.048828
0 0.826110 0.545420 0.048828 0.048828
0 0.721851 0.534540 0.048828 0.048828
0 0.655668 0.538167 0.048828 0.048828
0 0.575887 0.576244 0.048828 0.048828
0 0.604899 0.539073 0.048828 0.048828
0 0.566821 0.520941 0.048828 0.048828
0 0.963914 0.480144 0.048828 0.048828
0 0.768088 0.267998 0.048828 0.048828
0 0.754489 0.319675 0.048828 0.048828
0 0.743609 0.377698 0.048828 0.048828
0 0.787126 0.432094 0.048828 0.048828
0 0.720037 0.300636 0.048828 0.048828
0 0.724571 0.250773 0.048828 0.048828
0 0.773527 0.201816 0.048828 0.048828
0 0.444007 0.656193 0.048828 0.048828
0 0.501568 0.648254 0.048828 0.048828
0 0.500576 0.597640 0.048828 0.048828
0 0.472787 0.610541 0.048828 0.048828
0 0.456908 0.567867 0.048828 0.048828
0 0.475765 0.543056 0.048828 0.048828
0 0.527371 0.561912 0.048828 0.048828
0 0.689138 0.478548 0.048828 0.048828
0 0.642494 0.487480 0.048828 0.048828
0 0.584932 0.468623 0.048828 0.048828
0 0.544243 0.433888 0.048828 0.048828
0 0.699062 0.400145 0.048828 0.048828
0 0.628600 0.385259 0.048828 0.048828
0 0.572031 0.395183 0.048828 0.048828
0 0.597834 0.360448 0.048828 0.048828
0 0.635547 0.332660 0.048828 0.048828
0 0.725858 0.337622 0.048828 0.048828
0 0.684176 0.349531 0.048828 0.048828
0 0.978445 0.811127 0.048828 0.048828