0 0.970334 0.203923 0.048828 0.048828
0 0.891395 0.210502 0.048828 0.048828
0 0.888764 0.253918 0.048828 0.048828
0 0.804564 0.219711 0.048828 0.048828
0 0.770357 0.201292 0.048828 0.048828
0 0.742729 0.222342 0.048828 0.048828
0 0.670369 0.207870 0.048828 0.048828
0 0.617743 0.211817 0.048828 0.048828
0 0.566434 0.255233 0.048828 0.048828
0 0.665106 0.317068 0.048828 0.048828
0 0.437501 0.217080 0.048828 0.048828
0 0.396717 0.219711 0.048828 0.048828
0 0.336197 0.207870 0.048828 0.048828
0 0.323041 0.242077 0.048828 0.048828
0 0.305938 0.236814 0.048828 0.048828
0 0.269100 0.248655 0.048828 0.048828
0 0.244103 0.235499 0.048828 0.048828
0 0.259891 0.214449 0.048828 0.048828
0 0.207265 0.264443 0.048828 0.048828
0 0.182268 0.242077 0.048828 0.048828
0 0.194109 0.206555 0.048828 0.048828
0 0.141483 0.218395 0.048828 0.048828
0 0.145430 0.249971 0.048828 0.048828
0 0.113855 0.231552 0.048828 0.048828
0 0.115171 0.207870 0.048828 0.048828
0 0.083595 0.206555 0.048828 0.048828
0 0.058598 0.260496 0.048828 0.048828
0 0.002026 0.246024 0.048828 0.048828
0 0.033601 0.211817 0.048828 0.048828
0 0.018055 0.282928 0.048828 0.048828
0 0.030504 0.323670 0.048828 0.048828
0 0.028240 0.381387 0.048828 0.048828
0 0.071245 0.422129 0.048828 0.048828
0 0.032767 0.435709 0.048828 0.048828
0 0.022582 0.486636 0.048828 0.048828
0 0.027109 0.987985 0.048828 0.048828
0 0.063323 0.997038 0.048828 0.048828
0 0.216105 0.969877 0.048828 0.048828
0 0.185548 0.933663 0.048828 0.048828
0 0.140280 0.925741 0.048828 0.048828
0 0.162914 0.903106 0.048828 0.048828
0 0.116514 0.999302 0.048828 0.048828
0 0.093880 0.950638 0.048828 0.048828
0 0.044084 0.949507 0.048828 0.048828
0 0.097275 0.901975 0.048828 0.048828
0 0.048611 0.897448 0.048828 0.048828
0 0.039557 0.840862 0.048828 0.048828
0 0.082563 0.848784 0.048828 0.048828
0 0.127831 0.858970 0.048828 0.048828
0 0.179890 0.858970 0.048828 0.048828
0 0.217236 0.912160 0.048828 0.048828
0 0.264768 0.913292 0.048828 0.048828
0 0.238739 0.866892 0.048828 0.048828
0 0.202524 0.821623 0.048828 0.048828
0 0.161782 0.817096 0.048828 0.048828
0 0.097275 0.797857 0.048828 0.048828
0 0.048611 0.803516 0.048828 0.048828
0 0.047479 0.769564 0.048828 0.048828
0 0.020318 0.743535 0.048828 0.048828
0 0.023714 0.682422 0.048828 0.048828
0 0.050875 0.720901 0.048828 0.048828
0 0.038426 0.642813 0.048828 0.048828
0 0.007870 0.613388 0.048828 0.048828
0 0.016923 0.565856 0.048828 0.048828
0 0.065587 0.589622 0.048828 0.048828
0 0.092748 0.571515 0.048828 0.048828
0 0.050875 0.538695 0.048828 0.048828
0 0.062192 0.496822 0.048828 0.048828
0 0.083694 0.525114 0.048828 0.048828
0 0.125568 0.523983 0.048828 0.048828
0 0.136885 0.564724 0.048828 0.048828
0 0.182153 0.568120 0.048828 0.048828
0 0.200261 0.603203 0.048828 0.048828
0 0.165178 0.609993 0.048828 0.048828
0 0.124436 0.608861 0.048828 0.048828
0 0.136885 0.641681 0.048828 0.048828
0 0.097275 0.636022 0.048828 0.048828
0 0.064455 0.672237 0.048828 0.048828
0 0.104065 0.682422 0.048828 0.048828
0 0.147070 0.683554 0.048828 0.048828
0 0.096143 0.716374 0.048828 0.048828
0 0.142543 0.728823 0.048828 0.048828
0 0.099538 0.758247 0.048828 0.048828
0 0.136885 0.772959 0.048828 0.048828
0 0.185548 0.759379 0.048828 0.048828
0 0.219500 0.727691 0.048828 0.048828
0 0.225158 0.784277 0.048828 0.048828
0 0.248924 0.770696 0.048828 0.048828
0 0.253451 0.817096 0.048828 0.048828
0 0.296456 0.801252 0.048828 0.048828
0 0.328144 0.779750 0.048828 0.048828
0 0.362095 0.776355 0.048828 0.048828
0 0.298720 0.742403 0.048828 0.048828
0 0.333803 0.744667 0.048828 0.048828
0 0.377939 0.740140 0.048828 0.048828
0 0.304378 0.853311 0.048828 0.048828
0 0.364359 0.830677 0.048828 0.048828
0 0.411891 0.821623 0.048828 0.048828
0 0.437920 0.860101 0.048828 0.048828
0 0.397179 0.868023 0.048828 0.048828
0 0.362095 0.872550 0.048828 0.048828
0 0.330408 0.881604 0.048828 0.048828
0 0.306642 0.900843 0.048828 0.048828
0 0.299851 0.942716 0.048828 0.048828
0 0.340593 0.944980 0.048828 0.048828
0 0.364359 0.912160 0.048828 0.048828
0 0.390388 0.947243 0.048828 0.048828
0 0.428866 0.931399 0.048828 0.048828
0 0.445842 0.892921 0.048828 0.048828
0 0.477530 0.900843 0.048828 0.048828
0 0.513745 0.922345 0.048828 0.048828
0 0.536379 0.958560 0.048828 0.048828
0 0.491111 0.964219 0.048828 0.048828
0 0.431130 0.961955 0.048828 0.048828
0 0.374544 0.986853 0.048828 0.048828
0 0.340593 0.994775 0.048828 0.048828
0 0.295324 0.985721 0.048828 0.048828
0 0.569199 0.962984 0.048828 0.048828
0 0.589775 0.949609 0.048828 0.048828
0 0.638130 0.971215 0.048828 0.048828
0 0.672082 0.960927 0.048828 0.048828
0 0.628871 0.933148 0.048828 0.048828
0 0.542449 0.906399 0.048828 0.048828
0 0.543478 0.872447 0.048828 0.048828
0 0.506440 0.867303 0.048828 0.048828
0 0.580516 0.871418 0.048828 0.048828
0 0.556853 0.827179 0.048828 0.048828
0 0.605208 0.842611 0.048828 0.048828
0 0.589775 0.907427 0.048828 0.048828
0 0.624756 0.887880 0.048828 0.048828
0 0.661793 0.910514 0.048828 0.048828
0 0.707062 0.929033 0.048828 0.048828
0 0.718379 0.975330 0.048828 0.048828
0 0.813031 0.986647 0.048828 0.048828
0 0.766734 0.972244 0.048828 0.048828
0 0.791426 0.943436 0.048828 0.048828
0 0.754388 0.904341 0.048828 0.048828
0 0.728667 0.886851 0.048828 0.048828
0 0.718379 0.840554 0.048828 0.048828
0 0.694716 0.864217 0.048828 0.048828
0 0.653563 0.844669 0.048828 0.048828
0 0.660765 0.799400 0.048828 0.048828
0 0.615496 0.794256 0.048828 0.048828
0 0.648419 0.754132 0.048828 0.048828
0 0.707062 0.758247 0.048828 0.048828
0 0.682370 0.726353 0.048828 0.048828
0 0.641217 0.710921 0.048828 0.048828
0 0.640188 0.669768 0.048828 0.048828
0 0.596977 0.663595 0.048828 0.048828
0 0.601093 0.704748 0.048828 0.048828
0 0.604179 0.745901 0.048828 0.048828
0 0.556853 0.687258 0.048828 0.048828
0 0.544507 0.722238 0.048828 0.048828
0 0.550680 0.763391 0.048828 0.048828
0 0.517757 0.793227 0.048828 0.048828
0 0.492037 0.822035 0.048828 0.048828
0 0.474547 0.778824 0.048828 0.048828
0 0.495123 0.739728 0.048828 0.048828
0 0.462201 0.719152 0.048828 0.048828
0 0.491008 0.686229 0.048828 0.048828
0 0.454999 0.815862 0.048828 0.048828
0 0.421047 0.774708 0.048828 0.048828
0 0.421047 0.740757 0.048828 0.048828
0 0.418990 0.694460 0.048828 0.048828
0 0.448826 0.667710 0.048828 0.048828
0 0.491008 0.651249 0.048828 0.048828
0 0.527017 0.638903 0.048828 0.048828
0 0.576401 0.633759 0.048828 0.048828
0 0.620640 0.611125 0.048828 0.048828
0 0.594920 0.591577 0.048828 0.048828
0 0.673111 0.645076 0.048828 0.048828
0 0.663851 0.590548 0.048828 0.048828
0 0.710148 0.802487 0.048828 0.048828
0 0.771878 0.840554 0.048828 0.048828
0 0.774965 0.800429 0.048828 0.048828
0 0.818175 0.842611 0.048828 0.048828
0 0.798628 0.875534 0.048828 0.048828
0 0.812003 0.918745 0.048828 0.048828
0 0.843896 0.914629 0.048828 0.048828
0 0.845954 0.959898 0.048828 0.048828
0 0.879905 0.926975 0.048828 0.048828
0 0.886078 0.994878 0.048828 0.048828
0 0.904597 0.950638 0.048828 0.048828
0 0.916943 0.991791 0.048828 0.048828
0 0.951923 0.928004 0.048828 0.048828
0 0.934433 0.901254 0.048828 0.048828
0 0.903568 0.906399 0.048828 0.048828
0 0.915914 0.866274 0.048828 0.048828
0 0.879905 0.890966 0.048828 0.048828
0 0.882992 0.858044 0.048828 0.048828
0 0.866530 0.828208 0.048828 0.048828
0 0.857271 0.866274 0.048828 0.048828
0 0.839781 0.809689 0.048828 0.048828
0 0.743071 0.756190 0.048828 0.048828
0 0.733811 0.716065 0.048828 0.048828
0 0.727639 0.680056 0.048828 0.048828
0 0.708091 0.604952 0.048828 0.048828
0 0.753359 0.657422 0.048828 0.048828
0 0.774965 0.699604 0.048828 0.048828
0 0.803772 0.685200 0.048828 0.048828
0 0.834637 0.676970 0.048828 0.048828
0 0.804801 0.747959 0.048828 0.048828
0 0.860357 0.732526 0.048828 0.048828
0 0.860357 0.780881 0.048828 0.048828
0 0.884021 0.760305 0.048828 0.048828
0 0.892251 0.812775 0.048828 0.048828
0 0.922087 0.831294 0.048828 0.048828
0 0.960154 0.877591 0.048828 0.048828
0 0.936491 0.804545 0.048828 0.048828
0 0.920030 0.781910 0.048828 0.048828
0 0.906655 0.733555 0.048828 0.048828
0 0.876819 0.684171 0.048828 0.048828
0 0.913857 0.697546 0.048828 0.048828
0 0.950894 0.724296 0.048828 0.048828
0 0.942664 0.689316 0.048828 0.048828
0 0.972500 0.694460 0.048828 0.048828
0 0.999249 0.691373 0.048828 0.048828
0 0.974558 0.775737 0.048828 0.048828
0 0.984846 0.914629 0.048828 0.048828
0 0.994105 0.868332 0.048828 0.048828
0 0.981759 0.831294 0.048828 0.048828
0 0.976615 0.802487 0.048828 0.048828
0 0.985875 0.638903 0.048828 0.048828
0 0.912828 0.653307 0.048828 0.048828
0 0.870646 0.651249 0.048828 0.048828
0 0.828464 0.640961 0.048828 0.048828
0 0.797599 0.628615 0.048828 0.048828
0 0.767763 0.597750 0.048828 0.048828
0 0.804801 0.566885 0.048828 0.048828
0 0.752330 0.568943 0.048828 0.048828
0 0.754388 0.532934 0.048828 0.048828
0 0.733811 0.496925 0.048828 0.048828
0 0.716321 0.529847 0.048828 0.048828
0 0.703975 0.559683 0.048828 0.048828
0 0.683399 0.504126 0.048828 0.048828
0 0.797599 0.483550 0.048828 0.048828
0 0.706033 0.449598 0.048828 0.048828
0 0.707062 0.407416 0.048828 0.048828
0 0.666938 0.379638 0.048828 0.048828
0 0.637102 0.512357 0.048828 0.048828
0 0.608294 0.558654 0.048828 0.048828
0 0.519815 0.526761 0.048828 0.048828
0 0.533190 0.580260 0.048828 0.048828
0 0.494094 0.603923 0.048828 0.048828
0 0.435451 0.618326 0.048828 0.048828
0 0.387096 0.668739 0.048828 0.048828
0 0.996163 0.601865 0.048828 0.048828
0 0.963240 0.578202 0.048828 0.048828
0 0.966327 0.426964 0.048828 0.048828
0 0.984846 0.336427 0.048828 0.048828
0 0.943693 0.304533 0.048828 0.048828
0 0.913857 0.325110 0.048828 0.048828
0 0.895338 0.355975 0.048828 0.048828
0 0.911799 0.388897 0.048828 0.048828
0 0.936491 0.402272 0.048828 0.048828
0 0.890194 0.415647 0.048828 0.048828
0 0.922087 0.439310 0.048828 0.048828
0 0.879905 0.462973 0.048828 0.048828
0 0.922087 0.490752 0.048828 0.048828
0 0.921058 0.617298 0.048828 0.048828
0 0.877848 0.602894 0.048828 0.048828
0 0.877848 0.558654 0.048828 0.048828
0 0.647390 0.466060 0.048828 0.048828
0 0.631957 0.297332 0.048828 0.048828
0 0.505411 0.259265 0.048828 0.048828
0 0.479691 0.270582 0.048828 0.048828
0 0.450883 0.263380 0.048828 0.048828
0 0.525988 0.306591 0.048828 0.048828
0 0.489979 0.328197 0.048828 0.048828
0 0.457056 0.308649 0.048828 0.048828
0 0.412817 0.281899 0.048828 0.048828
0 0.380923 0.258236 0.048828 0.048828
0 0.398413 0.307620 0.048828 0.048828
0 0.431336 0.344658 0.048828 0.048828
0 0.477633 0.373465 0.048828 0.048828
0 0.345943 0.298360 0.048828 0.048828
0 0.288328 0.283957 0.048828 0.048828
0 0.249233 0.282928 0.048828 0.048828
0 0.365491 0.700633 0.048828 0.048828
0 0.331539 0.689316 0.048828 0.048828
0 0.352116 0.653307 0.048828 0.048828
0 0.384010 0.619355 0.048828 0.048828
0 0.296559 0.704748 0.048828 0.048828
0 0.255406 0.712979 0.048828 0.048828
0 0.310963 0.657422 0.048828 0.048828
0 0.265694 0.677999 0.048828 0.048828
0 0.322280 0.619355 0.048828 0.048828
0 0.281127 0.622442 0.048828 0.048828
0 0.248204 0.635817 0.048828 0.048828
0 0.231743 0.670797 0.048828 0.048828
0 0.204993 0.638903 0.048828 0.048828
0 0.189561 0.700633 0.048828 0.048828
0 0.251291 0.592606 0.048828 0.048828
0 0.298617 0.594663 0.048828 0.048828
0 0.322280 0.581289 0.048828 0.048828
0 0.349029 0.549395 0.048828 0.048828
0 0.368577 0.580260 0.048828 0.048828
0 0.411788 0.536020 0.048828 0.048828
0 0.474547 0.462973 0.048828 0.048828
0 0.426192 0.407416 0.048828 0.048828
0 0.431336 0.380667 0.048828 0.048828
0 0.394298 0.374494 0.048828 0.048828
0 0.374750 0.348773 0.048828 0.048828
0 0.408701 0.453714 0.048828 0.048828
0 0.380923 0.510299 0.048828 0.048828
0 0.352116 0.470175 0.048828 0.048828
0 0.339770 0.437252 0.048828 0.048828
0 0.333597 0.498982 0.048828 0.048828
0 0.310963 0.473261 0.048828 0.048828
0 0.268781 0.438281 0.048828 0.048828
0 0.273925 0.520588 0.048828 0.048828
0 0.280098 0.558654 0.048828 0.048828
0 0.242031 0.557625 0.048828 0.048828
0 0.227627 0.502069 0.048828 0.048828
0 0.258492 0.477377 0.048828 0.048828
0 0.229685 0.454743 0.048828 0.048828
0 0.192647 0.441368 0.048828 0.048828
0 0.184417 0.479434 0.048828 0.048828
0 0.182359 0.516472 0.048828 0.048828
0 0.150465 0.482521 0.048828 0.048828
0 0.104168 0.489723 0.048828 0.048828
0 0.118572 0.452685 0.048828 0.048828
0 0.148408 0.430051 0.048828 0.048828
0 0.182359 0.659480 0.048828 0.048828
0 0.073303 0.382724 0.048828 0.048828
0 0.057871 0.352888 0.048828 0.048828
0 0.121658 0.395070 0.048828 0.048828
0 0.107254 0.352888 0.048828 0.048828
0 0.102110 0.270582 0.048828 0.048828
0 0.132975 0.310706 0.048828 0.048828
0 0.166927 0.304533 0.048828 0.048828
0 0.219397 0.303505 0.048828 0.048828
0 0.263637 0.312764 0.048828 0.048828
0 0.311991 0.337456 0.048828 0.048828
0 0.367548 0.372436 0.048828 0.048828
0 0.318164 0.375523 0.048828 0.048828
0 0.285242 0.364206 0.048828 0.048828
0 0.294501 0.398157 0.048828 0.048828
0 0.253348 0.401243 0.048828 0.048828
0 0.246146 0.361119 0.048828 0.048828
0 0.215282 0.342600 0.048828 0.048828
0 0.220426 0.396099 0.048828 0.048828
0 0.183388 0.398157 0.048828 0.048828
0 0.145321 0.366263 0.048828 0.048828