0 0.027699 0.034180 0.048828 0.048828
0 0.039434 0.071189 0.048828 0.048828
0 0.192888 0.014321 0.048828 0.048828
0 0.155878 0.020640 0.048828 0.048828
0 0.057487 0.032375 0.048828 0.048828
0 0.099913 0.046817 0.048828 0.048828
0 0.151365 0.063065 0.048828 0.048828
0 0.200109 0.063968 0.048828 0.048828
0 0.213649 0.101880 0.048828 0.048828
0 0.188374 0.123544 0.048828 0.048828
0 0.122479 0.129863 0.048828 0.048828
0 0.125187 0.082924 0.048828 0.048828
0 0.078249 0.085632 0.048828 0.048828
0 0.115258 0.162359 0.048828 0.048828
0 0.073735 0.145208 0.048828 0.048828
0 0.043045 0.129863 0.048828 0.048828
0 0.011451 0.121739 0.048828 0.048828
0 0.021381 0.165067 0.048828 0.048828
0 0.077346 0.178607 0.048828 0.048828
0 0.143241 0.184023 0.048828 0.048828
0 0.155878 0.216519 0.048828 0.048828
0 0.174834 0.193952 0.048828 0.048828
0 0.186569 0.165970 0.048828 0.048828
0 0.214552 0.165067 0.048828 0.048828
0 0.205525 0.200271 0.048828 0.048828
0 0.217260 0.231864 0.048828 0.048828
0 0.173932 0.243599 0.048828 0.048828
0 0.218162 0.316715 0.048828 0.048828
0 0.178445 0.304980 0.048828 0.048828
0 0.139630 0.304980 0.048828 0.048828
0 0.137825 0.267068 0.048828 0.048828
0 0.106231 0.295954 0.048828 0.048828
0 0.104426 0.210200 0.048828 0.048828
0 0.088178 0.230962 0.048828 0.048828
0 0.082762 0.253528 0.048828 0.048828
0 0.078249 0.279706 0.048828 0.048828
0 0.075541 0.314007 0.048828 0.048828
0 0.109842 0.334769 0.048828 0.048828
0 0.158586 0.331158 0.048828 0.048828
0 0.195596 0.351919 0.048828 0.048828
0 0.216357 0.360043 0.048828 0.048828
0 0.043045 0.298662 0.048828 0.048828
0 0.062001 0.202076 0.048828 0.048828
0 0.048461 0.219227 0.048828 0.048828
0 0.017770 0.239086 0.048828 0.048828
0 0.023186 0.422327 0.048828 0.048828
0 0.039434 0.397053 0.048828 0.048828
0 0.034018 0.373583 0.048828 0.048828
0 0.043947 0.341087 0.048828 0.048828
0 0.066514 0.362751 0.048828 0.048828
0 0.106231 0.366362 0.048828 0.048828
0 0.144144 0.373583 0.048828 0.048828
0 0.151365 0.397053 0.048828 0.048828
0 0.213649 0.406982 0.048828 0.048828
0 0.228092 0.443089 0.048828 0.048828
0 0.210038 0.472877 0.048828 0.048828
0 0.173932 0.435867 0.048828 0.048828
0 0.130603 0.465655 0.048828 0.048828
0 0.111647 0.416911 0.048828 0.048828
0 0.071930 0.420522 0.048828 0.048828
0 0.089983 0.453018 0.048828 0.048828
0 0.008743 0.476487 0.048828 0.048828
0 0.241632 0.029667 0.048828 0.048828
0 0.232605 0.077508 0.048828 0.048828
0 0.300305 0.064871 0.048828 0.048828
0 0.316553 0.026959 0.048828 0.048828
0 0.384253 0.009808 0.048828 0.048828
0 0.377935 0.035083 0.048828 0.048828
0 0.385156 0.069384 0.048828 0.048828
0 0.348147 0.058552 0.048828 0.048828
0 0.289473 0.098269 0.048828 0.048828
0 0.241632 0.122641 0.048828 0.048828
0 0.285862 0.132571 0.048828 0.048828
0 0.330093 0.148819 0.048828 0.048828
0 0.312943 0.190342 0.048828 0.048828
0 0.348147 0.222838 0.048828 0.048828
0 0.272322 0.173191 0.048828 0.048828
0 0.247950 0.214714 0.048828 0.048828
0 0.285862 0.253528 0.048828 0.048828
0 0.227189 0.260750 0.048828 0.048828
0 0.254269 0.314007 0.048828 0.048828
0 0.260588 0.334769 0.048828 0.048828
0 0.303916 0.295051 0.048828 0.048828
0 0.317456 0.333866 0.048828 0.048828
0 0.351757 0.310396 0.048828 0.048828
0 0.358979 0.346503 0.048828 0.048828
0 0.382448 0.307688 0.048828 0.048828
0 0.416749 0.283316 0.048828 0.048828
0 0.422165 0.317618 0.048828 0.048828
0 0.462785 0.304980 0.048828 0.048828
0 0.409528 0.352822 0.048828 0.048828
0 0.444732 0.351017 0.048828 0.048828
0 0.474520 0.362751 0.048828 0.048828
0 0.437511 0.380805 0.048828 0.048828
0 0.381545 0.388026 0.048828 0.048828
0 0.341828 0.383513 0.048828 0.048828
0 0.335509 0.412398 0.048828 0.048828
0 0.309332 0.378097 0.048828 0.048828
0 0.260588 0.392539 0.048828 0.048828
0 0.281349 0.435867 0.048828 0.048828
0 0.524167 0.341990 0.048828 0.048828
0 0.557566 0.328450 0.048828 0.048828
0 0.599088 0.294148 0.048828 0.048828
0 0.544928 0.245404 0.048828 0.048828
0 0.613531 0.254431 0.048828 0.048828
0 0.617142 0.225546 0.048828 0.048828
0 0.678523 0.230962 0.048828 0.048828
0 0.711019 0.305883 0.048828 0.048828
0 0.655054 0.354627 0.048828 0.048828
0 0.535902 0.388026 0.048828 0.048828
0 0.497087 0.400663 0.048828 0.048828
0 0.397793 0.202979 0.048828 0.048828
0 0.405015 0.169580 0.048828 0.048828
0 0.450148 0.172288 0.048828 0.048828
0 0.433900 0.125349 0.048828 0.048828
0 0.487158 0.143403 0.048828 0.048828
0 0.530486 0.159651 0.048828 0.048828
0 0.536804 0.108199 0.048828 0.048828
0 0.478131 0.062163 0.048828 0.048828
0 0.518751 0.039596 0.048828 0.048828
0 0.595478 0.011613 0.048828 0.048828
0 0.645124 0.039596 0.048828 0.048828
0 0.674010 0.047720 0.048828 0.048828
0 0.721851 0.047720 0.048828 0.048828
0 0.761569 0.042304 0.048828 0.048828
0 0.713727 0.008905 0.048828 0.048828
0 0.651443 0.006197 0.048828 0.048828
0 0.627071 0.001684 0.048828 0.048828
0 0.783233 0.064871 0.048828 0.048828
0 0.784135 0.119933 0.048828 0.048828
0 0.835588 0.126252 0.048828 0.048828
0 0.871694 0.082924 0.048828 0.048828
0 0.906898 0.049525 0.048828 0.048828
0 0.943908 0.163262 0.048828 0.048828
0 0.940297 0.196660 0.048828 0.048828
0 0.973696 0.177704 0.048828 0.048828
0 0.923146 0.280608 0.048828 0.048828
0 0.930368 0.309494 0.048828 0.048828
0 0.975501 0.321228 0.048828 0.048828
0 0.967377 0.347406 0.048828 0.048828
0 0.922244 0.340185 0.048828 0.048828
0 0.874402 0.355530 0.048828 0.048828
0 0.858154 0.309494 0.048828 0.048828
0 0.825658 0.341087 0.048828 0.048828
0 0.862668 0.393442 0.048828 0.048828
0 0.842809 0.377194 0.048828 0.048828
0 0.803994 0.378999 0.048828 0.048828
0 0.766082 0.356433 0.048828 0.048828
0 0.773303 0.327547 0.048828 0.048828
0 0.739905 0.325742 0.048828 0.048828
0 0.701090 0.351017 0.048828 0.048828
0 0.692063 0.382610 0.048828 0.048828
0 0.656859 0.406079 0.048828 0.048828
0 0.714630 0.410593 0.048828 0.048828
0 0.729975 0.375389 0.048828 0.048828
0 0.745321 0.397955 0.048828 0.048828
0 0.757055 0.434062 0.048828 0.048828
0 0.806702 0.421425 0.048828 0.048828
0 0.832880 0.443089 0.048828 0.048828
0 0.869889 0.436770 0.048828 0.048828
0 0.908704 0.456629 0.048828 0.048828
0 0.949324 0.445797 0.048828 0.048828
0 0.871694 0.499957 0.048828 0.048828
0 0.980917 0.595640 0.048828 0.048828
0 0.950226 0.620012 0.048828 0.048828
0 0.953837 0.687712 0.048828 0.048828
0 0.979112 0.722916 0.048828 0.048828
0 0.905996 0.705765 0.048828 0.048828
0 0.857252 0.664242 0.048828 0.048828
0 0.867181 0.620914 0.048828 0.048828
0 0.900580 0.595640 0.048828 0.048828
0 0.822047 0.641676 0.048828 0.048828
0 0.832880 0.683199 0.048828 0.048828
0 0.825658 0.720208 0.048828 0.048828
0 0.796773 0.777076 0.048828 0.048828
0 0.822047 0.783395 0.048828 0.048828
0 0.843712 0.811377 0.048828 0.048828
0 0.806702 0.822209 0.048828 0.048828
0 0.761569 0.833944 0.048828 0.048828
0 0.719143 0.805059 0.048828 0.048828
0 0.716435 0.761731 0.048828 0.048828
0 0.770595 0.758120 0.048828 0.048828
0 0.772401 0.706668 0.048828 0.048828
0 0.767887 0.668756 0.048828 0.048828
0 0.764277 0.620914 0.048828 0.048828
0 0.797675 0.592029 0.048828 0.048828
0 0.765179 0.567657 0.048828 0.048828
0 0.794065 0.524329 0.048828 0.048828
0 0.779622 0.486417 0.048828 0.048828
0 0.809410 0.462947 0.048828 0.048828
0 0.720949 0.480098 0.048828 0.048828
0 0.714630 0.526134 0.048828 0.048828
0 0.718241 0.565852 0.048828 0.048828
0 0.739002 0.605569 0.048828 0.048828
0 0.670399 0.556825 0.048828 0.048828
0 0.678523 0.484611 0.048828 0.048828
0 0.630682 0.511692 0.048828 0.048828
0 0.622558 0.456629 0.048828 0.048828
0 0.601796 0.540577 0.048828 0.048828
0 0.589159 0.501762 0.048828 0.048828
0 0.592770 0.470169 0.048828 0.048828
0 0.572911 0.457531 0.048828 0.048828
0 0.568398 0.409690 0.048828 0.048828
0 0.532291 0.432257 0.048828 0.048828
0 0.496184 0.454823 0.048828 0.048828
0 0.534096 0.518913 0.048828 0.048828
0 0.532291 0.583905 0.048828 0.048828
0 0.527778 0.622720 0.048828 0.048828
0 0.566592 0.628136 0.048828 0.048828
0 0.592770 0.596542 0.048828 0.048828
0 0.645124 0.642578 0.048828 0.048828
0 0.725462 0.642578 0.048828 0.048828
0 0.715533 0.707571 0.048828 0.048828
0 0.688453 0.701252 0.048828 0.048828
0 0.641514 0.717500 0.048828 0.048828
0 0.601796 0.695836 0.048828 0.048828
0 0.608115 0.763536 0.048828 0.048828
0 0.575619 0.776173 0.048828 0.048828
0 0.537707 0.706668 0.048828 0.048828
0 0.509724 0.739164 0.048828 0.048828
0 0.497990 0.698544 0.048828 0.048828
0 0.676718 0.818599 0.048828 0.048828
0 0.646930 0.843873 0.048828 0.048828
0 0.624363 0.876370 0.048828 0.048828
0 0.579230 0.933238 0.048828 0.048828
0 0.819339 0.929627 0.048828 0.048828
0 0.914120 0.957610 0.048828 0.048828
0 0.036879 0.515682 0.048828 0.048828
0 0.068334 0.490178 0.048828 0.048828
0 0.080236 0.522483 0.048828 0.048828
0 0.108290 0.544586 0.048828 0.048828
0 0.061533 0.558188 0.048828 0.048828
0 0.021577 0.560739 0.048828 0.048828
0 0.025827 0.600695 0.048828 0.048828
0 0.092987 0.584542 0.048828 0.048828
0 0.152497 0.568390 0.048828 0.048828
0 0.144845 0.530984 0.048828 0.048828
0 0.108290 0.486777 0.048828 0.048828
0 0.146546 0.501229 0.048828 0.048828
0 0.186502 0.504630 0.048828 0.048828
0 0.198404 0.543736 0.048828 0.048828
0 0.234109 0.514832 0.048828 0.048828
0 0.265564 0.479126 0.048828 0.048828
0 0.320822 0.451922 0.048828 0.048828
0 0.318272 0.495279 0.048828 0.048828
0 0.319972 0.531834 0.048828 0.048828
0 0.287667 0.523333 0.048828 0.048828
0 0.298719 0.564139 0.048828 0.048828
0 0.265564 0.554788 0.048828 0.048828
0 0.224758 0.576891 0.048828 0.048828
0 0.210305 0.603245 0.048828 0.048828
0 0.167799 0.603245 0.048828 0.048828
0 0.155897 0.642351 0.048828 0.048828
0 0.220507 0.664454 0.048828 0.048828
0 0.183951 0.680607 0.048828 0.048828
0 0.144845 0.678057 0.048828 0.048828
0 0.105739 0.662754 0.048828 0.048828
0 0.084486 0.620248 0.048828 0.048828
0 0.043680 0.626199 0.048828 0.048828
0 0.076835 0.667005 0.048828 0.048828
0 0.060683 0.684007 0.048828 0.048828
0 0.070884 0.711212 0.048828 0.048828
0 0.039429 0.666155 0.048828 0.048828
0 0.011375 0.669555 0.048828 0.048828
0 0.005424 0.634700 0.048828 0.048828
0 0.036029 0.706961 0.048828 0.048828
0 0.019876 0.730765 0.048828 0.048828
0 0.036879 0.751168 0.048828 0.048828
0 0.090437 0.744367 0.048828 0.048828
0 0.204354 0.796225 0.048828 0.048828
0 0.173750 0.808126 0.048828 0.048828
0 0.101489 0.786023 0.048828 0.048828
0 0.058982 0.785173 0.048828 0.048828
0 0.002024 0.760519 0.048828 0.048828
0 0.017326 0.906741 0.048828 0.048828
0 0.009675 0.865085 0.048828 0.048828
0 0.017326 0.826829 0.048828 0.048828
0 0.061533 0.834480 0.048828 0.048828
0 0.042830 0.887188 0.048828 0.048828
0 0.082786 0.894840 0.048828 0.048828
0 0.086186 0.859134 0.048828 0.048828
0 0.096388 0.825129 0.048828 0.048828
0 0.140595 0.866785 0.048828 0.048828
0 0.175450 0.865935 0.048828 0.048828
0 0.202654 0.854884 0.048828 0.048828
0 0.195853 0.920344 0.048828 0.048828
0 0.179701 0.947548 0.048828 0.048828
0 0.146546 0.967101 0.048828 0.048828
0 0.149096 0.988354 0.048828 0.048828
0 0.104889 0.947548 0.048828 0.048828
0 0.035179 0.953499 0.048828 0.048828
0 0.015626 0.992605 0.048828 0.048828
0 0.489998 0.485927 0.048828 0.048828
0 0.460244 0.501229 0.048828 0.048828
0 0.492549 0.536935 0.048828 0.048828
0 0.456843 0.548837 0.048828 0.048828
0 0.417737 0.563289 0.048828 0.048828
0 0.365879 0.566689 0.048828 0.048828
0 0.351427 0.592193 0.048828 0.048828
0 0.318272 0.611746 0.048828 0.048828
0 0.291068 0.644051 0.048828 0.048828
0 0.277466 0.690808 0.048828 0.048828
0 0.312321 0.709511 0.048828 0.048828
0 0.331874 0.681457 0.048828 0.048828
0 0.405835 0.604945 0.048828 0.048828
0 0.446642 0.589643 0.048828 0.048828
0 0.490848 0.586242 0.048828 0.048828
0 0.486598 0.626199 0.048828 0.048828
0 0.452592 0.687408 0.048828 0.048828
0 0.467895 0.723113 0.048828 0.048828
0 0.431339 0.725664 0.048828 0.048828
0 0.388833 0.721413 0.048828 0.048828
0 0.398184 0.768170 0.048828 0.048828
0 0.364179 0.765620 0.048828 0.048828
0 0.295318 0.747767 0.048828 0.048828
0 0.259613 0.757969 0.048828 0.048828
0 0.266414 0.815778 0.048828 0.048828
0 0.230709 0.886338 0.048828 0.048828
0 0.297869 0.914393 0.048828 0.048828
0 0.446428 0.791903 0.048828 0.048828
0 0.733586 0.878175 0.048828 0.048828
0 0.757958 0.975663 0.048828 0.048828
0 0.914120 0.880883 0.048828 0.048828
0 0.970988 0.968442 0.048828 0.048828
0 0.191472 0.994691 0.048828 0.048828
0 0.391367 0.805749 0.048828 0.048828