0 0.365436 0.999197 0.048828 0.048828
0 0.712402 0.704439 0.048828 0.048828
0 0.738506 0.697913 0.048828 0.048828
0 0.785276 0.718579 0.048828 0.048828
0 0.808117 0.771874 0.048828 0.048828
0 0.859237 0.784926 0.048828 0.048828
0 0.903831 0.758822 0.048828 0.048828
0 0.945163 0.740332 0.048828 0.048828
0 0.921234 0.802329 0.048828 0.048828
0 0.959302 0.802329 0.048828 0.048828
0 0.945163 0.843660 0.048828 0.048828
0 0.979968 0.858888 0.048828 0.048828
0 0.961478 0.889342 0.048828 0.048828
0 0.960390 0.937200 0.048828 0.048828
0 0.973442 0.980707 0.048828 0.048828
0 0.926672 0.972005 0.048828 0.048828
0 0.917971 0.926323 0.048828 0.048828
0 0.909270 0.873027 0.048828 0.048828
0 0.873377 0.915447 0.048828 0.048828
0 0.847273 0.881729 0.048828 0.048828
0 0.818993 0.902394 0.048828 0.048828
0 0.812467 0.825170 0.048828 0.048828
0 0.751558 0.747946 0.048828 0.048828
0 0.730892 0.808855 0.048828 0.048828
0 0.780925 0.876290 0.048828 0.048828
0 0.754821 0.892605 0.048828 0.048828
0 0.840747 0.974181 0.048828 0.048828
0 0.797240 0.964392 0.048828 0.048828
0 0.684122 0.976356 0.048828 0.048828
0 0.690648 0.946989 0.048828 0.048828
0 0.634090 0.965479 0.048828 0.048828
0 0.621038 0.921973 0.048828 0.048828
0 0.568830 0.960041 0.048828 0.048828
0 0.652580 0.766436 0.048828 0.048828
0 0.636265 0.701176 0.048828 0.048828
0 0.667807 0.671809 0.048828 0.048828
0 0.572093 0.662020 0.048828 0.048828
0 0.571005 0.700088 0.048828 0.048828
0 0.584057 0.768611 0.048828 0.048828
0 0.556865 0.790365 0.048828 0.048828
0 0.527498 0.764261 0.048828 0.048828
0 0.494868 0.757735 0.048828 0.048828
0 0.463326 0.735981 0.048828 0.048828
0 0.428521 0.772962 0.048828 0.048828
0 0.356735 0.779488 0.048828 0.048828
0 0.388277 0.814293 0.048828 0.048828
0 0.418732 0.836047 0.048828 0.048828
0 0.402417 0.874115 0.048828 0.048828
0 0.371962 0.896956 0.048828 0.048828
0 0.340420 0.908920 0.048828 0.048828
0 0.298001 0.889342 0.048828 0.048828
0 0.333894 0.867589 0.048828 0.048828
0 0.300176 0.825170 0.048828 0.048828
0 0.293650 0.763173 0.048828 0.048828
0 0.243617 0.808855 0.048828 0.048828
0 0.196848 0.862151 0.048828 0.048828
0 0.337759 0.670091 0.048828 0.048828
0 0.381967 0.688510 0.048828 0.048828
0 0.404070 0.646145 0.048828 0.048828
0 0.304604 0.487735 0.048828 0.048828
0 0.339601 0.469315 0.048828 0.048828
0 0.372757 0.554046 0.048828 0.048828
0 0.372757 0.502471 0.048828 0.048828
0 0.650895 0.559572 0.048828 0.048828
0 0.458396 0.216625 0.048828 0.048828
0 0.441119 0.340440 0.048828 0.048828
0 0.295709 0.380751 0.048828 0.048828
0 0.325943 0.434020 0.048828 0.048828
0 0.288511 0.416744 0.048828 0.048828
0 0.701705 0.346199 0.048828 0.048828
0 0.513104 0.549197 0.048828 0.048828
0 0.675791 0.510325 0.048828 0.048828
0 0.698826 0.573672 0.048828 0.048828
0 0.713223 0.624061 0.048828 0.048828
0 0.825520 0.598147 0.048828 0.048828
0 0.874470 0.585189 0.048828 0.048828
0 0.923420 0.707564 0.048828 0.048828
0 0.854314 0.697486 0.048828 0.048828
0 0.786648 0.667252 0.048828 0.048828
0 0.697386 0.660054 0.048828 0.048828
0 0.586529 0.549197 0.048828 0.048828
0 0.243880 0.968150 0.048828 0.048828
0 0.276993 0.983987 0.048828 0.048828
0 0.337461 0.973909 0.048828 0.048828
0 0.350418 0.943675 0.048828 0.048828
0 0.399368 0.971030 0.048828 0.048828
0 0.446878 0.935037 0.048828 0.048828
0 0.436800 0.899044 0.048828 0.048828
0 0.443999 0.876009 0.048828 0.048828
0 0.468474 0.838577 0.048828 0.048828
0 0.488629 0.821300 0.048828 0.048828
0 0.487190 0.891846 0.048828 0.048828
0 0.526062 0.852974 0.048828 0.048828
0 0.600926 0.827059 0.048828 0.048828
0 0.631160 0.827059 0.048828 0.048828
0 0.667152 0.855853 0.048828 0.048828
0 0.714663 0.845775 0.048828 0.048828
0 0.706024 0.888966 0.048828 0.048828
0 0.710344 0.929278 0.048828 0.048828
0 0.729060 0.968150 0.048828 0.048828
0 0.655635 0.919200 0.048828 0.048828
0 0.628281 0.877449 0.048828 0.048828
0 0.608125 0.880328 0.048828 0.048828
0 0.572132 0.893286 0.048828 0.048828
0 0.158937 0.917761 0.048828 0.048828
0 0.180533 0.969590 0.048828 0.048828
0 0.143101 0.966710 0.048828 0.048828
0 0.089832 0.904803 0.048828 0.048828
0 0.052399 0.897605 0.048828 0.048828
0 0.022166 0.995504 0.048828 0.048828
0 0.052399 0.969590 0.048828 0.048828
0 0.658514 0.618302 0.048828 0.048828
0 0.592288 0.615423 0.048828 0.048828
0 0.560614 0.589508 0.048828 0.048828
0 0.611004 0.651416 0.048828 0.048828
0 0.425282 0.601026 0.048828 0.048828
0 0.458396 0.582310 0.048828 0.048828
0 0.419524 0.554955 0.048828 0.048828
0 0.330262 0.537679 0.048828 0.048828
0 0.279872 0.575111 0.048828 0.048828
0 0.300028 0.641338 0.048828 0.048828
0 0.370574 0.629820 0.048828 0.048828
0 0.446878 0.631260 0.048828 0.048828
0 0.454076 0.673011 0.048828 0.048828
0 0.432481 0.696046 0.048828 0.048828
0 0.487190 0.697486 0.048828 0.048828
0 0.490069 0.631260 0.048828 0.048828
0 0.354737 0.721961 0.048828 0.048828
0 0.298589 0.711883 0.048828 0.048828
0 0.491509 0.935037 0.048828 0.048828
0 0.527501 0.910562 0.048828 0.048828
0 0.225127 0.759910 0.048828 0.048828
0 0.227302 0.702264 0.048828 0.048828
0 0.142464 0.817556 0.048828 0.048828
0 0.083730 0.829521 0.048828 0.048828