0 0.096706 0.959980 0.048828 0.048828
0 0.143336 0.956094 0.048828 0.048828
0 0.095410 0.921121 0.048828 0.048828
0 0.152404 0.897806 0.048828 0.048828
0 0.187377 0.879672 0.048828 0.048828
0 0.243074 0.869309 0.048828 0.048828
0 0.270276 0.925007 0.048828 0.048828
0 0.297477 0.904282 0.048828 0.048828
0 0.300067 0.849880 0.048828 0.048828
0 0.319497 0.833041 0.048828 0.048828
0 0.375195 0.818793 0.048828 0.048828
0 0.353175 0.862833 0.048828 0.048828
0 0.349289 0.912054 0.048828 0.048828
0 0.342812 0.961275 0.048828 0.048828
0 0.381671 0.983295 0.048828 0.048828
0 0.429597 0.945732 0.048828 0.048828
0 0.380376 0.937960 0.048828 0.048828
0 0.406282 0.910759 0.048828 0.048828
0 0.442550 0.897806 0.048828 0.048828
0 0.471047 0.934074 0.048828 0.048828
0 0.478818 0.888739 0.048828 0.048828
0 0.518973 0.908168 0.048828 0.048828
0 0.544879 0.865423 0.048828 0.048828
0 0.544879 0.818793 0.048828 0.048828
0 0.511201 0.861537 0.048828 0.048828
0 0.507315 0.801954 0.048828 0.048828
0 0.480114 0.835631 0.048828 0.048828
0 0.433483 0.848584 0.048828 0.048828
0 0.401101 0.845994 0.048828 0.048828
0 0.442550 0.804544 0.048828 0.048828
0 0.401101 0.807135 0.048828 0.048828
0 0.415349 0.761800 0.048828 0.048828
0 0.480114 0.755323 0.048828 0.048828
0 0.353175 0.769571 0.048828 0.048828
0 0.274161 0.813611 0.048828 0.048828
0 0.222350 0.834336 0.048828 0.048828
0 0.161471 0.829155 0.048828 0.048828
0 0.186081 0.801954 0.048828 0.048828
0 0.237893 0.794182 0.048828 0.048828
0 0.266390 0.754028 0.048828 0.048828
0 0.298772 0.743665 0.048828 0.048828
0 0.287114 0.698330 0.048828 0.048828
0 0.275457 0.663357 0.048828 0.048828
0 0.279343 0.615431 0.048828 0.048828
0 0.245665 0.590820 0.048828 0.048828
0 0.244370 0.673719 0.048828 0.048828
0 0.224940 0.728122 0.048828 0.048828
0 0.170538 0.764390 0.048828 0.048828
0 0.143336 0.730712 0.048828 0.048828
0 0.161471 0.676310 0.048828 0.048828
0 0.157585 0.641337 0.048828 0.048828
0 0.118726 0.671129 0.048828 0.048828
0 0.112249 0.709988 0.048828 0.048828
0 0.070800 0.703511 0.048828 0.048828
0 0.050075 0.763095 0.048828 0.048828
0 0.029350 0.823974 0.048828 0.048828
0 0.082457 0.834336 0.048828 0.048828
0 0.116135 0.786410 0.048828 0.048828
0 0.551355 0.703511 0.048828 0.048828
0 0.555241 0.681491 0.048828 0.048828
0 0.512496 0.711283 0.048828 0.048828
0 0.522858 0.663357 0.048828 0.048828
0 0.471047 0.676310 0.048828 0.048828
0 0.428302 0.656880 0.048828 0.048828
0 0.395919 0.637451 0.048828 0.048828
0 0.349289 0.624498 0.048828 0.048828
0 0.388148 0.597297 0.048828 0.048828
0 0.423121 0.589525 0.048828 0.048828
0 0.520268 0.620612 0.048828 0.048828
0 0.559127 0.607659 0.048828 0.048828
0 0.516382 0.577867 0.048828 0.048828
0 0.484000 0.523465 0.048828 0.048828
0 0.452912 0.520874 0.048828 0.048828
0 0.337545 0.659910 0.048828 0.048828
0 0.576265 0.455446 0.048828 0.048828
0 0.613733 0.452234 0.048828 0.048828
0 0.659764 0.425472 0.048828 0.048828
0 0.652270 0.365524 0.048828 0.048828
0 0.649059 0.512182 0.048828 0.048828
0 0.616944 0.556072 0.048828 0.048828