0 0.969123 0.993947 0.048828 0.048828
0 0.917491 0.998911 0.048828 0.048828
0 0.874795 0.993947 0.048828 0.048828
0 0.764579 0.994940 0.048828 0.048828
0 0.576914 0.999904 0.048828 0.048828
0 0.029325 0.955062 0.048828 0.048828
0 0.086494 0.980136 0.048828 0.048828
0 0.085491 0.920961 0.048828 0.048828
0 0.118589 0.937008 0.048828 0.048828
0 0.155699 0.913940 0.048828 0.048828
0 0.154696 0.984148 0.048828 0.048828
0 0.193811 0.964088 0.048828 0.048828
0 0.262013 0.992171 0.048828 0.048828
0 0.398036 0.998291 0.048828 0.048828
0 0.409442 0.964072 0.048828 0.048828
0 0.390907 0.932705 0.048828 0.048828
0 0.346708 0.921299 0.048828 0.048828
0 0.345282 0.964072 0.048828 0.048828
0 0.305360 0.931279 0.048828 0.048828
0 0.252606 0.949814 0.048828 0.048828
0 0.226942 0.907041 0.048828 0.048828
0 0.262586 0.902764 0.048828 0.048828
0 0.292528 0.879951 0.048828 0.048828
0 0.341004 0.885654 0.048828 0.048828
0 0.378075 0.887080 0.048828 0.048828
0 0.372372 0.842881 0.048828 0.048828
0 0.426551 0.835752 0.048828 0.048828
0 0.446512 0.919873 0.048828 0.048828
0 0.506395 0.972627 0.048828 0.048828
0 0.522079 0.932705 0.048828 0.048828
0 0.560846 0.953232 0.048828 0.048828
0 0.602088 0.959123 0.048828 0.048828
0 0.663361 0.975620 0.048828 0.048828
0 0.665718 0.922595 0.048828 0.048828
0 0.702246 0.962658 0.048828 0.048828
0 0.741131 0.962658 0.048828 0.048828
0 0.712851 0.916703 0.048828 0.048828
0 0.757628 0.930843 0.048828 0.048828
0 0.802405 0.944983 0.048828 0.048828
0 0.866035 0.943805 0.048828 0.048828
0 0.864856 0.900207 0.048828 0.048828
0 0.797691 0.902563 0.048828 0.048828
0 0.754093 0.889602 0.048828 0.048828
0 0.681036 0.882532 0.048828 0.048828
0 0.697533 0.836576 0.048828 0.048828
0 0.738775 0.816545 0.048828 0.048828
0 0.782373 0.848360 0.048828 0.048828
0 0.824793 0.857786 0.048828 0.048828
0 0.810653 0.821258 0.048828 0.048828
0 0.861321 0.833041 0.048828 0.048828
0 0.903742 0.867213 0.048828 0.048828
0 0.903742 0.807118 0.048828 0.048828
0 0.813010 0.763520 0.048828 0.048828
0 0.866035 0.752915 0.048828 0.048828
0 0.907277 0.749380 0.048828 0.048828
0 0.894315 0.691641 0.048828 0.048828
0 0.902563 0.633903 0.048828 0.048828
0 0.854251 0.656291 0.048828 0.048828
0 0.908455 0.586770 0.048828 0.048828
0 0.854251 0.600910 0.048828 0.048828
0 0.809475 0.605623 0.048828 0.048828
0 0.787086 0.669253 0.048828 0.048828
0 0.792978 0.706960 0.048828 0.048828
0 0.756450 0.745845 0.048828 0.048828
0 0.765876 0.789443 0.048828 0.048828
0 0.710495 0.781195 0.048828 0.048828
0 0.703425 0.738775 0.048828 0.048828
0 0.739953 0.693998 0.048828 0.048828
0 0.741131 0.630368 0.048828 0.048828
0 0.751736 0.590305 0.048828 0.048828
0 0.697533 0.602088 0.048828 0.048828
0 0.646865 0.590305 0.048828 0.048828
0 0.636260 0.648043 0.048828 0.048828
0 0.669253 0.666896 0.048828 0.048828
0 0.598553 0.688106 0.048828 0.048828
0 0.638616 0.709316 0.048828 0.048828
0 0.677501 0.781195 0.048828 0.048828
0 0.638616 0.840111 0.048828 0.048828
0 0.600910 0.846003 0.048828 0.048828
0 0.630368 0.878997 0.048828 0.048828
0 0.576165 0.893137 0.048828 0.048828
0 0.529031 0.894315 0.048828 0.048828
0 0.483076 0.855430 0.048828 0.048828
0 0.478363 0.906098 0.048828 0.048828
0 0.453618 0.882532 0.048828 0.048828
0 0.612693 0.741131 0.048828 0.048828
0 0.569095 0.747023 0.048828 0.048828
0 0.564381 0.704603 0.048828 0.048828
0 0.513713 0.646865 0.048828 0.048828
0 0.511356 0.685750 0.048828 0.048828
0 0.485433 0.728170 0.048828 0.048828
0 0.518426 0.758806 0.048828 0.048828
0 0.534923 0.801226 0.048828 0.048828
0 0.600910 0.798870 0.048828 0.048828
0 0.481898 0.769411 0.048828 0.048828
0 0.439478 0.745845 0.048828 0.048828
0 0.445369 0.797691 0.048828 0.048828
0 0.400593 0.791800 0.048828 0.048828
0 0.378204 0.742310 0.048828 0.048828
0 0.451261 0.684571 0.048828 0.048828
0 0.397058 0.706960 0.048828 0.048828
0 0.342854 0.702246 0.048828 0.048828
0 0.328714 0.643330 0.048828 0.048828
0 0.278046 0.659826 0.048828 0.048828
0 0.260371 0.704603 0.048828 0.048828
0 0.318109 0.735240 0.048828 0.048828
0 0.335784 0.767055 0.048828 0.048828
0 0.364064 0.800048 0.048828 0.048828
0 0.321644 0.827150 0.048828 0.048828
0 0.289829 0.764698 0.048828 0.048828
0 0.261549 0.805940 0.048828 0.048828
0 0.249766 0.848360 0.048828 0.048828
0 0.225021 0.880175 0.048828 0.048828
0 0.190849 0.849538 0.048828 0.048828
0 0.149608 0.857786 0.048828 0.048828
0 0.094226 0.863678 0.048828 0.048828
0 0.029417 0.857786 0.048828 0.048828
0 0.040022 0.790621 0.048828 0.048828
0 0.093047 0.807118 0.048828 0.048828
0 0.135468 0.807118 0.048828 0.048828
0 0.173174 0.807118 0.048828 0.048828
0 0.208524 0.788265 0.048828 0.048828
0 0.213238 0.745845 0.048828 0.048828
0 0.169639 0.745845 0.048828 0.048828
0 0.126041 0.745845 0.048828 0.048828
0 0.057697 0.739953 0.048828 0.048828
0 0.028239 0.604445 0.048828 0.048828
0 0.018812 0.635081 0.048828 0.048828
0 0.063589 0.644508 0.048828 0.048828
0 0.030596 0.718743 0.048828 0.048828
0 0.058876 0.690463 0.048828 0.048828
0 0.089512 0.670431 0.048828 0.048828
0 0.139003 0.692820 0.048828 0.048828
0 0.167283 0.681036 0.048828 0.048828
0 0.196741 0.676323 0.048828 0.048828
0 0.174353 0.642151 0.048828 0.048828
0 0.130754 0.630368 0.048828 0.048828
0 0.169639 0.596196 0.048828 0.048828
0 0.219129 0.587948 0.048828 0.048828
0 0.229734 0.613871 0.048828 0.048828
0 0.260371 0.607980 0.048828 0.048828
0 0.301613 0.596196 0.048828 0.048828
0 0.280403 0.554955 0.048828 0.048828
0 0.272154 0.505465 0.048828 0.048828
0 0.259193 0.459509 0.048828 0.048828
0 0.227378 0.468936 0.048828 0.048828
0 0.214416 0.428873 0.048828 0.048828
0 0.249766 0.413554 0.048828 0.048828
0 0.206168 0.384096 0.048828 0.048828
0 0.179066 0.391166 0.048828 0.048828
0 0.179066 0.448904 0.048828 0.048828
0 0.162569 0.494860 0.048828 0.048828
0 0.204989 0.530210 0.048828 0.048828
0 0.141359 0.543171 0.048828 0.048828
0 0.109544 0.504286 0.048828 0.048828
0 0.136646 0.412376 0.048828 0.048828
0 0.117793 0.447726 0.048828 0.048828
0 0.060054 0.477184 0.048828 0.048828
0 0.061232 0.527853 0.048828 0.048828
0 0.110723 0.583235 0.048828 0.048828
0 0.068302 0.565560 0.048828 0.048828
0 0.091869 0.609158 0.048828 0.048828
0 0.029417 0.562025 0.048828 0.048828
0 0.014099 0.516070 0.048828 0.048828
0 0.032952 0.460688 0.048828 0.048828
0 0.065946 0.441834 0.048828 0.048828
0 0.098939 0.404128 0.048828 0.048828
0 0.389988 0.640973 0.048828 0.048828
0 0.344033 0.602088 0.048828 0.048828
0 0.384096 0.574986 0.048828 0.048828
0 0.410019 0.582056 0.048828 0.048828
0 0.428873 0.618585 0.048828 0.048828
0 0.473649 0.631546 0.048828 0.048828
0 0.443013 0.574986 0.048828 0.048828
0 0.477184 0.570273 0.048828 0.048828
0 0.410019 0.541993 0.048828 0.048828
0 0.432408 0.504286 0.048828 0.048828
0 0.404128 0.479541 0.048828 0.048828
0 0.372313 0.447726 0.048828 0.048828
0 0.354638 0.500751 0.048828 0.048828
0 0.319288 0.431229 0.048828 0.048828
0 0.302791 0.385274 0.048828 0.048828
0 0.379383 0.387631 0.048828 0.048828
0 0.426516 0.393523 0.048828 0.048828
0 0.425338 0.448904 0.048828 0.048828
0 0.470114 0.485433 0.048828 0.048828
0 0.481898 0.461866 0.048828 0.048828
0 0.463044 0.430051 0.048828 0.048828
0 0.467758 0.382918 0.048828 0.048828
0 0.520783 0.444191 0.048828 0.048828
0 0.510178 0.484254 0.048828 0.048828
0 0.480719 0.521961 0.048828 0.048828
0 0.531388 0.541993 0.048828 0.048828
0 0.525496 0.590305 0.048828 0.048828
0 0.560846 0.622120 0.048828 0.048828
0 0.593840 0.609158 0.048828 0.048828
0 0.611515 0.569095 0.048828 0.048828
0 0.566738 0.559668 0.048828 0.048828
0 0.589126 0.527853 0.048828 0.048828
0 0.565560 0.490146 0.048828 0.048828
0 0.611515 0.491325 0.048828 0.048828
0 0.630368 0.526675 0.048828 0.048828
0 0.672788 0.547885 0.048828 0.048828
0 0.705781 0.537280 0.048828 0.048828
0 0.744666 0.552598 0.048828 0.048828
0 0.796513 0.556133 0.048828 0.048828
0 0.838933 0.554955 0.048828 0.048828
0 0.880175 0.563203 0.048828 0.048828
0 0.878997 0.530210 0.048828 0.048828
0 0.921417 0.538458 0.048828 0.048828
0 0.910812 0.486611 0.048828 0.048828
0 0.851895 0.473649 0.048828 0.048828
0 0.869570 0.434764 0.048828 0.048828
0 0.850716 0.391166 0.048828 0.048828
0 0.825971 0.414733 0.048828 0.048828
0 0.807118 0.375848 0.048828 0.048828
0 0.767055 0.407663 0.048828 0.048828
0 0.784730 0.444191 0.048828 0.048828
0 0.815366 0.505465 0.048828 0.048828
0 0.770590 0.499573 0.048828 0.048828
0 0.714030 0.499573 0.048828 0.048828
0 0.668075 0.499573 0.048828 0.048828
0 0.702246 0.459509 0.048828 0.048828
0 0.736418 0.440656 0.048828 0.048828
0 0.710495 0.402949 0.048828 0.048828
0 0.659826 0.426516 0.048828 0.048828
0 0.632725 0.461866 0.048828 0.048828
0 0.592661 0.458331 0.048828 0.048828
0 0.565560 0.430051 0.048828 0.048828
0 0.609158 0.413554 0.048828 0.048828
0 0.632725 0.382918 0.048828 0.048828
0 0.586770 0.378204 0.048828 0.048828
0 0.557311 0.375848 0.048828 0.048828
0 0.009386 0.413554 0.048828 0.048828
0 0.045914 0.395879 0.048828 0.048828
0 0.057697 0.358173 0.048828 0.048828
0 0.098939 0.367599 0.048828 0.048828
0 0.163748 0.362886 0.048828 0.048828
0 0.188493 0.354638 0.048828 0.048828
0 0.215594 0.314574 0.048828 0.048828
0 0.176709 0.318109 0.048828 0.048828
0 0.135468 0.329893 0.048828 0.048828
0 0.083621 0.322823 0.048828 0.048828
0 0.117793 0.280403 0.048828 0.048828
0 0.049449 0.309861 0.048828 0.048828
0 0.022347 0.340498 0.048828 0.048828
0 0.010564 0.301613 0.048828 0.048828
0 0.992651 0.964371 0.048828 0.048828
0 0.948056 0.957845 0.048828 0.048828
0 0.965459 0.925215 0.048828 0.048828
0 0.925215 0.909988 0.048828 0.048828
0 0.941530 0.854517 0.048828 0.048828
0 0.986125 0.803397 0.048828 0.048828
0 0.953495 0.775117 0.048828 0.048828
0 0.985037 0.749013 0.048828 0.048828
0 0.954582 0.691367 0.048828 0.048828
0 0.950232 0.645685 0.048828 0.048828
0 0.992651 0.631545 0.048828 0.048828
0 0.961108 0.584775 0.048828 0.048828
0 0.980686 0.535830 0.048828 0.048828
0 0.957845 0.490148 0.048828 0.048828
0 0.943706 0.449905 0.048828 0.048828
0 0.998089 0.472746 0.048828 0.048828
0 0.953495 0.388995 0.048828 0.048828
0 0.975248 0.367242 0.048828 0.048828
0 0.977423 0.325911 0.048828 0.048828
0 0.936092 0.332437 0.048828 0.048828
0 0.906725 0.375943 0.048828 0.048828
0 0.880621 0.317209 0.048828 0.048828
0 0.841465 0.336787 0.048828 0.048828
0 0.787082 0.350927 0.048828 0.048828
0 0.753364 0.328086 0.048828 0.048828
0 0.734874 0.294368 0.048828 0.048828
0 0.710945 0.319385 0.048828 0.048828
0 0.693542 0.362891 0.048828 0.048828
0 0.656562 0.352015 0.048828 0.048828
0 0.659825 0.315034 0.048828 0.048828
0 0.696805 0.273703 0.048828 0.048828
0 0.635896 0.213881 0.048828 0.048828
0 0.675052 0.228021 0.048828 0.048828
0 0.664175 0.198654 0.048828 0.048828
0 0.703331 0.192128 0.048828 0.048828
0 0.747926 0.171462 0.048828 0.048828
0 0.718559 0.130131 0.048828 0.048828
0 0.684841 0.155147 0.048828 0.048828
0 0.659825 0.127955 0.048828 0.048828
0 0.645685 0.164936 0.048828 0.048828
0 0.608704 0.176900 0.048828 0.048828
0 0.605441 0.104027 0.048828 0.048828
0 0.641334 0.075747 0.048828 0.048828
0 0.676140 0.081186 0.048828 0.048828
0 0.718559 0.084449 0.048828 0.048828
0 0.759890 0.096413 0.048828 0.048828
0 0.802309 0.095325 0.048828 0.048828
0 0.781643 0.125780 0.048828 0.048828
0 0.828413 0.134481 0.048828 0.048828
0 0.882796 0.129043 0.048828 0.048828
0 0.855605 0.177988 0.048828 0.048828
0 0.904550 0.181251 0.048828 0.048828
0 0.957845 0.171462 0.048828 0.048828
0 0.977423 0.221495 0.048828 0.048828
0 0.932829 0.219319 0.048828 0.048828
0 0.858868 0.223670 0.048828 0.048828
0 0.821887 0.238897 0.048828 0.048828
0 0.772942 0.229108 0.048828 0.048828
0 0.729435 0.235634 0.048828 0.048828
0 0.777293 0.288930 0.048828 0.048828
0 0.827325 0.290018 0.048828 0.048828
0 0.887147 0.261738 0.048828 0.048828
0 0.924128 0.286755 0.048828 0.048828
0 0.968722 0.273703 0.048828 0.048828
0 0.999177 0.085536 0.048828 0.048828
0 0.995914 0.032241 0.048828 0.048828
0 0.921952 0.019189 0.048828 0.048828
0 0.961108 0.003961 0.048828 0.048828
0 0.963284 0.130131 0.048828 0.048828
0 0.921952 0.111640 0.048828 0.048828
0 0.960021 0.076835 0.048828 0.048828
0 0.886059 0.081186 0.048828 0.048828
0 0.829501 0.039854 0.048828 0.048828
0 0.853429 0.005049 0.048828 0.048828
0 0.740312 0.053994 0.048828 0.048828
0 0.788169 0.031153 0.048828 0.048828
0 0.733786 0.009400 0.048828 0.048828
0 0.682666 0.036591 0.048828 0.048828
0 0.602178 0.038767 0.048828 0.048828
0 0.581512 0.002874 0.048828 0.048828
0 0.473833 0.007224 0.048828 0.048828
0 0.532567 0.028978 0.048828 0.048828
0 0.494499 0.044205 0.048828 0.048828
0 0.478184 0.080098 0.048828 0.048828
0 0.543444 0.075747 0.048828 0.048828
0 0.563022 0.102939 0.048828 0.048828
0 0.493411 0.113816 0.048828 0.048828
0 0.531480 0.135569 0.048828 0.048828
0 0.569548 0.137744 0.048828 0.048828
0 0.544532 0.181251 0.048828 0.048828
0 0.490148 0.168199 0.048828 0.048828
0 0.517340 0.213881 0.048828 0.048828
0 0.571723 0.221495 0.048828 0.048828
0 0.580425 0.280229 0.048828 0.048828
0 0.609792 0.308508 0.048828 0.048828
0 0.611967 0.347664 0.048828 0.048828
0 0.577162 0.342226 0.048828 0.048828
0 0.532567 0.331349 0.048828 0.048828
0 0.498850 0.295456 0.048828 0.048828
0 0.516252 0.250862 0.048828 0.048828
0 0.480359 0.242160 0.048828 0.048828
0 0.477096 0.332437 0.048828 0.048828
0 0.392258 0.361804 0.048828 0.048828
0 0.423801 0.310683 0.048828 0.048828
0 0.452080 0.286755 0.048828 0.048828
0 0.415099 0.266089 0.048828 0.048828
0 0.385732 0.295456 0.048828 0.048828
0 0.418362 0.235634 0.048828 0.048828
0 0.459694 0.216056 0.048828 0.048828
0 0.429239 0.181251 0.048828 0.048828
0 0.452080 0.108377 0.048828 0.048828
0 0.407486 0.042030 0.048828 0.048828
0 0.335700 0.027890 0.048828 0.048828
0 0.365067 0.048556 0.048828 0.048828
0 0.366154 0.073572 0.048828 0.048828
0 0.396609 0.100764 0.048828 0.048828
0 0.416187 0.136657 0.048828 0.048828
0 0.371593 0.250862 0.048828 0.048828
0 0.362891 0.199741 0.048828 0.048828
0 0.348752 0.152972 0.048828 0.048828
0 0.341138 0.109465 0.048828 0.048828
0 0.319385 0.069221 0.048828 0.048828
0 0.279141 0.037679 0.048828 0.048828
0 0.217144 0.010487 0.048828 0.048828
0 0.212793 0.067046 0.048828 0.048828
0 0.230196 0.098588 0.048828 0.048828
0 0.249774 0.125780 0.048828 0.048828
0 0.299807 0.151884 0.048828 0.048828
0 0.310683 0.199741 0.048828 0.048828
0 0.338963 0.235634 0.048828 0.048828
0 0.322648 0.285667 0.048828 0.048828
0 0.338963 0.332437 0.048828 0.048828
0 0.299807 0.319385 0.048828 0.048828
0 0.285667 0.262826 0.048828 0.048828
0 0.229108 0.262826 0.048828 0.048828
0 0.195391 0.256300 0.048828 0.048828
0 0.154059 0.250862 0.048828 0.048828
0 0.122517 0.217144 0.048828 0.048828
0 0.168199 0.203004 0.048828 0.048828
0 0.196478 0.176900 0.048828 0.048828
0 0.160585 0.148621 0.048828 0.048828
0 0.118166 0.135569 0.048828 0.048828
0 0.162761 0.095325 0.048828 0.048828
0 0.145358 0.044205 0.048828 0.048828
0 0.125780 0.080098 0.048828 0.048828
0 0.192128 0.104027 0.048828 0.048828
0 0.073572 0.262826 0.048828 0.048828
0 0.074660 0.232371 0.048828 0.048828
0 0.072484 0.197566 0.048828 0.048828
0 0.036591 0.234547 0.048828 0.048828
0 0.020276 0.192128 0.048828 0.048828
0 0.110553 0.177988 0.048828 0.048828
0 0.083361 0.144270 0.048828 0.048828
0 0.048556 0.142095 0.048828 0.048828
0 0.020276 0.114903 0.048828 0.048828
0 0.065958 0.086624 0.048828 0.048828
0 0.011575 0.040942 0.048828 0.048828
0 0.037679 0.065958 0.048828 0.048828
0 0.089887 0.042030 0.048828 0.048828
0 0.117079 0.014838 0.048828 0.048828
0 0.043117 0.020276 0.048828 0.048828
0 0.007224 0.000698 0.048828 0.048828