0 0.673332 0.003038 0.048828 0.048828
0 0.710020 0.026708 0.048828 0.048828
0 0.736056 0.064579 0.048828 0.048828
0 0.777478 0.043276 0.048828 0.048828
0 0.846119 0.053928 0.048828 0.048828
0 0.839018 0.014873 0.048828 0.048828
0 0.887541 0.010139 0.048828 0.048828
0 0.975118 0.017240 0.048828 0.048828
0 0.049877 0.170813 0.048828 0.048828
0 0.042625 0.063833 0.048828 0.048828
0 0.129659 0.090125 0.048828 0.048828
0 0.228479 0.211610 0.048828 0.048828
0 0.257490 0.178066 0.048828 0.048828
0 0.300101 0.181692 0.048828 0.048828
0 0.308260 0.050234 0.048828 0.048828
0 0.349964 0.034822 0.048828 0.048828
0 0.407080 0.096471 0.048828 0.048828
0 0.425212 0.005811 0.048828 0.048828
0 0.469636 0.037542 0.048828 0.048828
0 0.547604 0.010344 0.048828 0.048828
0 0.543977 0.071086 0.048828 0.048828
0 0.592028 0.032102 0.048828 0.048828
0 0.630105 0.064740 0.048828 0.048828
0 0.518232 0.227167 0.048828 0.048828
0 0.572362 0.265831 0.048828 0.048828
0 0.675466 0.152416 0.048828 0.048828
0 0.759238 0.151128 0.048828 0.048828
0 0.810790 0.112463 0.048828 0.048828
0 0.925494 0.113752 0.048828 0.048828
0 0.675466 0.058334 0.048828 0.048828
0 0.638091 0.004204 0.048828 0.048828
0 0.178640 0.011323 0.048828 0.048828