0 0.831055 0.603773 0.007321 0.010917
0 0.785158 0.496218 0.007321 0.010917
0 0.762756 0.479108 0.007321 0.010917
0 0.754287 0.481552 0.007321 0.010917
0 0.744999 0.474219 0.007321 0.010917
0 0.737896 0.475033 0.007321 0.010917
0 0.731339 0.475033 0.007321 0.010917
0 0.724236 0.475441 0.007321 0.010917
0 0.717953 0.475848 0.007321 0.010917
0 0.681891 0.463626 0.007321 0.010917
0 0.642551 0.494181 0.007321 0.010917
0 0.714947 0.517811 0.007321 0.010917
0 0.766581 0.524737 0.007321 0.010917
0 0.616871 0.437960 0.007321 0.010917
0 0.621788 0.440811 0.007321 0.010917
0 0.627252 0.437960 0.007321 0.010917
0 0.592557 0.439182 0.007321 0.010917
0 0.580809 0.634329 0.007321 0.010917
0 0.597201 0.625773 0.007321 0.010917
0 0.607582 0.652662 0.007321 0.010917
0 0.564418 0.664476 0.007321 0.010917
0 0.576712 0.673439 0.007321 0.010917
0 0.582722 0.670588 0.007321 0.010917
0 0.587093 0.668958 0.007321 0.010917
0 0.593376 0.666106 0.007321 0.010917
0 0.598294 0.665291 0.007321 0.010917
0 0.616871 0.670588 0.007321 0.010917
0 0.622881 0.667328 0.007321 0.010917
0 0.626979 0.666514 0.007321 0.010917
0 0.630531 0.666514 0.007321 0.010917
0 0.635175 0.666106 0.007321 0.010917
0 0.640912 0.667736 0.007321 0.010917
0 0.644190 0.666514 0.007321 0.010917
0 0.654845 0.667736 0.007321 0.010917
0 0.683257 0.670588 0.007321 0.010917
0 0.688721 0.668143 0.007321 0.010917
0 0.768493 0.647773 0.007321 0.010917
0 0.796086 0.663254 0.007321 0.010917
0 0.711396 0.537774 0.007321 0.010917
0 0.704566 0.538996 0.007321 0.010917
0 0.707025 0.545514 0.007321 0.010917
0 0.711123 0.561811 0.007321 0.010917
0 0.705386 0.561811 0.007321 0.010917
0 0.680798 0.553255 0.007321 0.010917
0 0.673968 0.552033 0.007321 0.010917
0 0.652386 0.561403 0.007321 0.010917
0 0.652113 0.570366 0.007321 0.010917
0 0.657304 0.570366 0.007321 0.010917
0 0.587366 0.586255 0.007321 0.010917
0 0.595835 0.576885 0.007321 0.010917
0 0.560320 0.679958 0.007321 0.010917
0 0.555402 0.682810 0.007321 0.010917
0 0.572067 0.453441 0.007321 0.010917
0 0.533274 0.386627 0.007321 0.010917
0 0.528356 0.384997 0.007321 0.010917
0 0.516336 0.395182 0.007321 0.010917
0 0.511965 0.399664 0.007321 0.010917
0 0.507867 0.402923 0.007321 0.010917
0 0.487924 0.338146 0.007321 0.010917
0 0.501037 0.340590 0.007321 0.010917
0 0.499671 0.347108 0.007321 0.010917
0 0.483553 0.385405 0.007321 0.010917
0 0.437383 0.416775 0.007321 0.010917
0 0.446125 0.418812 0.007321 0.010917
0 0.452955 0.422071 0.007321 0.010917
0 0.466615 0.421663 0.007321 0.010917
0 0.459238 0.421256 0.007321 0.010917
0 0.487924 0.432256 0.007321 0.010917
0 0.476176 0.426145 0.007321 0.010917
0 0.520434 0.509255 0.007321 0.010917
0 0.527810 0.511292 0.007321 0.010917
0 0.535459 0.519033 0.007321 0.010917
0 0.536006 0.510478 0.007321 0.010917
0 0.544202 0.523515 0.007321 0.010917
0 0.548573 0.524329 0.007321 0.010917
0 0.545568 0.515774 0.007321 0.010917
0 0.550212 0.520663 0.007321 0.010917
0 0.556768 0.526774 0.007321 0.010917
0 0.558681 0.521070 0.007321 0.010917
0 0.561140 0.526366 0.007321 0.010917
0 0.518248 0.529626 0.007321 0.010917
0 0.532454 0.550811 0.007321 0.010917
0 0.510326 0.457108 0.007321 0.010917
0 0.408151 0.527589 0.007321 0.010917
0 0.409790 0.532885 0.007321 0.010917
0 0.414435 0.530033 0.007321 0.010917
0 0.417986 0.533292 0.007321 0.010917
0 0.421811 0.533292 0.007321 0.010917
0 0.427002 0.537774 0.007321 0.010917
0 0.431646 0.538589 0.007321 0.010917
0 0.434924 0.542255 0.007321 0.010917
0 0.439568 0.541033 0.007321 0.010917
0 0.436836 0.551218 0.007321 0.010917
0 0.442574 0.551218 0.007321 0.010917
0 0.445305 0.543885 0.007321 0.010917
0 0.449950 0.546737 0.007321 0.010917
0 0.464429 0.520663 0.007321 0.010917
0 0.469620 0.519441 0.007321 0.010917
0 0.483006 0.522292 0.007321 0.010917
0 0.482460 0.537366 0.007321 0.010917
0 0.473171 0.535737 0.007321 0.010917
0 0.467981 0.529626 0.007321 0.010917
0 0.490656 0.538996 0.007321 0.010917
0 0.492568 0.547551 0.007321 0.010917
0 0.508960 0.556514 0.007321 0.010917
0 0.428367 0.702772 0.007321 0.010917
0 0.419898 0.699106 0.007321 0.010917
0 0.493661 0.640847 0.007321 0.010917
0 0.499944 0.648995 0.007321 0.010917
0 0.496393 0.654699 0.007321 0.010917
0 0.487104 0.674662 0.007321 0.010917
0 0.493388 0.676291 0.007321 0.010917
0 0.505135 0.680773 0.007321 0.010917
0 0.517429 0.682402 0.007321 0.010917
0 0.516063 0.677106 0.007321 0.010917
0 0.527810 0.688921 0.007321 0.010917
0 0.529176 0.680365 0.007321 0.010917
0 0.519341 0.663254 0.007321 0.010917
0 0.523985 0.659588 0.007321 0.010917
0 0.522619 0.667736 0.007321 0.010917
0 0.557042 0.585033 0.007321 0.010917
0 0.523712 0.571181 0.007321 0.010917
0 0.572340 0.537366 0.007321 0.010917
0 0.569882 0.532477 0.007321 0.010917
0 0.563871 0.532885 0.007321 0.010917
0 0.572887 0.525552 0.007321 0.010917
0 0.579444 0.529218 0.007321 0.010917
0 0.428094 0.773253 0.007321 0.010917
0 0.441754 0.796883 0.007321 0.010917
0 0.478089 0.757365 0.007321 0.010917
0 0.473718 0.752068 0.007321 0.010917
0 0.471805 0.746365 0.007321 0.010917
0 0.466068 0.745957 0.007321 0.010917
0 0.466341 0.754513 0.007321 0.010917
0 0.454594 0.729661 0.007321 0.010917
0 0.448584 0.726402 0.007321 0.010917
0 0.446671 0.719476 0.007321 0.010917
0 0.441208 0.725995 0.007321 0.010917
0 0.436290 0.725995 0.007321 0.010917
0 0.425089 0.725587 0.007321 0.010917
0 0.421264 0.728439 0.007321 0.010917
0 0.405966 0.397219 0.007321 0.010917
0 0.401321 0.394775 0.007321 0.010917
0 0.394765 0.372368 0.007321 0.010917
0 0.431646 0.455071 0.007321 0.010917
0 0.421811 0.486441 0.007321 0.010917
0 0.475084 0.522292 0.007321 0.010917
0 0.478908 0.523107 0.007321 0.010917
0 0.651020 0.487663 0.007321 0.010917
0 0.659216 0.483182 0.007321 0.010917
0 0.773411 0.552848 0.007321 0.010917
0 0.734891 0.569551 0.007321 0.010917
0 0.731612 0.552033 0.007321 0.010917
0 0.719319 0.541440 0.007321 0.010917
0 0.712489 0.546329 0.007321 0.010917
0 0.677520 0.536144 0.007321 0.010917
0 0.691726 0.521070 0.007321 0.010917
0 0.666319 0.553255 0.007321 0.010917
0 0.688721 0.569551 0.007321 0.010917
0 0.662768 0.560996 0.007321 0.010917
0 0.647195 0.566699 0.007321 0.010917
0 0.580536 0.591551 0.007321 0.010917
0 0.621788 0.617625 0.007321 0.010917
0 0.645830 0.613958 0.007321 0.010917
0 0.774230 0.645736 0.007321 0.010917
0 0.677793 0.662847 0.007321 0.010917
0 0.673422 0.663254 0.007321 0.010917
0 0.597747 0.674662 0.007321 0.010917
0 0.578624 0.693810 0.007321 0.010917
0 0.568243 0.682402 0.007321 0.010917
0 0.506501 0.388256 0.007321 0.010917
0 0.515789 0.379293 0.007321 0.010917
0 0.524805 0.380923 0.007321 0.010917
0 0.521253 0.403738 0.007321 0.010917
0 0.508960 0.435515 0.007321 0.010917
0 0.505408 0.463626 0.007321 0.010917
0 0.511965 0.469330 0.007321 0.010917
0 0.542836 0.477478 0.007321 0.010917
0 0.582175 0.446923 0.007321 0.010917
0 0.605670 0.438367 0.007321 0.010917
0 0.629711 0.428589 0.007321 0.010917
0 0.689267 0.547144 0.007321 0.010917
0 0.544475 0.628625 0.007321 0.010917
0 0.542562 0.626995 0.007321 0.010917
0 0.462790 0.406182 0.007321 0.010917
0 0.477542 0.411886 0.007321 0.010917
0 0.511418 0.504774 0.007321 0.010917
0 0.448584 0.515774 0.007321 0.010917
0 0.435471 0.503144 0.007321 0.010917
0 0.487924 0.507218 0.007321 0.010917
0 0.458965 0.504367 0.007321 0.010917
0 0.408698 0.491737 0.007321 0.010917
0 0.413069 0.539403 0.007321 0.010917
0 0.450496 0.635143 0.007321 0.010917
0 0.461697 0.643699 0.007321 0.010917
0 0.457872 0.649810 0.007321 0.010917
0 0.463883 0.659588 0.007321 0.010917
0 0.414435 0.693810 0.007321 0.010917
0 0.587913 0.531255 0.007321 0.010917
0 0.595016 0.541440 0.007321 0.010917
0 0.526717 0.545107 0.007321 0.010917
0 0.516882 0.611514 0.007321 0.010917
0 0.481094 0.636773 0.007321 0.010917
0 0.442300 0.558551 0.007321 0.010917
0 0.412795 0.464441 0.007321 0.010917
0 0.488470 0.666106 0.007321 0.010917
0 0.448311 0.800550 0.007321 0.010917
0 0.422084 0.767957 0.007321 0.010917
0 0.447491 0.326738 0.007321 0.010917
0 0.500491 0.384182 0.007321 0.010917
0 0.490382 0.384182 0.007321 0.010917
0 0.460331 0.454663 0.007321 0.010917