0 0.616571 0.926639 0.048828 0.048828
0 0.000823 0.250491 0.048828 0.048828
0 0.081357 0.775638 0.048828 0.048828
0 0.042768 0.770605 0.048828 0.048828
0 0.009212 0.973617 0.048828 0.048828
0 0.084003 0.819425 0.048828 0.048828
0 0.990718 0.767249 0.048828 0.048828
0 0.591405 0.428336 0.048828 0.048828
0 0.591405 0.404847 0.048828 0.048828
0 0.559527 0.419947 0.048828 0.048828
0 0.205513 0.404847 0.048828 0.048828
0 0.532070 0.887036 0.048828 0.048828
0 0.446124 0.802236 0.048828 0.048828
0 0.291420 0.937458 0.048828 0.048828