0 0.583506 0.025872 0.048828 0.048828
0 0.330599 0.126080 0.048828 0.048828
0 0.300775 0.129659 0.048828 0.048828
0 0.279301 0.158290 0.048828 0.048828
0 0.261407 0.141589 0.048828 0.048828
0 0.844764 0.196465 0.048828 0.048828
0 0.806589 0.214359 0.048828 0.048828
0 0.619295 0.337234 0.048828 0.048828
0 0.649119 0.326498 0.048828 0.048828
0 0.455859 0.346778 0.048828 0.048828
0 0.646733 0.698701 0.048828 0.048828
0 0.622874 0.789366 0.048828 0.048828
0 0.676557 0.807260 0.048828 0.048828
0 0.968832 0.577019 0.048828 0.048828
0 0.990305 0.717788 0.048828 0.048828
0 0.937815 0.726139 0.048828 0.048828
0 0.872202 0.839470 0.048828 0.048828
0 0.785116 0.877645 0.048828 0.048828
0 0.651505 0.802488 0.048828 0.048828
0 0.001342 0.252534 0.048828 0.048828
0 0.034745 0.256113 0.048828 0.048828
0 0.071726 0.237026 0.048828 0.048828
0 0.072919 0.207202 0.048828 0.048828
0 0.123024 0.209588 0.048828 0.048828
0 0.175514 0.177378 0.048828 0.048828
0 0.158812 0.235833 0.048828 0.048828
0 0.205338 0.164255 0.048828 0.048828
0 0.229197 0.239412 0.048828 0.048828
0 0.261407 0.223903 0.048828 0.048828
0 0.299582 0.247762 0.048828 0.048828
0 0.337756 0.282358 0.048828 0.048828
0 0.296003 0.313375 0.048828 0.048828
0 0.251863 0.324112 0.048828 0.048828
0 0.210110 0.340813 0.048828 0.048828
0 0.169549 0.359900 0.048828 0.048828
0 0.087235 0.396882 0.048828 0.048828
0 0.179093 0.441022 0.048828 0.048828
0 0.250670 0.441022 0.048828 0.048828
0 0.282880 0.430285 0.048828 0.048828
0 0.303160 0.413584 0.048828 0.048828
0 0.328213 0.427899 0.048828 0.048828
0 0.372352 0.399268 0.048828 0.048828
0 0.378317 0.436250 0.048828 0.048828
0 0.174321 0.573440 0.048828 0.048828
0 0.133760 0.593720 0.048828 0.048828
0 0.094393 0.612808 0.048828 0.048828
0 0.120638 0.523336 0.048828 0.048828
0 0.058604 0.557932 0.048828 0.048828
0 0.421263 0.043766 0.048828 0.048828
0 0.443930 0.064047 0.048828 0.048828
0 0.801817 0.011556 0.048828 0.048828
0 0.693258 0.106993 0.048828 0.048828
0 0.785116 0.101028 0.048828 0.048828
0 0.597821 0.167834 0.048828 0.048828
0 0.008500 0.524529 0.048828 0.048828
0 0.825677 0.871680 0.048828 0.048828
0 0.202529 0.479586 0.048828 0.048828
0 0.240425 0.113264 0.048828 0.048828
0 0.169897 0.194318 0.048828 0.048828