0 0.017342 0.770767 0.048828 0.048828
0 0.035832 0.739224 0.048828 0.048828
0 0.057586 0.718559 0.048828 0.048828
0 0.044534 0.668526 0.048828 0.048828
0 0.006465 0.698981 0.048828 0.048828
0 0.034745 0.638071 0.048828 0.048828
0 0.005378 0.638071 0.048828 0.048828
0 0.046709 0.598915 0.048828 0.048828
0 0.023868 0.604353 0.048828 0.048828
0 0.015167 0.570636 0.048828 0.048828
0 0.058673 0.547795 0.048828 0.048828
0 0.040183 0.520603 0.048828 0.048828
0 0.012991 0.519515 0.048828 0.048828
0 0.005378 0.481447 0.048828 0.048828
0 0.039095 0.489061 0.048828 0.048828
0 0.033657 0.447729 0.048828 0.048828
0 0.057586 0.415099 0.048828 0.048828
0 0.051060 0.347664 0.048828 0.048828
0 0.030394 0.378119 0.048828 0.048828
0 0.071725 0.582600 0.048828 0.048828
0 0.100005 0.564110 0.048828 0.048828
0 0.088040 0.507551 0.048828 0.048828
0 0.107618 0.487973 0.048828 0.048828
0 0.136985 0.456431 0.048828 0.048828
0 0.166352 0.515165 0.048828 0.048828
0 0.202245 0.491236 0.048828 0.048828
0 0.238139 0.447729 0.048828 0.048828
0 0.269681 0.435765 0.048828 0.048828
0 0.205509 0.444466 0.048828 0.048828
0 0.223999 0.412924 0.048828 0.048828
0 0.246840 0.399872 0.048828 0.048828
0 0.293610 0.399872 0.048828 0.048828
0 0.341467 0.395521 0.048828 0.048828
0 0.315363 0.358541 0.048828 0.048828
0 0.264243 0.359628 0.048828 0.048828
0 0.167440 0.369417 0.048828 0.048828
0 0.142424 0.398784 0.048828 0.048828
0 0.111969 0.396609 0.048828 0.048828
0 0.083690 0.362891 0.048828 0.048828
0 0.166352 0.333524 0.048828 0.048828
0 0.536159 0.312859 0.048828 0.048828
0 0.561176 0.234547 0.048828 0.048828
0 0.037703 0.307897 0.048828 0.048828
0 0.082334 0.313656 0.048828 0.048828
0 0.086653 0.264706 0.048828 0.048828
0 0.139922 0.296379 0.048828 0.048828
0 0.137043 0.267585 0.048828 0.048828
0 0.069377 0.227273 0.048828 0.048828
0 0.036263 0.250309 0.048828 0.048828
0 0.026185 0.221515 0.048828 0.048828
0 0.013228 0.172565 0.048828 0.048828
0 0.070816 0.189841 0.048828 0.048828
0 0.217666 0.279103 0.048828 0.048828
0 0.301169 0.306457 0.048828 0.048828
0 0.360196 0.320854 0.048828 0.048828
0 0.233503 0.325173 0.048828 0.048828
0 0.203269 0.338131 0.048828 0.048828
0 0.469614 0.297819 0.048828 0.048828
0 0.495529 0.222954 0.048828 0.048828
0 0.381792 0.224394 0.048828 0.048828