0 0.996443 0.244708 0.048828 0.048828
0 0.949080 0.260496 0.048828 0.048828
0 0.950396 0.221027 0.048828 0.048828
0 0.921452 0.217080 0.048828 0.048828
0 0.897771 0.213133 0.048828 0.048828
0 0.849092 0.219711 0.048828 0.048828
0 0.800414 0.219711 0.048828 0.048828
0 0.903033 0.253918 0.048828 0.048828
0 0.867511 0.292071 0.048828 0.048828
0 0.825411 0.265758 0.048828 0.048828
0 0.779363 0.248655 0.048828 0.048828
0 0.729369 0.230236 0.048828 0.048828
0 0.797782 0.309174 0.048828 0.048828
0 0.759629 0.286808 0.048828 0.048828
0 0.710950 0.263127 0.048828 0.048828
0 0.666219 0.219711 0.048828 0.048828
0 0.670166 0.282862 0.048828 0.048828
0 0.622803 0.219711 0.048828 0.048828
0 0.595175 0.224974 0.048828 0.048828
0 0.567546 0.244708 0.048828 0.048828
0 0.608331 0.271021 0.048828 0.048828
0 0.578071 0.289440 0.048828 0.048828
0 0.535971 0.276283 0.048828 0.048828
0 0.508343 0.224974 0.048828 0.048828
0 0.453086 0.246024 0.048828 0.048828
0 0.441245 0.218395 0.048828 0.048828
0 0.404407 0.232867 0.048828 0.048828
0 0.412301 0.274968 0.048828 0.048828
0 0.346520 0.242077 0.048828 0.048828
0 0.349151 0.222342 0.048828 0.048828
0 0.288632 0.238130 0.048828 0.048828
0 0.234691 0.251286 0.048828 0.048828
0 0.268897 0.289440 0.048828 0.048828
0 0.218903 0.286808 0.048828 0.048828
0 0.204431 0.236814 0.048828 0.048828
0 0.166277 0.223658 0.048828 0.048828
0 0.159699 0.256549 0.048828 0.048828
0 0.118915 0.226289 0.048828 0.048828
0 0.095233 0.265758 0.048828 0.048828
0 0.054449 0.228921 0.048828 0.048828
0 0.034714 0.269705 0.048828 0.048828
0 0.058395 0.293387 0.048828 0.048828
0 0.024189 0.236814 0.048828 0.048828
0 0.003139 0.301280 0.048828 0.048828
0 0.065604 0.325916 0.048828 0.048828
0 0.062312 0.370908 0.048828 0.048828
0 0.007443 0.344572 0.048828 0.048828
0 0.014028 0.384077 0.048828 0.048828
0 0.029391 0.422484 0.048828 0.048828
0 0.080967 0.418095 0.048828 0.048828
0 0.111693 0.448821 0.048828 0.048828
0 0.132543 0.411511 0.048828 0.048828
0 0.113888 0.372006 0.048828 0.048828
0 0.104011 0.313845 0.048828 0.048828
0 0.145711 0.311651 0.048828 0.048828
0 0.149003 0.353350 0.048828 0.048828
0 0.005249 0.455405 0.048828 0.048828
0 0.004151 0.536610 0.048828 0.048828
0 0.053533 0.513565 0.048828 0.048828
0 0.065604 0.471865 0.048828 0.048828
0 0.099622 0.481742 0.048828 0.048828
0 0.094135 0.509176 0.048828 0.048828
0 0.133475 0.517256 0.048828 0.048828
0 0.163085 0.482094 0.048828 0.048828
0 0.198248 0.436753 0.048828 0.048828
0 0.179741 0.377532 0.048828 0.048828
0 0.194546 0.332191 0.048828 0.048828
0 0.238037 0.329415 0.048828 0.048828
0 0.235261 0.378458 0.048828 0.048828
0 0.279676 0.348847 0.048828 0.048828
0 0.274124 0.404367 0.048828 0.048828
0 0.236186 0.429350 0.048828 0.048828
0 0.262095 0.470065 0.048828 0.048828
0 0.278751 0.510779 0.048828 0.048828
0 0.242663 0.521883 0.048828 0.048828
0 0.203800 0.487646 0.048828 0.048828
0 0.187144 0.523734 0.048828 0.048828
0 0.226933 0.555195 0.048828 0.048828
0 0.286153 0.549643 0.048828 0.048828
0 0.275049 0.593133 0.048828 0.048828
0 0.219530 0.596834 0.048828 0.048828
0 0.179741 0.561672 0.048828 0.048828
0 0.283377 0.626445 0.048828 0.048828
0 0.248215 0.633847 0.048828 0.048828
0 0.208426 0.654204 0.048828 0.048828
0 0.229709 0.702321 0.048828 0.048828
0 0.264871 0.684740 0.048828 0.048828
0 0.321316 0.659756 0.048828 0.048828
0 0.314838 0.705097 0.048828 0.048828
0 0.275975 0.731006 0.048828 0.048828
0 0.295407 0.762467 0.048828 0.048828
0 0.328718 0.792078 0.048828 0.048828
0 0.216754 0.738409 0.048828 0.048828
0 0.175114 0.658831 0.048828 0.048828
0 0.157533 0.615341 0.048828 0.048828
0 0.131624 0.599610 0.048828 0.048828
0 0.118670 0.551493 0.048828 0.048828
0 0.085358 0.577402 0.048828 0.048828
0 0.046494 0.554269 0.048828 0.048828
0 0.030764 0.607938 0.048828 0.048828
0 0.069628 0.618117 0.048828 0.048828
0 0.106640 0.631071 0.048828 0.048828
0 0.135326 0.688441 0.048828 0.048828
0 0.102014 0.674561 0.048828 0.048828
0 0.139952 0.734707 0.048828 0.048828
0 0.100163 0.714350 0.048828 0.048828
0 0.160309 0.777272 0.048828 0.048828
0 0.108491 0.759691 0.048828 0.048828
0 0.056673 0.731006 0.048828 0.048828
0 0.021511 0.684740 0.048828 0.048828
0 0.015033 0.643100 0.048828 0.048828
0 0.043718 0.776347 0.048828 0.048828
0 0.040942 0.811509 0.048828 0.048828
0 0.015959 0.744886 0.048828 0.048828
0 0.068702 0.836493 0.048828 0.048828
0 0.125147 0.853149 0.048828 0.048828
0 0.102939 0.805957 0.048828 0.048828
0 0.155683 0.814285 0.048828 0.048828
0 0.182517 0.854074 0.048828 0.048828
0 0.235261 0.848522 0.048828 0.048828
0 0.250066 0.822613 0.048828 0.048828
0 0.298183 0.837418 0.048828 0.048828
0 0.263946 0.873506 0.048828 0.048828
0 0.216754 0.915146 0.048828 0.048828
0 0.185293 0.891087 0.048828 0.048828
0 0.172338 0.936428 0.048828 0.048828
0 0.228783 0.961412 0.048828 0.048828
0 0.275049 0.933652 0.048828 0.048828
0 0.254692 0.999350 0.048828 0.048828
0 0.206575 0.997500 0.048828 0.048828
0 0.153832 0.995649 0.048828 0.048828
0 0.066852 0.972516 0.048828 0.048828
0 0.128848 0.957711 0.048828 0.048828
0 0.140877 0.899415 0.048828 0.048828
0 0.076105 0.909594 0.048828 0.048828
0 0.036316 0.888311 0.048828 0.048828
0 0.005780 0.871655 0.048828 0.048828
0 0.408296 0.980844 0.048828 0.048828
0 0.371283 0.948457 0.048828 0.048828
0 0.328718 0.872581 0.048828 0.048828
0 0.367582 0.867029 0.048828 0.048828
0 0.356478 0.833717 0.048828 0.048828
0 0.018735 0.989172 0.048828 0.048828
0 0.026137 0.933652 0.048828 0.048828
0 0.519162 0.974600 0.048828 0.048828
0 0.436144 0.918876 0.048828 0.048828
0 0.482770 0.902955 0.048828 0.048828
0 0.406577 0.881347 0.048828 0.048828
0 0.411125 0.831310 0.048828 0.048828
0 0.408851 0.783546 0.048828 0.048828
0 0.362225 0.763076 0.048828 0.048828
0 0.383832 0.736920 0.048828 0.048828
0 0.439556 0.766488 0.048828 0.048828
0 0.441830 0.720999 0.048828 0.048828
0 0.487319 0.736920 0.048828 0.048828
0 0.482770 0.703941 0.048828 0.048828
0 0.483908 0.658452 0.048828 0.048828
0 0.438419 0.657315 0.048828 0.048828
0 0.436144 0.625472 0.048828 0.048828
0 0.394067 0.698255 0.048828 0.048828
0 0.348578 0.709627 0.048828 0.048828
0 0.358813 0.616375 0.048828 0.048828
0 0.338343 0.575435 0.048828 0.048828
0 0.379283 0.576572 0.048828 0.048828
0 0.427047 0.564062 0.048828 0.048828
0 0.471398 0.562925 0.048828 0.048828
0 0.494143 0.627747 0.048828 0.048828
0 0.545318 0.632296 0.048828 0.048828
0 0.532808 0.667550 0.048828 0.048828
0 0.541906 0.736920 0.048828 0.048828
0 0.627198 0.758527 0.048828 0.048828
0 0.589669 0.772174 0.048828 0.048828
0 0.547592 0.781272 0.048828 0.048828
0 0.490731 0.816526 0.048828 0.048828
0 0.626060 0.814251 0.048828 0.048828
0 0.591944 0.807428 0.048828 0.048828
0 0.601042 0.841545 0.048828 0.048828
0 0.624923 0.862015 0.048828 0.048828
0 0.556690 0.869975 0.048828 0.048828
0 0.512338 0.846094 0.048828 0.048828
0 0.524848 0.881347 0.048828 0.048828
0 0.545318 0.909778 0.048828 0.048828
0 0.571474 0.972325 0.048828 0.048828
0 0.607865 0.999619 0.048828 0.048828
0 0.631747 0.967776 0.048828 0.048828
0 0.635158 0.918876 0.048828 0.048828
0 0.669275 0.939346 0.048828 0.048828
0 0.672687 0.890445 0.048828 0.048828
0 0.660177 0.841545 0.048828 0.048828
0 0.722724 0.854054 0.048828 0.048828
0 0.689745 0.811977 0.048828 0.048828
0 0.680647 0.985972 0.048828 0.048828
0 0.968364 0.946169 0.048828 0.048828
0 0.904680 0.971188 0.048828 0.048828
0 0.878524 0.997344 0.048828 0.048828
0 0.853505 0.960953 0.048828 0.048828
0 0.884210 0.939346 0.048828 0.048828
0 0.920601 0.924562 0.048828 0.048828
0 0.810291 0.975737 0.048828 0.048828
0 0.761390 0.997344 0.048828 0.048828
0 0.739783 0.967776 0.048828 0.048828
0 0.779586 0.949581 0.048828 0.048828
0 0.809153 0.915464 0.048828 0.048828
0 0.750018 0.912052 0.048828 0.048828
0 0.773899 0.888171 0.048828 0.048828
0 0.772762 0.855191 0.048828 0.048828
0 0.746606 0.815389 0.048828 0.048828
0 0.721587 0.765351 0.048828 0.048828
0 0.682922 0.748292 0.048828 0.048828
0 0.606728 0.713039 0.048828 0.048828
0 0.647668 0.707352 0.048828 0.048828
0 0.698843 0.707352 0.048828 0.048828
0 0.564650 0.685745 0.048828 0.048828
0 0.612414 0.652766 0.048828 0.048828
0 0.662452 0.652766 0.048828 0.048828
0 0.715901 0.664138 0.048828 0.048828
0 0.343255 0.295784 0.048828 0.048828
0 0.365164 0.335496 0.048828 0.048828
0 0.330930 0.343712 0.048828 0.048828
0 0.411723 0.324541 0.048828 0.048828
0 0.454174 0.321802 0.048828 0.048828
0 0.326822 0.397118 0.048828 0.048828
0 0.384336 0.376577 0.048828 0.048828
0 0.418570 0.409442 0.048828 0.048828
0 0.455543 0.391640 0.048828 0.048828
0 0.429525 0.365622 0.048828 0.048828
0 0.477453 0.354667 0.048828 0.048828
0 0.510318 0.334127 0.048828 0.048828
0 0.543183 0.319064 0.048828 0.048828
0 0.591111 0.335496 0.048828 0.048828
0 0.632192 0.312217 0.048828 0.048828
0 0.686967 0.317694 0.048828 0.048828
0 0.723940 0.350559 0.048828 0.048828
0 0.648624 0.358775 0.048828 0.048828
0 0.680120 0.414920 0.048828 0.048828
0 0.660949 0.382055 0.048828 0.048828
0 0.630823 0.384793 0.048828 0.048828
0 0.573309 0.383424 0.048828 0.048828
0 0.562354 0.424505 0.048828 0.048828
0 0.636300 0.432721 0.048828 0.048828
0 0.602066 0.453262 0.048828 0.048828
0 0.543183 0.482019 0.048828 0.048828
0 0.511687 0.395748 0.048828 0.048828
0 0.496624 0.461478 0.048828 0.048828
0 0.451435 0.449154 0.048828 0.048828
0 0.517165 0.498451 0.048828 0.048828
0 0.480192 0.513514 0.048828 0.048828
0 0.426786 0.513514 0.048828 0.048828
0 0.391183 0.490235 0.048828 0.048828
0 0.361056 0.469695 0.048828 0.048828
0 0.362426 0.436830 0.048828 0.048828
0 0.311759 0.438199 0.048828 0.048828
0 0.318606 0.483388 0.048828 0.048828
0 0.361056 0.524469 0.048828 0.048828
0 0.325453 0.540902 0.048828 0.048828
0 0.508586 0.545485 0.048828 0.048828
0 0.561777 0.528510 0.048828 0.048828
0 0.557250 0.562461 0.048828 0.048828
0 0.584411 0.600939 0.048828 0.048828
0 0.640997 0.609993 0.048828 0.048828
0 0.691924 0.622442 0.048828 0.048828
0 0.734929 0.604334 0.048828 0.048828
0 0.748509 0.641681 0.048828 0.048828
0 0.788119 0.641681 0.048828 0.048828
0 0.791514 0.671105 0.048828 0.048828
0 0.762090 0.692608 0.048828 0.048828
0 0.759826 0.748062 0.048828 0.048828
0 0.786988 0.797857 0.048828 0.048828
0 0.820939 0.843126 0.048828 0.048828
0 0.840178 0.882736 0.048828 0.048828
0 0.894500 0.886131 0.048828 0.048828
0 0.949954 0.901975 0.048828 0.048828
0 0.992959 0.901975 0.048828 0.048828
0 0.983905 0.848784 0.048828 0.048828
0 0.952218 0.865760 0.048828 0.048828
0 0.953349 0.809174 0.048828 0.048828
0 0.916003 0.827282 0.048828 0.048828
0 0.872998 0.837467 0.048828 0.048828
0 0.841310 0.798989 0.048828 0.048828
0 0.880920 0.780881 0.048828 0.048828
0 0.927320 0.767301 0.048828 0.048828
0 0.910344 0.727691 0.048828 0.048828
0 0.834519 0.725428 0.048828 0.048828
0 0.801700 0.705057 0.048828 0.048828
0 0.833388 0.671105 0.048828 0.048828
0 0.861681 0.693740 0.048828 0.048828
0 0.909212 0.691476 0.048828 0.048828
0 0.876393 0.643944 0.048828 0.048828
0 0.917134 0.632627 0.048828 0.048828
0 0.943164 0.664315 0.048828 0.048828
0 0.955613 0.706188 0.048828 0.048828
0 0.991827 0.779750 0.048828 0.048828
0 0.974852 0.669974 0.048828 0.048828
0 0.959008 0.631495 0.048828 0.048828
0 0.940900 0.589622 0.048828 0.048828
0 0.581016 0.545485 0.048828 0.048828
0 0.603650 0.514929 0.048828 0.048828
0 0.608177 0.554539 0.048828 0.048828
0 0.643260 0.537563 0.048828 0.048828
0 0.673816 0.512666 0.048828 0.048828
0 0.646655 0.488900 0.048828 0.048828
0 0.714558 0.428919 0.048828 0.048828
0 0.685133 0.447026 0.048828 0.048828
0 0.739456 0.456080 0.048828 0.048828
0 0.724743 0.496822 0.048828 0.048828
0 0.731534 0.554539 0.048828 0.048828
0 0.691924 0.579437 0.048828 0.048828
0 0.826597 0.611125 0.048828 0.048828
0 0.929583 0.552276 0.048828 0.048828
0 0.883183 0.565856 0.048828 0.048828
0 0.824334 0.566988 0.048828 0.048828
0 0.894500 0.522851 0.048828 0.048828
0 0.844705 0.533036 0.048828 0.048828
0 0.788119 0.557934 0.048828 0.048828
0 0.756431 0.516061 0.048828 0.048828
0 0.790383 0.492295 0.048828 0.048828
0 0.796041 0.449290 0.048828 0.048828
0 0.841310 0.487768 0.048828 0.048828
0 0.867339 0.473056 0.048828 0.048828
0 0.923925 0.476451 0.048828 0.048828
0 0.957876 0.486636 0.048828 0.048828
0 0.985037 0.528510 0.048828 0.048828
0 0.757563 0.394968 0.048828 0.048828
0 0.797173 0.385914 0.048828 0.048828
0 0.777934 0.349699 0.048828 0.048828
0 0.837915 0.323670 0.048828 0.048828
0 0.872998 0.357621 0.048828 0.048828
0 0.904686 0.318011 0.048828 0.048828
0 0.857154 0.414207 0.048828 0.048828
0 0.894500 0.391572 0.048828 0.048828
0 0.942032 0.417602 0.048828 0.048828
0 0.926188 0.363280 0.048828 0.048828
0 0.992959 0.282928 0.048828 0.048828
0 0.961271 0.316879 0.048828 0.048828
0 0.972588 0.367806 0.048828 0.048828
0 0.981642 0.435709 0.048828 0.048828
0 0.480294 0.280665 0.048828 0.048828