0 0.978037 0.704356 0.048828 0.048828
0 0.933127 0.719326 0.048828 0.048828
0 0.372586 0.355057 0.048828 0.048828
0 0.605451 0.328444 0.048828 0.048828
0 0.803387 0.268564 0.048828 0.048828
0 0.841644 0.270228 0.048828 0.048828
0 0.838317 0.692713 0.048828 0.048828
0 0.806714 0.696040 0.048828 0.048828
0 0.736854 0.686060 0.048828 0.048828
0 0.033267 0.724316 0.048828 0.048828
0 0.084830 0.720990 0.048828 0.048828
0 0.034930 0.774216 0.048828 0.048828
0 0.068196 0.775879 0.048828 0.048828
0 0.108116 0.775879 0.048828 0.048828
0 0.492345 0.524717 0.048828 0.048828
0 0.997997 0.849066 0.048828 0.048828
0 0.963067 0.867362 0.048828 0.048828
0 0.974710 0.897302 0.048828 0.048828
0 0.913167 0.897302 0.048828 0.048828
0 0.617095 0.860709 0.048828 0.048828
0 0.494008 0.903956 0.048828 0.048828
0 0.484028 0.730970 0.048828 0.048828
0 0.542245 0.725980 0.048828 0.048828