0 0.009141 0.383392 0.048828 0.048828
0 0.108261 0.383392 0.048828 0.048828
0 0.145265 0.386035 0.048828 0.048828
0 0.211345 0.382070 0.048828 0.048828
0 0.311787 0.386035 0.048828 0.048828
0 0.383153 0.379427 0.048828 0.048828
0 0.420158 0.387356 0.048828 0.048828
0 0.471700 0.370176 0.048828 0.048828
0 0.549674 0.378105 0.048828 0.048828
0 0.602538 0.378105 0.048828 0.048828
0 0.636900 0.392643 0.048828 0.048828
0 0.734698 0.390000 0.048828 0.048828
0 0.831174 0.392643 0.048828 0.048828
0 0.931616 0.379427 0.048828 0.048828
0 0.999914 0.334146 0.048828 0.048828
0 0.984027 0.300386 0.048828 0.048828
0 0.945302 0.333153 0.048828 0.048828
0 0.957217 0.269605 0.048828 0.048828
0 0.933387 0.296414 0.048828 0.048828
0 0.889698 0.339111 0.048828 0.048828
0 0.893670 0.282513 0.048828 0.048828
0 0.848987 0.295421 0.048828 0.048828
0 0.847995 0.349040 0.048828 0.048828
0 0.814235 0.319252 0.048828 0.048828
0 0.790404 0.316273 0.048828 0.048828
0 0.784447 0.356983 0.048828 0.048828
0 0.747708 0.348047 0.048828 0.048828
0 0.738772 0.314287 0.048828 0.048828
0 0.706998 0.360955 0.048828 0.048828
0 0.687139 0.324217 0.048828 0.048828
0 0.655365 0.361948 0.048828 0.048828
0 0.646429 0.318259 0.048828 0.048828
0 0.594796 0.302372 0.048828 0.048828
0 0.576923 0.335139 0.048828 0.048828
0 0.547135 0.312301 0.048828 0.048828
0 0.485573 0.323224 0.048828 0.048828
0 0.434933 0.305351 0.048828 0.048828
0 0.415075 0.336132 0.048828 0.048828
0 0.360463 0.323224 0.048828 0.048828
0 0.345569 0.354998 0.048828 0.048828
0 0.314788 0.300386 0.048828 0.048828
0 0.288972 0.319252 0.048828 0.048828
0 0.243297 0.347054 0.048828 0.048828
0 0.178756 0.363934 0.048828 0.048828
0 0.210530 0.325210 0.048828 0.048828
0 0.241311 0.302372 0.048828 0.048828
0 0.256205 0.291450 0.048828 0.048828
0 0.159890 0.311308 0.048828 0.048828
0 0.112230 0.335139 0.048828 0.048828
0 0.072512 0.357976 0.048828 0.048828
0 0.136060 0.272584 0.048828 0.048828
0 0.090385 0.302372 0.048828 0.048828
0 0.030809 0.311308 0.048828 0.048828
0 0.003007 0.271591 0.048828 0.048828
0 0.043717 0.263648 0.048828 0.048828
0 0.096343 0.260669 0.048828 0.048828
0 0.652669 0.265523 0.048828 0.048828
0 0.620876 0.248566 0.048828 0.048828
0 0.696729 0.279899 0.048828 0.048828
0 0.738133 0.243273 0.048828 0.048828
0 0.765205 0.270345 0.048828 0.048828
0 0.779537 0.233718 0.048828 0.048828
0 0.752465 0.200277 0.048828 0.048828
0 0.798646 0.190722 0.048828 0.048828
0 0.816163 0.158873 0.048828 0.048828
0 0.822533 0.122246 0.048828 0.048828
0 0.860752 0.162058 0.048828 0.048828
0 0.838457 0.209831 0.048828 0.048828
0 0.883046 0.193907 0.048828 0.048828
0 0.867122 0.254420 0.048828 0.048828
0 0.812978 0.267160 0.048828 0.048828
0 0.580480 0.209831 0.048828 0.048828
0 0.569333 0.256012 0.048828 0.048828
0 0.523152 0.265567 0.048828 0.048828
0 0.470601 0.281492 0.048828 0.048828
0 0.422827 0.254420 0.048828 0.048828
0 0.470601 0.222571 0.048828 0.048828
0 0.529521 0.203462 0.048828 0.048828
0 0.497672 0.177982 0.048828 0.048828
0 0.532706 0.162058 0.048828 0.048828
0 0.515189 0.095175 0.048828 0.048828
0 0.492895 0.125431 0.048828 0.048828
0 0.454676 0.163650 0.048828 0.048828
0 0.426012 0.206646 0.048828 0.048828
0 0.405310 0.174797 0.048828 0.048828
0 0.375053 0.230533 0.048828 0.048828
0 0.363906 0.273529 0.048828 0.048828
0 0.328872 0.254420 0.048828 0.048828
0 0.190301 0.268983 0.048828 0.048828
0 0.240334 0.250492 0.048828 0.048828
0 0.261000 0.229827 0.048828 0.048828
0 0.288191 0.249405 0.048828 0.048828
0 0.306682 0.205898 0.048828 0.048828
0 0.293630 0.162391 0.048828 0.048828
0 0.254474 0.184145 0.048828 0.048828
0 0.209879 0.197197 0.048828 0.048828
0 0.171811 0.214599 0.048828 0.048828
0 0.122866 0.232002 0.048828 0.048828
0 0.034765 0.184145 0.048828 0.048828
0 0.031502 0.117797 0.048828 0.048828
0 0.076096 0.141726 0.048828 0.048828
0 0.096762 0.116709 0.048828 0.048828
0 0.084798 0.197197 0.048828 0.048828
0 0.117428 0.177619 0.048828 0.048828
0 0.165285 0.162391 0.048828 0.048828
0 0.215318 0.141726 0.048828 0.048828
0 0.258824 0.134112 0.048828 0.048828
0 0.287104 0.124323 0.048828 0.048828
0 0.295805 0.086255 0.048828 0.048828
0 0.326260 0.105833 0.048828 0.048828
0 0.449166 0.085167 0.048828 0.048828
0 0.404572 0.069940 0.048828 0.048828
0 0.341487 0.056888 0.048828 0.048828
0 0.436114 0.034047 0.048828 0.048828
0 0.404572 0.024258 0.048828 0.048828
0 0.357802 0.014469 0.048828 0.048828
0 0.224019 0.000329 0.048828 0.048828
0 0.229457 0.034047 0.048828 0.048828
0 0.250123 0.064501 0.048828 0.048828
0 0.216405 0.094956 0.048828 0.048828
0 0.188126 0.051449 0.048828 0.048828
0 0.172899 0.108008 0.048828 0.048828
0 0.146795 0.040573 0.048828 0.048828
0 0.121778 0.082992 0.048828 0.048828
0 0.101113 0.047099 0.048828 0.048828
0 0.077184 0.073203 0.048828 0.048828
0 0.006486 0.089518 0.048828 0.048828
0 0.024976 0.047099 0.048828 0.048828
0 0.042379 0.011206 0.048828 0.048828
0 0.770028 0.048186 0.048828 0.048828
0 0.723258 0.034047 0.048828 0.048828
0 0.730872 0.061238 0.048828 0.048828
0 0.850515 0.050362 0.048828 0.048828
0 0.916863 0.047099 0.048828 0.048828
0 0.970159 0.013381 0.048828 0.048828
0 0.997350 0.042748 0.048828 0.048828
0 0.973422 0.075378 0.048828 0.048828
0 0.996263 0.139550 0.048828 0.048828
0 0.966896 0.193934 0.048828 0.048828
0 0.933178 0.243966 0.048828 0.048828
0 0.920126 0.203723 0.048828 0.048828
0 0.901636 0.127586 0.048828 0.048828
0 0.538149 0.022066 0.048828 0.048828
0 0.577021 0.001910 0.048828 0.048828
0 0.621652 0.033584 0.048828 0.048828
0 0.649007 0.019187 0.048828 0.048828
0 0.689318 0.000470 0.048828 0.048828
0 0.687878 0.053739 0.048828 0.048828
0 0.654765 0.068136 0.048828 0.048828
0 0.656205 0.114207 0.048828 0.048828
0 0.611574 0.115647 0.048828 0.048828
0 0.584220 0.075335 0.048828 0.048828
0 0.543908 0.073895 0.048828 0.048828
0 0.555426 0.115647 0.048828 0.048828
0 0.581340 0.161717 0.048828 0.048828
0 0.631730 0.151639 0.048828 0.048828
0 0.633170 0.203468 0.048828 0.048828
0 0.679240 0.238021 0.048828 0.048828
0 0.713793 0.199149 0.048828 0.048828
0 0.738268 0.158838 0.048828 0.048828
0 0.731070 0.117086 0.048828 0.048828
0 0.689318 0.091172 0.048828 0.048828
0 0.742587 0.095491 0.048828 0.048828
0 0.801615 0.079654 0.048828 0.048828
0 0.805934 0.035023 0.048828 0.048828
0 0.826090 0.079654 0.048828 0.048828
0 0.785778 0.143001 0.048828 0.048828
0 0.351167 0.189129 0.048828 0.048828
0 0.352759 0.150911 0.048828 0.048828
0 0.406903 0.119061 0.048828 0.048828
0 0.492895 0.053771 0.048828 0.048828
0 0.276321 0.025107 0.048828 0.048828
0 0.171219 0.005997 0.048828 0.048828