0 0.693168 0.314729 0.048828 0.048828
0 0.703198 0.235494 0.048828 0.048828
0 0.618949 0.261571 0.048828 0.048828
0 0.586854 0.244521 0.048828 0.048828
0 0.466498 0.110124 0.048828 0.048828
0 0.360184 0.202396 0.048828 0.048828
0 0.324077 0.173310 0.048828 0.048828
0 0.415347 0.075020 0.048828 0.048828
0 0.457472 0.053958 0.048828 0.048828
0 0.499596 0.001803 0.048828 0.048828
0 0.545733 0.015845 0.048828 0.048828
0 0.897944 0.392775 0.048828 0.048828
0 0.919751 0.356431 0.048828 0.048828
0 0.889222 0.337532 0.048828 0.048828
0 0.865962 0.317180 0.048828 0.048828
0 0.897944 0.293919 0.048828 0.048828
0 0.896490 0.200879 0.048828 0.048828
0 0.890675 0.158720 0.048828 0.048828
0 0.854332 0.144183 0.048828 0.048828
0 0.851424 0.180526 0.048828 0.048828
0 0.810719 0.155813 0.048828 0.048828
0 0.823803 0.229954 0.048828 0.048828
0 0.825256 0.286651 0.048828 0.048828
0 0.817988 0.344801 0.048828 0.048828
0 0.833979 0.388414 0.048828 0.048828
0 0.793274 0.386960 0.048828 0.048828
0 0.688603 0.379691 0.048828 0.048828
0 0.740939 0.370969 0.048828 0.048828
0 0.752569 0.327356 0.048828 0.048828
0 0.780190 0.272113 0.048828 0.048828
0 0.751115 0.248853 0.048828 0.048828
0 0.767106 0.215417 0.048828 0.048828
0 0.733670 0.203787 0.048828 0.048828
0 0.687150 0.186341 0.048828 0.048828
0 0.706048 0.163081 0.048828 0.048828
0 0.739485 0.139821 0.048828 0.048828
0 0.764199 0.112200 0.048828 0.048828
0 0.796181 0.086032 0.048828 0.048828
0 0.844155 0.093301 0.048828 0.048828
0 0.883407 0.083125 0.048828 0.048828
0 0.931381 0.054050 0.048828 0.048828
0 0.759837 0.051142 0.048828 0.048828
0 0.778736 0.004622 0.048828 0.048828
0 0.537413 0.254668 0.048828 0.048828
0 0.570849 0.215417 0.048828 0.048828
0 0.620277 0.202333 0.048828 0.048828
0 0.640629 0.154359 0.048828 0.048828
0 0.583933 0.168896 0.048828 0.048828
0 0.544681 0.163081 0.048828 0.048828
0 0.588294 0.122376 0.048828 0.048828
0 0.646444 0.097662 0.048828 0.048828
0 0.681335 0.123830 0.048828 0.048828
0 0.707502 0.104931 0.048828 0.048828
0 0.713317 0.042420 0.048828 0.048828
0 0.652259 0.026428 0.048828 0.048828
0 0.617369 0.062772 0.048828 0.048828
0 0.589436 0.291360 0.048828 0.048828
0 0.448866 0.178424 0.048828 0.048828
0 0.320310 0.139977 0.048828 0.048828
0 0.365965 0.132769 0.048828 0.048828
0 0.367167 0.100330 0.048828 0.048828
0 0.398405 0.112344 0.048828 0.048828
0 0.968984 0.142219 0.048828 0.048828
0 0.959957 0.086053 0.048828 0.048828