0 0.798646 0.990527 0.048828 0.048828
0 0.816163 0.958677 0.048828 0.048828
0 0.822533 0.922051 0.048828 0.048828
0 0.860752 0.961862 0.048828 0.048828
0 0.883046 0.993711 0.048828 0.048828
0 0.497672 0.977787 0.048828 0.048828
0 0.532706 0.961862 0.048828 0.048828
0 0.515189 0.894979 0.048828 0.048828
0 0.492895 0.925236 0.048828 0.048828
0 0.454676 0.963455 0.048828 0.048828
0 0.405310 0.974602 0.048828 0.048828
0 0.293630 0.962196 0.048828 0.048828
0 0.254474 0.983949 0.048828 0.048828
0 0.209879 0.997001 0.048828 0.048828
0 0.034765 0.983949 0.048828 0.048828
0 0.031502 0.917602 0.048828 0.048828
0 0.076096 0.941530 0.048828 0.048828
0 0.096762 0.916514 0.048828 0.048828
0 0.084798 0.997001 0.048828 0.048828
0 0.117428 0.977423 0.048828 0.048828
0 0.165285 0.962196 0.048828 0.048828
0 0.215318 0.941530 0.048828 0.048828
0 0.258824 0.933917 0.048828 0.048828
0 0.287104 0.924128 0.048828 0.048828
0 0.295805 0.886059 0.048828 0.048828
0 0.326260 0.905637 0.048828 0.048828
0 0.449166 0.884972 0.048828 0.048828
0 0.404572 0.869744 0.048828 0.048828
0 0.341487 0.856692 0.048828 0.048828
0 0.436114 0.833851 0.048828 0.048828
0 0.404572 0.824062 0.048828 0.048828
0 0.357802 0.814273 0.048828 0.048828
0 0.316471 0.791432 0.048828 0.048828
0 0.286016 0.755539 0.048828 0.048828
0 0.259912 0.767504 0.048828 0.048828
0 0.207704 0.763153 0.048828 0.048828
0 0.224019 0.800134 0.048828 0.048828
0 0.229457 0.833851 0.048828 0.048828
0 0.250123 0.864306 0.048828 0.048828
0 0.216405 0.894761 0.048828 0.048828
0 0.188126 0.851254 0.048828 0.048828
0 0.172899 0.907813 0.048828 0.048828
0 0.146795 0.840377 0.048828 0.048828
0 0.121778 0.882796 0.048828 0.048828
0 0.101113 0.846903 0.048828 0.048828
0 0.105463 0.799046 0.048828 0.048828
0 0.077184 0.873007 0.048828 0.048828
0 0.006486 0.889322 0.048828 0.048828
0 0.024976 0.846903 0.048828 0.048828
0 0.042379 0.811010 0.048828 0.048828
0 0.003223 0.781643 0.048828 0.048828
0 0.051080 0.772942 0.048828 0.048828
0 0.151145 0.754452 0.048828 0.048828
0 0.103288 0.744663 0.048828 0.048828
0 0.018450 0.720734 0.048828 0.048828
0 0.024976 0.658737 0.048828 0.048828
0 0.027151 0.588038 0.048828 0.048828
0 0.022801 0.510814 0.048828 0.048828
0 0.041291 0.462957 0.048828 0.048828
0 0.006486 0.465132 0.048828 0.048828
0 0.068483 0.706594 0.048828 0.048828
0 0.100025 0.706594 0.048828 0.048828
0 0.139181 0.707682 0.048828 0.048828
0 0.184863 0.725085 0.048828 0.048828
0 0.187038 0.692455 0.048828 0.048828
0 0.135918 0.665263 0.048828 0.048828
0 0.098937 0.658737 0.048828 0.048828
0 0.054343 0.643509 0.048828 0.048828
0 0.073921 0.590214 0.048828 0.048828
0 0.042379 0.553233 0.048828 0.048828
0 0.081535 0.499937 0.048828 0.048828
0 0.101113 0.548882 0.048828 0.048828
0 0.141356 0.533655 0.048828 0.048828
0 0.126129 0.611967 0.048828 0.048828
0 0.165285 0.621756 0.048828 0.048828
0 0.204441 0.646772 0.048828 0.048828
0 0.242509 0.630457 0.048828 0.048828
0 0.207704 0.595652 0.048828 0.048828
0 0.258824 0.595652 0.048828 0.048828
0 0.218581 0.557584 0.048828 0.048828
0 0.181600 0.544532 0.048828 0.048828
0 0.160934 0.574986 0.048828 0.048828
0 0.134830 0.480359 0.048828 0.048828
0 0.191389 0.493411 0.048828 0.048828
0 0.224019 0.509726 0.048828 0.048828
0 0.270789 0.538006 0.048828 0.048828
0 0.272964 0.493411 0.048828 0.048828
0 0.242509 0.460781 0.048828 0.048828
0 0.315383 0.533655 0.048828 0.048828
0 0.330610 0.494499 0.048828 0.048828
0 0.352364 0.452080 0.048828 0.048828
0 0.279490 0.433590 0.048828 0.048828
0 0.301243 0.390083 0.048828 0.048828
0 0.345838 0.353102 0.048828 0.048828
0 0.353451 0.328086 0.048828 0.048828
0 0.351276 0.292193 0.048828 0.048828
0 0.398046 0.290018 0.048828 0.048828
0 0.410010 0.319385 0.048828 0.048828
0 0.448078 0.331349 0.048828 0.048828
0 0.421974 0.375943 0.048828 0.048828
0 0.388257 0.354190 0.048828 0.048828
0 0.394783 0.395521 0.048828 0.048828
0 0.358890 0.407486 0.048828 0.048828
0 0.231633 0.687016 0.048828 0.048828
0 0.240334 0.719646 0.048828 0.048828
0 0.282753 0.693542 0.048828 0.048828
0 0.327347 0.698981 0.048828 0.048828
0 0.342575 0.742487 0.048828 0.048828
0 0.389344 0.765328 0.048828 0.048828
0 0.415448 0.783819 0.048828 0.048828
0 0.441552 0.753364 0.048828 0.048828
0 0.446991 0.716383 0.048828 0.048828
0 0.403484 0.728348 0.048828 0.048828
0 0.387169 0.695718 0.048828 0.048828
0 0.368679 0.663088 0.048828 0.048828
0 0.349101 0.610879 0.048828 0.048828
0 0.314295 0.651123 0.048828 0.048828
0 0.297980 0.617405 0.048828 0.048828
0 0.325172 0.569548 0.048828 0.048828
0 0.352364 0.523866 0.048828 0.048828
0 0.398046 0.541269 0.048828 0.048828
0 0.427413 0.535830 0.048828 0.048828
0 0.395870 0.494499 0.048828 0.048828
0 0.432851 0.480359 0.048828 0.048828
0 0.469832 0.497762 0.048828 0.048828
0 0.502462 0.490148 0.048828 0.048828
0 0.564459 0.481447 0.048828 0.048828
0 0.599264 0.479272 0.048828 0.048828
0 0.637333 0.493411 0.048828 0.048828
0 0.673226 0.483622 0.048828 0.048828
0 0.717820 0.486885 0.048828 0.048828
0 0.376292 0.592389 0.048828 0.048828
0 0.430676 0.574986 0.048828 0.048828
0 0.467656 0.560847 0.048828 0.048828
0 0.500287 0.535830 0.048828 0.048828
0 0.541618 0.520603 0.048828 0.048828
0 0.628631 0.538006 0.048828 0.048828
0 0.787431 0.793608 0.048828 0.048828
0 0.770028 0.847991 0.048828 0.048828
0 0.723258 0.833851 0.048828 0.048828
0 0.730872 0.861043 0.048828 0.048828
0 0.774379 0.760978 0.048828 0.048828
0 0.726521 0.778380 0.048828 0.048828
0 0.800483 0.690279 0.048828 0.048828
0 0.761327 0.703331 0.048828 0.048828
0 0.796132 0.638071 0.048828 0.048828
0 0.775466 0.600003 0.048828 0.048828
0 0.751538 0.601090 0.048828 0.048828
0 0.754801 0.543444 0.048828 0.048828
0 0.781992 0.522778 0.048828 0.048828
0 0.781992 0.454255 0.048828 0.048828
0 0.711294 0.567373 0.048828 0.048828
0 0.692804 0.617405 0.048828 0.048828
0 0.667787 0.581512 0.048828 0.048828
0 0.635157 0.594564 0.048828 0.048828
0 0.612316 0.632633 0.048828 0.048828
0 0.584037 0.617405 0.048828 0.048828
0 0.549232 0.573899 0.048828 0.048828
0 0.517689 0.581512 0.048828 0.048828
0 0.562284 0.602178 0.048828 0.048828
0 0.570985 0.653299 0.048828 0.048828
0 0.568810 0.688104 0.048828 0.048828
0 0.569897 0.718559 0.048828 0.048828
0 0.591651 0.742487 0.048828 0.048828
0 0.639508 0.719646 0.048828 0.048828
0 0.700417 0.730523 0.048828 0.048828
0 0.698242 0.664175 0.048828 0.048828
0 0.650385 0.685929 0.048828 0.048828
0 0.663437 0.639159 0.048828 0.048828
0 0.528566 0.717471 0.048828 0.048828
0 0.503550 0.744663 0.048828 0.048828
0 0.473095 0.734874 0.048828 0.048828
0 0.493761 0.706594 0.048828 0.048828
0 0.519865 0.673964 0.048828 0.048828
0 0.470919 0.669614 0.048828 0.048828
0 0.494848 0.629370 0.048828 0.048828
0 0.527478 0.621756 0.048828 0.048828
0 0.483972 0.589126 0.048828 0.048828
0 0.442640 0.644597 0.048828 0.048828
0 0.415448 0.615230 0.048828 0.048828
0 0.426325 0.675052 0.048828 0.048828
0 0.306682 0.297631 0.048828 0.048828
0 0.290367 0.329174 0.048828 0.048828
0 0.243597 0.308508 0.048828 0.048828
0 0.232720 0.335700 0.048828 0.048828
0 0.262087 0.353102 0.048828 0.048828
0 0.238159 0.397697 0.048828 0.048828
0 0.200090 0.367242 0.048828 0.048828
0 0.188126 0.405310 0.048828 0.048828
0 0.212055 0.431414 0.048828 0.048828
0 0.177249 0.446642 0.048828 0.048828
0 0.122866 0.445554 0.048828 0.048828
0 0.079359 0.450992 0.048828 0.048828
0 0.013012 0.416187 0.048828 0.048828
0 0.057606 0.412924 0.048828 0.048828
0 0.085885 0.416187 0.048828 0.048828
0 0.044554 0.368330 0.048828 0.048828
0 0.084798 0.374856 0.048828 0.048828
0 0.133743 0.402047 0.048828 0.048828
0 0.164197 0.367242 0.048828 0.048828
0 0.218581 0.291105 0.048828 0.048828
0 0.215318 0.233459 0.048828 0.048828
0 0.181600 0.262826 0.048828 0.048828
0 0.209879 0.183426 0.048828 0.048828
0 0.150058 0.232371 0.048828 0.048828
0 0.144619 0.284579 0.048828 0.048828
0 0.103288 0.271527 0.048828 0.048828
0 0.083710 0.243248 0.048828 0.048828
0 0.118515 0.181251 0.048828 0.048828
0 0.153321 0.184514 0.048828 0.048828
0 0.081535 0.184514 0.048828 0.048828
0 0.033677 0.187777 0.048828 0.048828
0 0.044554 0.222582 0.048828 0.048828
0 0.052168 0.262826 0.048828 0.048828
0 0.013012 0.258475 0.048828 0.048828
0 0.013012 0.297631 0.048828 0.048828
0 0.002135 0.156235 0.048828 0.048828
0 0.045642 0.157322 0.048828 0.048828
0 0.103288 0.152972 0.048828 0.048828
0 0.316471 0.152972 0.048828 0.048828
0 0.841814 0.767504 0.048828 0.048828
0 0.886408 0.792520 0.048828 0.048828
0 0.922301 0.794695 0.048828 0.048828
0 0.962545 0.767504 0.048828 0.048828
0 0.907074 0.745750 0.048828 0.048828
0 0.871181 0.717471 0.048828 0.048828
0 0.923389 0.698981 0.048828 0.048828
0 0.970159 0.716383 0.048828 0.048828
0 0.975597 0.692455 0.048828 0.048828
0 0.975597 0.576074 0.048828 0.048828
0 0.958194 0.622844 0.048828 0.048828
0 0.911425 0.594564 0.048828 0.048828
0 0.902723 0.650036 0.048828 0.048828
0 0.871181 0.585863 0.048828 0.048828
0 0.838551 0.666351 0.048828 0.048828
0 0.824411 0.564110 0.048828 0.048828
0 0.804833 0.495587 0.048828 0.048828
0 0.852691 0.485798 0.048828 0.048828
0 0.887496 0.509726 0.048828 0.048828
0 0.917951 0.480359 0.048828 0.048828
0 0.878795 0.459694 0.048828 0.048828
0 0.839639 0.434677 0.048828 0.048828
0 0.832025 0.383557 0.048828 0.048828
0 0.876619 0.396609 0.048828 0.048828
0 0.924477 0.425976 0.048828 0.048828
0 0.950581 0.471658 0.048828 0.048828
0 0.962545 0.398784 0.048828 0.048828
0 0.984298 0.370505 0.048828 0.048828
0 0.927740 0.372680 0.048828 0.048828
0 0.888584 0.350927 0.048828 0.048828
0 0.922301 0.333524 0.048828 0.048828
0 0.973422 0.305245 0.048828 0.048828
0 0.880970 0.297631 0.048828 0.048828
0 0.989737 0.263914 0.048828 0.048828
0 0.850515 0.850166 0.048828 0.048828
0 0.916863 0.846903 0.048828 0.048828
0 0.970159 0.813186 0.048828 0.048828
0 0.997350 0.842553 0.048828 0.048828
0 0.973422 0.875183 0.048828 0.048828
0 0.996263 0.939355 0.048828 0.048828
0 0.966896 0.993738 0.048828 0.048828
0 0.901636 0.927391 0.048828 0.048828
0 0.883145 0.007224 0.048828 0.048828
0 0.923389 0.033328 0.048828 0.048828
0 0.870093 0.056169 0.048828 0.048828
0 0.826587 0.050731 0.048828 0.048828
0 0.851603 0.092062 0.048828 0.048828
0 0.823324 0.104027 0.048828 0.048828
0 0.791781 0.080098 0.048828 0.048828
0 0.811359 0.141007 0.048828 0.048828
0 0.972334 0.218232 0.048828 0.048828
0 0.421974 0.008312 0.048828 0.048828
0 0.420887 0.050731 0.048828 0.048828
0 0.378468 0.060520 0.048828 0.048828
0 0.383906 0.009400 0.048828 0.048828
0 0.208792 0.001786 0.048828 0.048828
0 0.171811 0.024627 0.048828 0.048828
0 0.130480 0.051819 0.048828 0.048828
0 0.090236 0.039854 0.048828 0.048828
0 0.066307 0.058345 0.048828 0.048828
0 0.027151 0.082273 0.048828 0.048828
0 0.002135 0.107290 0.048828 0.048828
0 0.027151 0.021364 0.048828 0.048828
0 0.069570 0.113816 0.048828 0.048828
0 0.100025 0.095325 0.048828 0.048828
0 0.137006 0.113816 0.048828 0.048828
0 0.184863 0.113816 0.048828 0.048828
0 0.224019 0.095325 0.048828 0.048828
0 0.188126 0.063783 0.048828 0.048828
0 0.249035 0.030065 0.048828 0.048828
0 0.272964 0.084449 0.048828 0.048828
0 0.330610 0.114903 0.048828 0.048828
0 0.379555 0.129043 0.048828 0.048828
0 0.353451 0.095325 0.048828 0.048828
0 0.316471 0.043117 0.048828 0.048828
0 0.340399 0.002874 0.048828 0.048828
0 0.287104 0.007224 0.048828 0.048828
0 0.814656 0.725463 0.048828 0.048828
0 0.412895 0.100580 0.048828 0.048828
0 0.484880 0.130813 0.048828 0.048828
0 0.437370 0.140891 0.048828 0.048828
0 0.450328 0.181203 0.048828 0.048828
0 0.483441 0.102019 0.048828 0.048828
0 0.490639 0.047311 0.048828 0.048828
0 0.553986 0.028594 0.048828 0.048828
0 0.538149 0.081863 0.048828 0.048828
0 0.535270 0.140891 0.048828 0.048828
0 0.577021 0.116416 0.048828 0.048828
0 0.592858 0.061708 0.048828 0.048828
0 0.640368 0.030034 0.048828 0.048828
0 0.317875 0.244550 0.048828 0.048828
0 0.371144 0.251748 0.048828 0.048828
0 0.437370 0.248869 0.048828 0.048828
0 0.418654 0.209997 0.048828 0.048828
0 0.398498 0.174004 0.048828 0.048828
0 0.359626 0.181203 0.048828 0.048828
0 0.322194 0.198479 0.048828 0.048828
0 0.280443 0.189841 0.048828 0.048828
0 0.241571 0.205678 0.048828 0.048828
0 0.257407 0.258947 0.048828 0.048828
0 0.490639 0.231593 0.048828 0.048828
0 0.523752 0.194160 0.048828 0.048828
0 0.582780 0.168246 0.048828 0.048828
0 0.638929 0.130813 0.048828 0.048828
0 0.643248 0.089062 0.048828 0.048828
0 0.676361 0.114977 0.048828 0.048828
0 0.693637 0.068906 0.048828 0.048828
0 0.735389 0.093381 0.048828 0.048828
0 0.732509 0.011318 0.048828 0.048828
0 0.418654 0.443229 0.048828 0.048828
0 0.476242 0.450427 0.048828 0.048828
0 0.447448 0.404357 0.048828 0.048828
0 0.502157 0.401477 0.048828 0.048828
0 0.467604 0.372683 0.048828 0.048828
0 0.507916 0.349648 0.048828 0.048828
0 0.512235 0.326613 0.048828 0.048828
0 0.487760 0.319414 0.048828 0.048828
0 0.460405 0.293500 0.048828 0.048828
0 0.497838 0.264706 0.048828 0.048828
0 0.545348 0.289181 0.048828 0.048828
0 0.532391 0.225834 0.048828 0.048828
0 0.578461 0.202798 0.048828 0.048828
0 0.620212 0.179763 0.048828 0.048828
0 0.633170 0.220075 0.048828 0.048828
0 0.581340 0.253188 0.048828 0.048828
0 0.608695 0.274784 0.048828 0.048828
0 0.584220 0.303578 0.048828 0.048828
0 0.617333 0.326613 0.048828 0.048828
0 0.672042 0.300698 0.048828 0.048828
0 0.669162 0.250309 0.048828 0.048828
0 0.702276 0.269025 0.048828 0.048828
0 0.735389 0.231593 0.048828 0.048828
0 0.692198 0.214316 0.048828 0.048828
0 0.723871 0.195600 0.048828 0.048828
0 0.706595 0.168246 0.048828 0.048828
0 0.758424 0.171125 0.048828 0.048828
0 0.781459 0.214316 0.048828 0.048828
0 0.774261 0.250309 0.048828 0.048828
0 0.790097 0.287741 0.048828 0.048828
0 0.816012 0.313656 0.048828 0.048828
0 0.795856 0.361166 0.048828 0.048828
0 0.741147 0.310776 0.048828 0.048828
0 0.739708 0.401477 0.048828 0.048828
0 0.803055 0.410116 0.048828 0.048828
0 0.722431 0.359726 0.048828 0.048828
0 0.682120 0.352528 0.048828 0.048828
0 0.690758 0.414435 0.048828 0.048828
0 0.659084 0.421633 0.048828 0.048828
0 0.600057 0.391400 0.048828 0.048828
0 0.568383 0.355407 0.048828 0.048828
0 0.536710 0.400038 0.048828 0.048828
0 0.561185 0.433151 0.048828 0.048828
0 0.594298 0.456186 0.048828 0.048828
0 0.625971 0.453307 0.048828 0.048828
0 0.653326 0.460505 0.048828 0.048828
0 0.708034 0.446108 0.048828 0.048828
0 0.744027 0.441789 0.048828 0.048828
0 0.538149 0.821871 0.048828 0.048828
0 0.577021 0.801715 0.048828 0.048828
0 0.611574 0.790197 0.048828 0.048828
0 0.660524 0.780119 0.048828 0.048828
0 0.556866 0.761403 0.048828 0.048828
0 0.621652 0.833388 0.048828 0.048828
0 0.649007 0.818991 0.048828 0.048828
0 0.689318 0.800275 0.048828 0.048828
0 0.687878 0.853544 0.048828 0.048828
0 0.654765 0.867941 0.048828 0.048828
0 0.656205 0.914012 0.048828 0.048828
0 0.611574 0.915451 0.048828 0.048828
0 0.584220 0.875140 0.048828 0.048828
0 0.543908 0.873700 0.048828 0.048828
0 0.555426 0.915451 0.048828 0.048828
0 0.581340 0.961522 0.048828 0.048828
0 0.631730 0.951444 0.048828 0.048828
0 0.713793 0.998954 0.048828 0.048828
0 0.738268 0.958642 0.048828 0.048828
0 0.731070 0.916891 0.048828 0.048828
0 0.689318 0.890976 0.048828 0.048828
0 0.742587 0.895295 0.048828 0.048828
0 0.801615 0.879459 0.048828 0.048828
0 0.805934 0.834828 0.048828 0.048828
0 0.826090 0.879459 0.048828 0.048828
0 0.785778 0.942806 0.048828 0.048828
0 0.836168 0.351088 0.048828 0.048828
0 0.849125 0.267585 0.048828 0.048828
0 0.818891 0.225834 0.048828 0.048828
0 0.850565 0.199919 0.048828 0.048828
0 0.814572 0.181203 0.048828 0.048828
0 0.772821 0.126494 0.048828 0.048828
0 0.853444 0.163927 0.048828 0.048828
0 0.864962 0.126494 0.048828 0.048828
0 0.903834 0.109218 0.048828 0.048828
0 0.926869 0.081863 0.048828 0.048828
0 0.887997 0.186962 0.048828 0.048828
0 0.885118 0.146650 0.048828 0.048828
0 0.941266 0.143771 0.048828 0.048828
0 0.984457 0.150969 0.048828 0.048828
0 0.879359 0.245990 0.048828 0.048828
0 0.925429 0.283422 0.048828 0.048828
0 0.929749 0.234472 0.048828 0.048828
0 0.994535 0.019956 0.048828 0.048828
0 0.994535 0.060268 0.048828 0.048828
0 0.803055 0.031474 0.048828 0.048828
0 0.833288 0.006999 0.048828 0.048828
0 0.351167 0.988934 0.048828 0.048828
0 0.352759 0.950715 0.048828 0.048828
0 0.406903 0.918866 0.048828 0.048828
0 0.457861 0.786693 0.048828 0.048828
0 0.492895 0.853576 0.048828 0.048828
0 0.276321 0.824911 0.048828 0.048828
0 0.171219 0.805802 0.048828 0.048828
0 0.586212 0.511902 0.048828 0.048828
0 0.597089 0.560847 0.048828 0.048828
0 0.599264 0.693542 0.048828 0.048828
0 0.192477 0.149709 0.048828 0.048828
0 0.127217 0.316122 0.048828 0.048828
0 0.117428 0.350927 0.048828 0.048828
0 0.068483 0.337875 0.048828 0.048828
0 0.071746 0.292193 0.048828 0.048828
0 0.173986 0.312859 0.048828 0.048828