0 0.888473 0.451530 0.048828 0.048828
0 0.881820 0.835759 0.048828 0.048828
0 0.845227 0.840749 0.048828 0.048828
0 0.787010 0.832433 0.048828 0.048828
0 0.713824 0.850729 0.048828 0.048828
0 0.672241 0.862372 0.048828 0.048828
0 0.622341 0.854056 0.048828 0.048828
0 0.597391 0.980469 0.048828 0.048828
0 0.567451 0.995439 0.048828 0.048828
0 0.743764 0.669426 0.048828 0.048828
0 0.688874 0.674416 0.048828 0.048828
0 0.384485 0.867362 0.048828 0.048828
0 0.332922 0.887322 0.048828 0.048828
0 0.324605 0.864036 0.048828 0.048828
0 0.301319 0.859046 0.048828 0.048828
0 0.279695 0.890649 0.048828 0.048828
0 0.264725 0.859046 0.048828 0.048828
0 0.254745 0.885659 0.048828 0.048828
0 0.231459 0.879006 0.048828 0.048828
0 0.178232 0.704356 0.048828 0.048828
0 0.133322 0.719326 0.048828 0.048828
0 0.003583 0.268564 0.048828 0.048828
0 0.041839 0.270228 0.048828 0.048828
0 0.038513 0.692713 0.048828 0.048828
0 0.006909 0.696040 0.048828 0.048828
0 0.557471 0.664436 0.048828 0.048828
0 0.762060 0.662773 0.048828 0.048828
0 0.950017 0.523054 0.048828 0.048828
0 0.514225 0.892312 0.048828 0.048828
0 0.470978 0.915599 0.048828 0.048828
0 0.422742 0.900629 0.048828 0.048828
0 0.347892 0.845739 0.048828 0.048828
0 0.198192 0.849066 0.048828 0.048828
0 0.163262 0.867362 0.048828 0.048828
0 0.174906 0.897302 0.048828 0.048828
0 0.113362 0.897302 0.048828 0.048828