0 0.031370 0.392643 0.048828 0.048828
0 0.131811 0.379427 0.048828 0.048828
0 0.228287 0.380748 0.048828 0.048828
0 0.314191 0.363568 0.048828 0.048828
0 0.355161 0.368854 0.048828 0.048828
0 0.488642 0.368854 0.048828 0.048828
0 0.838865 0.370176 0.048828 0.048828
0 0.870584 0.380748 0.048828 0.048828
0 0.924769 0.347708 0.048828 0.048828
0 0.960452 0.347708 0.048828 0.048828
0 0.976311 0.317312 0.048828 0.048828
0 0.725208 0.367532 0.048828 0.048828
0 0.680274 0.352995 0.048828 0.048828
0 0.664414 0.304096 0.048828 0.048828
0 0.589083 0.309382 0.048828 0.048828
0 0.537541 0.309382 0.048828 0.048828
0 0.474104 0.327884 0.048828 0.048828
0 0.343266 0.337136 0.048828 0.048828
0 0.421241 0.356960 0.048828 0.048828
0 0.955733 0.384786 0.048828 0.048828
0 0.969634 0.284499 0.048828 0.048828
0 0.932895 0.257690 0.048828 0.048828
0 0.981549 0.230881 0.048828 0.048828
0 0.853460 0.301379 0.048828 0.048828
0 0.737287 0.296414 0.048828 0.048828
0 0.709485 0.299393 0.048828 0.048828
0 0.466216 0.292443 0.048828 0.048828
0 0.324226 0.309323 0.048828 0.048828
0 0.293445 0.303365 0.048828 0.048828
0 0.291459 0.348047 0.048828 0.048828
0 0.254720 0.367906 0.048828 0.048828
0 0.244791 0.318259 0.048828 0.048828
0 0.266636 0.266626 0.048828 0.048828
0 0.326212 0.267619 0.048828 0.048828
0 0.228904 0.269605 0.048828 0.048828
0 0.200109 0.334146 0.048828 0.048828
0 0.184222 0.300386 0.048828 0.048828
0 0.145498 0.333153 0.048828 0.048828
0 0.157413 0.269605 0.048828 0.048828
0 0.133582 0.296414 0.048828 0.048828
0 0.089893 0.339111 0.048828 0.048828
0 0.093865 0.282513 0.048828 0.048828
0 0.049183 0.295421 0.048828 0.048828
0 0.048190 0.349040 0.048828 0.048828
0 0.014430 0.319252 0.048828 0.048828
0 0.016358 0.158873 0.048828 0.048828
0 0.022728 0.122246 0.048828 0.048828
0 0.060947 0.162058 0.048828 0.048828
0 0.038653 0.209831 0.048828 0.048828
0 0.083241 0.193907 0.048828 0.048828
0 0.067317 0.254420 0.048828 0.048828
0 0.013174 0.267160 0.048828 0.048828
0 0.050711 0.050362 0.048828 0.048828
0 0.117058 0.047099 0.048828 0.048828
0 0.170354 0.013381 0.048828 0.048828
0 0.197546 0.042748 0.048828 0.048828
0 0.228000 0.075378 0.048828 0.048828
0 0.173617 0.075378 0.048828 0.048828
0 0.206247 0.111271 0.048828 0.048828
0 0.196458 0.139550 0.048828 0.048828
0 0.233439 0.144989 0.048828 0.048828
0 0.213861 0.184145 0.048828 0.048828
0 0.237789 0.186320 0.048828 0.048828
0 0.255192 0.220038 0.048828 0.048828
0 0.217124 0.232002 0.048828 0.048828
0 0.167091 0.193934 0.048828 0.048828
0 0.133373 0.243966 0.048828 0.048828
0 0.120321 0.203723 0.048828 0.048828
0 0.101831 0.127586 0.048828 0.048828
0 0.271507 0.018819 0.048828 0.048828
0 0.747905 0.019907 0.048828 0.048828
0 0.685908 0.024258 0.048828 0.048828
0 0.532547 0.004680 0.048828 0.048828
0 0.543424 0.048186 0.048828 0.048828
0 0.660892 0.115622 0.048828 0.048828
0 0.725064 0.142813 0.048828 0.048828
0 0.719626 0.225476 0.048828 0.048828
0 0.679382 0.235265 0.048828 0.048828
0 0.629350 0.265720 0.048828 0.048828
0 0.629350 0.214599 0.048828 0.048828
0 0.627174 0.135200 0.048828 0.048828
0 0.501005 0.099307 0.048828 0.048828
0 0.509706 0.142813 0.048828 0.048828
0 0.515145 0.218950 0.048828 0.048828
0 0.469463 0.215687 0.048828 0.048828
0 0.465112 0.180882 0.048828 0.048828
0 0.466200 0.141726 0.048828 0.048828
0 0.421605 0.122148 0.048828 0.048828
0 0.396589 0.088430 0.048828 0.048828
0 0.492304 0.025345 0.048828 0.048828
0 0.418342 0.025345 0.048828 0.048828
0 0.360696 0.032959 0.048828 0.048828
0 0.310663 0.040573 0.048828 0.048828
0 0.357433 0.133024 0.048828 0.048828
0 0.309575 0.123235 0.048828 0.048828
0 0.285647 0.173268 0.048828 0.048828
0 0.299786 0.215687 0.048828 0.048828
0 0.348731 0.190671 0.048828 0.048828
0 0.272595 0.088430 0.048828 0.048828
0 0.777272 0.203723 0.048828 0.048828
0 0.821867 0.193934 0.048828 0.048828
0 0.887127 0.179794 0.048828 0.048828
0 0.805552 0.140638 0.048828 0.048828
0 0.829480 0.104745 0.048828 0.048828
0 0.864286 0.109096 0.048828 0.048828
0 0.821867 0.050362 0.048828 0.048828
0 0.879513 0.075378 0.048828 0.048828
0 0.884951 0.043836 0.048828 0.048828
0 0.950211 0.088430 0.048828 0.048828
0 0.906705 0.016644 0.048828 0.048828
0 0.980666 0.026433 0.048828 0.048828
0 0.971965 0.176531 0.048828 0.048828
0 0.001810 0.079654 0.048828 0.048828
0 0.006129 0.035023 0.048828 0.048828
0 0.026285 0.079654 0.048828 0.048828
0 0.874270 0.155958 0.048828 0.048828
0 0.849795 0.000470 0.048828 0.048828
0 0.738938 0.063817 0.048828 0.048828
0 0.702945 0.098370 0.048828 0.048828