0 0.762039 0.268946 0.048828 0.048828
0 0.800628 0.250491 0.048828 0.048828
0 0.453326 0.569270 0.048828 0.048828
0 0.491915 0.562559 0.048828 0.048828
0 0.512048 0.564237 0.048828 0.048828
0 0.542249 0.584370 0.048828 0.048828
0 0.579160 0.575981 0.048828 0.048828
0 0.611038 0.565915 0.048828 0.048828
0 0.646271 0.545781 0.048828 0.048828
0 0.715061 0.490414 0.048828 0.048828
0 0.881162 0.775638 0.048828 0.048828
0 0.842573 0.770605 0.048828 0.048828
0 0.760361 0.903150 0.048828 0.048828
0 0.718416 0.909861 0.048828 0.048828
0 0.606004 0.889728 0.048828 0.048828
0 0.470104 0.869594 0.048828 0.048828
0 0.480170 0.960195 0.048828 0.048828
0 0.517082 0.988717 0.048828 0.048828
0 0.765394 0.990395 0.048828 0.048828
0 0.809017 0.973617 0.048828 0.048828
0 0.451784 0.872139 0.048828 0.048828
0 0.438032 0.864117 0.048828 0.048828
0 0.883808 0.819425 0.048828 0.048828
0 0.365343 0.842900 0.048828 0.048828
0 0.329554 0.820234 0.048828 0.048828
0 0.315239 0.830970 0.048828 0.048828
0 0.322397 0.864373 0.048828 0.048828
0 0.298537 0.870338 0.048828 0.048828
0 0.278257 0.864373 0.048828 0.048828
0 0.365343 0.796375 0.048828 0.048828
0 0.393974 0.803532 0.048828 0.048828
0 0.018192 0.894197 0.048828 0.048828
0 0.068296 0.888233 0.048828 0.048828
0 0.110050 0.488591 0.048828 0.048828
0 0.160154 0.444452 0.048828 0.048828
0 0.203101 0.533924 0.048828 0.048828
0 0.235311 0.526766 0.048828 0.048828
0 0.259170 0.511257 0.048828 0.048828
0 0.322397 0.631746 0.048828 0.048828
0 0.358185 0.604308 0.048828 0.048828
0 0.003877 0.585221 0.048828 0.048828
0 0.123172 0.436101 0.048828 0.048828
0 0.551481 0.992464 0.048828 0.048828
0 0.121980 0.870338 0.048828 0.048828
0 0.256784 0.896583 0.048828 0.048828
0 0.272292 0.649641 0.048828 0.048828
0 0.137488 0.475469 0.048828 0.048828
0 0.135102 0.459960 0.048828 0.048828
0 0.031315 0.578063 0.048828 0.048828