0 0.027569 0.054218 0.048828 0.048828
0 0.066553 0.042432 0.048828 0.048828
0 0.023036 0.155758 0.048828 0.048828
0 0.080152 0.199275 0.048828 0.048828
0 0.049328 0.210154 0.048828 0.048828
0 0.052954 0.260017 0.048828 0.048828
0 0.013970 0.328013 0.048828 0.048828
0 0.064740 0.457657 0.048828 0.048828
0 0.055674 0.393288 0.048828 0.048828
0 0.035729 0.365184 0.048828 0.048828
0 0.193478 0.561010 0.048828 0.048828
0 0.161747 0.545598 0.048828 0.048828
0 0.159934 0.616313 0.048828 0.048828
0 0.116417 0.577329 0.048828 0.048828
0 0.883558 0.973675 0.048828 0.048828
0 0.827982 0.991539 0.048828 0.048828
0 0.809125 0.964743 0.048828 0.048828
0 0.761488 0.945887 0.048828 0.048828
0 0.712859 0.947872 0.048828 0.048828
0 0.643389 0.991539 0.048828 0.048828
0 0.700950 0.906190 0.048828 0.048828
0 0.737670 0.902220 0.048828 0.048828
0 0.780345 0.904205 0.048828 0.048828
0 0.830959 0.917106 0.048828 0.048828
0 0.875618 0.929015 0.048828 0.048828
0 0.862717 0.885348 0.048828 0.048828
0 0.662245 0.893288 0.048828 0.048828
0 0.694003 0.864507 0.048828 0.048828
0 0.644381 0.832749 0.048828 0.048828
0 0.616593 0.796029 0.048828 0.048828
0 0.569949 0.791067 0.048828 0.048828
0 0.639419 0.758317 0.048828 0.048828
0 0.497501 0.657089 0.048828 0.048828
0 0.417114 0.621361 0.048828 0.048828
0 0.380394 0.611437 0.048828 0.048828
0 0.424061 0.571739 0.048828 0.048828
0 0.413144 0.529065 0.048828 0.048828
0 0.452841 0.493337 0.048828 0.048828
0 0.263287 0.748392 0.048828 0.048828
0 0.315886 0.818855 0.048828 0.048828
0 0.277181 0.802976 0.048828 0.048828
0 0.241453 0.785113 0.048828 0.048828
0 0.294052 0.919091 0.048828 0.048828
0 0.420091 0.112242 0.048828 0.048828
0 0.399250 0.017961 0.048828 0.048828
0 0.464751 0.024908 0.048828 0.048828
0 0.475667 0.061628 0.048828 0.048828
0 0.483607 0.097356 0.048828 0.048828
0 0.513380 0.110257 0.048828 0.048828
0 0.573918 0.042772 0.048828 0.048828
0 0.537198 0.058651 0.048828 0.048828
0 0.525289 0.005059 0.048828 0.048828
0 0.475667 0.136061 0.048828 0.048828
0 0.508418 0.156902 0.048828 0.048828
0 0.435970 0.186675 0.048828 0.048828
0 0.498493 0.196599 0.048828 0.048828
0 0.446887 0.249198 0.048828 0.048828
0 0.521319 0.286911 0.048828 0.048828
0 0.513380 0.244236 0.048828 0.048828
0 0.536206 0.212478 0.048828 0.048828
0 0.569949 0.253168 0.048828 0.048828
0 0.619570 0.235304 0.048828 0.048828
0 0.640412 0.201561 0.048828 0.048828
0 0.628502 0.168811 0.048828 0.048828
0 0.618578 0.132091 0.048828 0.048828
0 0.630487 0.097356 0.048828 0.048828
0 0.663238 0.086439 0.048828 0.048828
0 0.575903 0.185682 0.048828 0.048828
0 0.546130 0.176750 0.048828 0.048828
0 0.567964 0.146977 0.048828 0.048828
0 0.566971 0.100333 0.048828 0.048828
0 0.599722 0.074530 0.048828 0.048828
0 0.650336 0.031855 0.048828 0.048828
0 0.622548 0.009029 0.048828 0.048828
0 0.689041 0.059643 0.048828 0.048828
0 0.746602 0.032848 0.048828 0.048828
0 0.711867 0.095371 0.048828 0.048828
0 0.698965 0.138046 0.048828 0.048828
0 0.736678 0.118197 0.048828 0.048828
0 0.771413 0.089416 0.048828 0.048828
0 0.826989 0.054681 0.048828 0.048828
0 0.877603 0.021931 0.048828 0.048828
0 0.907376 0.023916 0.048828 0.048828
0 0.912338 0.055673 0.048828 0.048828
0 0.865694 0.071552 0.048828 0.048828
0 0.832944 0.103310 0.048828 0.048828
0 0.791262 0.147970 0.048828 0.048828
0 0.741640 0.161864 0.048828 0.048828
0 0.682094 0.176750 0.048828 0.048828
0 0.956998 0.027885 0.048828 0.048828
0 0.987763 0.067583 0.048828 0.048828
0 0.989748 0.122167 0.048828 0.048828
0 0.949059 0.083462 0.048828 0.048828
0 0.916308 0.102318 0.048828 0.048828
0 0.878596 0.117204 0.048828 0.048828
0 0.879588 0.154917 0.048828 0.048828
0 0.937149 0.140030 0.048828 0.048828
0 0.829966 0.166826 0.048828 0.048828
0 0.801186 0.202554 0.048828 0.048828
0 0.771413 0.181713 0.048828 0.048828
0 0.743625 0.211486 0.048828 0.048828
0 0.706905 0.232327 0.048828 0.048828
0 0.673162 0.232327 0.048828 0.048828
0 0.655298 0.272024 0.048828 0.048828
0 0.606669 0.276986 0.048828 0.048828
0 0.693011 0.280956 0.048828 0.048828
0 0.772405 0.282941 0.048828 0.048828
0 0.771413 0.247213 0.048828 0.048828
0 0.863709 0.197592 0.048828 0.048828
0 0.913331 0.195607 0.048828 0.048828
0 0.935164 0.220418 0.048828 0.048828
0 0.956998 0.184690 0.048828 0.048828
0 0.983794 0.213471 0.048828 0.048828
0 0.978832 0.250191 0.048828 0.048828
0 0.939134 0.266070 0.048828 0.048828
0 0.963945 0.290880 0.048828 0.048828
0 0.870656 0.310729 0.048828 0.048828
0 0.853785 0.264085 0.048828 0.048828
0 0.960968 0.359358 0.048828 0.048828
0 0.924248 0.329585 0.048828 0.048828
0 0.887528 0.342487 0.048828 0.048828
0 0.814088 0.345464 0.048828 0.048828
0 0.852792 0.367298 0.048828 0.048828
0 0.910354 0.380199 0.048828 0.048828
0 0.956006 0.400048 0.048828 0.048828
0 0.950051 0.973675 0.048828 0.048828
0 0.996695 0.981614 0.048828 0.048828
0 0.934172 0.932985 0.048828 0.048828
0 0.985779 0.932985 0.048828 0.048828
0 0.992726 0.465549 0.048828 0.048828
0 0.929210 0.447685 0.048828 0.048828
0 0.894475 0.473488 0.048828 0.048828
0 0.975854 0.594565 0.048828 0.048828
0 0.992726 0.649149 0.048828 0.048828
0 0.956006 0.665028 0.048828 0.048828
0 0.905391 0.656096 0.048828 0.048828
0 0.927225 0.711672 0.048828 0.048828
0 0.953028 0.738468 0.048828 0.048828
0 0.995703 0.852598 0.048828 0.048828
0 0.979824 0.805954 0.048828 0.048828
0 0.952036 0.887333 0.048828 0.048828
0 0.947074 0.842674 0.048828 0.048828
0 0.907376 0.860538 0.048828 0.048828
0 0.736678 0.825802 0.048828 0.048828
0 0.766451 0.853590 0.048828 0.048828
0 0.816072 0.854583 0.048828 0.048828
0 0.822027 0.811908 0.048828 0.048828
0 0.788284 0.799007 0.048828 0.048828
0 0.748587 0.758317 0.048828 0.048828
0 0.781337 0.739461 0.048828 0.048828
0 0.808133 0.758317 0.048828 0.048828
0 0.827982 0.726559 0.048828 0.048828
0 0.846838 0.769234 0.048828 0.048828
0 0.871649 0.803969 0.048828 0.048828
0 0.882565 0.767249 0.048828 0.048828
0 0.878596 0.724574 0.048828 0.048828
0 0.928217 0.756332 0.048828 0.048828
0 0.950051 0.786105 0.048828 0.048828
0 0.912338 0.819848 0.048828 0.048828
0 0.871649 0.844659 0.048828 0.048828
0 0.702935 0.809923 0.048828 0.048828
0 0.711867 0.739461 0.048828 0.048828
0 0.755534 0.712665 0.048828 0.048828
0 0.795231 0.693809 0.048828 0.048828
0 0.850808 0.648157 0.048828 0.048828
0 0.803171 0.644187 0.048828 0.048828
0 0.572926 0.690831 0.048828 0.048828
0 0.668200 0.687854 0.048828 0.048828
0 0.730723 0.680907 0.048828 0.048828
0 0.774390 0.647164 0.048828 0.048828
0 0.741640 0.642202 0.048828 0.048828
0 0.772405 0.613421 0.048828 0.048828
0 0.712859 0.612429 0.048828 0.048828
0 0.676139 0.606474 0.048828 0.048828
0 0.649343 0.642202 0.048828 0.048828
0 0.612623 0.654111 0.048828 0.048828
0 0.578881 0.635255 0.048828 0.048828
0 0.544145 0.644187 0.048828 0.048828
0 0.592775 0.581664 0.048828 0.048828
0 0.551092 0.579679 0.048828 0.048828
0 0.509410 0.571739 0.048828 0.048828
0 0.486584 0.533034 0.048828 0.048828
0 0.524297 0.502269 0.048828 0.048828
0 0.559032 0.537004 0.048828 0.048828
0 0.605676 0.537004 0.048828 0.048828
0 0.663238 0.573724 0.048828 0.048828
0 0.656290 0.541966 0.048828 0.048828
0 0.686064 0.542959 0.048828 0.048828
0 0.725761 0.561815 0.048828 0.048828
0 0.787292 0.567769 0.048828 0.048828
0 0.741640 0.521125 0.048828 0.048828
0 0.792254 0.518148 0.048828 0.048828
0 0.828974 0.515170 0.048828 0.048828
0 0.854777 0.505246 0.048828 0.048828
0 0.847830 0.547921 0.048828 0.048828
0 0.885543 0.527080 0.048828 0.048828
0 0.918293 0.530057 0.048828 0.048828
0 0.934172 0.572732 0.048828 0.048828
0 0.896460 0.609452 0.048828 0.048828
0 0.858747 0.589603 0.048828 0.048828
0 0.820042 0.609452 0.048828 0.048828
0 0.902414 0.414935 0.048828 0.048828
0 0.857755 0.409972 0.048828 0.048828
0 0.855770 0.450662 0.048828 0.048828
0 0.820042 0.466541 0.048828 0.048828
0 0.787292 0.461579 0.048828 0.048828
0 0.772405 0.417912 0.048828 0.048828
0 0.795231 0.382184 0.048828 0.048828
0 0.770420 0.314699 0.048828 0.048828
0 0.740647 0.388139 0.048828 0.048828
0 0.703927 0.359358 0.048828 0.048828
0 0.697973 0.316684 0.048828 0.048828
0 0.650336 0.319661 0.048828 0.048828
0 0.662245 0.364320 0.048828 0.048828
0 0.695988 0.392109 0.048828 0.048828
0 0.681101 0.429821 0.048828 0.048828
0 0.701942 0.493337 0.048828 0.048828
0 0.672169 0.495322 0.048828 0.048828
0 0.621555 0.502269 0.048828 0.048828
0 0.587813 0.490360 0.048828 0.048828
0 0.557047 0.454632 0.048828 0.048828
0 0.603691 0.445700 0.048828 0.048828
0 0.647359 0.459594 0.048828 0.048828
0 0.641404 0.402033 0.048828 0.048828
0 0.601707 0.413942 0.048828 0.048828
0 0.563994 0.406003 0.048828 0.048828
0 0.526282 0.406995 0.048828 0.048828
0 0.485592 0.406995 0.048828 0.048828
0 0.563002 0.359358 0.048828 0.048828
0 0.534221 0.334547 0.048828 0.048828
0 0.564987 0.317676 0.048828 0.048828
0 0.625525 0.368290 0.048828 0.048828
0 0.594760 0.342487 0.048828 0.048828
0 0.606669 0.311721 0.048828 0.048828
0 0.016690 0.002541 0.048828 0.048828
0 0.098285 0.010701 0.048828 0.048828
0 0.139988 0.034273 0.048828 0.048828
0 0.178066 0.012514 0.048828 0.048828
0 0.211610 0.051498 0.048828 0.048828
0 0.248781 0.051498 0.048828 0.048828
0 0.272353 0.085042 0.048828 0.048828
0 0.228836 0.102268 0.048828 0.048828
0 0.178066 0.087762 0.048828 0.048828
0 0.130922 0.080509 0.048828 0.048828
0 0.110070 0.104988 0.048828 0.048828
0 0.038449 0.112241 0.048828 0.048828
0 0.153587 0.142159 0.048828 0.048828
0 0.199824 0.129466 0.048828 0.048828
0 0.248781 0.149411 0.048828 0.048828
0 0.304084 0.157571 0.048828 0.048828
0 0.300458 0.230099 0.048828 0.048828
0 0.263287 0.201088 0.048828 0.048828
0 0.203451 0.179329 0.048828 0.048828
0 0.166280 0.197462 0.048828 0.048828
0 0.123669 0.166637 0.048828 0.048828
0 0.130922 0.229193 0.048828 0.048828
0 0.109164 0.261831 0.048828 0.048828
0 0.159934 0.270897 0.048828 0.048828
0 0.148148 0.312600 0.048828 0.048828
0 0.189852 0.315320 0.048828 0.048828
0 0.244248 0.342518 0.048828 0.048828
0 0.178972 0.358837 0.048828 0.048828
0 0.144521 0.369717 0.048828 0.048828
0 0.159027 0.412327 0.048828 0.048828
0 0.200731 0.396915 0.048828 0.048828
0 0.183505 0.445871 0.048828 0.048828
0 0.112790 0.425020 0.048828 0.048828
0 0.286858 0.385129 0.048828 0.048828
0 0.295018 0.333452 0.048828 0.048828
0 0.339442 0.306254 0.048828 0.048828
0 0.336722 0.374250 0.048828 0.048828
0 0.399278 0.405074 0.048828 0.048828
0 0.313150 0.425926 0.048828 0.048828
0 0.340348 0.459471 0.048828 0.048828
0 0.334909 0.515680 0.048828 0.048828
0 0.273259 0.445871 0.048828 0.048828
0 0.287765 0.511147 0.048828 0.048828
0 0.242435 0.424113 0.048828 0.048828
0 0.150868 0.493015 0.048828 0.048828
0 0.176253 0.515680 0.048828 0.048828
0 0.230649 0.609967 0.048828 0.048828
0 0.266913 0.582769 0.048828 0.048828
0 0.285952 0.543785 0.048828 0.048828
0 0.324936 0.589115 0.048828 0.048828
0 0.278699 0.632632 0.048828 0.048828
0 0.317683 0.642605 0.048828 0.048828
0 0.369360 0.667990 0.048828 0.048828
0 0.335815 0.688842 0.048828 0.048828
0 0.289578 0.677963 0.048828 0.048828
0 0.266007 0.696095 0.048828 0.048828
0 0.222489 0.698814 0.048828 0.048828
0 0.165373 0.702441 0.048828 0.048828
0 0.131829 0.705161 0.048828 0.048828
0 0.110070 0.735079 0.048828 0.048828
0 0.054767 0.706974 0.048828 0.048828
0 0.052048 0.654391 0.048828 0.048828
0 0.150868 0.655297 0.048828 0.048828
0 0.165373 0.759557 0.048828 0.048828
0 0.177159 0.789475 0.048828 0.048828
0 0.181692 0.815767 0.048828 0.048828
0 0.219770 0.827552 0.048828 0.048828
0 0.180786 0.859284 0.048828 0.048828
0 0.189852 0.900988 0.048828 0.048828
0 0.242435 0.886482 0.048828 0.048828
0 0.145428 0.813047 0.048828 0.048828
0 0.301364 0.726919 0.048828 0.048828
0 0.336722 0.748678 0.048828 0.048828
0 0.365733 0.720573 0.048828 0.048828
0 0.409250 0.706067 0.048828 0.048828
0 0.421036 0.750491 0.048828 0.048828
0 0.359387 0.794915 0.048828 0.048828
0 0.347601 0.843871 0.048828 0.048828
0 0.448234 0.784035 0.048828 0.048828
0 0.489032 0.831179 0.048828 0.048828
0 0.524389 0.862003 0.048828 0.048828
0 0.589665 0.907334 0.048828 0.048828
0 0.581505 0.964450 0.048828 0.048828
0 0.489032 0.992555 0.048828 0.048828
0 0.492658 0.895548 0.048828 0.048828
0 0.452767 0.864723 0.048828 0.048828
0 0.452767 0.933625 0.048828 0.048828
0 0.406530 0.960823 0.048828 0.048828
0 0.370266 0.985302 0.048828 0.048828
0 0.251501 0.996181 0.048828 0.048828
0 0.514417 0.763183 0.048828 0.048828
0 0.462740 0.696095 0.048828 0.048828
0 0.015783 0.595461 0.048828 0.048828
0 0.020316 0.497548 0.048828 0.048828
0 0.052954 0.570983 0.048828 0.048828
0 0.390318 0.469519 0.048828 0.048828
0 0.378409 0.241259 0.048828 0.048828
0 0.261302 0.276986 0.048828 0.048828
0 0.408182 0.319661 0.048828 0.048828