0 0.097199 0.019410 0.048828 0.048828
0 0.165195 0.009437 0.048828 0.048828
0 0.106265 0.107351 0.048828 0.048828
0 0.125304 0.130016 0.048828 0.048828
0 0.147969 0.085592 0.048828 0.048828
0 0.210525 0.092845 0.048828 0.048828
0 0.191486 0.058394 0.048828 0.048828
0 0.225031 0.027569 0.048828 0.048828
0 0.465281 0.033916 0.048828 0.048828
0 0.504265 0.047515 0.048828 0.048828
0 0.514238 0.005811 0.048828 0.048828
0 0.609432 0.009437 0.048828 0.048828
0 0.567728 0.076526 0.048828 0.048828
0 0.545063 0.313150 0.048828 0.048828
0 0.567728 0.277792 0.048828 0.048828
0 0.622124 0.296831 0.048828 0.048828
0 0.688306 0.335815 0.048828 0.048828
0 0.779873 0.192572 0.048828 0.048828
0 0.849682 0.170813 0.048828 0.048828
0 0.733637 0.057487 0.048828 0.048828
0 0.789846 0.075619 0.048828 0.048828
0 0.842429 0.063833 0.048828 0.048828
0 0.929463 0.090125 0.048828 0.048828
0 0.978445 0.011323 0.048828 0.048828