0 0.919033 0.282458 0.007742 0.011067
0 0.926242 0.503640 0.007742 0.011067
0 0.916587 0.510633 0.007742 0.011067
0 0.915284 0.489789 0.007742 0.011067
0 0.912423 0.493878 0.007742 0.011067
0 0.909562 0.467072 0.007742 0.011067
0 0.668153 0.539942 0.007742 0.011067
0 0.542774 0.524568 0.007742 0.011067
0 0.537957 0.526633 0.007742 0.011067
0 0.526399 0.526862 0.007742 0.011067
0 0.202118 0.562041 0.007742 0.011067
0 0.202787 0.553438 0.007742 0.011067
0 0.197270 0.550571 0.007742 0.011067
0 0.194261 0.548181 0.007742 0.011067
0 0.191251 0.552243 0.007742 0.011067
0 0.179047 0.543880 0.007742 0.011067
0 0.182057 0.560368 0.007742 0.011067
0 0.173363 0.558456 0.007742 0.011067
0 0.168348 0.562280 0.007742 0.011067
0 0.188577 0.573033 0.007742 0.011067
0 0.918145 0.479339 0.007742 0.011067
0 0.920529 0.477068 0.007742 0.011067
0 0.929111 0.483656 0.007742 0.011067
0 0.927839 0.488653 0.007742 0.011067
0 0.711216 0.526819 0.007742 0.011067
0 0.531054 0.527092 0.007742 0.011067
0 0.537476 0.536730 0.007742 0.011067
0 0.544861 0.520208 0.007742 0.011067
0 0.193258 0.565864 0.007742 0.011067
0 0.198440 0.532409 0.007742 0.011067