0 0.001680 0.829238 0.048828 0.048828
0 0.106695 0.856271 0.048828 0.048828
0 0.060946 0.832357 0.048828 0.048828
0 0.090059 0.915537 0.048828 0.048828
0 0.032873 0.877066 0.048828 0.048828
0 0.078622 0.958166 0.048828 0.048828
0 0.017277 0.971683 0.048828 0.048828
0 0.025595 0.921775 0.048828 0.048828
0 0.122291 0.689912 0.048828 0.048828
0 0.108774 0.643123 0.048828 0.048828
0 0.051588 0.665998 0.048828 0.048828
0 0.061986 0.633766 0.048828 0.048828
0 0.019356 0.631686 0.048828 0.048828
0 0.037032 0.606732 0.048828 0.048828
0 0.020396 0.558904 0.048828 0.048828
0 0.069264 0.571381 0.048828 0.048828
0 0.158682 0.603613 0.048828 0.048828
0 0.104615 0.448691 0.048828 0.048828
0 0.232504 0.592176 0.048828 0.048828
0 0.116317 0.980338 0.048828 0.048828
0 0.204138 0.997614 0.048828 0.048828
0 0.150869 0.950104 0.048828 0.048828
0 0.202699 0.951544 0.048828 0.048828
0 0.137912 0.885317 0.048828 0.048828
0 0.145111 0.843566 0.048828 0.048828
0 0.171025 0.803254 0.048828 0.048828
0 0.221415 0.839247 0.048828 0.048828
0 0.227174 0.807573 0.048828 0.048828
0 0.209897 0.752865 0.048828 0.048828
0 0.243010 0.751425 0.048828 0.048828
0 0.245890 0.725510 0.048828 0.048828
0 0.290521 0.757184 0.048828 0.048828
0 0.338031 0.777340 0.048828 0.048828
0 0.312116 0.728390 0.048828 0.048828
0 0.345229 0.728390 0.048828 0.048828
0 0.356747 0.695277 0.048828 0.048828
0 0.270365 0.965941 0.048828 0.048828
0 0.205578 0.893956 0.048828 0.048828
0 0.280443 0.829169 0.048828 0.048828
0 0.327953 0.843566 0.048828 0.048828
0 0.343790 0.823410 0.048828 0.048828
0 0.379782 0.855084 0.048828 0.048828
0 0.374023 0.895395 0.048828 0.048828
0 0.410016 0.904033 0.048828 0.048828
0 0.352428 0.927069 0.048828 0.048828
0 0.382662 0.961622 0.048828 0.048828
0 0.430172 0.987536 0.048828 0.048828
0 0.306357 0.952983 0.048828 0.048828
0 0.742587 0.991855 0.048828 0.048828
0 0.788658 0.976019 0.048828 0.048828
0 0.900954 0.950104 0.048828 0.048828
0 0.983018 0.968820 0.048828 0.048828
0 0.703715 0.902594 0.048828 0.048828
0 0.667723 0.883878 0.048828 0.048828
0 0.653326 0.842126 0.048828 0.048828
0 0.644687 0.816212 0.048828 0.048828
0 0.644687 0.780219 0.048828 0.048828
0 0.686439 0.780219 0.048828 0.048828
0 0.885118 0.678000 0.048828 0.048828
0 0.460405 0.519633 0.048828 0.048828
0 0.697956 0.963061 0.048828 0.048828
0 0.631730 0.977458 0.048828 0.048828
0 0.627411 0.916991 0.048828 0.048828
0 0.602936 0.951544 0.048828 0.048828
0 0.568383 0.970260 0.048828 0.048828
0 0.506476 0.986096 0.048828 0.048828
0 0.469044 0.978898 0.048828 0.048828
0 0.457526 0.921310 0.048828 0.048828
0 0.519433 0.888197 0.048828 0.048828
0 0.562624 0.904033 0.048828 0.048828
0 0.566943 0.866601 0.048828 0.048828
0 0.600057 0.827729 0.048828 0.048828
0 0.569823 0.790297 0.048828 0.048828
0 0.512235 0.735588 0.048828 0.048828
0 0.519433 0.798935 0.048828 0.048828
0 0.467604 0.749985 0.048828 0.048828
0 0.486320 0.826290 0.048828 0.048828
0 0.411456 0.827729 0.048828 0.048828
0 0.025615 0.790297 0.048828 0.048828
0 0.106239 0.798935 0.048828 0.048828
0 0.096161 0.744226 0.048828 0.048828
0 0.025615 0.742787 0.048828 0.048828
0 0.325073 0.672241 0.048828 0.048828
0 0.372584 0.631930 0.048828 0.048828
0 0.381222 0.574342 0.048828 0.048828
0 0.317875 0.614653 0.048828 0.048828
0 0.199819 0.642008 0.048828 0.048828
0 0.021436 0.477804 0.048828 0.048828
0 0.005839 0.457009 0.048828 0.048828
0 0.050549 0.428936 0.048828 0.048828
0 0.046390 0.172118 0.048828 0.048828
0 0.109814 0.141966 0.048828 0.048828
0 0.159722 0.113893 0.048828 0.048828
0 0.198193 0.167959 0.048828 0.048828
0 0.129569 0.185635 0.048828 0.048828
0 0.046390 0.248020 0.048828 0.048828
0 0.051588 0.302087 0.048828 0.048828
0 0.099417 0.329120 0.048828 0.048828
0 0.154523 0.339517 0.048828 0.048828
0 0.138927 0.384227 0.048828 0.048828
0 0.089019 0.390465 0.048828 0.048828
0 0.043270 0.383187 0.048828 0.048828
0 0.069264 0.472605 0.048828 0.048828
0 0.118132 0.496519 0.048828 0.048828
0 0.148285 0.528751 0.048828 0.048828
0 0.183636 0.547467 0.048828 0.048828
0 0.306326 0.555785 0.048828 0.048828
0 0.265776 0.549546 0.048828 0.048828
0 0.242902 0.511076 0.048828 0.048828
0 0.202352 0.490281 0.048828 0.048828
0 0.242902 0.451810 0.048828 0.048828
0 0.187795 0.451810 0.048828 0.048828
0 0.206510 0.399823 0.048828 0.048828
0 0.142046 0.437254 0.048828 0.048828