0 0.988669 0.821538 0.048828 0.048828
0 0.999546 0.861782 0.048828 0.048828
0 0.973442 0.897675 0.048828 0.048828
0 0.975617 0.920516 0.048828 0.048828
0 0.996283 0.947707 0.048828 0.048828
0 0.974530 0.982513 0.048828 0.048828
0 0.942987 0.973811 0.048828 0.048828
0 0.948426 0.937918 0.048828 0.048828
0 0.919059 0.927042 0.048828 0.048828
0 0.901656 0.948795 0.048828 0.048828
0 0.885341 0.995565 0.048828 0.048828
0 0.640616 0.989039 0.048828 0.048828
0 0.753733 0.974899 0.048828 0.048828
0 0.846185 0.967285 0.048828 0.048828
0 0.833133 0.924866 0.048828 0.048828
0 0.874464 0.919428 0.048828 0.048828
0 0.901656 0.891149 0.048828 0.048828
0 0.939724 0.886798 0.048828 0.048828
0 0.841834 0.883535 0.048828 0.048828
0 0.865763 0.878097 0.048828 0.048828
0 0.886429 0.859606 0.048828 0.048828
0 0.901656 0.834590 0.048828 0.048828
0 0.944075 0.838941 0.048828 0.048828
0 0.944075 0.799784 0.048828 0.048828
0 0.880990 0.801960 0.048828 0.048828
0 0.854886 0.829152 0.048828 0.048828
0 0.798328 0.808486 0.048828 0.048828
0 0.977793 0.773680 0.048828 0.048828
0 0.959302 0.733437 0.048828 0.048828
0 0.926672 0.710596 0.048828 0.048828
0 0.915796 0.672527 0.048828 0.048828
0 0.882078 0.692105 0.048828 0.048828
0 0.994108 0.624670 0.048828 0.048828
0 0.847273 0.663826 0.048828 0.048828
0 0.795065 0.689930 0.048828 0.048828
0 0.802678 0.757365 0.048828 0.048828
0 0.779837 0.729086 0.048828 0.048828
0 0.741769 0.778031 0.048828 0.048828
0 0.737418 0.727998 0.048828 0.048828
0 0.739594 0.680141 0.048828 0.048828
0 0.705876 0.662738 0.048828 0.048828
0 0.641703 0.639897 0.048828 0.048828
0 0.662369 0.742138 0.048828 0.048828
0 0.641703 0.709508 0.048828 0.048828
0 0.616687 0.673615 0.048828 0.048828
0 0.592758 0.634459 0.048828 0.048828
0 0.574268 0.685579 0.048828 0.048828
0 0.591671 0.729086 0.048828 0.048828
0 0.532937 0.721472 0.048828 0.048828
0 0.520972 0.639897 0.048828 0.048828
0 0.506833 0.681229 0.048828 0.048828
0 0.445923 0.657300 0.048828 0.048828
0 0.455712 0.710596 0.048828 0.048828
0 0.479641 0.757365 0.048828 0.048828
0 0.365436 0.199392 0.048828 0.048828
0 0.399154 0.227672 0.048828 0.048828
0 0.439397 0.279880 0.048828 0.048828
0 0.473115 0.311422 0.048828 0.048828
0 0.395891 0.285318 0.048828 0.048828
0 0.430696 0.331000 0.048828 0.048828
0 0.445923 0.365805 0.048828 0.048828
0 0.395891 0.360367 0.048828 0.048828
0 0.362173 0.361455 0.048828 0.048828
0 0.316491 0.358192 0.048828 0.048828
0 0.272984 0.384296 0.048828 0.048828
0 0.176182 0.414750 0.048828 0.048828
0 0.304527 0.420189 0.048828 0.048828
0 0.348033 0.426715 0.048828 0.048828
0 0.380663 0.406049 0.048828 0.048828
0 0.400241 0.459345 0.048828 0.048828
0 0.431784 0.453906 0.048828 0.048828
0 0.450274 0.424539 0.048828 0.048828
0 0.687385 0.350578 0.048828 0.048828
0 0.690648 0.392997 0.048828 0.048828
0 0.607986 0.398435 0.048828 0.048828
0 0.716752 0.415838 0.048828 0.048828
0 0.634090 0.458257 0.048828 0.048828
0 0.606898 0.511553 0.048828 0.048828
0 0.646054 0.508290 0.048828 0.048828
0 0.680859 0.482186 0.048828 0.048828
0 0.712402 0.450643 0.048828 0.048828
0 0.768961 0.456082 0.048828 0.048828
0 0.716752 0.507202 0.048828 0.048828
0 0.756996 0.532218 0.048828 0.048828
0 0.785276 0.543095 0.048828 0.048828
0 0.830958 0.586602 0.048828 0.048828
0 0.860325 0.617056 0.048828 0.048828
0 0.778750 0.614881 0.048828 0.048828
0 0.703700 0.611618 0.048828 0.048828
0 0.712402 0.570287 0.048828 0.048828
0 0.689561 0.538744 0.048828 0.048828
0 0.624301 0.602917 0.048828 0.048828
0 0.845097 0.534394 0.048828 0.048828
0 0.812467 0.490887 0.048828 0.048828
0 0.917971 0.555059 0.048828 0.048828
0 0.952776 0.445205 0.048828 0.048828
0 0.909270 0.447380 0.048828 0.048828
0 0.921234 0.002524 0.048828 0.048828
0 0.959302 0.002524 0.048828 0.048828
0 0.945163 0.043856 0.048828 0.048828
0 0.979968 0.059083 0.048828 0.048828
0 0.961478 0.089538 0.048828 0.048828
0 0.960390 0.137395 0.048828 0.048828
0 0.973442 0.180902 0.048828 0.048828
0 0.987582 0.339701 0.048828 0.048828
0 0.977793 0.299458 0.048828 0.048828
0 0.960390 0.271178 0.048828 0.048828
0 0.983231 0.234198 0.048828 0.048828
0 0.956039 0.217883 0.048828 0.048828
0 0.915796 0.248337 0.048828 0.048828
0 0.924497 0.312510 0.048828 0.048828
0 0.898393 0.207006 0.048828 0.048828
0 0.926672 0.172201 0.048828 0.048828
0 0.917971 0.126518 0.048828 0.048828
0 0.909270 0.073223 0.048828 0.048828
0 0.873377 0.115642 0.048828 0.048828
0 0.847273 0.081924 0.048828 0.048828
0 0.818993 0.102590 0.048828 0.048828
0 0.812467 0.025365 0.048828 0.048828
0 0.730892 0.009050 0.048828 0.048828
0 0.780925 0.076486 0.048828 0.048828
0 0.754821 0.092801 0.048828 0.048828
0 0.840747 0.174376 0.048828 0.048828
0 0.797240 0.164587 0.048828 0.048828
0 0.848360 0.253776 0.048828 0.048828
0 0.684122 0.176551 0.048828 0.048828
0 0.690648 0.147184 0.048828 0.048828
0 0.634090 0.165675 0.048828 0.048828
0 0.621038 0.122168 0.048828 0.048828
0 0.568830 0.160236 0.048828 0.048828
0 0.388277 0.014489 0.048828 0.048828
0 0.418732 0.036242 0.048828 0.048828
0 0.402417 0.074310 0.048828 0.048828
0 0.371962 0.097151 0.048828 0.048828
0 0.340420 0.109116 0.048828 0.048828
0 0.298001 0.089538 0.048828 0.048828
0 0.333894 0.067784 0.048828 0.048828
0 0.300176 0.025365 0.048828 0.048828
0 0.243617 0.009050 0.048828 0.048828
0 0.196848 0.062346 0.048828 0.048828
0 0.088081 0.408224 0.048828 0.048828
0 0.046749 0.424539 0.048828 0.048828
0 0.177270 0.469134 0.048828 0.048828
0 0.137026 0.469134 0.048828 0.048828
0 0.085906 0.484361 0.048828 0.048828
0 0.043486 0.471309 0.048828 0.048828
0 0.009769 0.435416 0.048828 0.048828
0 0.006506 0.257039 0.048828 0.048828
0 0.243880 0.168345 0.048828 0.048828
0 0.276993 0.184182 0.048828 0.048828
0 0.337461 0.174104 0.048828 0.048828
0 0.350418 0.143870 0.048828 0.048828
0 0.399368 0.171225 0.048828 0.048828
0 0.446878 0.135232 0.048828 0.048828
0 0.436800 0.099240 0.048828 0.048828
0 0.443999 0.076204 0.048828 0.048828
0 0.468474 0.038772 0.048828 0.048828
0 0.488629 0.021496 0.048828 0.048828
0 0.487190 0.092041 0.048828 0.048828
0 0.526062 0.053169 0.048828 0.048828
0 0.600926 0.027255 0.048828 0.048828
0 0.631160 0.027255 0.048828 0.048828
0 0.667152 0.056049 0.048828 0.048828
0 0.714663 0.045971 0.048828 0.048828
0 0.706024 0.089162 0.048828 0.048828
0 0.710344 0.129473 0.048828 0.048828
0 0.729060 0.168345 0.048828 0.048828
0 0.766492 0.225934 0.048828 0.048828
0 0.740577 0.254728 0.048828 0.048828
0 0.796726 0.280642 0.048828 0.048828
0 0.978128 0.388620 0.048828 0.048828
0 0.945015 0.415974 0.048828 0.048828
0 0.927739 0.346869 0.048828 0.048828
0 0.862952 0.341110 0.048828 0.048828
0 0.801045 0.325273 0.048828 0.048828
0 0.874470 0.431811 0.048828 0.048828
0 0.870151 0.467804 0.048828 0.048828
0 0.806804 0.385741 0.048828 0.048828
0 0.796726 0.440449 0.048828 0.048828
0 0.729060 0.359826 0.048828 0.048828
0 0.729060 0.315195 0.048828 0.048828
0 0.704585 0.286401 0.048828 0.048828
0 0.668592 0.264805 0.048828 0.048828
0 0.680110 0.211536 0.048828 0.048828
0 0.655635 0.119396 0.048828 0.048828
0 0.628281 0.077644 0.048828 0.048828
0 0.608125 0.080524 0.048828 0.048828
0 0.572132 0.093481 0.048828 0.048828
0 0.158937 0.117956 0.048828 0.048828
0 0.180533 0.169785 0.048828 0.048828
0 0.143101 0.166906 0.048828 0.048828
0 0.089832 0.104999 0.048828 0.048828
0 0.052399 0.097800 0.048828 0.048828
0 0.022166 0.195700 0.048828 0.048828
0 0.052399 0.169785 0.048828 0.048828
0 0.101349 0.220175 0.048828 0.048828
0 0.138782 0.217295 0.048828 0.048828
0 0.177654 0.228813 0.048828 0.048828
0 0.138782 0.253288 0.048828 0.048828
0 0.171895 0.292160 0.048828 0.048828
0 0.202129 0.287841 0.048828 0.048828
0 0.238121 0.264805 0.048828 0.048828
0 0.271234 0.214416 0.048828 0.048828
0 0.212206 0.214416 0.048828 0.048828
0 0.315865 0.234572 0.048828 0.048828
0 0.364815 0.264805 0.048828 0.048828
0 0.312986 0.297919 0.048828 0.048828
0 0.366255 0.322394 0.048828 0.048828
0 0.452637 0.204338 0.048828 0.048828
0 0.474232 0.246089 0.048828 0.048828
0 0.508785 0.277763 0.048828 0.048828
0 0.537579 0.306557 0.048828 0.048828
0 0.573572 0.329592 0.048828 0.048828
0 0.648436 0.313755 0.048828 0.048828
0 0.625401 0.267685 0.048828 0.048828
0 0.583650 0.270564 0.048828 0.048828
0 0.536140 0.246089 0.048828 0.048828
0 0.557735 0.207217 0.048828 0.048828
0 0.517423 0.211536 0.048828 0.048828
0 0.491509 0.135232 0.048828 0.048828
0 0.527501 0.110757 0.048828 0.048828
0 0.228043 0.323833 0.048828 0.048828
0 0.256837 0.307997 0.048828 0.048828
0 0.193490 0.336791 0.048828 0.048828
0 0.272674 0.355507 0.048828 0.048828
0 0.200689 0.388620 0.048828 0.048828
0 0.226603 0.421733 0.048828 0.048828
0 0.262596 0.434690 0.048828 0.048828
0 0.297149 0.462045 0.048828 0.048828
0 0.491509 0.338230 0.048828 0.048828
0 0.497268 0.374223 0.048828 0.048828
0 0.513104 0.407336 0.048828 0.048828
0 0.549097 0.426052 0.048828 0.048828
0 0.553416 0.382861 0.048828 0.048828
0 0.613883 0.361266 0.048828 0.048828
0 0.567813 0.463484 0.048828 0.048828
0 0.513104 0.454846 0.048828 0.048828
0 0.504466 0.498037 0.048828 0.048828
0 0.551976 0.519633 0.048828 0.048828
0 0.557735 0.558505 0.048828 0.048828
0 0.572132 0.584419 0.048828 0.048828
0 0.537579 0.613214 0.048828 0.048828
0 0.518863 0.557065 0.048828 0.048828
0 0.488629 0.574342 0.048828 0.048828
0 0.467034 0.526831 0.048828 0.048828
0 0.441119 0.483640 0.048828 0.048828
0 0.426722 0.542668 0.048828 0.048828
0 0.425282 0.582980 0.048828 0.048828
0 0.484310 0.613214 0.048828 0.048828
0 0.415205 0.642008 0.048828 0.048828
0 0.366255 0.676560 0.048828 0.048828
0 0.311546 0.715432 0.048828 0.048828
0 0.308667 0.657844 0.048828 0.048828
0 0.340340 0.613214 0.048828 0.048828
0 0.311546 0.581540 0.048828 0.048828
0 0.369134 0.559945 0.048828 0.048828
0 0.327383 0.505236 0.048828 0.048828
0 0.295709 0.492279 0.048828 0.048828
0 0.289950 0.546987 0.048828 0.048828
0 0.248199 0.544108 0.048828 0.048828
0 0.216526 0.496598 0.048828 0.048828
0 0.181973 0.518193 0.048828 0.048828
0 0.148860 0.523952 0.048828 0.048828
0 0.105668 0.546987 0.048828 0.048828
0 0.177654 0.578661 0.048828 0.048828
0 0.131583 0.604575 0.048828 0.048828
0 0.078314 0.591618 0.048828 0.048828
0 0.097030 0.656405 0.048828 0.048828
0 0.076874 0.692397 0.048828 0.048828
0 0.049520 0.724071 0.048828 0.048828
0 0.017847 0.690957 0.048828 0.048828
0 0.053839 0.639128 0.048828 0.048828
0 0.012088 0.585859 0.048828 0.048828
0 0.022166 0.542668 0.048828 0.048828
0 0.065357 0.528271 0.048828 0.048828
0 0.112867 0.444768 0.048828 0.048828
0 0.157498 0.441889 0.048828 0.048828
0 0.098470 0.264805 0.048828 0.048828
0 0.115746 0.313755 0.048828 0.048828
0 0.153179 0.371343 0.048828 0.048828
0 0.128704 0.401577 0.048828 0.048828
0 0.069676 0.369904 0.048828 0.048828
0 0.023605 0.351188 0.048828 0.048828
0 0.032244 0.293600 0.048828 0.048828
0 0.055279 0.237451 0.048828 0.048828
0 0.559175 0.811892 0.048828 0.048828
0 0.585089 0.801815 0.048828 0.048828
0 0.569253 0.849325 0.048828 0.048828
0 0.612444 0.852204 0.048828 0.048828
0 0.593728 0.906913 0.048828 0.048828
0 0.618203 0.909792 0.048828 0.048828
0 0.646997 0.931388 0.048828 0.048828
0 0.595167 0.960182 0.048828 0.048828
0 0.549097 0.983217 0.048828 0.048828
0 0.700266 0.905473 0.048828 0.048828
0 0.665713 0.879559 0.048828 0.048828
0 0.700266 0.855084 0.048828 0.048828
0 0.680110 0.821970 0.048828 0.048828
0 0.753535 0.865161 0.048828 0.048828
0 0.795286 0.849325 0.048828 0.048828
0 0.805364 0.898275 0.048828 0.048828
0 0.789527 0.922750 0.048828 0.048828
0 0.789527 0.973139 0.048828 0.048828
0 0.733379 0.929948 0.048828 0.048828
0 0.713223 0.970260 0.048828 0.048828
0 0.677230 0.938586 0.048828 0.048828
0 0.495828 0.827729 0.048828 0.048828
0 0.511665 0.796056 0.048828 0.048828
0 0.461275 0.819091 0.048828 0.048828
0 0.413765 0.806134 0.048828 0.048828
0 0.357616 0.833488 0.048828 0.048828
0 0.282752 0.889636 0.048828 0.048828
0 0.852711 0.776943 0.048828 0.048828
0 0.879903 0.760628 0.048828 0.048828
0 0.832045 0.724735 0.048828 0.048828
0 0.904919 0.732349 0.048828 0.048828
0 0.925585 0.767154 0.048828 0.048828
0 0.976705 0.704070 0.048828 0.048828
0 0.969091 0.661651 0.048828 0.048828
0 0.931023 0.642073 0.048828 0.048828
0 0.891867 0.639897 0.048828 0.048828
0 0.811380 0.640985 0.048828 0.048828
0 0.872289 0.534394 0.048828 0.048828
0 0.891867 0.580076 0.048828 0.048828
0 0.964741 0.569199 0.048828 0.048828
0 0.959302 0.512640 0.048828 0.048828
0 0.142464 0.017752 0.048828 0.048828
0 0.083730 0.029716 0.048828 0.048828