0 0.609789 0.026113 0.048828 0.048828
0 0.228108 0.231006 0.048828 0.048828
0 0.262559 0.211061 0.048828 0.048828
0 0.279784 0.188395 0.048828 0.048828
0 0.376791 0.168450 0.048828 0.048828
0 0.335087 0.177516 0.048828 0.048828
0 0.324208 0.139439 0.048828 0.048828
0 0.342340 0.109521 0.048828 0.048828
0 0.392203 0.122213 0.048828 0.048828
0 0.374071 0.092295 0.048828 0.048828
0 0.342340 0.064191 0.048828 0.048828
0 0.379511 0.048778 0.048828 0.048828
0 0.346873 0.009794 0.048828 0.048828
0 0.317862 0.017954 0.048828 0.048828
0 0.297010 0.051498 0.048828 0.048828
0 0.263465 0.007074 0.048828 0.048828
0 0.180058 0.304441 0.048828 0.048828
0 0.473798 0.070537 0.048828 0.048828
0 0.442973 0.055124 0.048828 0.048828
0 0.429374 0.007981 0.048828 0.048828
0 0.518221 0.037899 0.048828 0.048828
0 0.566272 0.042432 0.048828 0.048828
0 0.627014 0.053311 0.048828 0.048828
0 0.700449 0.059657 0.048828 0.048828
0 0.750312 0.047872 0.048828 0.048828
0 0.778417 0.017047 0.048828 0.048828
0 0.827374 0.054218 0.048828 0.048828
0 0.866358 0.042432 0.048828 0.048828
0 0.644240 0.098642 0.048828 0.048828
0 0.664185 0.122213 0.048828 0.048828
0 0.738527 0.149411 0.048828 0.048828
0 0.774791 0.187489 0.048828 0.048828
0 0.822841 0.155758 0.048828 0.048828
0 0.879957 0.199275 0.048828 0.048828
0 0.849132 0.210154 0.048828 0.048828
0 0.852759 0.260017 0.048828 0.048828
0 0.813775 0.328013 0.048828 0.048828
0 0.776604 0.294468 0.048828 0.048828
0 0.745779 0.328919 0.048828 0.048828
0 0.706795 0.287215 0.048828 0.048828
0 0.684130 0.240979 0.048828 0.048828
0 0.700449 0.181143 0.048828 0.048828
0 0.680504 0.152131 0.048828 0.048828
0 0.625201 0.151225 0.048828 0.048828
0 0.613415 0.215594 0.048828 0.048828
0 0.624294 0.296282 0.048828 0.048828
0 0.622481 0.353398 0.048828 0.048828
0 0.480144 0.133999 0.048828 0.048828
0 0.518221 0.192022 0.048828 0.048828
0 0.538167 0.221940 0.048828 0.048828
0 0.520035 0.246418 0.048828 0.048828
0 0.490117 0.241885 0.048828 0.048828
0 0.559019 0.347958 0.048828 0.048828
0 0.516408 0.331639 0.048828 0.048828
0 0.493743 0.289029 0.048828 0.048828
0 0.438440 0.302628 0.048828 0.048828
0 0.470171 0.344332 0.048828 0.048828
0 0.492836 0.367903 0.048828 0.048828
0 0.526381 0.392382 0.048828 0.048828
0 0.482864 0.399635 0.048828 0.048828
0 0.450226 0.425926 0.048828 0.048828
0 0.411242 0.433179 0.048828 0.048828
0 0.415775 0.359744 0.048828 0.048828
0 0.381324 0.264550 0.048828 0.048828
0 0.371351 0.298095 0.048828 0.048828
0 0.375884 0.341612 0.048828 0.048828
0 0.344153 0.440432 0.048828 0.048828
0 0.299729 0.446778 0.048828 0.048828
0 0.267998 0.452218 0.048828 0.048828
0 0.233547 0.459471 0.048828 0.048828
0 0.216322 0.437712 0.048828 0.048828
0 0.246240 0.378783 0.048828 0.048828
0 0.283411 0.357931 0.048828 0.048828
0 0.316955 0.328919 0.048828 0.048828
0 0.217228 0.342518 0.048828 0.048828
0 0.193657 0.381502 0.048828 0.048828
0 0.653306 0.396008 0.048828 0.048828
0 0.683224 0.376063 0.048828 0.048828
0 0.704076 0.352491 0.048828 0.048828
0 0.719488 0.390569 0.048828 0.048828
0 0.864545 0.457657 0.048828 0.048828
0 0.176431 0.497548 0.048828 0.048828
0 0.209069 0.512054 0.048828 0.048828
0 0.259839 0.519307 0.048828 0.048828
0 0.268905 0.491202 0.048828 0.048828
0 0.306076 0.503894 0.048828 0.048828
0 0.349593 0.493015 0.048828 0.048828
0 0.405802 0.488482 0.048828 0.048828
0 0.505529 0.482136 0.048828 0.048828
0 0.479237 0.504801 0.048828 0.048828
0 0.451133 0.494828 0.048828 0.048828
0 0.427561 0.519307 0.048828 0.048828
0 0.425748 0.587302 0.048828 0.048828
0 0.394923 0.553758 0.048828 0.048828
0 0.366818 0.527466 0.048828 0.048828
0 0.336900 0.603621 0.048828 0.048828
0 0.328741 0.533812 0.048828 0.048828
0 0.298823 0.534719 0.048828 0.048828
0 0.268905 0.591835 0.048828 0.048828
0 0.264372 0.644418 0.048828 0.048828
0 0.201816 0.567357 0.048828 0.048828
0 0.529101 0.768623 0.048828 0.048828
0 0.532727 0.650764 0.048828 0.048828
0 0.553579 0.624473 0.048828 0.048828
0 0.584404 0.512960 0.048828 0.048828
0 0.623388 0.534719 0.048828 0.048828
0 0.619761 0.578236 0.048828 0.048828
0 0.644240 0.557384 0.048828 0.048828
0 0.681410 0.505707 0.048828 0.048828
0 0.855479 0.393288 0.048828 0.048828
0 0.835533 0.365184 0.048828 0.048828
0 0.993283 0.561010 0.048828 0.048828
0 0.961552 0.545598 0.048828 0.048828
0 0.959738 0.616313 0.048828 0.048828
0 0.916221 0.577329 0.048828 0.048828
0 0.732180 0.020673 0.048828 0.048828
0 0.816495 0.002541 0.048828 0.048828
0 0.898089 0.010701 0.048828 0.048828
0 0.939793 0.034273 0.048828 0.048828
0 0.977870 0.012514 0.048828 0.048828
0 0.977870 0.087762 0.048828 0.048828
0 0.930727 0.080509 0.048828 0.048828
0 0.909875 0.104988 0.048828 0.048828
0 0.838253 0.112241 0.048828 0.048828
0 0.794736 0.107708 0.048828 0.048828
0 0.953392 0.142159 0.048828 0.048828
0 0.999629 0.129466 0.048828 0.048828
0 0.966085 0.197462 0.048828 0.048828
0 0.923474 0.166637 0.048828 0.048828
0 0.930727 0.229193 0.048828 0.048828
0 0.908968 0.261831 0.048828 0.048828
0 0.959738 0.270897 0.048828 0.048828
0 0.947953 0.312600 0.048828 0.048828
0 0.989656 0.315320 0.048828 0.048828
0 0.978777 0.358837 0.048828 0.048828
0 0.944326 0.369717 0.048828 0.048828
0 0.958832 0.412327 0.048828 0.048828
0 0.983310 0.445871 0.048828 0.048828
0 0.912595 0.425020 0.048828 0.048828
0 0.950672 0.493015 0.048828 0.048828
0 0.976057 0.515680 0.048828 0.048828
0 0.965178 0.702441 0.048828 0.048828
0 0.931634 0.705161 0.048828 0.048828
0 0.909875 0.735079 0.048828 0.048828
0 0.854572 0.706974 0.048828 0.048828
0 0.851852 0.654391 0.048828 0.048828
0 0.950672 0.655297 0.048828 0.048828
0 0.632454 0.605434 0.048828 0.048828
0 0.568991 0.666177 0.048828 0.048828
0 0.619761 0.649858 0.048828 0.048828
0 0.646959 0.660737 0.048828 0.048828
0 0.712235 0.619940 0.048828 0.048828
0 0.663278 0.616313 0.048828 0.048828
0 0.682317 0.572796 0.048828 0.048828
0 0.732180 0.572796 0.048828 0.048828
0 0.782950 0.552851 0.048828 0.048828
0 0.747593 0.531999 0.048828 0.048828
0 0.735807 0.503894 0.048828 0.048828
0 0.763912 0.467630 0.048828 0.048828
0 0.542700 0.487575 0.048828 0.048828
0 0.571711 0.466723 0.048828 0.048828
0 0.610695 0.450405 0.048828 0.048828
0 0.548139 0.426833 0.048828 0.048828
0 0.728554 0.239165 0.048828 0.048828
0 0.796549 0.242792 0.048828 0.048828
0 0.326021 0.753211 0.048828 0.048828
0 0.423028 0.688842 0.048828 0.048828
0 0.476518 0.670710 0.048828 0.048828
0 0.422121 0.640792 0.048828 0.048828
0 0.457479 0.594555 0.048828 0.048828
0 0.482864 0.591835 0.048828 0.048828
0 0.504622 0.551944 0.048828 0.048828
0 0.536354 0.579143 0.048828 0.048828
0 0.485584 0.615407 0.048828 0.048828
0 0.500089 0.637165 0.048828 0.048828
0 0.965178 0.759557 0.048828 0.048828
0 0.976964 0.789475 0.048828 0.048828
0 0.981497 0.815767 0.048828 0.048828
0 0.980590 0.859284 0.048828 0.048828
0 0.989656 0.900988 0.048828 0.048828
0 0.945233 0.813047 0.048828 0.048828
0 0.237174 0.300815 0.048828 0.048828
0 0.253493 0.284496 0.048828 0.048828
0 0.308796 0.270897 0.048828 0.048828
0 0.333274 0.214687 0.048828 0.048828
0 0.352313 0.239165 0.048828 0.048828
0 0.760285 0.629006 0.048828 0.048828
0 0.815588 0.595461 0.048828 0.048828
0 0.820121 0.497548 0.048828 0.048828
0 0.852759 0.570983 0.048828 0.048828
0 0.735807 0.659830 0.048828 0.048828
0 0.704982 0.670710 0.048828 0.048828
0 0.679597 0.687935 0.048828 0.048828
0 0.634267 0.704254 0.048828 0.048828
0 0.603442 0.726013 0.048828 0.048828
0 0.562645 0.721480 0.048828 0.048828
0 0.475611 0.697001 0.048828 0.048828