0 0.951452 0.856672 0.048828 0.048828
0 0.869240 0.771105 0.048828 0.048828
0 0.369259 0.173813 0.048828 0.048828
0 0.456504 0.210724 0.048828 0.048828
0 0.498449 0.225824 0.048828 0.048828
0 0.191414 0.271124 0.048828 0.048828
0 0.213225 0.272802 0.048828 0.048828
0 0.372615 0.373469 0.048828 0.048828
0 0.379326 0.467425 0.048828 0.048828
0 0.453149 0.480848 0.048828 0.048828
0 0.733339 0.420447 0.048828 0.048828
0 0.162891 0.672116 0.048828 0.048828
0 0.260203 0.685538 0.048828 0.048828
0 0.312214 0.623460 0.048828 0.048828
0 0.310537 0.675471 0.048828 0.048828
0 0.334026 0.687216 0.048828 0.048828
0 0.357515 0.680505 0.048828 0.048828
0 0.372615 0.655338 0.048828 0.048828
0 0.379326 0.675471 0.048828 0.048828
0 0.401137 0.717416 0.048828 0.048828
0 0.431337 0.720771 0.048828 0.048828
0 0.427982 0.682182 0.048828 0.048828
0 0.449793 0.690571 0.048828 0.048828
0 0.468249 0.710705 0.048828 0.048828
0 0.481671 0.821439 0.048828 0.048828
0 0.520260 0.844928 0.048828 0.048828
0 0.639383 0.687216 0.048828 0.048828
0 0.659517 0.628493 0.048828 0.048828
0 0.691394 0.546282 0.048828 0.048828
0 0.711528 0.578159 0.048828 0.048828
0 0.728306 0.556348 0.048828 0.048828
0 0.751795 0.576482 0.048828 0.048828
0 0.832329 0.547959 0.048828 0.048828
0 0.641061 0.928817 0.048828 0.048828
0 0.026990 0.344947 0.048828 0.048828
0 0.068935 0.343269 0.048828 0.048828
0 0.112558 0.336558 0.048828 0.048828
0 0.028668 0.094957 0.048828 0.048828
0 0.058868 0.101668 0.048828 0.048828
0 0.137724 0.386892 0.048828 0.048828
0 0.974941 0.995929 0.048828 0.048828
0 0.322281 0.217435 0.048828 0.048828
0 0.250136 0.296291 0.048828 0.048828
0 0.339059 0.841572 0.048828 0.048828
0 0.079002 0.922106 0.048828 0.048828
0 0.003501 0.856672 0.048828 0.048828
0 0.948096 0.559704 0.048828 0.048828
0 0.025313 0.212402 0.048828 0.048828
0 0.345770 0.123479 0.048828 0.048828