0 0.763494 0.963538 0.048828 0.048828
0 0.763494 0.839470 0.048828 0.048828
0 0.801669 0.821576 0.048828 0.048828
0 0.836264 0.798909 0.048828 0.048828
0 0.903070 0.781015 0.048828 0.048828
0 0.829107 0.764314 0.048828 0.048828
0 0.808826 0.775050 0.048828 0.048828
0 0.776616 0.788173 0.048828 0.048828
0 0.758722 0.809646 0.048828 0.048828
0 0.677601 0.803681 0.048828 0.048828
0 0.713390 0.751191 0.048828 0.048828
0 0.764687 0.749998 0.048828 0.048828
0 0.743214 0.720174 0.048828 0.048828
0 0.639426 0.732104 0.048828 0.048828
0 0.601251 0.761928 0.048828 0.048828
0 0.573813 0.778629 0.048828 0.048828
0 0.627497 0.676035 0.048828 0.048828
0 0.656128 0.670070 0.048828 0.048828
0 0.695495 0.656947 0.048828 0.048828
0 0.715775 0.656947 0.048828 0.048828
0 0.675215 0.677228 0.048828 0.048828
0 0.753950 0.593720 0.048828 0.048828
0 0.786160 0.584177 0.048828 0.048828
0 0.759915 0.621158 0.048828 0.048828
0 0.788546 0.616387 0.048828 0.048828
0 0.818370 0.569861 0.048828 0.048828
0 0.858931 0.568668 0.048828 0.048828
0 0.874439 0.525722 0.048828 0.048828
0 0.850580 0.480389 0.048828 0.048828
0 0.925736 0.473232 0.048828 0.048828
0 0.832685 0.463688 0.048828 0.048828
0 0.826721 0.479196 0.048828 0.048828
0 0.806440 0.476810 0.048828 0.048828
0 0.783774 0.483968 0.048828 0.048828
0 0.775423 0.464881 0.048828 0.048828
0 0.759915 0.486354 0.048828 0.048828
0 0.732477 0.481582 0.048828 0.048828
0 0.689530 0.494705 0.048828 0.048828
0 0.646584 0.571054 0.048828 0.048828
0 0.602444 0.578212 0.048828 0.048828
0 0.615567 0.621158 0.048828 0.048828
0 0.773038 0.370637 0.048828 0.048828
0 0.461675 0.390917 0.048828 0.048828
0 0.847001 0.160676 0.048828 0.048828
0 0.870860 0.143975 0.048828 0.048828
0 0.883983 0.217938 0.048828 0.048828
0 0.973455 0.109379 0.048828 0.048828
0 0.609602 0.840663 0.048828 0.048828
0 0.728898 0.816804 0.048828 0.048828
0 0.856545 0.609229 0.048828 0.048828
0 0.511779 0.561511 0.048828 0.048828
0 0.821949 0.089099 0.048828 0.048828
0 0.894719 0.340813 0.048828 0.048828
0 0.852966 0.245376 0.048828 0.048828