0 0.656025 0.363549 0.048828 0.048828
0 0.608882 0.356296 0.048828 0.048828
0 0.594376 0.386214 0.048828 0.048828
0 0.574431 0.436077 0.048828 0.048828
0 0.625201 0.422478 0.048828 0.048828
0 0.605256 0.462369 0.048828 0.048828
0 0.646959 0.467809 0.048828 0.048828
0 0.791110 0.545777 0.048828 0.048828
0 0.698636 0.519485 0.048828 0.048828
0 0.624294 0.499540 0.048828 0.048828
0 0.545420 0.549403 0.048828 0.048828
0 0.531821 0.495007 0.048828 0.048828
0 0.500996 0.470528 0.048828 0.048828
0 0.433001 0.450583 0.048828 0.048828
0 0.440253 0.522205 0.048828 0.048828
0 0.402176 0.535804 0.048828 0.048828
0 0.343247 0.557562 0.048828 0.048828
0 0.478331 0.619212 0.048828 0.048828
0 0.489210 0.588387 0.048828 0.048828
0 0.472891 0.658196 0.048828 0.048828
0 0.703169 0.778774 0.048828 0.048828
0 0.682317 0.766082 0.048828 0.048828
0 0.646053 0.770615 0.048828 0.048828
0 0.667811 0.697180 0.048828 0.048828
0 0.512782 0.733444 0.048828 0.048828
0 0.469265 0.705339 0.048828 0.048828
0 0.609789 0.825918 0.048828 0.048828
0 0.561739 0.586574 0.048828 0.048828
0 0.404896 0.574788 0.048828 0.048828
0 0.426654 0.604706 0.048828 0.048828
0 0.394923 0.619212 0.048828 0.048828
0 0.279784 0.988200 0.048828 0.048828
0 0.376791 0.968255 0.048828 0.048828
0 0.335087 0.977321 0.048828 0.048828
0 0.324208 0.939243 0.048828 0.048828
0 0.342340 0.909325 0.048828 0.048828
0 0.392203 0.922018 0.048828 0.048828
0 0.374071 0.892100 0.048828 0.048828
0 0.342340 0.863995 0.048828 0.048828
0 0.379511 0.848583 0.048828 0.048828
0 0.346873 0.809599 0.048828 0.048828
0 0.381324 0.657289 0.048828 0.048828
0 0.337807 0.656382 0.048828 0.048828
0 0.351406 0.690834 0.048828 0.048828
0 0.345966 0.731631 0.048828 0.048828
0 0.403083 0.713499 0.048828 0.048828
0 0.317862 0.778774 0.048828 0.048828
0 0.317862 0.817758 0.048828 0.048828
0 0.297010 0.851303 0.048828 0.048828
0 0.263465 0.806879 0.048828 0.048828
0 0.473798 0.870341 0.048828 0.048828
0 0.442973 0.854929 0.048828 0.048828
0 0.429374 0.807786 0.048828 0.048828
0 0.476518 0.786934 0.048828 0.048828
0 0.518221 0.837704 0.048828 0.048828
0 0.566272 0.842237 0.048828 0.048828
0 0.627014 0.853116 0.048828 0.048828
0 0.700449 0.859462 0.048828 0.048828
0 0.750312 0.847676 0.048828 0.048828
0 0.778417 0.816852 0.048828 0.048828
0 0.827374 0.854023 0.048828 0.048828
0 0.866358 0.842237 0.048828 0.048828
0 0.644240 0.898446 0.048828 0.048828
0 0.664185 0.922018 0.048828 0.048828
0 0.738527 0.949216 0.048828 0.048828
0 0.774791 0.987294 0.048828 0.048828
0 0.822841 0.955562 0.048828 0.048828
0 0.879957 0.999079 0.048828 0.048828
0 0.700449 0.980947 0.048828 0.048828
0 0.680504 0.951936 0.048828 0.048828
0 0.625201 0.951029 0.048828 0.048828
0 0.480144 0.933804 0.048828 0.048828
0 0.518221 0.991827 0.048828 0.048828
0 0.909875 0.213052 0.048828 0.048828
0 0.859105 0.213959 0.048828 0.048828
0 0.825561 0.218492 0.048828 0.048828
0 0.721301 0.218492 0.048828 0.048828
0 0.750312 0.270168 0.048828 0.048828
0 0.801989 0.251130 0.048828 0.048828
0 0.826467 0.269262 0.048828 0.048828
0 0.792016 0.289207 0.048828 0.048828
0 0.879957 0.259289 0.048828 0.048828
0 0.925287 0.247503 0.048828 0.048828
0 0.939793 0.299180 0.048828 0.048828
0 0.878144 0.298273 0.048828 0.048828
0 0.910782 0.359922 0.048828 0.048828
0 0.850946 0.345417 0.048828 0.048828
0 0.834627 0.314592 0.048828 0.048828
0 0.729461 0.312779 0.048828 0.048828
0 0.707702 0.252943 0.048828 0.048828
0 0.679597 0.342697 0.048828 0.048828
0 0.624294 0.291927 0.048828 0.048828
0 0.742153 0.365362 0.048828 0.048828
0 0.879050 0.390747 0.048828 0.048828
0 0.838253 0.419758 0.048828 0.048828
0 0.920754 0.433358 0.048828 0.048828
0 0.889023 0.446050 0.048828 0.048828
0 0.844599 0.475061 0.048828 0.048828
0 0.883584 0.498633 0.048828 0.048828
0 0.792923 0.424291 0.048828 0.048828
0 0.754846 0.478688 0.048828 0.048828
0 0.694103 0.456023 0.048828 0.048828
0 0.798363 0.511326 0.048828 0.048828
0 0.838253 0.536711 0.048828 0.048828
0 0.837347 0.567535 0.048828 0.048828
0 0.901716 0.580228 0.048828 0.048828
0 0.972431 0.666355 0.048828 0.048828
0 0.917128 0.629184 0.048828 0.048828
0 0.855479 0.643690 0.048828 0.048828
0 0.840973 0.608332 0.048828 0.048828
0 0.785670 0.617398 0.048828 0.048828
0 0.735807 0.634624 0.048828 0.048828
0 0.693196 0.596547 0.048828 0.048828
0 0.790203 0.658196 0.048828 0.048828
0 0.834627 0.689020 0.048828 0.048828
0 0.875424 0.679048 0.048828 0.048828
0 0.918941 0.685394 0.048828 0.048828
0 0.939793 0.723471 0.048828 0.048828
0 0.889930 0.732537 0.048828 0.048828
0 0.944326 0.767895 0.048828 0.048828
0 0.872704 0.769708 0.048828 0.048828
0 0.817401 0.758829 0.048828 0.048828
0 0.744873 0.782401 0.048828 0.048828
0 0.732180 0.820478 0.048828 0.048828
0 0.816495 0.802346 0.048828 0.048828
0 0.898089 0.810505 0.048828 0.048828
0 0.939793 0.834077 0.048828 0.048828
0 0.977870 0.812319 0.048828 0.048828
0 0.977870 0.887567 0.048828 0.048828
0 0.930727 0.880314 0.048828 0.048828
0 0.909875 0.904792 0.048828 0.048828
0 0.838253 0.912045 0.048828 0.048828
0 0.794736 0.907512 0.048828 0.048828
0 0.598909 0.589294 0.048828 0.048828
0 0.953392 0.941963 0.048828 0.048828
0 0.999629 0.929271 0.048828 0.048828
0 0.966085 0.997266 0.048828 0.048828
0 0.923474 0.966442 0.048828 0.048828
0 0.510062 0.681767 0.048828 0.048828
0 0.514595 0.647316 0.048828 0.048828
0 0.555392 0.624651 0.048828 0.048828
0 0.494650 0.516765 0.048828 0.048828
0 0.600723 0.725285 0.048828 0.048828