0 0.674735 0.437720 0.048828 0.048828
0 0.784066 0.399454 0.048828 0.048828
0 0.853309 0.519718 0.048828 0.048828
0 0.565404 0.572561 0.048828 0.048828
0 0.647402 0.612649 0.048828 0.048828
0 0.687490 0.599894 0.048828 0.048828
0 0.716645 0.592605 0.048828 0.048828
0 0.758555 0.579850 0.048828 0.048828
0 0.791355 0.576205 0.048828 0.048828
0 0.915263 0.599894 0.048828 0.048828
0 0.955351 0.585316 0.048828 0.048828
0 0.982683 0.581672 0.048828 0.048828
0 0.718467 0.222702 0.048828 0.048828
0 0.774955 0.180792 0.048828 0.048828
0 0.538072 0.641804 0.048828 0.048828
0 0.505272 0.654559 0.048828 0.048828
0 0.352209 0.064173 0.048828 0.048828
0 0.018750 0.004041 0.048828 0.048828
0 0.073416 0.011330 0.048828 0.048828
0 0.086171 0.049595 0.048828 0.048828
0 0.195502 0.089683 0.048828 0.048828
0 0.093460 0.466874 0.048828 0.048828
0 0.135370 0.503318 0.048828 0.048828
0 0.111682 0.528829 0.048828 0.048828
0 0.049727 0.618115 0.048828 0.048828
0 0.091638 0.625404 0.048828 0.048828
0 0.169991 0.645448 0.048828 0.048828
0 0.251989 0.652737 0.048828 0.048828
0 0.242878 0.629048 0.048828 0.048828
0 0.321232 0.681892 0.048828 0.048828
0 0.330343 0.643626 0.048828 0.048828
0 0.264745 0.567094 0.048828 0.048828
0 0.295722 0.550695 0.048828 0.048828
0 0.286611 0.587138 0.048828 0.048828
0 0.516205 0.217236 0.048828 0.048828
0 0.293899 0.155282 0.048828 0.048828
0 0.618247 0.004041 0.048828 0.048828
0 0.672913 0.246391 0.048828 0.048828
0 0.948062 0.363010 0.048828 0.048828
0 0.787710 0.618115 0.048828 0.048828
0 0.660158 0.703758 0.048828 0.048828
0 0.590915 0.652737 0.048828 0.048828
0 0.432385 0.412209 0.048828 0.048828
0 0.419630 0.404920 0.048828 0.048828
0 0.769488 0.022263 0.048828 0.048828
0 0.313943 0.038662 0.048828 0.048828
0 0.248345 0.335677 0.048828 0.048828
0 0.009639 0.448653 0.048828 0.048828
0 0.058838 0.579850 0.048828 0.048828