0 0.676557 0.007455 0.048828 0.048828
0 0.872202 0.039665 0.048828 0.048828
0 0.785116 0.077840 0.048828 0.048828
0 0.596628 0.281836 0.048828 0.048828
0 0.620488 0.280643 0.048828 0.048828
0 0.593050 0.402325 0.048828 0.048828
0 0.652697 0.374887 0.048828 0.048828
0 0.576348 0.482253 0.048828 0.048828
0 0.624066 0.472710 0.048828 0.048828
0 0.659855 0.514463 0.048828 0.048828
0 0.651505 0.002684 0.048828 0.048828
0 0.831641 0.524007 0.048828 0.048828
0 0.744555 0.459587 0.048828 0.048828
0 0.758871 0.454815 0.048828 0.048828
0 0.644347 0.507305 0.048828 0.048828
0 0.669399 0.266328 0.048828 0.048828
0 0.825677 0.071875 0.048828 0.048828