0 0.559527 0.883517 0.048828 0.048828
0 0.624960 0.866739 0.048828 0.048828
0 0.655161 0.861706 0.048828 0.048828
0 0.717239 0.844928 0.048828 0.048828
0 0.467248 0.724127 0.048828 0.048828
0 0.512549 0.695605 0.048828 0.048828
0 0.564560 0.678827 0.048828 0.048828
0 0.596438 0.724127 0.048828 0.048828
0 0.624960 0.715738 0.048828 0.048828
0 0.732339 0.547959 0.048828 0.048828
0 0.767572 0.576482 0.048828 0.048828
0 0.641738 0.489237 0.048828 0.048828
0 0.687039 0.420447 0.048828 0.048828
0 0.764217 0.220791 0.048828 0.048828
0 0.616571 0.126835 0.048828 0.048828
0 0.950451 0.492592 0.048828 0.048828
0 0.982329 0.529504 0.048828 0.048828
0 0.009212 0.173813 0.048828 0.048828
0 0.084003 0.019621 0.048828 0.048828
0 0.002640 0.302671 0.048828 0.048828
0 0.010662 0.277460 0.048828 0.048828
0 0.046186 0.276314 0.048828 0.048828
0 0.089733 0.269438 0.048828 0.048828
0 0.129841 0.248811 0.048828 0.048828
0 0.144738 0.324444 0.048828 0.048828
0 0.181409 0.392055 0.048828 0.048828
0 0.067959 0.381741 0.048828 0.048828
0 0.040457 0.389763 0.048828 0.048828
0 0.116089 0.483731 0.048828 0.048828
0 0.160782 0.480293 0.048828 0.048828
0 0.202036 0.471126 0.048828 0.048828
0 0.365907 0.625829 0.048828 0.048828
0 0.395702 0.617807 0.048828 0.048828
0 0.856495 0.977473 0.048828 0.048828
0 0.571271 0.777816 0.048828 0.048828
0 0.631672 0.678827 0.048828 0.048828
0 0.663549 0.703994 0.048828 0.048828
0 0.685361 0.653660 0.048828 0.048828
0 0.739050 0.646949 0.048828 0.048828
0 0.532070 0.087232 0.048828 0.048828
0 0.446124 0.002431 0.048828 0.048828
0 0.291420 0.137654 0.048828 0.048828
0 0.221517 0.489461 0.048828 0.048828
0 0.126403 0.537591 0.048828 0.048828
0 0.075981 0.416120 0.048828 0.048828
0 0.035873 0.804597 0.048828 0.048828
0 0.155052 0.717505 0.048828 0.048828
0 0.292566 0.778241 0.048828 0.048828
0 0.342988 0.763343 0.048828 0.048828
0 0.397994 0.747300 0.048828 0.048828
0 0.403723 0.665937 0.048828 0.048828