0 0.057847 0.219759 0.048828 0.048828
0 0.096706 0.160175 0.048828 0.048828
0 0.143336 0.156289 0.048828 0.048828
0 0.095410 0.121316 0.048828 0.048828
0 0.152404 0.098001 0.048828 0.048828
0 0.187377 0.079867 0.048828 0.048828
0 0.243074 0.069505 0.048828 0.048828
0 0.270276 0.125202 0.048828 0.048828
0 0.297477 0.104478 0.048828 0.048828
0 0.300067 0.050075 0.048828 0.048828
0 0.319497 0.033236 0.048828 0.048828
0 0.375195 0.018988 0.048828 0.048828
0 0.353175 0.063028 0.048828 0.048828
0 0.349289 0.112249 0.048828 0.048828
0 0.342812 0.161471 0.048828 0.048828
0 0.381671 0.183491 0.048828 0.048828
0 0.429597 0.145927 0.048828 0.048828
0 0.380376 0.138155 0.048828 0.048828
0 0.406282 0.110954 0.048828 0.048828
0 0.442550 0.098001 0.048828 0.048828
0 0.471047 0.134269 0.048828 0.048828
0 0.478818 0.088934 0.048828 0.048828
0 0.518973 0.108363 0.048828 0.048828
0 0.544879 0.065619 0.048828 0.048828
0 0.544879 0.018988 0.048828 0.048828
0 0.511201 0.061733 0.048828 0.048828
0 0.507315 0.002149 0.048828 0.048828
0 0.480114 0.035827 0.048828 0.048828
0 0.433483 0.048780 0.048828 0.048828
0 0.401101 0.046189 0.048828 0.048828
0 0.442550 0.004740 0.048828 0.048828
0 0.401101 0.007330 0.048828 0.048828
0 0.274161 0.013807 0.048828 0.048828
0 0.222350 0.034531 0.048828 0.048828
0 0.161471 0.029350 0.048828 0.048828
0 0.186081 0.002149 0.048828 0.048828
0 0.029350 0.024169 0.048828 0.048828
0 0.082457 0.034531 0.048828 0.048828