0 0.004574 0.158962 0.048828 0.048828
0 0.029228 0.148761 0.048828 0.048828
0 0.052181 0.115606 0.048828 0.048828
0 0.024127 0.090952 0.048828 0.048828
0 0.012225 0.072249 0.048828 0.048828
0 0.079385 0.198918 0.048828 0.048828
0 0.064083 0.153011 0.048828 0.048828
0 0.103189 0.143660 0.048828 0.048828
0 0.108290 0.115606 0.048828 0.048828
0 0.196703 0.100303 0.048828 0.048828
0 0.169499 0.068849 0.048828 0.048828
0 0.212006 0.040794 0.048828 0.048828
0 0.238360 0.128358 0.048828 0.048828
0 0.202654 0.136859 0.048828 0.048828
0 0.273215 0.132608 0.048828 0.048828
0 0.262163 0.085851 0.048828 0.048828
0 0.286817 0.073949 0.048828 0.048828
0 0.069184 0.027192 0.048828 0.048828
0 0.067484 0.055246 0.048828 0.048828
0 0.007974 0.023792 0.048828 0.048828
0 0.175043 0.552007 0.048828 0.048828
0 0.185996 0.504087 0.048828 0.048828
0 0.468039 0.005719 0.048828 0.048828
0 0.447502 0.024887 0.048828 0.048828
0 0.435180 0.068700 0.048828 0.048828
0 0.515959 0.028995 0.048828 0.048828
0 0.335232 0.083761 0.048828 0.048828
0 0.348924 0.045425 0.048828 0.048828
0 0.307849 0.041317 0.048828 0.048828
0 0.422857 0.156325 0.048828 0.048828
0 0.372199 0.133050 0.048828 0.048828
0 0.328387 0.112513 0.048828 0.048828
0 0.373568 0.191923 0.048828 0.048828
0 0.333863 0.197399 0.048828 0.048828
0 0.284574 0.171386 0.048828 0.048828
0 0.185996 0.235735 0.048828 0.048828
0 0.403098 0.026651 0.048828 0.048828
0 0.573396 0.060912 0.048828 0.048828
0 0.179394 0.188887 0.048828 0.048828