0 0.035783 0.126252 0.048828 0.048828
0 0.071890 0.082924 0.048828 0.048828
0 0.107094 0.049525 0.048828 0.048828
0 0.144103 0.163262 0.048828 0.048828
0 0.140492 0.196660 0.048828 0.048828
0 0.173891 0.177704 0.048828 0.048828
0 0.221733 0.176802 0.048828 0.048828
0 0.123342 0.280608 0.048828 0.048828
0 0.130563 0.309494 0.048828 0.048828
0 0.175696 0.321228 0.048828 0.048828
0 0.167572 0.347406 0.048828 0.048828
0 0.122439 0.340185 0.048828 0.048828
0 0.074598 0.355530 0.048828 0.048828
0 0.058350 0.309494 0.048828 0.048828
0 0.025853 0.341087 0.048828 0.048828
0 0.062863 0.393442 0.048828 0.048828
0 0.043004 0.377194 0.048828 0.048828
0 0.004189 0.378999 0.048828 0.048828
0 0.006897 0.421425 0.048828 0.048828
0 0.033075 0.443089 0.048828 0.048828
0 0.070084 0.436770 0.048828 0.048828
0 0.108899 0.456629 0.048828 0.048828
0 0.149519 0.445797 0.048828 0.048828
0 0.285822 0.014321 0.048828 0.048828
0 0.219025 0.003489 0.048828 0.048828
0 0.366159 0.020640 0.048828 0.048828
0 0.327345 0.017029 0.048828 0.048828
0 0.323734 0.071189 0.048828 0.048828
0 0.267769 0.081119 0.048828 0.048828
0 0.296654 0.105491 0.048828 0.048828
0 0.383310 0.102783 0.048828 0.048828
0 0.423028 0.099172 0.048828 0.048828
0 0.416709 0.064871 0.048828 0.048828
0 0.461842 0.062163 0.048828 0.048828
0 0.462745 0.022445 0.048828 0.048828
0 0.532250 0.008905 0.048828 0.048828
0 0.643279 0.015224 0.048828 0.048828
0 0.599951 0.018835 0.048828 0.048828
0 0.574676 0.032375 0.048828 0.048828
0 0.549401 0.060357 0.048828 0.048828
0 0.497949 0.046817 0.048828 0.048828
0 0.515100 0.079313 0.048828 0.048828
0 0.519613 0.108199 0.048828 0.048828
0 0.477188 0.108199 0.048828 0.048828
0 0.564747 0.105491 0.048828 0.048828
0 0.599048 0.059455 0.048828 0.048828
0 0.636057 0.062163 0.048828 0.048828
0 0.639668 0.100977 0.048828 0.048828
0 0.670359 0.080216 0.048828 0.048828
0 0.665845 0.046817 0.048828 0.048828
0 0.698341 0.114517 0.048828 0.048828
0 0.712784 0.072092 0.048828 0.048828
0 0.718200 0.032375 0.048828 0.048828
0 0.699244 0.005295 0.048828 0.048828
0 0.865335 0.047720 0.048828 0.048828
0 0.825618 0.023348 0.048828 0.048828
0 0.810272 0.058552 0.048828 0.048828
0 0.782290 0.063065 0.048828 0.048828
0 0.743475 0.018835 0.048828 0.048828
0 0.754307 0.066676 0.048828 0.048828
0 0.759723 0.091048 0.048828 0.048828
0 0.750696 0.107296 0.048828 0.048828
0 0.804856 0.095561 0.048828 0.048828
0 0.850892 0.117225 0.048828 0.048828
0 0.847282 0.088340 0.048828 0.048828
0 0.806662 0.133473 0.048828 0.048828
0 0.846379 0.162359 0.048828 0.048828
0 0.873459 0.193952 0.048828 0.048828
0 0.831936 0.195758 0.048828 0.048828
0 0.803051 0.166872 0.048828 0.048828
0 0.763334 0.133473 0.048828 0.048828
0 0.733545 0.150624 0.048828 0.048828
0 0.688412 0.149721 0.048828 0.048828
0 0.690217 0.180412 0.048828 0.048828
0 0.728129 0.196660 0.048828 0.048828
0 0.766042 0.188536 0.048828 0.048828
0 0.646889 0.160554 0.048828 0.048828
0 0.584605 0.134376 0.048828 0.048828
0 0.548498 0.137084 0.048828 0.048828
0 0.502462 0.128960 0.048828 0.048828
0 0.448302 0.136181 0.048828 0.048828
0 0.433860 0.161456 0.048828 0.048828
0 0.395045 0.147916 0.048828 0.048828
0 0.360743 0.158748 0.048828 0.048828
0 0.331858 0.171386 0.048828 0.048828
0 0.287627 0.225546 0.048828 0.048828
0 0.307486 0.244502 0.048828 0.048828
0 0.321026 0.305883 0.048828 0.048828
0 0.355327 0.304980 0.048828 0.048828
0 0.345398 0.254431 0.048828 0.048828
0 0.374283 0.245404 0.048828 0.048828
0 0.411293 0.190342 0.048828 0.048828
0 0.246105 0.551409 0.048828 0.048828
0 0.319221 0.520718 0.048828 0.048828
0 0.321026 0.495443 0.048828 0.048828
0 0.360743 0.498151 0.048828 0.048828
0 0.364354 0.461142 0.048828 0.048828
0 0.375186 0.434965 0.048828 0.048828
0 0.384213 0.396150 0.048828 0.048828
0 0.410390 0.388929 0.048828 0.048828
0 0.349911 0.397053 0.048828 0.048828
0 0.344495 0.353725 0.048828 0.048828
0 0.388726 0.357335 0.048828 0.048828
0 0.467258 0.308591 0.048828 0.048828
0 0.435665 0.313104 0.048828 0.048828
0 0.414904 0.295954 0.048828 0.048828
0 0.444692 0.281511 0.048828 0.048828
0 0.409488 0.257139 0.048828 0.048828
0 0.469966 0.248112 0.048828 0.048828
0 0.567455 0.188536 0.048828 0.048828
0 0.601756 0.189439 0.048828 0.048828
0 0.639668 0.195758 0.048828 0.048828
0 0.645987 0.233670 0.048828 0.048828
0 0.599951 0.221032 0.048828 0.048828
0 0.607172 0.260750 0.048828 0.048828
0 0.562941 0.254431 0.048828 0.048828
0 0.651403 0.264360 0.048828 0.048828
0 0.555720 0.288732 0.048828 0.048828
0 0.593632 0.299564 0.048828 0.048828
0 0.628836 0.313104 0.048828 0.048828
0 0.659527 0.340185 0.048828 0.048828
0 0.690217 0.315812 0.048828 0.048828
0 0.723616 0.286927 0.048828 0.048828
0 0.746183 0.249918 0.048828 0.048828
0 0.785900 0.253528 0.048828 0.048828
0 0.803051 0.228254 0.048828 0.048828
0 0.830131 0.243599 0.048828 0.048828
0 0.841866 0.221032 0.048828 0.048828
0 0.876167 0.212006 0.048828 0.048828
0 0.884291 0.240891 0.048828 0.048828
0 0.893318 0.275192 0.048828 0.048828
0 0.870751 0.278803 0.048828 0.048828
0 0.839158 0.294148 0.048828 0.048828
0 0.816591 0.287830 0.048828 0.048828
0 0.823812 0.313104 0.048828 0.048828
0 0.809370 0.336574 0.048828 0.048828
0 0.781387 0.315812 0.048828 0.048828
0 0.734448 0.352822 0.048828 0.048828
0 0.795830 0.368167 0.048828 0.048828
0 0.775068 0.398858 0.048828 0.048828
0 0.738059 0.399761 0.048828 0.048828
0 0.704660 0.407885 0.048828 0.048828
0 0.698341 0.364557 0.048828 0.048828
0 0.674872 0.382610 0.048828 0.048828
0 0.622517 0.367265 0.048828 0.048828
0 0.582800 0.337477 0.048828 0.048828
0 0.631544 0.402469 0.048828 0.048828
0 0.608075 0.408787 0.048828 0.048828
0 0.568357 0.429549 0.048828 0.048828
0 0.584605 0.380805 0.048828 0.048828
0 0.550304 0.371778 0.048828 0.048828
0 0.517808 0.337477 0.048828 0.048828
0 0.516002 0.397955 0.048828 0.048828
0 0.488922 0.353725 0.048828 0.048828
0 0.485312 0.418717 0.048828 0.048828
0 0.444692 0.405177 0.048828 0.048828
0 0.424833 0.457531 0.048828 0.048828
0 0.467258 0.445797 0.048828 0.048828
0 0.502462 0.452115 0.048828 0.048828
0 0.395045 0.490027 0.048828 0.048828
0 0.433860 0.473779 0.048828 0.048828
0 0.389629 0.540577 0.048828 0.048828
0 0.437470 0.510789 0.048828 0.048828
0 0.427541 0.553214 0.048828 0.048828
0 0.460940 0.530648 0.048828 0.048828
0 0.516002 0.512594 0.048828 0.048828
0 0.555720 0.495443 0.048828 0.048828
0 0.599048 0.470169 0.048828 0.048828
0 0.636057 0.448505 0.048828 0.048828
0 0.626128 0.549604 0.048828 0.048828
0 0.642376 0.509886 0.048828 0.048828
0 0.669456 0.458434 0.048828 0.048828
0 0.686607 0.494541 0.048828 0.048828
0 0.725421 0.496346 0.048828 0.048828
0 0.703757 0.558630 0.048828 0.048828
0 0.725421 0.553214 0.048828 0.048828
0 0.784998 0.427743 0.048828 0.048828
0 0.811175 0.408787 0.048828 0.048828
0 0.854503 0.345601 0.048828 0.048828
0 0.894220 0.333866 0.048828 0.048828
0 0.938451 0.328450 0.048828 0.048828
0 0.926717 0.357335 0.048828 0.048828
0 0.890610 0.370875 0.048828 0.048828
0 0.849087 0.384415 0.048828 0.048828
0 0.941159 0.387123 0.048828 0.048828
0 0.878875 0.403371 0.048828 0.048828
0 0.859919 0.429549 0.048828 0.048828
0 0.826520 0.463850 0.048828 0.048828
0 0.878875 0.459337 0.048828 0.048828
0 0.918593 0.480098 0.048828 0.048828
0 0.888804 0.506276 0.048828 0.048828
0 0.853600 0.527940 0.048828 0.048828
0 0.071890 0.499957 0.048828 0.048828
0 0.993514 0.403371 0.048828 0.048828
0 0.970045 0.363654 0.048828 0.048828
0 0.979974 0.454823 0.048828 0.048828
0 0.954699 0.426841 0.048828 0.048828
0 0.972753 0.495443 0.048828 0.048828
0 0.876167 0.554117 0.048828 0.048828
0 0.893318 0.577586 0.048828 0.048828
0 0.987195 0.581197 0.048828 0.048828
0 0.987195 0.603764 0.048828 0.048828
0 0.991709 0.641676 0.048828 0.048828
0 0.989001 0.686809 0.048828 0.048828
0 0.933938 0.634454 0.048828 0.048828
0 0.949283 0.687712 0.048828 0.048828
0 0.903247 0.671464 0.048828 0.048828
0 0.864432 0.692225 0.048828 0.048828
0 0.834644 0.657021 0.048828 0.048828
0 0.794927 0.639870 0.048828 0.048828
0 0.790414 0.603764 0.048828 0.048828
0 0.849087 0.591126 0.048828 0.048828
0 0.716395 0.606472 0.048828 0.048828
0 0.749794 0.629038 0.048828 0.048828
0 0.738962 0.654313 0.048828 0.048828
0 0.752502 0.677782 0.048828 0.048828
0 0.726324 0.686809 0.048828 0.048828
0 0.780484 0.707571 0.048828 0.048828
0 0.703757 0.722013 0.048828 0.048828
0 0.753404 0.746385 0.048828 0.048828
0 0.792219 0.737359 0.048828 0.048828
0 0.712784 0.768952 0.048828 0.048828
0 0.640571 0.757217 0.048828 0.048828
0 0.643279 0.714792 0.048828 0.048828
0 0.678483 0.671464 0.048828 0.048828
0 0.660429 0.656118 0.048828 0.048828
0 0.617101 0.655216 0.048828 0.048828
0 0.632447 0.627233 0.048828 0.048828
0 0.673067 0.617304 0.048828 0.048828
0 0.687509 0.585710 0.048828 0.048828
0 0.656819 0.591126 0.048828 0.048828
0 0.673067 0.534258 0.048828 0.048828
0 0.633349 0.589321 0.048828 0.048828
0 0.588216 0.579392 0.048828 0.048828
0 0.567455 0.618206 0.048828 0.048828
0 0.580995 0.643481 0.048828 0.048828
0 0.535861 0.616401 0.048828 0.048828
0 0.529542 0.640773 0.048828 0.048828
0 0.533153 0.668756 0.048828 0.048828
0 0.503365 0.670561 0.048828 0.048828
0 0.575579 0.688615 0.048828 0.048828
0 0.613491 0.694933 0.048828 0.048828
0 0.532250 0.694933 0.048828 0.048828
0 0.576481 0.728332 0.048828 0.048828
0 0.525029 0.719305 0.048828 0.048828
0 0.488020 0.728332 0.048828 0.048828
0 0.477188 0.694031 0.048828 0.048828
0 0.464550 0.770757 0.048828 0.048828
0 0.442886 0.694031 0.048828 0.048828
0 0.396850 0.669658 0.048828 0.048828
0 0.366159 0.640773 0.048828 0.048828
0 0.312902 0.657924 0.048828 0.048828
0 0.352619 0.703057 0.048828 0.048828
0 0.493436 0.610985 0.048828 0.048828
0 0.487117 0.569462 0.048828 0.048828
0 0.540374 0.563144 0.048828 0.048828
0 0.588216 0.537869 0.048828 0.048828
0 0.312902 0.764439 0.048828 0.048828
0 0.268671 0.738261 0.048828 0.048828
0 0.181112 0.595640 0.048828 0.048828
0 0.150422 0.620012 0.048828 0.048828
0 0.154032 0.687712 0.048828 0.048828
0 0.179307 0.722916 0.048828 0.048828
0 0.106191 0.705765 0.048828 0.048828
0 0.057447 0.664242 0.048828 0.048828
0 0.067376 0.620914 0.048828 0.048828
0 0.100775 0.595640 0.048828 0.048828
0 0.022243 0.641676 0.048828 0.048828
0 0.033075 0.683199 0.048828 0.048828
0 0.025853 0.720208 0.048828 0.048828
0 0.022243 0.783395 0.048828 0.048828
0 0.043907 0.811377 0.048828 0.048828
0 0.006897 0.822209 0.048828 0.048828
0 0.009605 0.462947 0.048828 0.048828
0 0.019535 0.929627 0.048828 0.048828
0 0.380602 0.907963 0.048828 0.048828
0 0.506073 0.886299 0.048828 0.048828
0 0.399558 0.834847 0.048828 0.048828
0 0.432957 0.835749 0.048828 0.048828
0 0.471772 0.835749 0.048828 0.048828
0 0.517808 0.851997 0.048828 0.048828
0 0.557525 0.851997 0.048828 0.048828
0 0.590021 0.860122 0.048828 0.048828
0 0.560233 0.889910 0.048828 0.048828
0 0.626128 0.849289 0.048828 0.048828
0 0.563844 0.929627 0.048828 0.048828
0 0.568357 0.972052 0.048828 0.048828
0 0.601756 0.967539 0.048828 0.048828
0 0.638765 0.947680 0.048828 0.048828
0 0.114315 0.957610 0.048828 0.048828
0 0.502462 0.993716 0.048828 0.048828
0 0.677580 0.800545 0.048828 0.048828
0 0.726324 0.809572 0.048828 0.048828
0 0.775068 0.777979 0.048828 0.048828
0 0.771458 0.822209 0.048828 0.048828
0 0.803954 0.810475 0.048828 0.048828
0 0.840963 0.803253 0.048828 0.048828
0 0.842768 0.771660 0.048828 0.048828
0 0.814786 0.764439 0.048828 0.048828
0 0.869848 0.788811 0.048828 0.048828
0 0.875264 0.765341 0.048828 0.048828
0 0.913177 0.748191 0.048828 0.048828
0 0.906858 0.717500 0.048828 0.048828
0 0.921301 0.784297 0.048828 0.048828
0 0.958310 0.804156 0.048828 0.048828
0 0.996222 0.808669 0.048828 0.048828
0 0.994417 0.759023 0.048828 0.048828
0 0.903247 0.816793 0.048828 0.048828
0 0.955602 0.852900 0.048828 0.048828
0 0.905955 0.848387 0.048828 0.048828
0 0.866238 0.840263 0.048828 0.048828
0 0.812078 0.849289 0.048828 0.048828
0 0.773263 0.848387 0.048828 0.048828
0 0.693828 0.841165 0.048828 0.048828
0 0.650500 0.843873 0.048828 0.048828
0 0.659527 0.907963 0.048828 0.048828
0 0.674872 0.876370 0.048828 0.048828
0 0.706465 0.885396 0.048828 0.048828
0 0.764236 0.868246 0.048828 0.048828
0 0.773263 0.897131 0.048828 0.048828
0 0.798538 0.899839 0.048828 0.048828
0 0.843671 0.878175 0.048828 0.048828
0 0.886999 0.882688 0.048828 0.048828
0 0.924911 0.900742 0.048828 0.048828
0 0.969142 0.879980 0.048828 0.048828
0 0.979974 0.953096 0.048828 0.048828
0 0.938451 0.950388 0.048828 0.048828
0 0.889707 0.950388 0.048828 0.048828
0 0.868043 0.914282 0.048828 0.048828
0 0.854503 0.935043 0.048828 0.048828
0 0.826520 0.919698 0.048828 0.048828
0 0.784095 0.944972 0.048828 0.048828
0 0.755210 0.951291 0.048828 0.048828
0 0.761528 0.982884 0.048828 0.048828
0 0.723616 0.963026 0.048828 0.048828
0 0.735351 0.917892 0.048828 0.048828
0 0.673969 0.961220 0.048828 0.048828
0 0.808467 0.989203 0.048828 0.048828
0 0.832839 0.963026 0.048828 0.048828
0 0.470905 0.643774 0.048828 0.048828
0 0.427574 0.738496 0.048828 0.048828
0 0.270377 0.476499 0.048828 0.048828
0 0.209095 0.070287 0.048828 0.048828
0 0.265061 0.277900 0.048828 0.048828
0 0.277698 0.384415 0.048828 0.048828
0 0.217219 0.509886 0.048828 0.048828
0 0.114315 0.880883 0.048828 0.048828
0 0.213608 0.908866 0.048828 0.048828
0 0.171183 0.968442 0.048828 0.048828
0 0.396850 0.983787 0.048828 0.048828
0 0.447400 0.980176 0.048828 0.048828
0 0.476285 0.948583 0.048828 0.048828