0 0.885018 0.453326 0.048828 0.048828
0 0.854817 0.505337 0.048828 0.048828
0 0.893406 0.530504 0.048828 0.048828
0 0.931996 0.488559 0.048828 0.048828
0 0.948773 0.473459 0.048828 0.048828
0 0.027710 0.011371 0.048828 0.048828
0 0.080108 0.035188 0.048828 0.048828
0 0.080108 0.049479 0.048828 0.048828
0 0.132507 0.060593 0.048828 0.048828
0 0.037950 0.077840 0.048828 0.048828
0 0.030793 0.144646 0.048828 0.048828
0 0.108335 0.138681 0.048828 0.048828
0 0.164404 0.112436 0.048828 0.048828
0 0.263420 0.133909 0.048828 0.048828
0 0.307559 0.126751 0.048828 0.048828
0 0.356470 0.116015 0.048828 0.048828
0 0.383908 0.069489 0.048828 0.048828
0 0.428048 0.058753 0.048828 0.048828
0 0.424469 0.119594 0.048828 0.048828
0 0.444749 0.112436 0.048828 0.048828
0 0.473380 0.101699 0.048828 0.048828
0 0.568817 0.223381 0.048828 0.048828
0 0.543765 0.236504 0.048828 0.048828
0 0.614150 0.236504 0.048828 0.048828
0 0.647552 0.292573 0.048828 0.048828
0 0.648745 0.317625 0.048828 0.048828
0 0.470994 0.229346 0.048828 0.048828
0 0.382716 0.219802 0.048828 0.048828
0 0.358856 0.204294 0.048828 0.048828
0 0.332611 0.201908 0.048828 0.048828
0 0.345734 0.226960 0.048828 0.048828
0 0.312331 0.226960 0.048828 0.048828
0 0.263420 0.247240 0.048828 0.048828
0 0.214508 0.281836 0.048828 0.048828
0 0.199000 0.205487 0.048828 0.048828
0 0.163211 0.218609 0.048828 0.048828
0 0.133387 0.228153 0.048828 0.048828
0 0.099984 0.211451 0.048828 0.048828
0 0.108335 0.242468 0.048828 0.048828
0 0.035564 0.218609 0.048828 0.048828
0 0.020056 0.329554 0.048828 0.048828
0 0.319489 0.290187 0.048828 0.048828
0 0.391066 0.325976 0.048828 0.048828
0 0.184684 0.303309 0.048828 0.048828
0 0.144124 0.320011 0.048828 0.048828
0 0.016477 0.454815 0.048828 0.048828
0 0.058231 0.448850 0.048828 0.048828
0 0.116686 0.438114 0.048828 0.048828
0 0.182298 0.423798 0.048828 0.048828
0 0.252683 0.410676 0.048828 0.048828
0 0.281314 0.458394 0.048828 0.048828
0 0.255069 0.509691 0.048828 0.048828
0 0.311138 0.500148 0.048828 0.048828
0 0.151281 0.513270 0.048828 0.048828
0 0.308752 0.572918 0.048828 0.048828
0 0.340962 0.569339 0.048828 0.048828
0 0.383908 0.594391 0.048828 0.048828
0 0.417311 0.592005 0.048828 0.048828
0 0.451907 0.657618 0.048828 0.048828
0 0.405382 0.677898 0.048828 0.048828
0 0.375558 0.692214 0.048828 0.048828
0 0.355277 0.699372 0.048828 0.048828
0 0.326646 0.712494 0.048828 0.048828
0 0.346927 0.760213 0.048828 0.048828
0 0.315910 0.763792 0.048828 0.048828
0 0.276542 0.767370 0.048828 0.048828
0 0.230017 0.762599 0.048828 0.048828
0 0.190649 0.821054 0.048828 0.048828
0 0.157246 0.770949 0.048828 0.048828
0 0.172755 0.688635 0.048828 0.048828
0 0.251490 0.688635 0.048828 0.048828
0 0.235982 0.664776 0.048828 0.048828
0 0.264613 0.605128 0.048828 0.048828
0 0.955485 0.562382 0.048828 0.048828
0 0.846428 0.661371 0.048828 0.048828
0 0.297792 0.015423 0.048828 0.048828
0 0.085669 0.162540 0.048828 0.048828
0 0.231210 0.309274 0.048828 0.048828
0 0.492468 0.082612 0.048828 0.048828
0 0.674990 0.278257 0.048828 0.048828
0 0.739410 0.711301 0.048828 0.048828
0 0.710779 0.683863 0.048828 0.048828
0 0.459065 0.560988 0.048828 0.048828
0 0.405382 0.402325 0.048828 0.048828