0 0.040505 0.972179 0.048828 0.048828
0 0.996458 0.601253 0.048828 0.048828
0 0.986223 0.981086 0.048828 0.048828
0 0.982811 0.902617 0.048828 0.048828
0 0.952106 0.960616 0.048828 0.048828
0 0.952106 0.870775 0.048828 0.048828
0 0.981674 0.741132 0.048828 0.048828
0 0.991909 0.689957 0.048828 0.048828
0 0.970302 0.649017 0.048828 0.048828
0 0.932773 0.645605 0.048828 0.048828
0 0.920264 0.679722 0.048828 0.048828
0 0.952106 0.701329 0.048828 0.048828
0 0.931636 0.727485 0.048828 0.048828
0 0.947557 0.779797 0.048828 0.048828
0 0.957792 0.819600 0.048828 0.048828
0 0.912303 0.811640 0.048828 0.048828
0 0.910029 0.762739 0.048828 0.048828
0 0.875912 0.725211 0.048828 0.048828
0 0.863403 0.669487 0.048828 0.048828
0 0.879324 0.639919 0.048828 0.048828
0 0.923675 0.589881 0.048828 0.048828
0 0.968027 0.562588 0.048828 0.048828
0 0.991909 0.542118 0.048828 0.048828
0 0.977125 0.500041 0.048828 0.048828
0 0.941871 0.515962 0.048828 0.048828
0 0.911166 0.547804 0.048828 0.048828
0 0.874775 0.570548 0.048828 0.048828
0 0.861128 0.608077 0.048828 0.048828
0 0.821325 0.609214 0.048828 0.048828
0 0.820188 0.643331 0.048828 0.048828
0 0.786072 0.642193 0.048828 0.048828
0 0.806542 0.674036 0.048828 0.048828
0 0.807679 0.716113 0.048828 0.048828
0 0.844070 0.763876 0.048828 0.048828
0 0.801993 0.768425 0.048828 0.048828
0 0.766739 0.746818 0.048828 0.048828
0 0.771288 0.677447 0.048828 0.048828
0 0.740583 0.647880 0.048828 0.048828
0 0.862265 0.803679 0.048828 0.048828
0 0.894108 0.843482 0.048828 0.048828
0 0.914578 0.886696 0.048828 0.048828
0 0.917989 0.940146 0.048828 0.048828
0 0.908892 0.969714 0.048828 0.048828
0 0.874775 0.934460 0.048828 0.048828
0 0.866814 0.887834 0.048828 0.048828
0 0.839521 0.853717 0.048828 0.048828
0 0.821325 0.811640 0.048828 0.048828
0 0.769013 0.802542 0.048828 0.048828
0 0.776974 0.851442 0.048828 0.048828
0 0.815639 0.891245 0.048828 0.048828
0 0.774699 0.915127 0.048828 0.048828
0 0.820188 0.939009 0.048828 0.048828
0 0.812228 0.993595 0.048828 0.048828
0 0.854305 0.969714 0.048828 0.048828
0 0.756504 0.958341 0.048828 0.048828
0 0.737171 0.998144 0.048828 0.048828
0 0.676898 0.999281 0.048828 0.048828
0 0.704192 0.952655 0.048828 0.048828
0 0.721250 0.915127 0.048828 0.048828
0 0.733759 0.865089 0.048828 0.048828
0 0.745132 0.829835 0.048828 0.048828
0 0.726936 0.791170 0.048828 0.048828
0 0.723524 0.729760 0.048828 0.048828
0 0.700780 0.765013 0.048828 0.048828
0 0.714427 0.688820 0.048828 0.048828
0 0.696231 0.641056 0.048828 0.048828
0 0.670075 0.659252 0.048828 0.048828
0 0.630272 0.650154 0.048828 0.048828
0 0.608665 0.686545 0.048828 0.048828
0 0.634821 0.719525 0.048828 0.048828
0 0.675761 0.705878 0.048828 0.048828
0 0.632547 0.790032 0.048828 0.048828
0 0.605253 0.749092 0.048828 0.048828
0 0.583646 0.709290 0.048828 0.048828
0 0.584783 0.656977 0.048828 0.048828
0 0.631409 0.613763 0.048828 0.048828
0 0.571137 0.604665 0.048828 0.048828
0 0.540432 0.625135 0.048828 0.048828
0 0.543843 0.676310 0.048828 0.048828
0 0.521099 0.704741 0.048828 0.048828
0 0.537020 0.730897 0.048828 0.048828
0 0.560902 0.761602 0.048828 0.048828
0 0.579097 0.799130 0.048828 0.048828
0 0.606390 0.829835 0.048828 0.048828
0 0.659840 0.833247 0.048828 0.048828
0 0.697368 0.838933 0.048828 0.048828
0 0.685996 0.886696 0.048828 0.048828
0 0.646193 0.865089 0.048828 0.048828
0 0.675761 0.919676 0.048828 0.048828
0 0.629135 0.923087 0.048828 0.048828
0 0.583646 0.932185 0.048828 0.048828
0 0.595018 0.876461 0.048828 0.048828
0 0.568862 0.838933 0.048828 0.048828
0 0.535883 0.782072 0.048828 0.048828
0 0.504040 0.834384 0.048828 0.048828
0 0.498354 0.790032 0.048828 0.048828
0 0.506315 0.749092 0.048828 0.048828
0 0.490394 0.712701 0.048828 0.048828
0 0.497217 0.663801 0.048828 0.048828
0 0.548392 0.909441 0.048828 0.048828
0 0.643919 0.969714 0.048828 0.048828
0 0.577960 0.976537 0.048828 0.048828
0 0.866814 0.998144 0.048828 0.048828
0 0.505178 0.960616 0.048828 0.048828
0 0.460826 0.990184 0.048828 0.048828
0 0.341418 0.985635 0.048828 0.048828
0 0.397141 0.975400 0.048828 0.048828
0 0.427846 0.954930 0.048828 0.048828
0 0.469924 0.929911 0.048828 0.048828
0 0.476747 0.873050 0.048828 0.048828
0 0.447179 0.836658 0.048828 0.048828
0 0.422160 0.868501 0.048828 0.048828
0 0.443768 0.899206 0.048828 0.048828
0 0.401690 0.924225 0.048828 0.048828
0 0.352790 0.942420 0.048828 0.048828
0 0.325496 0.941283 0.048828 0.048828
0 0.285694 0.943557 0.048828 0.048828
0 0.249303 0.981086 0.048828 0.048828
0 0.087817 0.913990 0.048828 0.048828
0 0.113973 0.927636 0.048828 0.048828
0 0.074170 0.865089 0.048828 0.048828
0 0.050289 0.823012 0.048828 0.048828
0 0.033230 0.786621 0.048828 0.048828
0 0.010486 0.819600 0.048828 0.048828
0 0.025270 0.661526 0.048828 0.048828
0 0.019584 0.586470 0.048828 0.048828
0 0.037779 0.625135 0.048828 0.048828
0 0.019584 0.709290 0.048828 0.048828
0 0.066210 0.743406 0.048828 0.048828
0 0.086680 0.795718 0.048828 0.048828
0 0.111699 0.869638 0.048828 0.048828
0 0.161736 0.942420 0.048828 0.048828
0 0.204951 0.920813 0.048828 0.048828
0 0.159462 0.892382 0.048828 0.048828
0 0.169697 0.846893 0.048828 0.048828
0 0.218598 0.865089 0.048828 0.048828
0 0.242479 0.894657 0.048828 0.048828
0 0.294791 0.891245 0.048828 0.048828
0 0.348241 0.902617 0.048828 0.048828
0 0.372123 0.858266 0.048828 0.048828
0 0.407376 0.825286 0.048828 0.048828
0 0.450591 0.785483 0.048828 0.048828
0 0.396004 0.770700 0.048828 0.048828
0 0.456277 0.729760 0.048828 0.048828
0 0.383495 0.724073 0.048828 0.048828
0 0.425572 0.713838 0.048828 0.048828
0 0.450591 0.678585 0.048828 0.048828
0 0.407376 0.680859 0.048828 0.048828
0 0.366436 0.677447 0.048828 0.048828
0 0.341418 0.631958 0.048828 0.048828
0 0.410788 0.637645 0.048828 0.048828
0 0.440356 0.622861 0.048828 0.048828
0 0.476747 0.629684 0.048828 0.048828
0 0.473335 0.586470 0.048828 0.048828
0 0.396004 0.589881 0.048828 0.048828
0 0.326634 0.583058 0.048828 0.048828
0 0.368711 0.639919 0.048828 0.048828
0 0.327771 0.683133 0.048828 0.048828
0 0.320948 0.724073 0.048828 0.048828
0 0.345966 0.767288 0.048828 0.048828
0 0.348241 0.823012 0.048828 0.048828
0 0.270910 0.815051 0.048828 0.048828
0 0.308438 0.799130 0.048828 0.048828
0 0.293654 0.755916 0.048828 0.048828
0 0.250440 0.758190 0.048828 0.048828
0 0.264086 0.714976 0.048828 0.048828
0 0.233381 0.725211 0.048828 0.048828
0 0.223146 0.685408 0.048828 0.048828
0 0.273184 0.664938 0.048828 0.048828
0 0.231107 0.642193 0.048828 0.048828
0 0.291380 0.622861 0.048828 0.048828
0 0.258400 0.589881 0.048828 0.048828
0 0.226558 0.602391 0.048828 0.048828
0 0.170834 0.588744 0.048828 0.048828
0 0.128757 0.600116 0.048828 0.048828
0 0.103738 0.626272 0.048828 0.048828
0 0.065073 0.594430 0.048828 0.048828
0 0.182206 0.689957 0.048828 0.048828
0 0.116248 0.693368 0.048828 0.048828
0 0.123071 0.760465 0.048828 0.048828
0 0.158325 0.738857 0.048828 0.048828
0 0.183344 0.766151 0.048828 0.048828
0 0.216323 0.761602 0.048828 0.048828
0 0.218598 0.815051 0.048828 0.048828
0 0.177658 0.805953 0.048828 0.048828
0 0.131031 0.803679 0.048828 0.048828
0 0.007074 0.281694 0.048828 0.048828
0 0.048014 0.324908 0.048828 0.048828
0 0.008211 0.331732 0.048828 0.048828
0 0.021858 0.389730 0.048828 0.048828
0 0.062798 0.388593 0.048828 0.048828
0 0.040054 0.427258 0.048828 0.048828
0 0.077582 0.431807 0.048828 0.048828
0 0.043465 0.461375 0.048828 0.048828
0 0.077582 0.484120 0.048828 0.048828
0 0.050289 0.508001 0.048828 0.048828
0 0.053700 0.561451 0.048828 0.048828
0 0.096915 0.523922 0.048828 0.048828
0 0.094640 0.567137 0.048828 0.048828
0 0.133306 0.550078 0.048828 0.048828
0 0.168560 0.526197 0.048828 0.048828
0 0.182206 0.545530 0.048828 0.048828
0 0.220872 0.562588 0.048828 0.048828
0 0.216323 0.523922 0.048828 0.048828
0 0.251577 0.529608 0.048828 0.048828
0 0.265224 0.555765 0.048828 0.048828
0 0.306164 0.552353 0.048828 0.048828
0 0.293654 0.509138 0.048828 0.048828
0 0.353927 0.504590 0.048828 0.048828
0 0.405102 0.509138 0.048828 0.048828
0 0.399416 0.546667 0.048828 0.048828
0 0.444905 0.551216 0.048828 0.048828
0 0.500629 0.556902 0.048828 0.048828
0 0.541569 0.573960 0.048828 0.048828
0 0.448316 0.512550 0.048828 0.048828
0 0.479021 0.523922 0.048828 0.048828
0 0.514275 0.503452 0.048828 0.048828
0 0.523373 0.531883 0.048828 0.048828
0 0.562039 0.537569 0.048828 0.048828
0 0.568862 0.495492 0.048828 0.048828
0 0.539294 0.471610 0.048828 0.048828
0 0.481296 0.472747 0.048828 0.048828
0 0.443768 0.461375 0.048828 0.048828
0 0.382358 0.465924 0.048828 0.048828
0 0.274321 0.469336 0.048828 0.048828
0 0.309575 0.439768 0.048828 0.048828
0 0.355064 0.421572 0.048828 0.048828
0 0.312987 0.397691 0.048828 0.048828
0 0.270910 0.402239 0.048828 0.048828
0 0.225421 0.469336 0.048828 0.048828
0 0.212911 0.412474 0.048828 0.048828
0 0.173109 0.437493 0.048828 0.048828
0 0.177658 0.484120 0.048828 0.048828
0 0.125345 0.495492 0.048828 0.048828
0 0.118522 0.457963 0.048828 0.048828
0 0.115110 0.413612 0.048828 0.048828
0 0.162874 0.397691 0.048828 0.048828
0 0.100326 0.359025 0.048828 0.048828
0 0.136718 0.356751 0.048828 0.048828
0 0.192441 0.355613 0.048828 0.048828
0 0.239068 0.364711 0.048828 0.048828
0 0.227695 0.323771 0.048828 0.048828
0 0.278870 0.316948 0.048828 0.048828
0 0.315261 0.308987 0.048828 0.048828
0 0.343692 0.341967 0.048828 0.048828
0 0.284556 0.357888 0.048828 0.048828
0 0.363025 0.387456 0.048828 0.048828
0 0.413063 0.371534 0.048828 0.048828
0 0.443768 0.378358 0.048828 0.048828
0 0.446042 0.423847 0.048828 0.048828
0 0.475610 0.413612 0.048828 0.048828
0 0.508589 0.434082 0.048828 0.048828
0 0.544980 0.419298 0.048828 0.048828
0 0.499491 0.373809 0.048828 0.048828
0 0.494943 0.337418 0.048828 0.048828
0 0.564313 0.352202 0.048828 0.048828
0 0.451728 0.341967 0.048828 0.048828
0 0.468786 0.291929 0.048828 0.048828
0 0.527922 0.291929 0.048828 0.048828
0 0.562039 0.265773 0.048828 0.048828
0 0.530197 0.218009 0.048828 0.048828
0 0.514275 0.247577 0.048828 0.048828
0 0.455140 0.247577 0.048828 0.048828
0 0.474473 0.194128 0.048828 0.048828
0 0.438081 0.192991 0.048828 0.048828
0 0.393730 0.231656 0.048828 0.048828
0 0.413063 0.283968 0.048828 0.048828
0 0.399416 0.327183 0.048828 0.048828
0 0.356201 0.294203 0.048828 0.048828
0 0.334594 0.233931 0.048828 0.048828
0 0.394867 0.180481 0.048828 0.048828
0 0.369848 0.195265 0.048828 0.048828
0 0.332320 0.177069 0.048828 0.048828
0 0.286831 0.202088 0.048828 0.048828
0 0.277733 0.266910 0.048828 0.048828
0 0.242479 0.239617 0.048828 0.048828
0 0.242479 0.266910 0.048828 0.048828
0 0.209500 0.282831 0.048828 0.048828
0 0.175383 0.252126 0.048828 0.048828
0 0.196990 0.206637 0.048828 0.048828
0 0.239068 0.174795 0.048828 0.048828
0 0.284556 0.155462 0.048828 0.048828
0 0.206088 0.140678 0.048828 0.048828
0 0.168560 0.146364 0.048828 0.048828
0 0.166285 0.302164 0.048828 0.048828
0 0.119659 0.293066 0.048828 0.048828
0 0.077582 0.297615 0.048828 0.048828
0 0.033230 0.265773 0.048828 0.048828
0 0.092366 0.247577 0.048828 0.048828
0 0.137855 0.216872 0.048828 0.048828
0 0.104875 0.171383 0.048828 0.048828
0 0.078719 0.197539 0.048828 0.048828
0 0.053700 0.161148 0.048828 0.048828
0 0.084405 0.139541 0.048828 0.048828
0 0.120796 0.124757 0.048828 0.048828
0 0.052563 0.218009 0.048828 0.048828
0 0.010486 0.175932 0.048828 0.048828
0 0.010486 0.230519 0.048828 0.048828
0 0.009349 0.115659 0.048828 0.048828
0 0.021134 0.043321 0.048828 0.048828
0 0.040373 0.082931 0.048828 0.048828
0 0.094696 0.086326 0.048828 0.048828
0 0.150149 0.102170 0.048828 0.048828
0 0.193154 0.102170 0.048828 0.048828
0 0.184101 0.048979 0.048828 0.048828
0 0.152413 0.065955 0.048828 0.048828
0 0.153545 0.009370 0.048828 0.048828
0 0.116198 0.027477 0.048828 0.048828
0 0.073193 0.037662 0.048828 0.048828
0 0.220316 0.024082 0.048828 0.048828
0 0.224842 0.060297 0.048828 0.048828
0 0.242950 0.104433 0.048828 0.048828
0 0.287087 0.111224 0.048828 0.048828
0 0.261057 0.027477 0.048828 0.048828
0 0.275769 0.064823 0.048828 0.048828
0 0.292745 0.032004 0.048828 0.048828
0 0.313116 0.056901 0.048828 0.048828
0 0.348199 0.105565 0.048828 0.048828
0 0.348199 0.078404 0.048828 0.048828
0 0.391204 0.077272 0.048828 0.048828
0 0.354989 0.046716 0.048828 0.048828
0 0.399126 0.042189 0.048828 0.048828
0 0.347067 0.146307 0.048828 0.048828
0 0.379887 0.130463 0.048828 0.048828
0 0.414970 0.142912 0.048828 0.048828
0 0.414970 0.106697 0.048828 0.048828
0 0.362911 0.010501 0.048828 0.048828
0 0.452317 0.017292 0.048828 0.048828
0 0.437604 0.054638 0.048828 0.048828
0 0.451185 0.101038 0.048828 0.048828
0 0.486268 0.089721 0.048828 0.048828
0 0.534932 0.093116 0.048828 0.048828
0 0.498717 0.041057 0.048828 0.048828
0 0.554171 0.047848 0.048828 0.048828
0 0.586990 0.078404 0.048828 0.048828
0 0.610756 0.029740 0.048828 0.048828
0 0.652630 0.044453 0.048828 0.048828
0 0.742035 0.042189 0.048828 0.048828
0 0.704688 0.035399 0.048828 0.048828
0 0.699030 0.073877 0.048828 0.048828
0 0.740903 0.081799 0.048828 0.048828
0 0.728454 0.118014 0.048828 0.048828
0 0.662815 0.095380 0.048828 0.048828
0 0.660552 0.148570 0.048828 0.048828
0 0.709215 0.150834 0.048828 0.048828
0 0.718269 0.189312 0.048828 0.048828
0 0.677527 0.179126 0.048828 0.048828
0 0.631127 0.173468 0.048828 0.048828
0 0.695635 0.218736 0.048828 0.048828
0 0.650366 0.221000 0.048828 0.048828
0 0.603966 0.223263 0.048828 0.048828
0 0.577937 0.182522 0.048828 0.048828
0 0.523614 0.181390 0.048828 0.048828
0 0.478346 0.150834 0.048828 0.048828
0 0.546249 0.136121 0.048828 0.048828
0 0.597176 0.136121 0.048828 0.048828
0 0.603966 0.565040 0.048828 0.048828
0 0.610756 0.534484 0.048828 0.048828
0 0.583595 0.519772 0.048828 0.048828
0 0.618678 0.486952 0.048828 0.048828
0 0.572278 0.459791 0.048828 0.048828
0 0.611888 0.443947 0.048828 0.048828
0 0.639049 0.445079 0.048828 0.048828
0 0.668474 0.414523 0.048828 0.048828
0 0.599439 0.400942 0.048828 0.048828
0 0.632259 0.385098 0.048828 0.048828
0 0.666210 0.378308 0.048828 0.048828
0 0.678659 0.347752 0.048828 0.048828
0 0.641313 0.326249 0.048828 0.048828
0 0.603966 0.326249 0.048828 0.048828
0 0.618678 0.269663 0.048828 0.048828
0 0.660552 0.290034 0.048828 0.048828
0 0.682054 0.258346 0.048828 0.048828
0 0.700162 0.303615 0.048828 0.048828
0 0.737508 0.244766 0.048828 0.048828
0 0.788435 0.270795 0.048828 0.048828
0 0.765801 0.300220 0.048828 0.048828
0 0.782777 0.346620 0.048828 0.048828
0 0.730718 0.361332 0.048828 0.048828
0 0.711479 0.403205 0.048828 0.048828
0 0.678659 0.463186 0.048828 0.048828
0 0.728454 0.442815 0.048828 0.048828
0 0.781645 0.419049 0.048828 0.048828
0 0.808806 0.374913 0.048828 0.048828
0 0.833704 0.338698 0.048828 0.048828
0 0.842757 0.287771 0.048828 0.048828
0 0.817860 0.244766 0.048828 0.048828
0 0.795225 0.207419 0.048828 0.048828
0 0.782777 0.163282 0.048828 0.048828
0 0.783908 0.045584 0.048828 0.048828
0 0.791830 0.078404 0.048828 0.048828
0 0.798621 0.130463 0.048828 0.048828
0 0.826913 0.188180 0.048828 0.048828
0 0.863128 0.197234 0.048828 0.048828
0 0.861996 0.240239 0.048828 0.048828
0 0.901606 0.236844 0.048828 0.048828
0 0.894816 0.287771 0.048828 0.048828
0 0.916319 0.312668 0.048828 0.048828
0 0.893684 0.356805 0.048828 0.048828
0 0.895948 0.391888 0.048828 0.048828
0 0.850679 0.424708 0.048828 0.048828
0 0.902738 0.421313 0.048828 0.048828
0 0.914055 0.459791 0.048828 0.048828
0 0.951402 0.466581 0.048828 0.048828
0 0.903870 0.496006 0.048828 0.048828
0 0.873314 0.523167 0.048828 0.048828
0 0.860865 0.488084 0.048828 0.048828
0 0.809938 0.439420 0.048828 0.048828
0 0.850679 0.554855 0.048828 0.048828
0 0.812201 0.562777 0.048828 0.048828
0 0.802016 0.519772 0.048828 0.048828
0 0.795225 0.483557 0.048828 0.048828
0 0.765801 0.507323 0.048828 0.048828
0 0.768064 0.462054 0.048828 0.048828
0 0.722796 0.480162 0.048828 0.048828
0 0.667342 0.500533 0.048828 0.048828
0 0.755615 0.555987 0.048828 0.048828
0 0.718269 0.552591 0.048828 0.048828
0 0.740903 0.593333 0.048828 0.048828
0 0.788435 0.594465 0.048828 0.048828
0 0.683186 0.591070 0.048828 0.048828
0 0.651498 0.558250 0.048828 0.048828
0 0.940085 0.363595 0.048828 0.048828
0 0.975168 0.387361 0.048828 0.048828
0 0.942348 0.412259 0.048828 0.048828
0 0.963851 0.436025 0.048828 0.048828
0 0.980826 0.343225 0.048828 0.048828
0 0.985353 0.261741 0.048828 0.048828
0 0.952533 0.301351 0.048828 0.048828
0 0.951402 0.267400 0.048828 0.048828
0 0.969509 0.211946 0.048828 0.048828
0 0.985353 0.133858 0.048828 0.048828
0 0.940085 0.125936 0.048828 0.048828
0 0.962719 0.103302 0.048828 0.048828
0 0.916319 0.199497 0.048828 0.048828
0 0.893684 0.150834 0.048828 0.048828
0 0.843889 0.149702 0.048828 0.048828
0 0.897079 0.102170 0.048828 0.048828
0 0.848416 0.097643 0.048828 0.048828
0 0.839362 0.041057 0.048828 0.048828
0 0.882367 0.048979 0.048828 0.048828
0 0.927636 0.059165 0.048828 0.048828
0 0.979694 0.059165 0.048828 0.048828
0 0.961587 0.017292 0.048828 0.048828
0 0.848416 0.003711 0.048828 0.048828