0 0.046315 0.053928 0.048828 0.048828
0 0.039214 0.014873 0.048828 0.048828
0 0.087736 0.010139 0.048828 0.048828
0 0.175313 0.017240 0.048828 0.048828
0 0.208450 0.008956 0.048828 0.048828
0 0.223405 0.060060 0.048828 0.048828
0 0.265365 0.024556 0.048828 0.048828
0 0.265365 0.142903 0.048828 0.048828
0 0.310552 0.143979 0.048828 0.048828
0 0.325614 0.105247 0.048828 0.048828
0 0.335297 0.049301 0.048828 0.048828
0 0.383712 0.047150 0.048828 0.048828
0 0.437507 0.038542 0.048828 0.048828
0 0.570916 0.056832 0.048828 0.048828
0 0.230937 0.182711 0.048828 0.048828
0 0.433203 0.081578 0.048828 0.048828
0 0.471935 0.106323 0.048828 0.048828
0 0.526805 0.104171 0.048828 0.048828
0 0.353587 0.170876 0.048828 0.048828
0 0.010985 0.112463 0.048828 0.048828
0 0.125689 0.113752 0.048828 0.048828