0 0.980429 0.559708 0.006704 0.009938
0 0.970984 0.550488 0.006704 0.009938
0 0.961539 0.536487 0.006704 0.009938
0 0.946796 0.509167 0.006704 0.009938
0 0.952325 0.506094 0.006704 0.009938
0 0.958084 0.514290 0.006704 0.009938
0 0.974670 0.517704 0.006704 0.009938
0 0.944032 0.517704 0.006704 0.009938
0 0.936891 0.517022 0.006704 0.009938
0 0.988722 0.653619 0.006704 0.009938
0 0.895195 0.569953 0.006704 0.009938
0 0.876765 0.577466 0.006704 0.009938
0 0.893582 0.553220 0.006704 0.009938
0 0.899341 0.499947 0.006704 0.009938
0 0.888053 0.482531 0.006704 0.009938
0 0.816640 0.632788 0.006704 0.009938
0 0.808117 0.635178 0.006704 0.009938
0 0.803279 0.634495 0.006704 0.009938
0 0.798902 0.637910 0.006704 0.009938
0 0.793143 0.640642 0.006704 0.009938
0 0.785311 0.643716 0.006704 0.009938
0 0.788306 0.635178 0.006704 0.009938
0 0.789688 0.624592 0.006704 0.009938
0 0.787154 0.609908 0.006704 0.009938
0 0.819405 0.360959 0.006704 0.009938
0 0.831384 0.368472 0.006704 0.009938
0 0.837143 0.371545 0.006704 0.009938
0 0.794986 0.380766 0.006704 0.009938
0 0.797981 0.381107 0.006704 0.009938
0 0.819866 0.401597 0.006704 0.009938
0 0.820787 0.420720 0.006704 0.009938
0 0.830923 0.423452 0.006704 0.009938
0 0.869394 0.411158 0.006704 0.009938
0 0.791070 0.462383 0.006704 0.009938
0 0.804431 0.465114 0.006704 0.009938
0 0.811572 0.452479 0.006704 0.009938
0 0.811342 0.463065 0.006704 0.009938
0 0.814567 0.465456 0.006704 0.009938
0 0.817792 0.464090 0.006704 0.009938
0 0.819866 0.458968 0.006704 0.009938
0 0.820787 0.463065 0.006704 0.009938
0 0.823782 0.471603 0.006704 0.009938
0 0.827928 0.472286 0.006704 0.009938
0 0.827468 0.464431 0.006704 0.009938
0 0.830462 0.466139 0.006704 0.009938
0 0.832996 0.470237 0.006704 0.009938
0 0.834839 0.492775 0.006704 0.009938
0 0.840138 0.497556 0.006704 0.009938
0 0.856493 0.465456 0.006704 0.009938
0 0.859258 0.453504 0.006704 0.009938
0 0.863635 0.436770 0.006704 0.009938
0 0.866399 0.443259 0.006704 0.009938
0 0.868703 0.438819 0.006704 0.009938
0 0.871928 0.442917 0.006704 0.009938
0 0.882985 0.437112 0.006704 0.009938
0 0.856724 0.514631 0.006704 0.009938
0 0.754212 0.652936 0.006704 0.009938
0 0.749374 0.655326 0.006704 0.009938
0 0.743154 0.656351 0.006704 0.009938
0 0.732327 0.656692 0.006704 0.009938
0 0.726338 0.657717 0.006704 0.009938
0 0.720118 0.659424 0.006704 0.009938
0 0.726799 0.670352 0.006704 0.009938
0 0.736474 0.670694 0.006704 0.009938
0 0.739929 0.671035 0.006704 0.009938
0 0.742924 0.673084 0.006704 0.009938
0 0.747531 0.673426 0.006704 0.009938
0 0.730484 0.685719 0.006704 0.009938
0 0.744537 0.640301 0.006704 0.009938
0 0.670590 0.743432 0.006704 0.009938
0 0.666443 0.754018 0.006704 0.009938
0 0.671742 0.759141 0.006704 0.009938
0 0.677040 0.750603 0.006704 0.009938
0 0.679344 0.747530 0.006704 0.009938
0 0.624056 0.647814 0.006704 0.009938
0 0.629124 0.648155 0.006704 0.009938
0 0.643867 0.644399 0.006704 0.009938
0 0.648475 0.646448 0.006704 0.009938
0 0.671281 0.643716 0.006704 0.009938
0 0.585585 0.642008 0.006704 0.009938
0 0.589041 0.640301 0.006704 0.009938
0 0.696851 0.514973 0.006704 0.009938
0 0.625899 0.505411 0.006704 0.009938
0 0.634883 0.501996 0.006704 0.009938
0 0.639030 0.500971 0.006704 0.009938
0 0.647553 0.497556 0.006704 0.009938
0 0.613229 0.472969 0.006704 0.009938
0 0.619449 0.467163 0.006704 0.009938
0 0.626590 0.463748 0.006704 0.009938
0 0.630967 0.472969 0.006704 0.009938
0 0.634883 0.471261 0.006704 0.009938
0 0.649627 0.437112 0.006704 0.009938
0 0.654464 0.442917 0.006704 0.009938
0 0.637187 0.425160 0.006704 0.009938
0 0.643407 0.411158 0.006704 0.009938
0 0.654003 0.370521 0.006704 0.009938
0 0.633731 0.351397 0.006704 0.009938
0 0.679574 0.425843 0.006704 0.009938
0 0.683951 0.433356 0.006704 0.009938
0 0.704684 0.431307 0.006704 0.009938
0 0.711825 0.421745 0.006704 0.009938
0 0.715511 0.421745 0.006704 0.009938
0 0.718966 0.421062 0.006704 0.009938
0 0.724265 0.426526 0.006704 0.009938
0 0.710212 0.445308 0.006704 0.009938
0 0.715050 0.443600 0.006704 0.009938
0 0.725877 0.447698 0.006704 0.009938
0 0.740851 0.442576 0.006704 0.009938
0 0.721270 0.465114 0.006704 0.009938
0 0.729563 0.458968 0.006704 0.009938
0 0.733709 0.458626 0.006704 0.009938
0 0.743154 0.475359 0.006704 0.009938
0 0.756746 0.476384 0.006704 0.009938
0 0.754673 0.430624 0.006704 0.009938
0 0.759510 0.430624 0.006704 0.009938
0 0.763426 0.432673 0.006704 0.009938
0 0.756055 0.422086 0.006704 0.009938
0 0.750526 0.415256 0.006704 0.009938
0 0.753751 0.408426 0.006704 0.009938
0 0.757667 0.409792 0.006704 0.009938
0 0.761123 0.408085 0.006704 0.009938
0 0.759049 0.394425 0.006704 0.009938
0 0.768494 0.398523 0.006704 0.009938
0 0.772411 0.395791 0.006704 0.009938
0 0.778170 0.395450 0.006704 0.009938
0 0.784159 0.394084 0.006704 0.009938
0 0.772641 0.344909 0.006704 0.009938
0 0.776788 0.346275 0.006704 0.009938
0 0.762044 0.346275 0.006704 0.009938
0 0.742003 0.399889 0.006704 0.009938
0 0.787615 0.404329 0.006704 0.009938
0 0.543889 0.217532 0.006704 0.009938
0 0.549188 0.213775 0.006704 0.009938
0 0.501502 0.278659 0.006704 0.009938
0 0.506801 0.277293 0.006704 0.009938
0 0.509565 0.277634 0.006704 0.009938
0 0.513712 0.281732 0.006704 0.009938
0 0.518780 0.280025 0.006704 0.009938
0 0.523157 0.277976 0.006704 0.009938
0 0.527994 0.273878 0.006704 0.009938
0 0.537439 0.262609 0.006704 0.009938
0 0.560245 0.320663 0.006704 0.009938
0 0.554947 0.319638 0.006704 0.009938
0 0.543659 0.346616 0.006704 0.009938
0 0.537900 0.347982 0.006704 0.009938
0 0.522466 0.343884 0.006704 0.009938
0 0.503806 0.339786 0.006704 0.009938
0 0.505188 0.358227 0.006704 0.009938
0 0.510256 0.364032 0.006704 0.009938
0 0.519932 0.376668 0.006704 0.009938
0 0.524539 0.379741 0.006704 0.009938
0 0.530298 0.382131 0.006704 0.009938
0 0.540204 0.372228 0.006704 0.009938
0 0.544350 0.364374 0.006704 0.009938
0 0.550340 0.360959 0.006704 0.009938
0 0.501291 0.340304 0.006704 0.009938
0 0.499403 0.338671 0.006704 0.009938
0 0.560609 0.329575 0.006704 0.009938
0 0.529927 0.395117 0.006704 0.009938
0 0.532916 0.388586 0.006704 0.009938
0 0.536378 0.392784 0.006704 0.009938
0 0.537007 0.385087 0.006704 0.009938
0 0.539053 0.388819 0.006704 0.009938
0 0.541413 0.384854 0.006704 0.009938
0 0.544560 0.383688 0.006704 0.009938
0 0.544874 0.390219 0.006704 0.009938
0 0.549437 0.387186 0.006704 0.009938
0 0.550539 0.382055 0.006704 0.009938
0 0.555416 0.381822 0.006704 0.009938
0 0.561395 0.380422 0.006704 0.009938
0 0.566902 0.376224 0.006704 0.009938
0 0.568948 0.391618 0.006704 0.009938
0 0.573983 0.405379 0.006704 0.009938
0 0.558406 0.403280 0.006704 0.009938
0 0.554630 0.404913 0.006704 0.009938
0 0.548179 0.401181 0.006704 0.009938
0 0.534333 0.427771 0.006704 0.009938
0 0.538895 0.427538 0.006704 0.009938
0 0.530399 0.447364 0.006704 0.009938
0 0.534333 0.446431 0.006704 0.009938
0 0.543773 0.441766 0.006704 0.009938
0 0.565014 0.424039 0.006704 0.009938
0 0.571150 0.423339 0.006704 0.009938
0 0.576815 0.421473 0.006704 0.009938
0 0.540154 0.399082 0.006704 0.009938
0 0.525993 0.385554 0.006704 0.009938
0 0.599315 0.452961 0.006704 0.009938
0 0.603406 0.451329 0.006704 0.009938
0 0.597269 0.531332 0.006704 0.009938
0 0.591762 0.535763 0.006704 0.009938
0 0.587042 0.539495 0.006704 0.009938
0 0.576972 0.556522 0.006704 0.009938
0 0.578546 0.546259 0.006704 0.009938
0 0.577287 0.540428 0.006704 0.009938
0 0.572567 0.542994 0.006704 0.009938
0 0.571780 0.550225 0.006704 0.009938
0 0.565644 0.553723 0.006704 0.009938
0 0.561395 0.549525 0.006704 0.009938
0 0.558248 0.550225 0.006704 0.009938
0 0.553686 0.552324 0.006704 0.009938
0 0.517969 0.483283 0.006704 0.009938
0 0.523948 0.477919 0.006704 0.009938
0 0.518441 0.473487 0.006704 0.009938
0 0.525679 0.467423 0.006704 0.009938
0 0.522532 0.460192 0.006704 0.009938
0 0.526937 0.460658 0.006704 0.009938
0 0.519700 0.457860 0.006704 0.009938
0 0.517025 0.462058 0.006704 0.009938
0 0.513878 0.459492 0.006704 0.009938
0 0.512462 0.465790 0.006704 0.009938
0 0.507270 0.459959 0.006704 0.009938
0 0.502707 0.464390 0.006704 0.009938
0 0.504045 0.583993 0.006704 0.009938
0 0.477883 0.612110 0.006704 0.009938
0 0.503609 0.603707 0.006704 0.009938
0 0.507969 0.605969 0.006704 0.009938
0 0.512329 0.605646 0.006704 0.009938
0 0.501211 0.646044 0.006704 0.009938
0 0.506225 0.645074 0.006704 0.009938
0 0.534348 0.607908 0.006704 0.009938
0 0.541325 0.613726 0.006704 0.009938
0 0.545467 0.622452 0.006704 0.009938
0 0.551571 0.628592 0.006704 0.009938
0 0.556804 0.630208 0.006704 0.009938
0 0.562254 0.624714 0.006704 0.009938
0 0.566832 0.614049 0.006704 0.009938
0 0.578823 0.649922 0.006704 0.009938
0 0.571192 0.649599 0.006704 0.009938
0 0.552879 0.653477 0.006704 0.009938
0 0.543069 0.657355 0.006704 0.009938
0 0.560074 0.658325 0.006704 0.009938
0 0.560074 0.661234 0.006704 0.009938
0 0.567268 0.663496 0.006704 0.009938
0 0.554285 0.667006 0.006704 0.009938
0 0.553303 0.680604 0.006704 0.009938
0 0.563949 0.679390 0.006704 0.009938
0 0.571648 0.674048 0.006704 0.009938
0 0.585243 0.678418 0.006704 0.009938
0 0.591303 0.676962 0.006704 0.009938
0 0.598019 0.674776 0.006704 0.009938
0 0.601786 0.665307 0.006704 0.009938
0 0.607847 0.663121 0.006704 0.009938
0 0.607355 0.675505 0.006704 0.009938
0 0.610140 0.674048 0.006704 0.009938
0 0.614071 0.671862 0.006704 0.009938
0 0.627175 0.696629 0.006704 0.009938
0 0.623735 0.699300 0.006704 0.009938
0 0.633399 0.699300 0.006704 0.009938
0 0.637985 0.710712 0.006704 0.009938
0 0.638149 0.715812 0.006704 0.009938
0 0.613743 0.697843 0.006704 0.009938
0 0.601623 0.695901 0.006704 0.009938
0 0.598347 0.692744 0.006704 0.009938
0 0.594743 0.692259 0.006704 0.009938
0 0.596545 0.697358 0.006704 0.009938
0 0.591959 0.697358 0.006704 0.009938
0 0.585243 0.701486 0.006704 0.009938
0 0.578527 0.708527 0.006704 0.009938
0 0.576398 0.692987 0.006704 0.009938
0 0.571484 0.695658 0.006704 0.009938
0 0.567389 0.697601 0.006704 0.009938
0 0.562803 0.694201 0.006704 0.009938
0 0.563949 0.700514 0.006704 0.009938
0 0.553958 0.695658 0.006704 0.009938
0 0.551829 0.718240 0.006704 0.009938
0 0.546096 0.700029 0.006704 0.009938
0 0.536596 0.690559 0.006704 0.009938
0 0.534794 0.715326 0.006704 0.009938
0 0.527914 0.641268 0.006704 0.009938
0 0.552156 0.641754 0.006704 0.009938
0 0.513009 0.677933 0.006704 0.009938
0 0.511207 0.684246 0.006704 0.009938
0 0.592941 0.710227 0.006704 0.009938
0 0.602769 0.717511 0.006704 0.009938
0 0.574432 0.712898 0.006704 0.009938
0 0.568863 0.716297 0.006704 0.009938
0 0.551337 0.743735 0.006704 0.009938
0 0.557070 0.742521 0.006704 0.009938
0 0.565096 0.740336 0.006704 0.009938
0 0.574105 0.737422 0.006704 0.009938
0 0.583769 0.734751 0.006704 0.009938
0 0.587700 0.744463 0.006704 0.009938
0 0.584096 0.754904 0.006704 0.009938
0 0.591795 0.752962 0.006704 0.009938
0 0.569846 0.755633 0.006704 0.009938
0 0.591467 0.767773 0.006704 0.009938
0 0.595890 0.767045 0.006704 0.009938
0 0.601786 0.772144 0.006704 0.009938
0 0.606373 0.771658 0.006704 0.009938
0 0.611123 0.785013 0.006704 0.009938
0 0.604735 0.789141 0.006704 0.009938
0 0.600640 0.792055 0.006704 0.009938
0 0.597855 0.793512 0.006704 0.009938
0 0.593924 0.796182 0.006704 0.009938
0 0.596709 0.805895 0.006704 0.009938
0 0.592450 0.806623 0.006704 0.009938
0 0.587045 0.807352 0.006704 0.009938
0 0.580657 0.806381 0.006704 0.009938
0 0.575251 0.818278 0.006704 0.009938
0 0.570665 0.808080 0.006704 0.009938
0 0.572794 0.791326 0.006704 0.009938
0 0.583605 0.791326 0.006704 0.009938
0 0.581476 0.786470 0.006704 0.009938
0 0.585407 0.774329 0.006704 0.009938
0 0.473206 0.565753 0.006704 0.009938
0 0.446835 0.492667 0.006704 0.009938
0 0.448146 0.470814 0.006704 0.009938
0 0.431602 0.475427 0.006704 0.009938
0 0.446508 0.443861 0.006704 0.009938
0 0.441594 0.443619 0.006704 0.009938
0 0.425378 0.445804 0.006704 0.009938
0 0.420956 0.448718 0.006704 0.009938
0 0.449947 0.381216 0.006704 0.009938
0 0.463870 0.379516 0.006704 0.009938
0 0.464034 0.374174 0.006704 0.009938
0 0.467310 0.372960 0.006704 0.009938
0 0.470422 0.373203 0.006704 0.009938
0 0.489422 0.334353 0.006704 0.009938
0 0.484508 0.329740 0.006704 0.009938
0 0.482543 0.331925 0.006704 0.009938
0 0.483526 0.338724 0.006704 0.009938
0 0.480250 0.339938 0.006704 0.009938
0 0.477465 0.338724 0.006704 0.009938
0 0.489422 0.324883 0.006704 0.009938
0 0.493353 0.326340 0.006704 0.009938
0 0.441758 0.344794 0.006704 0.009938
0 0.448637 0.343580 0.006704 0.009938
0 0.390162 0.219745 0.006704 0.009938
0 0.395895 0.215860 0.006704 0.009938
0 0.402283 0.211247 0.006704 0.009938
0 0.400645 0.238928 0.006704 0.009938
0 0.396059 0.237714 0.006704 0.009938
0 0.411947 0.253254 0.006704 0.009938
0 0.408835 0.264423 0.006704 0.009938
0 0.417352 0.257381 0.006704 0.009938
0 0.422921 0.255682 0.006704 0.009938
0 0.413257 0.277778 0.006704 0.009938
0 0.415714 0.277292 0.006704 0.009938
0 0.418826 0.279963 0.006704 0.009938
0 0.429801 0.262238 0.006704 0.009938
0 0.436352 0.263937 0.006704 0.009938
0 0.454370 0.262238 0.006704 0.009938
0 0.461249 0.253254 0.006704 0.009938
0 0.467146 0.271464 0.006704 0.009938
0 0.471569 0.270008 0.006704 0.009938
0 0.474844 0.266851 0.006704 0.009938
0 0.483526 0.291375 0.006704 0.009938
0 0.488440 0.285790 0.006704 0.009938
0 0.439792 0.281905 0.006704 0.009938
0 0.456172 0.251554 0.006704 0.009938
0 0.217193 0.291861 0.006704 0.009938
0 0.221452 0.294289 0.006704 0.009938
0 0.244875 0.305701 0.006704 0.009938
0 0.252573 0.300845 0.006704 0.009938
0 0.259780 0.321970 0.006704 0.009938
0 0.234556 0.329254 0.006704 0.009938
0 0.245858 0.360577 0.006704 0.009938
0 0.249461 0.359363 0.006704 0.009938
0 0.255522 0.360334 0.006704 0.009938
0 0.242909 0.379759 0.006704 0.009938
0 0.242746 0.401855 0.006704 0.009938
0 0.245366 0.399912 0.006704 0.009938
0 0.250772 0.397484 0.006704 0.009938
0 0.257487 0.390443 0.006704 0.009938
0 0.244875 0.324640 0.006704 0.009938
0 0.255358 0.381944 0.006704 0.009938
0 0.256013 0.436577 0.006704 0.009938
0 0.266168 0.433663 0.006704 0.009938
0 0.248478 0.456973 0.006704 0.009938
0 0.252901 0.453088 0.006704 0.009938
0 0.258470 0.450903 0.006704 0.009938
0 0.267643 0.447989 0.006704 0.009938
0 0.265022 0.456488 0.006704 0.009938
0 0.257979 0.462315 0.006704 0.009938
0 0.323006 0.438762 0.006704 0.009938
0 0.326282 0.463772 0.006704 0.009938
0 0.318911 0.461344 0.006704 0.009938
0 0.314488 0.461344 0.006704 0.009938
0 0.309247 0.463772 0.006704 0.009938
0 0.307445 0.469357 0.006704 0.009938
0 0.304169 0.469114 0.006704 0.009938
0 0.282220 0.485140 0.006704 0.009938
0 0.275669 0.485382 0.006704 0.009938
0 0.344463 0.483926 0.006704 0.009938
0 0.299747 0.493638 0.006704 0.009938
0 0.280091 0.487811 0.006704 0.009938
0 0.277470 0.487811 0.006704 0.009938
0 0.265022 0.514034 0.006704 0.009938
0 0.260927 0.514763 0.006704 0.009938
0 0.257979 0.520590 0.006704 0.009938
0 0.255522 0.517191 0.006704 0.009938
0 0.335618 0.528360 0.006704 0.009938
0 0.330376 0.532002 0.006704 0.009938
0 0.361170 0.494124 0.006704 0.009938
0 0.337420 0.486839 0.006704 0.009938
0 0.336109 0.476884 0.006704 0.009938
0 0.304660 0.557012 0.006704 0.009938
0 0.308755 0.554827 0.006704 0.009938
0 0.282220 0.558955 0.006704 0.009938
0 0.308428 0.630584 0.006704 0.009938
0 0.305152 0.649038 0.006704 0.009938
0 0.312523 0.652680 0.006704 0.009938
0 0.352653 0.605817 0.006704 0.009938
0 0.364282 0.599990 0.006704 0.009938
0 0.369196 0.596591 0.006704 0.009938
0 0.355601 0.634469 0.006704 0.009938
0 0.348394 0.636169 0.006704 0.009938
0 0.371653 0.648795 0.006704 0.009938
0 0.339385 0.659236 0.006704 0.009938
0 0.327428 0.667006 0.006704 0.009938
0 0.301548 0.708527 0.006704 0.009938
0 0.304824 0.708284 0.006704 0.009938
0 0.301057 0.733051 0.006704 0.009938
0 0.309247 0.727467 0.006704 0.009938
0 0.298764 0.749320 0.006704 0.009938
0 0.305316 0.747377 0.006704 0.009938
0 0.310230 0.755876 0.006704 0.009938
0 0.376731 0.696387 0.006704 0.009938
0 0.373291 0.699543 0.006704 0.009938
0 0.309083 0.651709 0.006704 0.009938
0 0.364774 0.649524 0.006704 0.009938
0 0.219814 0.539772 0.006704 0.009938
0 0.224400 0.540501 0.006704 0.009938
0 0.229478 0.536616 0.006704 0.009938
0 0.229642 0.530546 0.006704 0.009938
0 0.236521 0.531031 0.006704 0.009938
0 0.243728 0.524475 0.006704 0.009938
0 0.241435 0.536373 0.006704 0.009938
0 0.247823 0.521804 0.006704 0.009938
0 0.251099 0.537101 0.006704 0.009938
0 0.255522 0.533945 0.006704 0.009938
0 0.260763 0.538801 0.006704 0.009938
0 0.266005 0.545843 0.006704 0.009938
0 0.260272 0.552156 0.006704 0.009938
0 0.254211 0.554341 0.006704 0.009938
0 0.248478 0.557741 0.006704 0.009938
0 0.242909 0.561626 0.006704 0.009938
0 0.231607 0.569153 0.006704 0.009938
0 0.244220 0.578137 0.006704 0.009938
0 0.254048 0.578137 0.006704 0.009938
0 0.258470 0.575951 0.006704 0.009938
0 0.261255 0.572552 0.006704 0.009938
0 0.264694 0.575466 0.006704 0.009938
0 0.270755 0.569638 0.006704 0.009938
0 0.271574 0.577166 0.006704 0.009938
0 0.243565 0.605089 0.006704 0.009938
0 0.237996 0.609217 0.006704 0.009938
0 0.232590 0.613102 0.006704 0.009938
0 0.236194 0.594891 0.006704 0.009938
0 0.227676 0.601932 0.006704 0.009938
0 0.189512 0.733051 0.006704 0.009938
0 0.193771 0.732566 0.006704 0.009938
0 0.198848 0.731109 0.006704 0.009938
0 0.200978 0.726252 0.006704 0.009938
0 0.204581 0.728438 0.006704 0.009938
0 0.213426 0.723582 0.006704 0.009938
0 0.199012 0.716783 0.006704 0.009938
0 0.188038 0.724553 0.006704 0.009938
0 0.183779 0.726495 0.006704 0.009938
0 0.181814 0.710227 0.006704 0.009938
0 0.195572 0.708527 0.006704 0.009938
0 0.191477 0.704157 0.006704 0.009938
0 0.193443 0.682061 0.006704 0.009938
0 0.158063 0.652923 0.006704 0.009938
0 0.153149 0.652437 0.006704 0.009938
0 0.148235 0.659965 0.006704 0.009938
0 0.140209 0.651223 0.006704 0.009938
0 0.165598 0.639326 0.006704 0.009938
0 0.161994 0.625000 0.006704 0.009938
0 0.154296 0.619658 0.006704 0.009938
0 0.147908 0.629856 0.006704 0.009938
0 0.104829 0.684489 0.006704 0.009938
0 0.104829 0.659236 0.006704 0.009938
0 0.110071 0.655594 0.006704 0.009938
0 0.114821 0.650981 0.006704 0.009938
0 0.123994 0.647338 0.006704 0.009938
0 0.113838 0.643939 0.006704 0.009938
0 0.111054 0.646124 0.006704 0.009938
0 0.106631 0.648795 0.006704 0.009938
0 0.104174 0.653166 0.006704 0.009938
0 0.093036 0.651952 0.006704 0.009938
0 0.097950 0.641268 0.006704 0.009938
0 0.104993 0.641025 0.006704 0.009938
0 0.102045 0.634955 0.006704 0.009938
0 0.087795 0.637383 0.006704 0.009938
0 0.082553 0.643453 0.006704 0.009938
0 0.078786 0.646853 0.006704 0.009938
0 0.086157 0.625971 0.006704 0.009938
0 0.090088 0.624757 0.006704 0.009938
0 0.095493 0.622086 0.006704 0.009938
0 0.098278 0.622086 0.006704 0.009938
0 0.092709 0.626214 0.006704 0.009938
0 0.103519 0.609217 0.006704 0.009938
0 0.107942 0.607274 0.006704 0.009938
0 0.104338 0.614801 0.006704 0.009938
0 0.108269 0.613830 0.006704 0.009938
0 0.112364 0.604361 0.006704 0.009938
0 0.117933 0.604118 0.006704 0.009938
0 0.120062 0.595376 0.006704 0.009938
0 0.116787 0.586150 0.006704 0.009938
0 0.127106 0.584693 0.006704 0.009938
0 0.114330 0.582750 0.006704 0.009938
0 0.113511 0.585907 0.006704 0.009938
0 0.110726 0.585421 0.006704 0.009938
0 0.107614 0.586878 0.006704 0.009938
0 0.106467 0.582993 0.006704 0.009938
0 0.104338 0.587364 0.006704 0.009938
0 0.100571 0.586392 0.006704 0.009938
0 0.094674 0.589063 0.006704 0.009938
0 0.088777 0.604603 0.006704 0.009938
0 0.082717 0.606060 0.006704 0.009938
0 0.084519 0.614801 0.006704 0.009938
0 0.106140 0.563811 0.006704 0.009938
0 0.063389 0.567939 0.006704 0.009938
0 0.116295 0.521076 0.006704 0.009938
0 0.119571 0.517676 0.006704 0.009938
0 0.121373 0.532731 0.006704 0.009938
0 0.141683 0.539044 0.006704 0.009938
0 0.150528 0.566482 0.006704 0.009938
0 0.146925 0.500922 0.006704 0.009938
0 0.141356 0.505779 0.006704 0.009938
0 0.133657 0.510635 0.006704 0.009938
0 0.155606 0.457216 0.006704 0.009938
0 0.152003 0.451874 0.006704 0.009938
0 0.157080 0.451631 0.006704 0.009938
0 0.161011 0.432692 0.006704 0.009938
0 0.168055 0.422737 0.006704 0.009938
0 0.158554 0.494366 0.006704 0.009938
0 0.161503 0.506750 0.006704 0.009938
0 0.995173 0.645082 0.006704 0.009938
0 0.977204 0.563806 0.006704 0.009938
0 0.895425 0.535804 0.006704 0.009938
0 0.902566 0.528291 0.006704 0.009938
0 0.812955 0.369838 0.006704 0.009938
0 0.803049 0.385888 0.006704 0.009938
0 0.815258 0.496873 0.006704 0.009938
0 0.779552 0.513265 0.006704 0.009938
0 0.769185 0.499947 0.006704 0.009938
0 0.764348 0.500288 0.006704 0.009938
0 0.898880 0.439502 0.006704 0.009938
0 0.737395 0.652595 0.006704 0.009938
0 0.712977 0.638935 0.006704 0.009938
0 0.753290 0.641325 0.006704 0.009938
0 0.680265 0.765629 0.006704 0.009938
0 0.665291 0.785777 0.006704 0.009938
0 0.649396 0.642350 0.006704 0.009938
0 0.595261 0.644057 0.006704 0.009938
0 0.589962 0.654302 0.006704 0.009938
0 0.583051 0.648838 0.006704 0.009938
0 0.621983 0.539560 0.006704 0.009938
0 0.666674 0.524534 0.006704 0.009938
0 0.690862 0.512582 0.006704 0.009938
0 0.701919 0.514290 0.006704 0.009938
0 0.705375 0.511558 0.006704 0.009938
0 0.627512 0.483897 0.006704 0.009938
0 0.635805 0.463748 0.006704 0.009938
0 0.640182 0.468871 0.006704 0.009938
0 0.643176 0.458626 0.006704 0.009938
0 0.650548 0.457260 0.006704 0.009938
0 0.721270 0.382473 0.006704 0.009938
0 0.728641 0.393059 0.006704 0.009938
0 0.735552 0.475359 0.006704 0.009938
0 0.613459 0.538536 0.006704 0.009938
0 0.772180 0.368813 0.006704 0.009938
0 0.751217 0.356178 0.006704 0.009938
0 0.816180 0.350714 0.006704 0.009938
0 0.768494 0.346616 0.006704 0.009938
0 0.708369 0.325444 0.006704 0.009938
0 0.703992 0.326809 0.006704 0.009938
0 0.685103 0.318955 0.006704 0.009938
0 0.630276 0.249973 0.006704 0.009938
0 0.630276 0.245192 0.006704 0.009938
0 0.625899 0.248266 0.006704 0.009938
0 0.577292 0.245192 0.006704 0.009938
0 0.622129 0.343336 0.006704 0.009938
0 0.610329 0.326076 0.006704 0.009938
0 0.589087 0.353599 0.006704 0.009938
0 0.514979 0.364795 0.006704 0.009938
0 0.579490 0.425205 0.006704 0.009938
0 0.566430 0.435002 0.006704 0.009938
0 0.559507 0.410278 0.006704 0.009938
0 0.545346 0.415176 0.006704 0.009938
0 0.524577 0.411910 0.006704 0.009938
0 0.534333 0.475586 0.006704 0.009938
0 0.554000 0.489348 0.006704 0.009938
0 0.570364 0.471621 0.006704 0.009938
0 0.589245 0.483983 0.006704 0.009938
0 0.596168 0.480951 0.006704 0.009938
0 0.603720 0.477685 0.006704 0.009938
0 0.604507 0.461125 0.006704 0.009938
0 0.492322 0.439433 0.006704 0.009938
0 0.506798 0.492147 0.006704 0.009938
0 0.485399 0.519203 0.006704 0.009938
0 0.479578 0.526200 0.006704 0.009938
0 0.489962 0.526667 0.006704 0.009938
0 0.525679 0.569584 0.006704 0.009938
0 0.521854 0.612859 0.006704 0.009938
0 0.527095 0.606060 0.006704 0.009938
0 0.517595 0.673805 0.006704 0.009938
0 0.560837 0.684246 0.006704 0.009938
0 0.580820 0.714112 0.006704 0.009938
0 0.616692 0.667977 0.006704 0.009938
0 0.641753 0.707799 0.006704 0.009938
0 0.650597 0.795940 0.006704 0.009938
0 0.646666 0.790355 0.006704 0.009938
0 0.612105 0.765345 0.006704 0.009938
0 0.604735 0.733051 0.006704 0.009938
0 0.494828 0.686431 0.006704 0.009938
0 0.493517 0.611645 0.006704 0.009938
0 0.440284 0.483440 0.006704 0.009938
0 0.450439 0.442162 0.006704 0.009938
0 0.456008 0.339938 0.006704 0.009938
0 0.474517 0.345280 0.006704 0.009938
0 0.476646 0.295017 0.006704 0.009938
0 0.363299 0.477370 0.006704 0.009938
0 0.458137 0.259567 0.006704 0.009938
0 0.457810 0.256410 0.006704 0.009938
0 0.429473 0.221445 0.006704 0.009938
0 0.443559 0.280449 0.006704 0.009938
0 0.225219 0.302544 0.006704 0.009938
0 0.250935 0.366404 0.006704 0.009938
0 0.249953 0.382915 0.006704 0.009938
0 0.239142 0.408411 0.006704 0.009938
0 0.262237 0.383644 0.006704 0.009938
0 0.280910 0.410839 0.006704 0.009938
0 0.315307 0.380730 0.006704 0.009938
0 0.277470 0.497280 0.006704 0.009938
0 0.280582 0.501408 0.006704 0.009938
0 0.329721 0.490724 0.006704 0.009938
0 0.326282 0.470571 0.006704 0.009938
0 0.316290 0.478584 0.006704 0.009938
0 0.314816 0.510149 0.006704 0.009938
0 0.327428 0.508935 0.006704 0.009938
0 0.350032 0.478341 0.006704 0.009938
0 0.357403 0.495581 0.006704 0.009938
0 0.301712 0.522533 0.006704 0.009938
0 0.218504 0.626214 0.006704 0.009938
0 0.220797 0.595134 0.006704 0.009938
0 0.333816 0.757818 0.006704 0.009938
0 0.321859 0.744706 0.006704 0.009938
0 0.323825 0.743735 0.006704 0.009938
0 0.308100 0.754419 0.006704 0.009938
0 0.311540 0.705371 0.006704 0.009938
0 0.380498 0.748834 0.006704 0.009938
0 0.407688 0.795940 0.006704 0.009938
0 0.332997 0.665792 0.006704 0.009938
0 0.083700 0.659479 0.006704 0.009938
0 0.100079 0.654623 0.006704 0.009938
0 0.117605 0.612373 0.006704 0.009938
0 0.070268 0.602661 0.006704 0.009938
0 0.112855 0.506507 0.006704 0.009938
0 0.122847 0.557741 0.006704 0.009938
0 0.117114 0.538316 0.006704 0.009938
0 0.140537 0.563568 0.006704 0.009938
0 0.144796 0.571338 0.006704 0.009938
0 0.165873 0.780361 0.006704 0.009938
0 0.171395 0.777730 0.006704 0.009938
0 0.357426 0.605269 0.006704 0.009938
0 0.247438 0.585986 0.006704 0.009938
0 0.252641 0.511426 0.006704 0.009938
0 0.242957 0.527923 0.006704 0.009938