0 0.645391 0.155804 0.005755 0.008633
0 0.649214 0.158289 0.005755 0.008633
0 0.651508 0.155804 0.005755 0.008633
0 0.652018 0.161921 0.005755 0.008633
0 0.646283 0.160583 0.005755 0.008633
0 0.648959 0.165553 0.005755 0.008633
0 0.645008 0.174921 0.005755 0.008633
0 0.640803 0.182185 0.005755 0.008633
0 0.633411 0.186391 0.005755 0.008633
0 0.634430 0.177788 0.005755 0.008633
0 0.644244 0.169377 0.005755 0.008633
0 0.651544 0.184803 0.005755 0.008633
0 0.656331 0.183845 0.005755 0.008633
0 0.662608 0.182090 0.005755 0.008633
0 0.665481 0.185281 0.005755 0.008633
0 0.665375 0.176664 0.005755 0.008633
0 0.670162 0.172993 0.005755 0.008633
0 0.669098 0.184005 0.005755 0.008633
0 0.668673 0.190548 0.005755 0.008633
0 0.663140 0.189112 0.005755 0.008633
0 0.664524 0.194857 0.005755 0.008633
0 0.658140 0.191027 0.005755 0.008633
0 0.659949 0.196293 0.005755 0.008633
0 0.653459 0.192782 0.005755 0.008633
0 0.649309 0.195335 0.005755 0.008633
0 0.653672 0.201240 0.005755 0.008633
0 0.646862 0.202676 0.005755 0.008633
0 0.644628 0.210815 0.005755 0.008633
0 0.641862 0.216561 0.005755 0.008633
0 0.649203 0.209858 0.005755 0.008633
0 0.648033 0.216241 0.005755 0.008633
0 0.652501 0.215444 0.005755 0.008633
0 0.655161 0.207624 0.005755 0.008633
0 0.656970 0.212731 0.005755 0.008633
0 0.659523 0.218156 0.005755 0.008633
0 0.663247 0.222306 0.005755 0.008633
0 0.661438 0.210815 0.005755 0.008633
0 0.665375 0.207943 0.005755 0.008633
0 0.670056 0.207624 0.005755 0.008633
0 0.672397 0.201879 0.005755 0.008633
0 0.680163 0.167567 0.005755 0.008633
0 0.683887 0.160226 0.005755 0.008633
0 0.681121 0.157194 0.005755 0.008633
0 0.662502 0.160067 0.005755 0.008633
0 0.658140 0.162141 0.005755 0.008633
0 0.657395 0.132777 0.005755 0.008633
0 0.624095 0.202676 0.005755 0.008633
0 0.630265 0.201240 0.005755 0.008633
0 0.632819 0.195495 0.005755 0.008633
0 0.631968 0.208741 0.005755 0.008633
0 0.635372 0.213528 0.005755 0.008633
0 0.632393 0.222944 0.005755 0.008633
0 0.627286 0.211773 0.005755 0.008633
0 0.627180 0.218954 0.005755 0.008633
0 0.621967 0.220869 0.005755 0.008633
0 0.614945 0.234434 0.005755 0.008633
0 0.612285 0.251670 0.005755 0.008633
0 0.616115 0.251670 0.005755 0.008633
0 0.616860 0.258053 0.005755 0.008633
0 0.609625 0.259490 0.005755 0.008633
0 0.628350 0.258213 0.005755 0.008633
0 0.634734 0.257415 0.005755 0.008633
0 0.639628 0.252149 0.005755 0.008633
0 0.633351 0.246244 0.005755 0.008633
0 0.632180 0.233158 0.005755 0.008633
0 0.641011 0.238584 0.005755 0.008633
0 0.642288 0.230126 0.005755 0.008633
0 0.653778 0.238105 0.005755 0.008633
0 0.651331 0.246244 0.005755 0.008633
0 0.655693 0.244169 0.005755 0.008633
0 0.652288 0.252947 0.005755 0.008633
0 0.657076 0.250872 0.005755 0.008633
0 0.663460 0.247680 0.005755 0.008633
0 0.672928 0.246723 0.005755 0.008633
0 0.674418 0.238424 0.005755 0.008633
0 0.680270 0.236828 0.005755 0.008633
0 0.673886 0.231562 0.005755 0.008633
0 0.677823 0.229806 0.005755 0.008633
0 0.676652 0.222944 0.005755 0.008633
0 0.675907 0.251830 0.005755 0.008633
0 0.678461 0.255660 0.005755 0.008633
0 0.685908 0.253904 0.005755 0.008633
0 0.682291 0.260447 0.005755 0.008633
0 0.678248 0.260766 0.005755 0.008633
0 0.686653 0.262681 0.005755 0.008633
0 0.692717 0.262841 0.005755 0.008633
0 0.688249 0.269384 0.005755 0.008633
0 0.691228 0.273693 0.005755 0.008633
0 0.683142 0.273533 0.005755 0.008633
0 0.681653 0.266352 0.005755 0.008633
0 0.677503 0.271778 0.005755 0.008633
0 0.674099 0.263639 0.005755 0.008633
0 0.670375 0.265714 0.005755 0.008633
0 0.668566 0.260447 0.005755 0.008633
0 0.671333 0.252627 0.005755 0.008633
0 0.663353 0.254383 0.005755 0.008633
0 0.659523 0.259490 0.005755 0.008633
0 0.653459 0.258213 0.005755 0.008633
0 0.654735 0.263958 0.005755 0.008633
0 0.664204 0.262681 0.005755 0.008633
0 0.665587 0.269225 0.005755 0.008633
0 0.670375 0.273214 0.005755 0.008633
0 0.674737 0.276566 0.005755 0.008633
0 0.668141 0.278481 0.005755 0.008633
0 0.663992 0.275608 0.005755 0.008633
0 0.655161 0.275449 0.005755 0.008633
0 0.652714 0.269225 0.005755 0.008633
0 0.648033 0.268107 0.005755 0.008633
0 0.643777 0.263160 0.005755 0.008633
0 0.639415 0.264437 0.005755 0.008633
0 0.642926 0.271140 0.005755 0.008633
0 0.642926 0.277683 0.005755 0.008633
0 0.637394 0.274651 0.005755 0.008633
0 0.635798 0.267310 0.005755 0.008633
0 0.631329 0.263001 0.005755 0.008633
0 0.630053 0.268427 0.005755 0.008633
0 0.630372 0.274810 0.005755 0.008633
0 0.634627 0.277683 0.005755 0.008633
0 0.627286 0.283428 0.005755 0.008633
0 0.627180 0.290290 0.005755 0.008633
0 0.626967 0.297950 0.005755 0.008633
0 0.630372 0.298270 0.005755 0.008633
0 0.635372 0.300504 0.005755 0.008633
0 0.631861 0.304653 0.005755 0.008633
0 0.625478 0.304813 0.005755 0.008633
0 0.629308 0.311675 0.005755 0.008633
0 0.635585 0.310239 0.005755 0.008633
0 0.640373 0.307526 0.005755 0.008633
0 0.642181 0.302100 0.005755 0.008633
0 0.645692 0.300025 0.005755 0.008633
0 0.644096 0.291886 0.005755 0.008633
0 0.637713 0.294439 0.005755 0.008633
0 0.631329 0.291567 0.005755 0.008633
0 0.634202 0.287098 0.005755 0.008633
0 0.639841 0.286779 0.005755 0.008633
0 0.644203 0.283268 0.005755 0.008633
0 0.648671 0.289173 0.005755 0.008633
0 0.653246 0.287896 0.005755 0.008633
0 0.653565 0.281034 0.005755 0.008633
0 0.651757 0.295557 0.005755 0.008633
0 0.648671 0.298748 0.005755 0.008633
0 0.650054 0.303696 0.005755 0.008633
0 0.644735 0.309281 0.005755 0.008633
0 0.648671 0.310877 0.005755 0.008633
0 0.653033 0.312792 0.005755 0.008633
0 0.656970 0.316143 0.005755 0.008633
0 0.660161 0.314228 0.005755 0.008633
0 0.663992 0.315824 0.005755 0.008633
0 0.670056 0.316782 0.005755 0.008633
0 0.658246 0.307366 0.005755 0.008633
0 0.659736 0.300823 0.005755 0.008633
0 0.659523 0.290450 0.005755 0.008633
0 0.661545 0.285024 0.005755 0.008633
0 0.664204 0.284545 0.005755 0.008633
0 0.667928 0.283428 0.005755 0.008633
0 0.668460 0.290609 0.005755 0.008633
0 0.672184 0.293801 0.005755 0.008633
0 0.669524 0.298748 0.005755 0.008633
0 0.666119 0.305930 0.005755 0.008633
0 0.668460 0.308962 0.005755 0.008633
0 0.671545 0.306887 0.005755 0.008633
0 0.674099 0.313271 0.005755 0.008633
0 0.678886 0.311196 0.005755 0.008633
0 0.679525 0.305451 0.005755 0.008633
0 0.677397 0.300504 0.005755 0.008633
0 0.674631 0.302100 0.005755 0.008633
0 0.677716 0.294759 0.005755 0.008633
0 0.679844 0.291407 0.005755 0.008633
0 0.680057 0.287258 0.005755 0.008633
0 0.673673 0.287098 0.005755 0.008633
0 0.677078 0.283907 0.005755 0.008633
0 0.680908 0.279119 0.005755 0.008633
0 0.688143 0.282470 0.005755 0.008633
0 0.688143 0.289811 0.005755 0.008633
0 0.695377 0.287896 0.005755 0.008633
0 0.701016 0.287098 0.005755 0.008633
0 0.708463 0.299068 0.005755 0.008633
0 0.699420 0.299706 0.005755 0.008633
0 0.695696 0.299227 0.005755 0.008633
0 0.690909 0.299706 0.005755 0.008633
0 0.686653 0.296035 0.005755 0.008633
0 0.685270 0.299865 0.005755 0.008633
0 0.684951 0.306249 0.005755 0.008633
0 0.688994 0.305451 0.005755 0.008633
0 0.692611 0.304653 0.005755 0.008633
0 0.694845 0.310717 0.005755 0.008633
0 0.686547 0.312473 0.005755 0.008633
0 0.618669 0.280396 0.005755 0.008633
0 0.622073 0.282470 0.005755 0.008633
0 0.622924 0.288375 0.005755 0.008633
0 0.621648 0.297152 0.005755 0.008633
0 0.616647 0.302898 0.005755 0.008633
0 0.611966 0.302898 0.005755 0.008633
0 0.610264 0.311196 0.005755 0.008633
0 0.601114 0.305770 0.005755 0.008633
0 0.605476 0.298748 0.005755 0.008633
0 0.613136 0.294599 0.005755 0.008633
0 0.615477 0.286300 0.005755 0.008633
0 0.611008 0.277683 0.005755 0.008633
0 0.611008 0.289333 0.005755 0.008633
0 0.608349 0.287577 0.005755 0.008633
0 0.607604 0.282790 0.005755 0.008633
0 0.604731 0.282151 0.005755 0.008633
0 0.602391 0.273374 0.005755 0.008633
0 0.602923 0.268905 0.005755 0.008633
0 0.608136 0.267310 0.005755 0.008633
0 0.606114 0.322208 0.005755 0.008633
0 0.610476 0.326517 0.005755 0.008633
0 0.614094 0.325080 0.005755 0.008633
0 0.604944 0.356040 0.005755 0.008633
0 0.608881 0.368329 0.005755 0.008633
0 0.601752 0.375031 0.005755 0.008633
0 0.608136 0.375191 0.005755 0.008633
0 0.612923 0.375191 0.005755 0.008633
0 0.619839 0.375670 0.005755 0.008633
0 0.629946 0.360349 0.005755 0.008633
0 0.634308 0.363860 0.005755 0.008633
0 0.632393 0.356040 0.005755 0.008633
0 0.637819 0.357317 0.005755 0.008633
0 0.636223 0.347901 0.005755 0.008633
0 0.641543 0.349657 0.005755 0.008633
0 0.640160 0.342635 0.005755 0.008633
0 0.639415 0.337369 0.005755 0.008633
0 0.632287 0.338486 0.005755 0.008633
0 0.629733 0.333219 0.005755 0.008633
0 0.634202 0.327793 0.005755 0.008633
0 0.632287 0.318537 0.005755 0.008633
0 0.637926 0.323165 0.005755 0.008633
0 0.640692 0.326676 0.005755 0.008633
0 0.644309 0.333698 0.005755 0.008633
0 0.638032 0.314388 0.005755 0.008633
0 0.640266 0.317739 0.005755 0.008633
0 0.643245 0.315824 0.005755 0.008633
0 0.646543 0.318218 0.005755 0.008633
0 0.645054 0.324282 0.005755 0.008633
0 0.648990 0.326836 0.005755 0.008633
0 0.651225 0.334336 0.005755 0.008633
0 0.655161 0.320612 0.005755 0.008633
0 0.654842 0.324282 0.005755 0.008633
0 0.657927 0.328272 0.005755 0.008633
0 0.654735 0.332581 0.005755 0.008633
0 0.654204 0.339284 0.005755 0.008633
0 0.657927 0.336730 0.005755 0.008633
0 0.657927 0.344869 0.005755 0.008633
0 0.652820 0.345827 0.005755 0.008633
0 0.647501 0.351093 0.005755 0.008633
0 0.653565 0.355881 0.005755 0.008633
0 0.648778 0.358434 0.005755 0.008633
0 0.643671 0.362743 0.005755 0.008633
0 0.645799 0.371201 0.005755 0.008633
0 0.649735 0.368009 0.005755 0.008633
0 0.655161 0.370882 0.005755 0.008633
0 0.656438 0.362583 0.005755 0.008633
0 0.659204 0.366892 0.005755 0.008633
0 0.716656 0.282470 0.005755 0.008633
0 0.729103 0.272895 0.005755 0.008633
0 0.733146 0.273055 0.005755 0.008633
0 0.738466 0.270661 0.005755 0.008633
0 0.730912 0.278640 0.005755 0.008633
0 0.734955 0.283268 0.005755 0.008633
0 0.739743 0.278002 0.005755 0.008633
0 0.740275 0.283268 0.005755 0.008633
0 0.740381 0.288854 0.005755 0.008633
0 0.735806 0.291407 0.005755 0.008633
0 0.738040 0.297472 0.005755 0.008633
0 0.746232 0.284705 0.005755 0.008633
0 0.750701 0.285343 0.005755 0.008633
0 0.755276 0.286300 0.005755 0.008633
0 0.746445 0.292365 0.005755 0.008633
0 0.752403 0.291886 0.005755 0.008633
0 0.755382 0.295397 0.005755 0.008633
0 0.748892 0.298908 0.005755 0.008633
0 0.752084 0.297791 0.005755 0.008633
0 0.751658 0.304174 0.005755 0.008633
0 0.755595 0.301621 0.005755 0.008633
0 0.759212 0.299387 0.005755 0.008633
0 0.759106 0.306728 0.005755 0.008633
0 0.762723 0.306409 0.005755 0.008633
0 0.765170 0.311515 0.005755 0.008633
0 0.770383 0.313271 0.005755 0.008633
0 0.768575 0.317739 0.005755 0.008633
0 0.764106 0.317739 0.005755 0.008633
0 0.759851 0.315186 0.005755 0.008633
0 0.755489 0.318058 0.005755 0.008633
0 0.748999 0.316941 0.005755 0.008633
0 0.744849 0.318697 0.005755 0.008633
0 0.748360 0.325559 0.005755 0.008633
0 0.753467 0.323644 0.005755 0.008633
0 0.758468 0.324761 0.005755 0.008633
0 0.766234 0.328432 0.005755 0.008633
0 0.770064 0.332741 0.005755 0.008633
0 0.744849 0.308483 0.005755 0.008633
0 0.741870 0.315186 0.005755 0.008633
0 0.738891 0.310079 0.005755 0.008633
0 0.734210 0.306089 0.005755 0.008633
0 0.731763 0.297950 0.005755 0.008633
0 0.729423 0.307685 0.005755 0.008633
0 0.721018 0.302259 0.005755 0.008633
0 0.713357 0.299546 0.005755 0.008633
0 0.721443 0.308004 0.005755 0.008633
0 0.717507 0.310079 0.005755 0.008633
0 0.715166 0.317261 0.005755 0.008633
0 0.716868 0.324442 0.005755 0.008633
0 0.722082 0.323006 0.005755 0.008633
0 0.722933 0.315186 0.005755 0.008633
0 0.726869 0.318218 0.005755 0.008633
0 0.730380 0.316782 0.005755 0.008633
0 0.735700 0.319495 0.005755 0.008633
0 0.728146 0.324602 0.005755 0.008633
0 0.732402 0.325878 0.005755 0.008633
0 0.731231 0.331943 0.005755 0.008633
0 0.723465 0.334975 0.005755 0.008633
0 0.719954 0.330347 0.005755 0.008633
0 0.713145 0.332741 0.005755 0.008633
0 0.717507 0.337369 0.005755 0.008633
0 0.710059 0.338645 0.005755 0.008633
0 0.716017 0.344550 0.005755 0.008633
0 0.720379 0.348380 0.005755 0.008633
0 0.724209 0.354923 0.005755 0.008633
0 0.731018 0.354285 0.005755 0.008633
0 0.731870 0.344390 0.005755 0.008633
0 0.736764 0.340560 0.005755 0.008633
0 0.738147 0.331783 0.005755 0.008633
0 0.741870 0.327474 0.005755 0.008633
0 0.753467 0.330506 0.005755 0.008633
0 0.762191 0.329868 0.005755 0.008633
0 0.770171 0.338326 0.005755 0.008633
0 0.765064 0.337369 0.005755 0.008633
0 0.758574 0.338326 0.005755 0.008633
0 0.751765 0.340880 0.005755 0.008633
0 0.754850 0.343752 0.005755 0.008633
0 0.747403 0.349338 0.005755 0.008633
0 0.752190 0.354764 0.005755 0.008633
0 0.744211 0.363381 0.005755 0.008633
0 0.749743 0.362903 0.005755 0.008633
0 0.754957 0.361626 0.005755 0.008633
0 0.758893 0.357955 0.005755 0.008633
0 0.762723 0.352849 0.005755 0.008633
0 0.757936 0.348540 0.005755 0.008633
0 0.764957 0.342475 0.005755 0.008633
0 0.770064 0.344071 0.005755 0.008633
0 0.769958 0.349816 0.005755 0.008633
0 0.771873 0.353966 0.005755 0.008633
0 0.767511 0.355721 0.005755 0.008633
0 0.770383 0.359392 0.005755 0.008633
0 0.767830 0.364498 0.005755 0.008633
0 0.736870 0.360828 0.005755 0.008633
0 0.728039 0.365137 0.005755 0.008633
0 0.721337 0.363222 0.005755 0.008633
0 0.717507 0.365137 0.005755 0.008633
0 0.714634 0.359870 0.005755 0.008633
0 0.710910 0.360668 0.005755 0.008633
0 0.706442 0.363222 0.005755 0.008633
0 0.702931 0.364977 0.005755 0.008633
0 0.709740 0.356200 0.005755 0.008633
0 0.703676 0.357477 0.005755 0.008633
0 0.700271 0.358594 0.005755 0.008633
0 0.696335 0.356838 0.005755 0.008633
0 0.696335 0.362743 0.005755 0.008633
0 0.692824 0.362903 0.005755 0.008633
0 0.691973 0.356040 0.005755 0.008633
0 0.694420 0.350295 0.005755 0.008633
0 0.698356 0.351412 0.005755 0.008633
0 0.702825 0.347901 0.005755 0.008633
0 0.699420 0.343114 0.005755 0.008633
0 0.703357 0.342795 0.005755 0.008633
0 0.703995 0.336730 0.005755 0.008633
0 0.710698 0.310558 0.005755 0.008633
0 0.709208 0.315984 0.005755 0.008633
0 0.709634 0.322686 0.005755 0.008633
0 0.706229 0.320133 0.005755 0.008633
0 0.703037 0.329070 0.005755 0.008633
0 0.697505 0.330825 0.005755 0.008633
0 0.699207 0.323165 0.005755 0.008633
0 0.693781 0.335134 0.005755 0.008633
0 0.693462 0.327634 0.005755 0.008633
0 0.693356 0.319335 0.005755 0.008633
0 0.696122 0.342635 0.005755 0.008633
0 0.693037 0.341997 0.005755 0.008633
0 0.690483 0.347423 0.005755 0.008633
0 0.685589 0.351572 0.005755 0.008633
0 0.687398 0.355721 0.005755 0.008633
0 0.680057 0.350614 0.005755 0.008633
0 0.682929 0.346146 0.005755 0.008633
0 0.685802 0.341518 0.005755 0.008633
0 0.681653 0.336730 0.005755 0.008633
0 0.685589 0.336092 0.005755 0.008633
0 0.678461 0.334017 0.005755 0.008633
0 0.683568 0.331145 0.005755 0.008633
0 0.688781 0.330187 0.005755 0.008633
0 0.682929 0.326357 0.005755 0.008633
0 0.687291 0.322048 0.005755 0.008633
0 0.689206 0.317739 0.005755 0.008633
0 0.684844 0.319176 0.005755 0.008633
0 0.678142 0.324761 0.005755 0.008633
0 0.673567 0.319335 0.005755 0.008633
0 0.672290 0.325559 0.005755 0.008633
0 0.665375 0.323484 0.005755 0.008633
0 0.663140 0.328910 0.005755 0.008633
0 0.667928 0.335134 0.005755 0.008633
0 0.675375 0.341518 0.005755 0.008633
0 0.670801 0.341677 0.005755 0.008633
0 0.662821 0.342795 0.005755 0.008633
0 0.662821 0.351731 0.005755 0.008633
0 0.669205 0.352849 0.005755 0.008633
0 0.674737 0.354923 0.005755 0.008633
0 0.675482 0.348540 0.005755 0.008633
0 0.679206 0.357796 0.005755 0.008633
0 0.683993 0.357955 0.005755 0.008633
0 0.685802 0.363860 0.005755 0.008633
0 0.681333 0.365775 0.005755 0.008633
0 0.677184 0.364339 0.005755 0.008633
0 0.670162 0.364020 0.005755 0.008633
0 0.666226 0.361786 0.005755 0.008633
0 0.661864 0.358594 0.005755 0.008633
0 0.662928 0.365775 0.005755 0.008633
0 0.646969 0.382053 0.005755 0.008633
0 0.649629 0.377106 0.005755 0.008633
0 0.651757 0.394661 0.005755 0.008633
0 0.645160 0.388596 0.005755 0.008633
0 0.644735 0.396576 0.005755 0.008633
0 0.641224 0.396256 0.005755 0.008633
0 0.654842 0.388596 0.005755 0.008633
0 0.653352 0.385085 0.005755 0.008633
0 0.654842 0.378223 0.005755 0.008633
0 0.658885 0.377266 0.005755 0.008633
0 0.663034 0.372478 0.005755 0.008633
0 0.668141 0.370084 0.005755 0.008633
0 0.661225 0.383170 0.005755 0.008633
0 0.664630 0.380138 0.005755 0.008633
0 0.671226 0.374712 0.005755 0.008633
0 0.674312 0.369765 0.005755 0.008633
0 0.677503 0.371520 0.005755 0.008633
0 0.676439 0.378223 0.005755 0.008633
0 0.680589 0.375031 0.005755 0.008633
0 0.685589 0.373116 0.005755 0.008633
0 0.688674 0.375031 0.005755 0.008633
0 0.689738 0.367211 0.005755 0.008633
0 0.693249 0.374233 0.005755 0.008633
0 0.696122 0.368648 0.005755 0.008633
0 0.698569 0.374074 0.005755 0.008633
0 0.703463 0.375191 0.005755 0.008633
0 0.706442 0.370084 0.005755 0.008633
0 0.711974 0.371201 0.005755 0.008633
0 0.715592 0.370084 0.005755 0.008633
0 0.716868 0.374393 0.005755 0.008633
0 0.719741 0.376468 0.005755 0.008633
0 0.725167 0.375989 0.005755 0.008633
0 0.729103 0.375350 0.005755 0.008633
0 0.730593 0.390352 0.005755 0.008633
0 0.727295 0.392746 0.005755 0.008633
0 0.726444 0.397054 0.005755 0.008633
0 0.722720 0.394022 0.005755 0.008633
0 0.718890 0.393703 0.005755 0.008633
0 0.716975 0.385883 0.005755 0.008633
0 0.712825 0.389394 0.005755 0.008633
0 0.712613 0.378702 0.005755 0.008633
0 0.709421 0.375829 0.005755 0.008633
0 0.707719 0.380138 0.005755 0.008633
0 0.711442 0.394022 0.005755 0.008633
0 0.709421 0.390511 0.005755 0.008633
0 0.706761 0.392905 0.005755 0.008633
0 0.701761 0.390033 0.005755 0.008633
0 0.701229 0.381894 0.005755 0.008633
0 0.693356 0.383011 0.005755 0.008633
0 0.696335 0.391150 0.005755 0.008633
0 0.699846 0.397533 0.005755 0.008633
0 0.693781 0.395778 0.005755 0.008633
0 0.689100 0.387798 0.005755 0.008633
0 0.686334 0.383170 0.005755 0.008633
0 0.680589 0.381574 0.005755 0.008633
0 0.686972 0.395459 0.005755 0.008633
0 0.685483 0.391948 0.005755 0.008633
0 0.682078 0.390033 0.005755 0.008633
0 0.680057 0.394980 0.005755 0.008633
0 0.675056 0.392905 0.005755 0.008633
0 0.676759 0.386841 0.005755 0.008633
0 0.672077 0.391309 0.005755 0.008633
0 0.673567 0.383170 0.005755 0.008633
0 0.669205 0.386522 0.005755 0.008633
0 0.670801 0.395618 0.005755 0.008633
0 0.663034 0.390990 0.005755 0.008633
0 0.657502 0.392107 0.005755 0.008633
0 0.626861 0.380138 0.005755 0.008633
0 0.636968 0.381096 0.005755 0.008633
0 0.606859 0.382372 0.005755 0.008633
0 0.599412 0.397852 0.005755 0.008633
0 0.607710 0.398491 0.005755 0.008633
0 0.616860 0.400885 0.005755 0.008633
0 0.626435 0.395299 0.005755 0.008633
0 0.631436 0.395937 0.005755 0.008633
0 0.599837 0.428014 0.005755 0.008633
0 0.607817 0.416684 0.005755 0.008633
0 0.615902 0.410460 0.005755 0.008633
0 0.620584 0.406470 0.005755 0.008633
0 0.626754 0.401842 0.005755 0.008633
0 0.625159 0.410300 0.005755 0.008633
0 0.628669 0.412056 0.005755 0.008633
0 0.624733 0.416045 0.005755 0.008633
0 0.627606 0.420354 0.005755 0.008633
0 0.622924 0.423067 0.005755 0.008633
0 0.625371 0.430089 0.005755 0.008633
0 0.631436 0.425461 0.005755 0.008633
0 0.635479 0.423386 0.005755 0.008633
0 0.633776 0.415247 0.005755 0.008633
0 0.634840 0.408066 0.005755 0.008633
0 0.635266 0.398810 0.005755 0.008633
0 0.639841 0.406470 0.005755 0.008633
0 0.642075 0.401044 0.005755 0.008633
0 0.646650 0.404236 0.005755 0.008633
0 0.651757 0.406470 0.005755 0.008633
0 0.644628 0.410460 0.005755 0.008633
0 0.647501 0.415088 0.005755 0.008633
0 0.652182 0.413652 0.005755 0.008633
0 0.652182 0.419556 0.005755 0.008633
0 0.657821 0.416365 0.005755 0.008633
0 0.660693 0.419556 0.005755 0.008633
0 0.660055 0.423865 0.005755 0.008633
0 0.659842 0.430568 0.005755 0.008633
0 0.663140 0.430249 0.005755 0.008633
0 0.665268 0.418918 0.005755 0.008633
0 0.662396 0.412854 0.005755 0.008633
0 0.656225 0.409662 0.005755 0.008633
0 0.658566 0.405353 0.005755 0.008633
0 0.662077 0.404555 0.005755 0.008633
0 0.664949 0.398650 0.005755 0.008633
0 0.659842 0.397852 0.005755 0.008633
0 0.655693 0.397852 0.005755 0.008633
0 0.647714 0.424344 0.005755 0.008633
0 0.652820 0.431047 0.005755 0.008633
0 0.646118 0.431845 0.005755 0.008633
0 0.643777 0.428653 0.005755 0.008633
0 0.639521 0.426099 0.005755 0.008633
0 0.633989 0.431685 0.005755 0.008633
0 0.641862 0.421471 0.005755 0.008633
0 0.639734 0.414130 0.005755 0.008633
0 0.599944 0.437430 0.005755 0.008633
0 0.604519 0.437590 0.005755 0.008633
0 0.611540 0.442377 0.005755 0.008633
0 0.609093 0.451793 0.005755 0.008633
0 0.617179 0.454985 0.005755 0.008633
0 0.616860 0.459932 0.005755 0.008633
0 0.623350 0.464560 0.005755 0.008633
0 0.628989 0.452272 0.005755 0.008633
0 0.628669 0.444452 0.005755 0.008633
0 0.628989 0.437271 0.005755 0.008633
0 0.636649 0.438547 0.005755 0.008633
0 0.641543 0.433600 0.005755 0.008633
0 0.646011 0.435994 0.005755 0.008633
0 0.633351 0.448920 0.005755 0.008633
0 0.637287 0.448761 0.005755 0.008633
0 0.641330 0.447644 0.005755 0.008633
0 0.636649 0.454666 0.005755 0.008633
0 0.641543 0.452431 0.005755 0.008633
0 0.646650 0.458496 0.005755 0.008633
0 0.644415 0.454187 0.005755 0.008633
0 0.640266 0.458974 0.005755 0.008633
0 0.634521 0.462645 0.005755 0.008633
0 0.642181 0.467273 0.005755 0.008633
0 0.646011 0.466635 0.005755 0.008633
0 0.650586 0.469348 0.005755 0.008633
0 0.651331 0.463603 0.005755 0.008633
0 0.651437 0.458336 0.005755 0.008633
0 0.650373 0.448442 0.005755 0.008633
0 0.646756 0.444771 0.005755 0.008633
0 0.650161 0.442377 0.005755 0.008633
0 0.654523 0.440462 0.005755 0.008633
0 0.659417 0.438707 0.005755 0.008633
0 0.664524 0.436792 0.005755 0.008633
0 0.668034 0.409662 0.005755 0.008633
0 0.672397 0.411736 0.005755 0.008633
0 0.674312 0.404236 0.005755 0.008633
0 0.673673 0.398491 0.005755 0.008633
0 0.685376 0.401363 0.005755 0.008633
0 0.679312 0.403438 0.005755 0.008633
0 0.685164 0.407587 0.005755 0.008633
0 0.680270 0.410460 0.005755 0.008633
0 0.678886 0.416843 0.005755 0.008633
0 0.682717 0.416045 0.005755 0.008633
0 0.685164 0.420514 0.005755 0.008633
0 0.682610 0.426738 0.005755 0.008633
0 0.678248 0.427855 0.005755 0.008633
0 0.673567 0.423865 0.005755 0.008633
0 0.666651 0.429929 0.005755 0.008633
0 0.671652 0.432483 0.005755 0.008633
0 0.677716 0.435355 0.005755 0.008633
0 0.683461 0.435515 0.005755 0.008633
0 0.685057 0.442218 0.005755 0.008633
0 0.682078 0.446048 0.005755 0.008633
0 0.674312 0.447165 0.005755 0.008633
0 0.674631 0.438866 0.005755 0.008633
0 0.669098 0.439345 0.005755 0.008633
0 0.673460 0.452910 0.005755 0.008633
0 0.668566 0.449878 0.005755 0.008633
0 0.664949 0.447165 0.005755 0.008633
0 0.661225 0.445729 0.005755 0.008633
0 0.656438 0.450835 0.005755 0.008633
0 0.662396 0.453389 0.005755 0.008633
0 0.668992 0.455783 0.005755 0.008633
0 0.676759 0.456740 0.005755 0.008633
0 0.678248 0.462485 0.005755 0.008633
0 0.680482 0.458496 0.005755 0.008633
0 0.681865 0.453548 0.005755 0.008633
0 0.685164 0.453389 0.005755 0.008633
0 0.684100 0.459613 0.005755 0.008633
0 0.685483 0.465198 0.005755 0.008633
0 0.680376 0.467273 0.005755 0.008633
0 0.685589 0.480200 0.005755 0.008633
0 0.680908 0.478125 0.005755 0.008633
0 0.676333 0.478125 0.005755 0.008633
0 0.676120 0.471422 0.005755 0.008633
0 0.672397 0.476529 0.005755 0.008633
0 0.672184 0.461368 0.005755 0.008633
0 0.670269 0.465039 0.005755 0.008633
0 0.669630 0.469028 0.005755 0.008633
0 0.669098 0.473657 0.005755 0.008633
0 0.668779 0.479721 0.005755 0.008633
0 0.672822 0.483391 0.005755 0.008633
0 0.678567 0.482753 0.005755 0.008633
0 0.682929 0.486424 0.005755 0.008633
0 0.685376 0.487860 0.005755 0.008633
0 0.664949 0.477008 0.005755 0.008633
0 0.667183 0.459932 0.005755 0.008633
0 0.665587 0.462964 0.005755 0.008633
0 0.661970 0.466475 0.005755 0.008633
0 0.658140 0.464720 0.005755 0.008633
0 0.656544 0.457698 0.005755 0.008633
0 0.654842 0.471901 0.005755 0.008633
0 0.656970 0.475412 0.005755 0.008633
0 0.643139 0.481955 0.005755 0.008633
0 0.648671 0.479083 0.005755 0.008633
0 0.656757 0.481317 0.005755 0.008633
0 0.648671 0.486264 0.005755 0.008633
0 0.636330 0.497754 0.005755 0.008633
0 0.637287 0.505255 0.005755 0.008633
0 0.641436 0.499350 0.005755 0.008633
0 0.649097 0.501425 0.005755 0.008633
0 0.648884 0.495041 0.005755 0.008633
0 0.652395 0.491530 0.005755 0.008633
0 0.657821 0.489775 0.005755 0.008633
0 0.659523 0.498871 0.005755 0.008633
0 0.662608 0.498871 0.005755 0.008633
0 0.664524 0.494403 0.005755 0.008633
0 0.663885 0.490254 0.005755 0.008633
0 0.665055 0.484509 0.005755 0.008633
0 0.667715 0.488339 0.005755 0.008633
0 0.672397 0.488977 0.005755 0.008633
0 0.676865 0.490254 0.005755 0.008633
0 0.677716 0.494403 0.005755 0.008633
0 0.685057 0.496158 0.005755 0.008633
0 0.686759 0.502542 0.005755 0.008633
0 0.684632 0.507808 0.005755 0.008633
0 0.680376 0.501265 0.005755 0.008633
0 0.675269 0.506532 0.005755 0.008633
0 0.673035 0.497914 0.005755 0.008633
0 0.668354 0.498552 0.005755 0.008633
0 0.670481 0.504297 0.005755 0.008633
0 0.660906 0.508447 0.005755 0.008633
0 0.650799 0.508447 0.005755 0.008633
0 0.689738 0.402480 0.005755 0.008633
0 0.695271 0.404236 0.005755 0.008633
0 0.698782 0.405991 0.005755 0.008633
0 0.701654 0.407268 0.005755 0.008633
0 0.705591 0.409981 0.005755 0.008633
0 0.704314 0.402321 0.005755 0.008633
0 0.708676 0.401204 0.005755 0.008633
0 0.710485 0.408226 0.005755 0.008633
0 0.713677 0.404874 0.005755 0.008633
0 0.714740 0.398650 0.005755 0.008633
0 0.720273 0.404236 0.005755 0.008633
0 0.724316 0.401204 0.005755 0.008633
0 0.722294 0.413332 0.005755 0.008633
0 0.714528 0.412375 0.005755 0.008633
0 0.692398 0.409981 0.005755 0.008633
0 0.696441 0.409981 0.005755 0.008633
0 0.701761 0.414290 0.005755 0.008633
0 0.691334 0.416524 0.005755 0.008633
0 0.702718 0.421631 0.005755 0.008633
0 0.698569 0.422110 0.005755 0.008633
0 0.694420 0.423706 0.005755 0.008633
0 0.688355 0.429451 0.005755 0.008633
0 0.687291 0.437909 0.005755 0.008633
0 0.695271 0.435675 0.005755 0.008633
0 0.697186 0.428972 0.005755 0.008633
0 0.705165 0.425940 0.005755 0.008633
0 0.704420 0.430408 0.005755 0.008633
0 0.705272 0.436473 0.005755 0.008633
0 0.700910 0.434558 0.005755 0.008633
0 0.693994 0.441579 0.005755 0.008633
0 0.688355 0.445888 0.005755 0.008633
0 0.693569 0.447644 0.005755 0.008633
0 0.698782 0.450516 0.005755 0.008633
0 0.696760 0.457857 0.005755 0.008633
0 0.700910 0.463603 0.005755 0.008633
0 0.691973 0.454825 0.005755 0.008633
0 0.689100 0.462166 0.005755 0.008633
0 0.693569 0.469028 0.005755 0.008633
0 0.686653 0.470305 0.005755 0.008633
0 0.689845 0.479721 0.005755 0.008633
0 0.690590 0.483391 0.005755 0.008633
0 0.695696 0.476370 0.005755 0.008633
0 0.697292 0.483232 0.005755 0.008633
0 0.701335 0.479083 0.005755 0.008633
0 0.702186 0.485466 0.005755 0.008633
0 0.704952 0.478604 0.005755 0.008633
0 0.708995 0.474295 0.005755 0.008633
0 0.709634 0.480359 0.005755 0.008633
0 0.714421 0.478125 0.005755 0.008633
0 0.708144 0.486583 0.005755 0.008633
0 0.712293 0.486264 0.005755 0.008633
0 0.715804 0.488339 0.005755 0.008633
0 0.711442 0.491530 0.005755 0.008633
0 0.704846 0.492807 0.005755 0.008633
0 0.700165 0.492009 0.005755 0.008633
0 0.699420 0.497116 0.005755 0.008633
0 0.696335 0.491052 0.005755 0.008633
0 0.690590 0.493605 0.005755 0.008633
0 0.693037 0.501265 0.005755 0.008633
0 0.721656 0.484668 0.005755 0.008633
0 0.725592 0.482274 0.005755 0.008633
0 0.730486 0.476210 0.005755 0.008633
0 0.724103 0.467592 0.005755 0.008633
0 0.732189 0.469188 0.005755 0.008633
0 0.732614 0.464081 0.005755 0.008633
0 0.739849 0.465039 0.005755 0.008633
0 0.743679 0.478285 0.005755 0.008633
0 0.737083 0.486902 0.005755 0.008633
0 0.723039 0.492807 0.005755 0.008633
0 0.718464 0.495041 0.005755 0.008633
0 0.706761 0.460092 0.005755 0.008633
0 0.707612 0.454187 0.005755 0.008633
0 0.712932 0.454666 0.005755 0.008633
0 0.711017 0.446367 0.005755 0.008633
0 0.717294 0.449559 0.005755 0.008633
0 0.722401 0.452431 0.005755 0.008633
0 0.723145 0.443335 0.005755 0.008633
0 0.716230 0.435196 0.005755 0.008633
0 0.721018 0.431206 0.005755 0.008633
0 0.726763 0.420673 0.005755 0.008633
0 0.730061 0.426259 0.005755 0.008633
0 0.735912 0.431206 0.005755 0.008633
0 0.739317 0.432642 0.005755 0.008633
0 0.744956 0.432642 0.005755 0.008633
0 0.749637 0.431685 0.005755 0.008633
0 0.743998 0.425780 0.005755 0.008633
0 0.736657 0.425301 0.005755 0.008633
0 0.733785 0.424504 0.005755 0.008633
0 0.739423 0.420035 0.005755 0.008633
0 0.739423 0.412854 0.005755 0.008633
0 0.734104 0.418280 0.005755 0.008633
0 0.730167 0.419875 0.005755 0.008633
0 0.730274 0.413173 0.005755 0.008633
0 0.727933 0.406630 0.005755 0.008633
0 0.732827 0.401363 0.005755 0.008633
0 0.734849 0.407108 0.005755 0.008633
0 0.740062 0.405832 0.005755 0.008633
0 0.735593 0.397693 0.005755 0.008633
0 0.740487 0.395618 0.005755 0.008633
0 0.737083 0.388437 0.005755 0.008633
0 0.735274 0.378702 0.005755 0.008633
0 0.741019 0.380298 0.005755 0.008633
0 0.736551 0.373276 0.005755 0.008633
0 0.740700 0.373755 0.005755 0.008633
0 0.753361 0.368488 0.005755 0.008633
0 0.754637 0.375829 0.005755 0.008633
0 0.757829 0.378383 0.005755 0.008633
0 0.756552 0.387000 0.005755 0.008633
0 0.750488 0.381734 0.005755 0.008633
0 0.750701 0.389554 0.005755 0.008633
0 0.743679 0.393863 0.005755 0.008633
0 0.750595 0.396735 0.005755 0.008633
0 0.744637 0.405672 0.005755 0.008633
0 0.748360 0.405832 0.005755 0.008633
0 0.753574 0.415886 0.005755 0.008633
0 0.761978 0.409183 0.005755 0.008633
0 0.752190 0.435675 0.005755 0.008633
0 0.752297 0.445410 0.005755 0.008633
0 0.758361 0.446527 0.005755 0.008633
0 0.762617 0.438866 0.005755 0.008633
0 0.766766 0.432962 0.005755 0.008633
0 0.771128 0.453070 0.005755 0.008633
0 0.770703 0.458974 0.005755 0.008633
0 0.774639 0.455623 0.005755 0.008633
0 0.780278 0.455464 0.005755 0.008633
0 0.768681 0.473816 0.005755 0.008633
0 0.769532 0.478923 0.005755 0.008633
0 0.774852 0.480998 0.005755 0.008633
0 0.773894 0.485626 0.005755 0.008633
0 0.768575 0.484349 0.005755 0.008633
0 0.762936 0.487062 0.005755 0.008633
0 0.761021 0.478923 0.005755 0.008633
0 0.757191 0.484509 0.005755 0.008633
0 0.761553 0.493765 0.005755 0.008633
0 0.759212 0.490892 0.005755 0.008633
0 0.754637 0.491211 0.005755 0.008633
0 0.750169 0.487222 0.005755 0.008633
0 0.751020 0.482115 0.005755 0.008633
0 0.747084 0.481796 0.005755 0.008633
0 0.742509 0.486264 0.005755 0.008633
0 0.741445 0.491850 0.005755 0.008633
0 0.737296 0.495999 0.005755 0.008633
0 0.744105 0.496797 0.005755 0.008633
0 0.745913 0.490573 0.005755 0.008633
0 0.747722 0.494563 0.005755 0.008633
0 0.749105 0.500946 0.005755 0.008633
0 0.754957 0.498712 0.005755 0.008633
0 0.758042 0.502542 0.005755 0.008633
0 0.762404 0.501425 0.005755 0.008633
0 0.766979 0.504936 0.005755 0.008633
0 0.771767 0.503021 0.005755 0.008633
0 0.774320 0.409502 0.005755 0.008633
0 0.779427 0.403598 0.005755 0.008633
0 0.778788 0.393863 0.005755 0.008633
0 0.773682 0.398969 0.005755 0.008633
0 0.774214 0.391628 0.005755 0.008633
0 0.771128 0.386841 0.005755 0.008633
0 0.765915 0.395778 0.005755 0.008633
0 0.763362 0.392746 0.005755 0.008633
0 0.764851 0.383489 0.005755 0.008633
0 0.772298 0.380617 0.005755 0.008633
0 0.776129 0.382532 0.005755 0.008633
0 0.773575 0.326197 0.005755 0.008633
0 0.775597 0.335773 0.005755 0.008633
0 0.780278 0.337209 0.005755 0.008633
0 0.782938 0.329389 0.005755 0.008633
0 0.785597 0.335932 0.005755 0.008633
0 0.785065 0.342156 0.005755 0.008633
0 0.791768 0.338167 0.005755 0.008633
0 0.789960 0.346305 0.005755 0.008633
0 0.796024 0.340880 0.005755 0.008633
0 0.798577 0.332262 0.005755 0.008633
0 0.808897 0.337209 0.005755 0.008633
0 0.811344 0.343273 0.005755 0.008633
0 0.804322 0.342795 0.005755 0.008633
0 0.815494 0.346465 0.005755 0.008633
0 0.805706 0.347901 0.005755 0.008633
0 0.800492 0.352849 0.005755 0.008633
0 0.796556 0.348540 0.005755 0.008633
0 0.796875 0.355881 0.005755 0.008633
0 0.800067 0.357955 0.005755 0.008633
0 0.803471 0.353647 0.005755 0.008633
0 0.807833 0.354604 0.005755 0.008633
0 0.812834 0.354125 0.005755 0.008633
0 0.824962 0.357317 0.005755 0.008633
0 0.820600 0.359551 0.005755 0.008633
0 0.817302 0.359232 0.005755 0.008633
0 0.816557 0.351093 0.005755 0.008633
0 0.810387 0.359711 0.005755 0.008633
0 0.814004 0.362583 0.005755 0.008633
0 0.806237 0.360509 0.005755 0.008633
0 0.796024 0.360509 0.005755 0.008633
0 0.788151 0.356998 0.005755 0.008633
0 0.791343 0.362105 0.005755 0.008633
0 0.788151 0.365775 0.005755 0.008633
0 0.784534 0.360509 0.005755 0.008633
0 0.781874 0.354764 0.005755 0.008633
0 0.775490 0.358115 0.005755 0.008633
0 0.779959 0.365775 0.005755 0.008633
0 0.784427 0.369605 0.005755 0.008633
0 0.780916 0.373595 0.005755 0.008633
0 0.774426 0.367690 0.005755 0.008633
0 0.777086 0.374553 0.005755 0.008633
0 0.768362 0.373276 0.005755 0.008633
0 0.781874 0.382372 0.005755 0.008633
0 0.785704 0.379181 0.005755 0.008633
0 0.786555 0.386202 0.005755 0.008633
0 0.788896 0.391788 0.005755 0.008633
0 0.792513 0.386841 0.005755 0.008633
0 0.794534 0.378861 0.005755 0.008633
0 0.794215 0.367531 0.005755 0.008633
0 0.800280 0.371201 0.005755 0.008633
0 0.802407 0.366094 0.005755 0.008633
0 0.808046 0.368009 0.005755 0.008633
0 0.811451 0.372478 0.005755 0.008633
0 0.815281 0.374393 0.005755 0.008633
0 0.815174 0.369605 0.005755 0.008633
0 0.819962 0.369286 0.005755 0.008633
0 0.818047 0.363701 0.005755 0.008633
0 0.820813 0.364498 0.005755 0.008633
0 0.823792 0.363222 0.005755 0.008633
0 0.824962 0.369765 0.005755 0.008633
0 0.822303 0.375350 0.005755 0.008633
0 0.827516 0.373595 0.005755 0.008633
0 0.832091 0.380617 0.005755 0.008633
0 0.829218 0.379659 0.005755 0.008633
0 0.825388 0.381096 0.005755 0.008633
0 0.821558 0.383170 0.005755 0.008633
0 0.817728 0.379979 0.005755 0.008633
0 0.817728 0.385085 0.005755 0.008633
0 0.813047 0.381096 0.005755 0.008633
0 0.805386 0.379340 0.005755 0.008633
0 0.808046 0.386043 0.005755 0.008633
0 0.803578 0.386043 0.005755 0.008633
0 0.804961 0.391150 0.005755 0.008633
0 0.800599 0.394341 0.005755 0.008633
0 0.804110 0.398012 0.005755 0.008633
0 0.808578 0.395459 0.005755 0.008633
0 0.803897 0.403438 0.005755 0.008633
0 0.798471 0.404555 0.005755 0.008633
0 0.801450 0.410300 0.005755 0.008633
0 0.796130 0.411577 0.005755 0.008633
0 0.793045 0.406789 0.005755 0.008633
0 0.805174 0.411098 0.005755 0.008633
0 0.808791 0.409183 0.005755 0.008633
0 0.816238 0.408066 0.005755 0.008633
0 0.813685 0.406789 0.005755 0.008633
0 0.813472 0.399289 0.005755 0.008633
0 0.815174 0.395778 0.005755 0.008633
0 0.817941 0.401682 0.005755 0.008633
0 0.821771 0.402640 0.005755 0.008633
0 0.822196 0.392905 0.005755 0.008633
0 0.825494 0.388277 0.005755 0.008633
0 0.829005 0.384766 0.005755 0.008633
0 0.833155 0.386362 0.005755 0.008633
0 0.839219 0.387958 0.005755 0.008633
0 0.832516 0.390830 0.005755 0.008633
0 0.837410 0.394182 0.005755 0.008633
0 0.826133 0.397533 0.005755 0.008633
0 0.829856 0.400087 0.005755 0.008633
0 0.835282 0.399129 0.005755 0.008633
0 0.827516 0.405034 0.005755 0.008633
0 0.830708 0.408385 0.005755 0.008633
0 0.836453 0.407108 0.005755 0.008633
0 0.834750 0.411896 0.005755 0.008633
0 0.830176 0.413652 0.005755 0.008633
0 0.826558 0.412056 0.005755 0.008633
0 0.822303 0.409821 0.005755 0.008633
0 0.822515 0.416524 0.005755 0.008633
0 0.819217 0.408864 0.005755 0.008633
0 0.787832 0.426738 0.005755 0.008633
0 0.790598 0.421791 0.005755 0.008633
0 0.786874 0.417322 0.005755 0.008633
0 0.785278 0.413013 0.005755 0.008633
0 0.779959 0.424823 0.005755 0.008633
0 0.793364 0.417482 0.005755 0.008633
0 0.797088 0.418918 0.005755 0.008633
0 0.797301 0.427855 0.005755 0.008633
0 0.792726 0.427216 0.005755 0.008633
0 0.792300 0.436792 0.005755 0.008633
0 0.785704 0.438547 0.005755 0.008633
0 0.789108 0.442856 0.005755 0.008633
0 0.799322 0.442377 0.005755 0.008633
0 0.804003 0.441739 0.005755 0.008633
0 0.803259 0.435675 0.005755 0.008633
0 0.808578 0.435196 0.005755 0.008633
0 0.808684 0.428174 0.005755 0.008633
0 0.802727 0.423865 0.005755 0.008633
0 0.811557 0.424184 0.005755 0.008633
0 0.816877 0.425780 0.005755 0.008633
0 0.818685 0.420354 0.005755 0.008633
0 0.821239 0.423546 0.005755 0.008633
0 0.826452 0.420035 0.005755 0.008633
0 0.831772 0.422588 0.005755 0.008633
0 0.829963 0.426897 0.005755 0.008633
0 0.824856 0.427536 0.005755 0.008633
0 0.821877 0.429929 0.005755 0.008633
0 0.818898 0.434877 0.005755 0.008633
0 0.812834 0.432483 0.005755 0.008633
0 0.814855 0.438228 0.005755 0.008633
0 0.815387 0.443335 0.005755 0.008633
0 0.810387 0.443335 0.005755 0.008633
0 0.820707 0.442856 0.005755 0.008633
0 0.824750 0.434717 0.005755 0.008633
0 0.829112 0.435196 0.005755 0.008633
0 0.829537 0.442058 0.005755 0.008633
0 0.833155 0.438388 0.005755 0.008633
0 0.832623 0.432483 0.005755 0.008633
0 0.836453 0.444452 0.005755 0.008633
0 0.838155 0.436951 0.005755 0.008633
0 0.838793 0.429929 0.005755 0.008633
0 0.836559 0.425142 0.005755 0.008633
0 0.835495 0.418599 0.005755 0.008633
0 0.838687 0.414609 0.005755 0.008633
0 0.840389 0.420035 0.005755 0.008633
0 0.843900 0.421152 0.005755 0.008633
0 0.844964 0.415726 0.005755 0.008633
0 0.842836 0.408704 0.005755 0.008633
0 0.840389 0.403438 0.005755 0.008633
0 0.841347 0.398650 0.005755 0.008633
0 0.845390 0.403598 0.005755 0.008633
0 0.847730 0.404395 0.005755 0.008633
0 0.850496 0.408864 0.005755 0.008633
0 0.847198 0.408864 0.005755 0.008633
0 0.848369 0.412854 0.005755 0.008633
0 0.852731 0.413652 0.005755 0.008633
0 0.849220 0.421152 0.005755 0.008633
0 0.852518 0.421152 0.005755 0.008633
0 0.856880 0.423227 0.005755 0.008633
0 0.856135 0.432642 0.005755 0.008633
0 0.851454 0.428334 0.005755 0.008633
0 0.849645 0.434558 0.005755 0.008633
0 0.846347 0.435355 0.005755 0.008633
0 0.841772 0.427536 0.005755 0.008633
0 0.843049 0.435994 0.005755 0.008633
0 0.843687 0.440303 0.005755 0.008633
0 0.842623 0.443175 0.005755 0.008633
0 0.849007 0.441101 0.005755 0.008633
0 0.854433 0.444931 0.005755 0.008633
0 0.854007 0.439824 0.005755 0.008633
0 0.849220 0.447803 0.005755 0.008633
0 0.853901 0.452910 0.005755 0.008633
0 0.857093 0.458496 0.005755 0.008633
0 0.852199 0.458815 0.005755 0.008633
0 0.848794 0.453708 0.005755 0.008633
0 0.844113 0.447803 0.005755 0.008633
0 0.840602 0.450835 0.005755 0.008633
0 0.835282 0.450676 0.005755 0.008633
0 0.835495 0.456102 0.005755 0.008633
0 0.839964 0.458974 0.005755 0.008633
0 0.844432 0.457538 0.005755 0.008633
0 0.830388 0.452591 0.005755 0.008633
0 0.823047 0.447963 0.005755 0.008633
0 0.818792 0.448442 0.005755 0.008633
0 0.813366 0.447005 0.005755 0.008633
0 0.806982 0.448282 0.005755 0.008633
0 0.805280 0.452751 0.005755 0.008633
0 0.800705 0.450357 0.005755 0.008633
0 0.796662 0.452272 0.005755 0.008633
0 0.793258 0.454506 0.005755 0.008633
0 0.788044 0.464081 0.005755 0.008633
0 0.790385 0.467433 0.005755 0.008633
0 0.791981 0.478285 0.005755 0.008633
0 0.796024 0.478125 0.005755 0.008633
0 0.794854 0.469188 0.005755 0.008633
0 0.798258 0.467592 0.005755 0.008633
0 0.802620 0.457857 0.005755 0.008633
0 0.783150 0.521692 0.005755 0.008633
0 0.791768 0.516266 0.005755 0.008633
0 0.791981 0.511798 0.005755 0.008633
0 0.796662 0.512277 0.005755 0.008633
0 0.797088 0.505734 0.005755 0.008633
0 0.798364 0.501106 0.005755 0.008633
0 0.799428 0.494243 0.005755 0.008633
0 0.802514 0.492967 0.005755 0.008633
0 0.795386 0.494403 0.005755 0.008633
0 0.794747 0.486743 0.005755 0.008633
0 0.799960 0.487381 0.005755 0.008633
0 0.809216 0.478763 0.005755 0.008633
0 0.805493 0.479561 0.005755 0.008633
0 0.803046 0.476529 0.005755 0.008633
0 0.806557 0.473976 0.005755 0.008633
0 0.802407 0.469667 0.005755 0.008633
0 0.809536 0.468071 0.005755 0.008633
0 0.821026 0.457538 0.005755 0.008633
0 0.825069 0.457698 0.005755 0.008633
0 0.829537 0.458815 0.005755 0.008633
0 0.830282 0.465518 0.005755 0.008633
0 0.824856 0.463283 0.005755 0.008633
0 0.825707 0.470305 0.005755 0.008633
0 0.820494 0.469188 0.005755 0.008633
0 0.830920 0.470944 0.005755 0.008633
0 0.819643 0.475252 0.005755 0.008633
0 0.824111 0.477167 0.005755 0.008633
0 0.828261 0.479561 0.005755 0.008633
0 0.831878 0.484349 0.005755 0.008633
0 0.835495 0.480040 0.005755 0.008633
0 0.839432 0.474933 0.005755 0.008633
0 0.842092 0.468390 0.005755 0.008633
0 0.846773 0.469028 0.005755 0.008633
0 0.848794 0.464560 0.005755 0.008633
0 0.851986 0.467273 0.005755 0.008633
0 0.853369 0.463283 0.005755 0.008633
0 0.857412 0.461687 0.005755 0.008633
0 0.858369 0.466794 0.005755 0.008633
0 0.859433 0.472859 0.005755 0.008633
0 0.856774 0.473497 0.005755 0.008633
0 0.853050 0.476210 0.005755 0.008633
0 0.850390 0.475093 0.005755 0.008633
0 0.851241 0.479561 0.005755 0.008633
0 0.849539 0.483711 0.005755 0.008633
0 0.846241 0.480040 0.005755 0.008633
0 0.840708 0.486583 0.005755 0.008633
0 0.847943 0.489296 0.005755 0.008633
0 0.845496 0.494722 0.005755 0.008633
0 0.841134 0.494882 0.005755 0.008633
0 0.837198 0.496318 0.005755 0.008633
0 0.836453 0.488658 0.005755 0.008633
0 0.833687 0.491850 0.005755 0.008633
0 0.827516 0.489137 0.005755 0.008633
0 0.822835 0.483870 0.005755 0.008633
0 0.828580 0.495360 0.005755 0.008633
0 0.825814 0.496478 0.005755 0.008633
0 0.821132 0.500148 0.005755 0.008633
0 0.823047 0.491530 0.005755 0.008633
0 0.819005 0.489934 0.005755 0.008633
0 0.815174 0.483870 0.005755 0.008633
0 0.814962 0.494563 0.005755 0.008633
0 0.811770 0.486743 0.005755 0.008633
0 0.811344 0.498233 0.005755 0.008633
0 0.806557 0.495839 0.005755 0.008633
0 0.804216 0.505095 0.005755 0.008633
0 0.809216 0.503021 0.005755 0.008633
0 0.813366 0.504138 0.005755 0.008633
0 0.800705 0.510840 0.005755 0.008633
0 0.805280 0.507968 0.005755 0.008633
0 0.800067 0.519777 0.005755 0.008633
0 0.805706 0.514511 0.005755 0.008633
0 0.804535 0.522012 0.005755 0.008633
0 0.808472 0.518022 0.005755 0.008633
0 0.814962 0.514830 0.005755 0.008633
0 0.819643 0.511798 0.005755 0.008633
0 0.824750 0.507330 0.005755 0.008633
0 0.829112 0.503499 0.005755 0.008633
0 0.827941 0.521373 0.005755 0.008633
0 0.829856 0.514351 0.005755 0.008633
0 0.833048 0.505255 0.005755 0.008633
0 0.835070 0.511638 0.005755 0.008633
0 0.839645 0.511958 0.005755 0.008633
0 0.837091 0.522969 0.005755 0.008633
0 0.839645 0.522012 0.005755 0.008633
0 0.846666 0.499829 0.005755 0.008633
0 0.849752 0.496478 0.005755 0.008633
0 0.854859 0.485306 0.005755 0.008633
0 0.859540 0.483232 0.005755 0.008633
0 0.864753 0.482274 0.005755 0.008633
0 0.863370 0.487381 0.005755 0.008633
0 0.859114 0.489775 0.005755 0.008633
0 0.854220 0.492169 0.005755 0.008633
0 0.865072 0.492647 0.005755 0.008633
0 0.857731 0.495520 0.005755 0.008633
0 0.855497 0.500148 0.005755 0.008633
0 0.851560 0.506212 0.005755 0.008633
0 0.857731 0.505415 0.005755 0.008633
0 0.862412 0.509085 0.005755 0.008633
0 0.858901 0.513713 0.005755 0.008633
0 0.854752 0.517543 0.005755 0.008633
0 0.762617 0.512596 0.005755 0.008633
0 0.871243 0.495520 0.005755 0.008633
0 0.868477 0.488498 0.005755 0.008633
0 0.869647 0.504617 0.005755 0.008633
0 0.866668 0.499669 0.005755 0.008633
0 0.868796 0.511798 0.005755 0.008633
0 0.857412 0.522171 0.005755 0.008633
0 0.859433 0.526321 0.005755 0.008633
0 0.870498 0.526959 0.005755 0.008633
0 0.870498 0.530949 0.005755 0.008633
0 0.871030 0.537651 0.005755 0.008633
0 0.874967 0.534459 0.005755 0.008633
0 0.876456 0.539407 0.005755 0.008633
0 0.881457 0.541481 0.005755 0.008633
0 0.881669 0.547546 0.005755 0.008633
0 0.876882 0.546588 0.005755 0.008633
0 0.870711 0.545631 0.005755 0.008633
0 0.864221 0.536375 0.005755 0.008633
0 0.866030 0.545790 0.005755 0.008633
0 0.860604 0.542918 0.005755 0.008633
0 0.856029 0.546588 0.005755 0.008633
0 0.852518 0.540364 0.005755 0.008633
0 0.847837 0.537332 0.005755 0.008633
0 0.847305 0.530949 0.005755 0.008633
0 0.854220 0.528714 0.005755 0.008633
0 0.838581 0.531427 0.005755 0.008633
0 0.842517 0.535417 0.005755 0.008633
0 0.841240 0.539885 0.005755 0.008633
0 0.842836 0.544035 0.005755 0.008633
0 0.839751 0.545631 0.005755 0.008633
0 0.846134 0.549301 0.005755 0.008633
0 0.837091 0.551855 0.005755 0.008633
0 0.842943 0.556163 0.005755 0.008633
0 0.847518 0.554568 0.005755 0.008633
0 0.838155 0.560153 0.005755 0.008633
0 0.829644 0.558078 0.005755 0.008633
0 0.829963 0.550578 0.005755 0.008633
0 0.834112 0.542918 0.005755 0.008633
0 0.831984 0.540205 0.005755 0.008633
0 0.826877 0.540045 0.005755 0.008633
0 0.828686 0.535098 0.005755 0.008633
0 0.833474 0.533342 0.005755 0.008633
0 0.835176 0.527757 0.005755 0.008633
0 0.831559 0.528714 0.005755 0.008633
0 0.833474 0.518660 0.005755 0.008633
0 0.828793 0.528395 0.005755 0.008633
0 0.823473 0.526640 0.005755 0.008633
0 0.821026 0.533502 0.005755 0.008633
0 0.822622 0.537970 0.005755 0.008633
0 0.817302 0.533183 0.005755 0.008633
0 0.816557 0.537492 0.005755 0.008633
0 0.816983 0.542439 0.005755 0.008633
0 0.813472 0.542758 0.005755 0.008633
0 0.821983 0.545950 0.005755 0.008633
0 0.826452 0.547067 0.005755 0.008633
0 0.816877 0.547067 0.005755 0.008633
0 0.822090 0.552972 0.005755 0.008633
0 0.816026 0.551376 0.005755 0.008633
0 0.811663 0.552972 0.005755 0.008633
0 0.810387 0.546907 0.005755 0.008633
0 0.808897 0.560472 0.005755 0.008633
0 0.806344 0.546907 0.005755 0.008633
0 0.800918 0.542598 0.005755 0.008633
0 0.797301 0.537492 0.005755 0.008633
0 0.791023 0.540524 0.005755 0.008633
0 0.795705 0.548503 0.005755 0.008633
0 0.812302 0.532225 0.005755 0.008633
0 0.811557 0.524884 0.005755 0.008633
0 0.817834 0.523767 0.005755 0.008633
0 0.823473 0.519299 0.005755 0.008633
0 0.791023 0.559355 0.005755 0.008633
0 0.785810 0.554727 0.005755 0.008633
0 0.775490 0.529512 0.005755 0.008633
0 0.771873 0.533821 0.005755 0.008633
0 0.772298 0.545790 0.005755 0.008633
0 0.775277 0.552014 0.005755 0.008633
0 0.766660 0.548982 0.005755 0.008633
0 0.760915 0.541641 0.005755 0.008633
0 0.762085 0.533981 0.005755 0.008633
0 0.766021 0.529512 0.005755 0.008633
0 0.756765 0.537651 0.005755 0.008633
0 0.758042 0.544992 0.005755 0.008633
0 0.757191 0.551535 0.005755 0.008633
0 0.753786 0.561589 0.005755 0.008633
0 0.756765 0.562707 0.005755 0.008633
0 0.759319 0.567654 0.005755 0.008633
0 0.754957 0.569569 0.005755 0.008633
0 0.749637 0.571643 0.005755 0.008633
0 0.744637 0.566537 0.005755 0.008633
0 0.744317 0.558876 0.005755 0.008633
0 0.750701 0.558238 0.005755 0.008633
0 0.750914 0.549142 0.005755 0.008633
0 0.750382 0.542439 0.005755 0.008633
0 0.749956 0.533981 0.005755 0.008633
0 0.753893 0.528874 0.005755 0.008633
0 0.750063 0.524565 0.005755 0.008633
0 0.753467 0.516905 0.005755 0.008633
0 0.751765 0.510202 0.005755 0.008633
0 0.755276 0.506053 0.005755 0.008633
0 0.744849 0.509085 0.005755 0.008633
0 0.744105 0.517224 0.005755 0.008633
0 0.744530 0.524246 0.005755 0.008633
0 0.746977 0.531268 0.005755 0.008633
0 0.738891 0.522650 0.005755 0.008633
0 0.739849 0.509883 0.005755 0.008633
0 0.734210 0.514671 0.005755 0.008633
0 0.733253 0.504936 0.005755 0.008633
0 0.730806 0.519777 0.005755 0.008633
0 0.729316 0.512915 0.005755 0.008633
0 0.729742 0.507330 0.005755 0.008633
0 0.727401 0.505095 0.005755 0.008633
0 0.726869 0.496637 0.005755 0.008633
0 0.722613 0.500627 0.005755 0.008633
0 0.718358 0.504617 0.005755 0.008633
0 0.722826 0.515947 0.005755 0.008633
0 0.722613 0.527438 0.005755 0.008633
0 0.722082 0.534300 0.005755 0.008633
0 0.726656 0.535257 0.005755 0.008633
0 0.729742 0.529672 0.005755 0.008633
0 0.735912 0.537811 0.005755 0.008633
0 0.745381 0.537811 0.005755 0.008633
0 0.744211 0.549301 0.005755 0.008633
0 0.741019 0.548184 0.005755 0.008633
0 0.735487 0.551057 0.005755 0.008633
0 0.730806 0.547227 0.005755 0.008633
0 0.731550 0.559196 0.005755 0.008633
0 0.727720 0.561430 0.005755 0.008633
0 0.723252 0.549142 0.005755 0.008633
0 0.719954 0.554887 0.005755 0.008633
0 0.718571 0.547705 0.005755 0.008633
0 0.739636 0.568930 0.005755 0.008633
0 0.736125 0.573399 0.005755 0.008633
0 0.733465 0.579144 0.005755 0.008633
0 0.728146 0.589198 0.005755 0.008633
0 0.756446 0.588560 0.005755 0.008633
0 0.799003 0.584730 0.005755 0.008633
0 0.813791 0.580900 0.005755 0.008633
0 0.801237 0.571803 0.005755 0.008633
0 0.805174 0.571963 0.005755 0.008633
0 0.809748 0.571963 0.005755 0.008633
0 0.815174 0.574835 0.005755 0.008633
0 0.819856 0.574835 0.005755 0.008633
0 0.823686 0.576271 0.005755 0.008633
0 0.820175 0.581538 0.005755 0.008633
0 0.827941 0.574356 0.005755 0.008633
0 0.820600 0.588560 0.005755 0.008633
0 0.821132 0.596060 0.005755 0.008633
0 0.825069 0.595262 0.005755 0.008633
0 0.829431 0.591751 0.005755 0.008633
0 0.749531 0.604678 0.005755 0.008633
0 0.768681 0.611381 0.005755 0.008633
0 0.763468 0.611700 0.005755 0.008633
0 0.759851 0.613136 0.005755 0.008633
0 0.773788 0.618083 0.005755 0.008633
0 0.773788 0.627020 0.005755 0.008633
0 0.764000 0.620318 0.005755 0.008633
0 0.754850 0.616488 0.005755 0.008633
0 0.756978 0.621914 0.005755 0.008633
0 0.759319 0.626382 0.005755 0.008633
0 0.762191 0.634840 0.005755 0.008633
0 0.759106 0.632446 0.005755 0.008633
0 0.766341 0.635638 0.005755 0.008633
0 0.769320 0.637713 0.005755 0.008633
0 0.771341 0.644894 0.005755 0.008633
0 0.768575 0.651437 0.005755 0.008633
0 0.761447 0.657342 0.005755 0.008633
0 0.755808 0.656225 0.005755 0.008633
0 0.754850 0.627180 0.005755 0.008633
0 0.748467 0.629414 0.005755 0.008633
0 0.746552 0.623988 0.005755 0.008633
0 0.749956 0.618243 0.005755 0.008633
0 0.747403 0.611860 0.005755 0.008633
0 0.745488 0.617605 0.005755 0.008633
0 0.740062 0.618562 0.005755 0.008633
0 0.741551 0.626542 0.005755 0.008633
0 0.737828 0.624307 0.005755 0.008633
0 0.733359 0.618243 0.005755 0.008633
0 0.736125 0.608029 0.005755 0.008633
0 0.730380 0.613136 0.005755 0.008633
0 0.767617 0.593507 0.005755 0.008633
0 0.789428 0.617445 0.005755 0.008633
0 0.793790 0.620318 0.005755 0.008633
0 0.798471 0.620796 0.005755 0.008633
0 0.802195 0.616168 0.005755 0.008633
0 0.806450 0.612817 0.005755 0.008633
0 0.810174 0.606274 0.005755 0.008633
0 0.813366 0.599890 0.005755 0.008633
0 0.797833 0.604997 0.005755 0.008633
0 0.794747 0.606434 0.005755 0.008633
0 0.790385 0.634202 0.005755 0.008633
0 0.795279 0.631648 0.005755 0.008633
0 0.797833 0.641862 0.005755 0.008633
0 0.796237 0.645533 0.005755 0.008633
0 0.798152 0.650639 0.005755 0.008633
0 0.804429 0.665800 0.005755 0.008633
0 0.804322 0.674099 0.005755 0.008633
0 0.803790 0.683355 0.005755 0.008633
0 0.791449 0.680323 0.005755 0.008633
0 0.786342 0.664364 0.005755 0.008633
0 0.779746 0.667556 0.005755 0.008633
0 0.772724 0.652874 0.005755 0.008633
0 0.778576 0.641383 0.005755 0.008633
0 0.771447 0.659417 0.005755 0.008633
0 0.834006 0.565739 0.005755 0.008633
0 0.839751 0.567335 0.005755 0.008633
0 0.845496 0.561749 0.005755 0.008633
0 0.845071 0.569569 0.005755 0.008633
0 0.848901 0.567494 0.005755 0.008633
0 0.853263 0.566217 0.005755 0.008633
0 0.853475 0.560632 0.005755 0.008633
0 0.850177 0.559355 0.005755 0.008633
0 0.856667 0.563664 0.005755 0.008633
0 0.857306 0.559515 0.005755 0.008633
0 0.861774 0.556483 0.005755 0.008633
0 0.861029 0.551057 0.005755 0.008633
0 0.862732 0.562866 0.005755 0.008633
0 0.867094 0.566377 0.005755 0.008633
0 0.871562 0.567175 0.005755 0.008633
0 0.871349 0.558398 0.005755 0.008633
0 0.860604 0.568611 0.005755 0.008633
0 0.876669 0.571963 0.005755 0.008633
0 0.875499 0.563345 0.005755 0.008633
0 0.875286 0.579463 0.005755 0.008633
0 0.866774 0.574995 0.005755 0.008633
0 0.860923 0.574197 0.005755 0.008633
0 0.856242 0.572761 0.005755 0.008633
0 0.849858 0.574356 0.005755 0.008633
0 0.845283 0.574197 0.005755 0.008633
0 0.835921 0.572920 0.005755 0.008633
0 0.830814 0.573399 0.005755 0.008633
0 0.831878 0.584730 0.005755 0.008633
0 0.833687 0.579144 0.005755 0.008633
0 0.837410 0.580740 0.005755 0.008633
0 0.844219 0.577708 0.005755 0.008633
0 0.845283 0.582815 0.005755 0.008633
0 0.848262 0.583293 0.005755 0.008633
0 0.853582 0.579463 0.005755 0.008633
0 0.858689 0.580261 0.005755 0.008633
0 0.863157 0.583453 0.005755 0.008633
0 0.868370 0.579782 0.005755 0.008633
0 0.873158 0.585208 0.005755 0.008633
0 0.873796 0.591592 0.005755 0.008633
0 0.869647 0.592709 0.005755 0.008633
0 0.864753 0.592230 0.005755 0.008633
0 0.859008 0.592230 0.005755 0.008633
0 0.856454 0.585847 0.005755 0.008633
0 0.854859 0.589517 0.005755 0.008633
0 0.851560 0.586804 0.005755 0.008633
0 0.846560 0.591273 0.005755 0.008633
0 0.843155 0.592390 0.005755 0.008633
0 0.843900 0.597975 0.005755 0.008633
0 0.839432 0.594464 0.005755 0.008633
0 0.838900 0.602125 0.005755 0.008633
0 0.840815 0.586485 0.005755 0.008633
0 0.833580 0.594145 0.005755 0.008633
0 0.832623 0.602284 0.005755 0.008633
0 0.833048 0.606434 0.005755 0.008633
0 0.826026 0.609625 0.005755 0.008633
0 0.830069 0.610104 0.005755 0.008633
0 0.836027 0.610264 0.005755 0.008633
0 0.841985 0.609147 0.005755 0.008633
0 0.846454 0.609625 0.005755 0.008633
0 0.845602 0.604519 0.005755 0.008633
0 0.849433 0.599093 0.005755 0.008633
0 0.852305 0.594464 0.005755 0.008633
0 0.853688 0.601965 0.005755 0.008633
0 0.857199 0.601008 0.005755 0.008633
0 0.857731 0.609466 0.005755 0.008633
0 0.862093 0.609306 0.005755 0.008633
0 0.864327 0.601646 0.005755 0.008633
0 0.868477 0.601008 0.005755 0.008633
0 0.872413 0.600848 0.005755 0.008633
0 0.872626 0.609625 0.005755 0.008633
0 0.868583 0.608668 0.005755 0.008633
0 0.871881 0.615530 0.005755 0.008633
0 0.866881 0.615211 0.005755 0.008633
0 0.861561 0.615370 0.005755 0.008633
0 0.856348 0.615690 0.005755 0.008633
0 0.872520 0.621754 0.005755 0.008633
0 0.868583 0.622233 0.005755 0.008633
0 0.864647 0.622392 0.005755 0.008633
0 0.858795 0.622712 0.005755 0.008633
0 0.850922 0.617924 0.005755 0.008633
0 0.855284 0.627978 0.005755 0.008633
0 0.851241 0.625265 0.005755 0.008633
0 0.849220 0.629095 0.005755 0.008633
0 0.846134 0.623190 0.005755 0.008633
0 0.844007 0.616328 0.005755 0.008633
0 0.838687 0.618722 0.005755 0.008633
0 0.833899 0.618403 0.005755 0.008633
0 0.828261 0.614253 0.005755 0.008633
0 0.826984 0.618403 0.005755 0.008633
0 0.830920 0.627499 0.005755 0.008633
0 0.835921 0.627340 0.005755 0.008633
0 0.841666 0.625584 0.005755 0.008633
0 0.839857 0.632127 0.005755 0.008633
0 0.834219 0.634681 0.005755 0.008633
0 0.829431 0.636755 0.005755 0.008633
0 0.827729 0.630531 0.005755 0.008633
0 0.823473 0.633085 0.005755 0.008633
0 0.823792 0.622233 0.005755 0.008633
0 0.820068 0.628616 0.005755 0.008633
0 0.817941 0.635000 0.005755 0.008633
0 0.814217 0.627340 0.005755 0.008633
0 0.816983 0.622073 0.005755 0.008633
0 0.819856 0.618562 0.005755 0.008633
0 0.819962 0.613615 0.005755 0.008633
0 0.824111 0.614892 0.005755 0.008633
0 0.813366 0.622073 0.005755 0.008633
0 0.813685 0.614892 0.005755 0.008633
0 0.815387 0.608987 0.005755 0.008633
0 0.818579 0.602125 0.005755 0.008633
0 0.809748 0.619201 0.005755 0.008633
0 0.806557 0.619201 0.005755 0.008633
0 0.809004 0.637872 0.005755 0.008633
0 0.804216 0.646011 0.005755 0.008633
0 0.816451 0.646331 0.005755 0.008633
0 0.821558 0.644096 0.005755 0.008633
0 0.827090 0.642820 0.005755 0.008633
0 0.832303 0.642500 0.005755 0.008633
0 0.839113 0.642181 0.005755 0.008633
0 0.842517 0.638830 0.005755 0.008633
0 0.848049 0.642181 0.005755 0.008633
0 0.852092 0.642022 0.005755 0.008633
0 0.850284 0.634521 0.005755 0.008633
0 0.854114 0.635957 0.005755 0.008633
0 0.857731 0.635000 0.005755 0.008633
0 0.859433 0.640745 0.005755 0.008633
0 0.865711 0.643458 0.005755 0.008633
0 0.871562 0.628138 0.005755 0.008633
0 0.873690 0.638511 0.005755 0.008633
0 0.873371 0.646969 0.005755 0.008633
0 0.880818 0.647767 0.005755 0.008633
0 0.874435 0.653352 0.005755 0.008633
0 0.875711 0.662289 0.005755 0.008633
0 0.872732 0.668034 0.005755 0.008633
0 0.872839 0.673301 0.005755 0.008633
0 0.868477 0.670747 0.005755 0.008633
0 0.867838 0.661651 0.005755 0.008633
0 0.864859 0.662768 0.005755 0.008633
0 0.859753 0.661970 0.005755 0.008633
0 0.858901 0.652714 0.005755 0.008633
0 0.863689 0.647607 0.005755 0.008633
0 0.857093 0.647128 0.005755 0.008633
0 0.852624 0.650639 0.005755 0.008633
0 0.854539 0.656385 0.005755 0.008633
0 0.848262 0.656544 0.005755 0.008633
0 0.845815 0.650320 0.005755 0.008633
0 0.842943 0.656065 0.005755 0.008633
0 0.839538 0.654469 0.005755 0.008633
0 0.840283 0.649363 0.005755 0.008633
0 0.841772 0.644735 0.005755 0.008633
0 0.835282 0.648565 0.005755 0.008633
0 0.836666 0.655906 0.005755 0.008633
0 0.843900 0.660853 0.005755 0.008633
0 0.838793 0.663885 0.005755 0.008633
0 0.833687 0.661651 0.005755 0.008633
0 0.829750 0.656704 0.005755 0.008633
0 0.829856 0.649682 0.005755 0.008633
0 0.825707 0.653033 0.005755 0.008633
0 0.819324 0.650639 0.005755 0.008633
0 0.823367 0.658619 0.005755 0.008633
0 0.819430 0.657980 0.005755 0.008633
0 0.814004 0.656065 0.005755 0.008633
0 0.811557 0.662928 0.005755 0.008633
0 0.815494 0.665002 0.005755 0.008633
0 0.824537 0.670269 0.005755 0.008633
0 0.828154 0.665800 0.005755 0.008633
0 0.830920 0.672184 0.005755 0.008633
0 0.835070 0.672822 0.005755 0.008633
0 0.834006 0.667077 0.005755 0.008633
0 0.840602 0.671067 0.005755 0.008633
0 0.843475 0.666439 0.005755 0.008633
0 0.849326 0.668034 0.005755 0.008633
0 0.847624 0.662608 0.005755 0.008633
0 0.851135 0.661970 0.005755 0.008633
0 0.853156 0.668992 0.005755 0.008633
0 0.859540 0.668034 0.005755 0.008633
0 0.860072 0.675535 0.005755 0.008633
0 0.856774 0.673460 0.005755 0.008633
0 0.855391 0.677131 0.005755 0.008633
0 0.852305 0.677291 0.005755 0.008633
0 0.847943 0.680163 0.005755 0.008633
0 0.845496 0.672503 0.005755 0.008633
0 0.843475 0.678886 0.005755 0.008633
0 0.839219 0.677610 0.005755 0.008633
0 0.834857 0.680482 0.005755 0.008633
0 0.842304 0.686227 0.005755 0.008633
0 0.840389 0.693409 0.005755 0.008633
0 0.844007 0.696441 0.005755 0.008633
0 0.872945 0.678408 0.005755 0.008633
0 0.865498 0.678567 0.005755 0.008633
0 0.867094 0.684153 0.005755 0.008633
0 0.863689 0.695803 0.005755 0.008633
0 0.867306 0.690536 0.005755 0.008633
0 0.839964 0.702505 0.005755 0.008633
0 0.846241 0.705538 0.005755 0.008633
0 0.856986 0.709208 0.005755 0.008633
0 0.640776 0.512220 0.005755 0.008633
0 0.644082 0.510566 0.005755 0.008633
0 0.647689 0.510867 0.005755 0.008633
0 0.649092 0.513723 0.005755 0.008633
0 0.653000 0.518382 0.005755 0.008633
0 0.655605 0.511619 0.005755 0.008633
0 0.658812 0.516428 0.005755 0.008633
0 0.664222 0.515376 0.005755 0.008633
0 0.667930 0.510867 0.005755 0.008633
0 0.669333 0.516578 0.005755 0.008633
0 0.672639 0.520486 0.005755 0.008633
0 0.667128 0.522891 0.005755 0.008633
0 0.662419 0.523342 0.005755 0.008633
0 0.657309 0.523041 0.005755 0.008633
0 0.647489 0.520937 0.005755 0.008633
0 0.645184 0.515827 0.005755 0.008633
0 0.650896 0.525897 0.005755 0.008633
0 0.644583 0.526648 0.005755 0.008633
0 0.640375 0.524995 0.005755 0.008633
0 0.637169 0.519434 0.005755 0.008633
0 0.634664 0.535065 0.005755 0.008633
0 0.647589 0.533562 0.005755 0.008633
0 0.653701 0.533262 0.005755 0.008633
0 0.659313 0.530406 0.005755 0.008633
0 0.662920 0.530406 0.005755 0.008633
0 0.670836 0.527550 0.005755 0.008633
0 0.677850 0.524695 0.005755 0.008633
0 0.676948 0.518081 0.005755 0.008633
0 0.672639 0.510266 0.005755 0.008633
0 0.677148 0.512821 0.005755 0.008633
0 0.681857 0.513422 0.005755 0.008633
0 0.683260 0.520336 0.005755 0.008633
0 0.687469 0.515226 0.005755 0.008633
0 0.691176 0.508913 0.005755 0.008633
0 0.697689 0.504104 0.005755 0.008633
0 0.697388 0.511769 0.005755 0.008633
0 0.697589 0.518232 0.005755 0.008633
0 0.693781 0.516729 0.005755 0.008633
0 0.695084 0.523943 0.005755 0.008633
0 0.691176 0.522290 0.005755 0.008633
0 0.686366 0.526198 0.005755 0.008633
0 0.684663 0.530857 0.005755 0.008633
0 0.679653 0.530857 0.005755 0.008633
0 0.678250 0.537771 0.005755 0.008633
0 0.685865 0.541678 0.005755 0.008633
0 0.681557 0.544534 0.005755 0.008633
0 0.676948 0.544083 0.005755 0.008633
0 0.672339 0.541378 0.005755 0.008633
0 0.669834 0.533863 0.005755 0.008633
0 0.665024 0.534915 0.005755 0.008633
0 0.668932 0.542129 0.005755 0.008633
0 0.667028 0.545135 0.005755 0.008633
0 0.668230 0.549945 0.005755 0.008633
0 0.664523 0.541979 0.005755 0.008633
0 0.661216 0.542580 0.005755 0.008633
0 0.660515 0.536418 0.005755 0.008633
0 0.656507 0.537019 0.005755 0.008633
0 0.656006 0.542430 0.005755 0.008633
0 0.651697 0.539123 0.005755 0.008633
0 0.644784 0.538372 0.005755 0.008633
0 0.638471 0.541979 0.005755 0.008633
0 0.632259 0.540326 0.005755 0.008633
0 0.627549 0.547540 0.005755 0.008633
0 0.633060 0.547991 0.005755 0.008633
0 0.642279 0.546488 0.005755 0.008633
0 0.647990 0.544233 0.005755 0.008633
0 0.664122 0.549193 0.005755 0.008633
0 0.662218 0.553402 0.005755 0.008633
0 0.664222 0.557009 0.005755 0.008633
0 0.670535 0.555807 0.005755 0.008633
0 0.683962 0.564975 0.005755 0.008633
0 0.680354 0.567079 0.005755 0.008633
0 0.671838 0.563171 0.005755 0.008633
0 0.666828 0.563021 0.005755 0.008633
0 0.660114 0.558662 0.005755 0.008633
0 0.659513 0.564524 0.005755 0.008633
0 0.655906 0.565426 0.005755 0.008633
0 0.653501 0.561217 0.005755 0.008633
0 0.649293 0.555205 0.005755 0.008633
0 0.653401 0.549494 0.005755 0.008633
0 0.658311 0.550396 0.005755 0.008633
0 0.646788 0.552500 0.005755 0.008633
0 0.638672 0.553101 0.005755 0.008633
0 0.635565 0.552049 0.005755 0.008633
0 0.633361 0.555807 0.005755 0.008633
0 0.633662 0.561368 0.005755 0.008633
0 0.639273 0.563321 0.005755 0.008633
0 0.644383 0.561518 0.005755 0.008633
0 0.649393 0.570085 0.005755 0.008633
0 0.654503 0.571588 0.005755 0.008633
0 0.643982 0.568883 0.005755 0.008633
0 0.655305 0.579253 0.005755 0.008633
0 0.649293 0.575345 0.005755 0.008633
0 0.649192 0.579704 0.005755 0.008633
0 0.645184 0.576398 0.005755 0.008633
0 0.639874 0.575646 0.005755 0.008633
0 0.644583 0.584965 0.005755 0.008633
0 0.622038 0.551147 0.005755 0.008633
0 0.608812 0.558662 0.005755 0.008633
0 0.610315 0.564824 0.005755 0.008633
0 0.606507 0.565275 0.005755 0.008633
0 0.605906 0.572490 0.005755 0.008633
0 0.609113 0.574744 0.005755 0.008633
0 0.606207 0.581808 0.005755 0.008633
0 0.608010 0.586317 0.005755 0.008633
0 0.605305 0.590526 0.005755 0.008633
0 0.608411 0.591728 0.005755 0.008633
0 0.610315 0.597890 0.005755 0.008633
0 0.614123 0.594133 0.005755 0.008633
0 0.611618 0.585716 0.005755 0.008633
0 0.617429 0.586167 0.005755 0.008633
0 0.623441 0.585415 0.005755 0.008633
0 0.622339 0.590225 0.005755 0.008633
0 0.622640 0.596387 0.005755 0.008633
0 0.628852 0.593231 0.005755 0.008633
0 0.632359 0.580456 0.005755 0.008633
0 0.625946 0.580756 0.005755 0.008633
0 0.634964 0.591728 0.005755 0.008633
0 0.629854 0.601047 0.005755 0.008633
0 0.620836 0.606758 0.005755 0.008633
0 0.615425 0.603902 0.005755 0.008633
0 0.610115 0.609012 0.005755 0.008633
0 0.627850 0.609163 0.005755 0.008633
0 0.626848 0.615175 0.005755 0.008633
0 0.630756 0.614123 0.005755 0.008633
0 0.633561 0.607810 0.005755 0.008633
0 0.624243 0.624794 0.005755 0.008633
0 0.629553 0.626147 0.005755 0.008633
0 0.636367 0.621788 0.005755 0.008633
0 0.640776 0.613822 0.005755 0.008633
0 0.642780 0.607359 0.005755 0.008633
0 0.646287 0.608261 0.005755 0.008633
0 0.651096 0.612469 0.005755 0.008633
0 0.644784 0.616527 0.005755 0.008633
0 0.657910 0.610065 0.005755 0.008633
0 0.654202 0.618932 0.005755 0.008633
0 0.651297 0.621337 0.005755 0.008633
0 0.647890 0.621036 0.005755 0.008633
0 0.651497 0.627950 0.005755 0.008633
0 0.656106 0.632459 0.005755 0.008633
0 0.645585 0.629002 0.005755 0.008633
0 0.640675 0.631858 0.005755 0.008633
0 0.635265 0.630505 0.005755 0.008633
0 0.628952 0.633662 0.005755 0.008633
0 0.623842 0.635916 0.005755 0.008633
0 0.637970 0.599093 0.005755 0.008633
0 0.641878 0.593832 0.005755 0.008633
0 0.646788 0.592780 0.005755 0.008633
0 0.650796 0.586468 0.005755 0.008633
0 0.654503 0.586918 0.005755 0.008633
0 0.658311 0.586768 0.005755 0.008633
0 0.661918 0.584514 0.005755 0.008633
0 0.661016 0.577149 0.005755 0.008633
0 0.661918 0.570386 0.005755 0.008633
0 0.667128 0.571738 0.005755 0.008633
0 0.664924 0.581057 0.005755 0.008633
0 0.669633 0.582409 0.005755 0.008633
0 0.670034 0.576097 0.005755 0.008633
0 0.671236 0.570085 0.005755 0.008633
0 0.676447 0.577450 0.005755 0.008633
0 0.680555 0.577299 0.005755 0.008633
0 0.683761 0.575345 0.005755 0.008633
0 0.682960 0.586918 0.005755 0.008633
0 0.681056 0.591728 0.005755 0.008633
0 0.677148 0.595185 0.005755 0.008633
0 0.677449 0.598942 0.005755 0.008633
0 0.672238 0.591728 0.005755 0.008633
0 0.664022 0.592780 0.005755 0.008633
0 0.666427 0.606608 0.005755 0.008633
0 0.675745 0.607059 0.005755 0.008633
0 0.675946 0.613822 0.005755 0.008633
0 0.677749 0.617730 0.005755 0.008633
0 0.681958 0.618632 0.005755 0.008633
0 0.672940 0.617580 0.005755 0.008633
0 0.673040 0.623742 0.005755 0.008633
0 0.667930 0.624493 0.005755 0.008633
0 0.665425 0.618181 0.005755 0.008633
0 0.659613 0.617730 0.005755 0.008633
0 0.663020 0.611868 0.005755 0.008633
0 0.661717 0.599694 0.005755 0.008633
0 0.659012 0.596838 0.005755 0.008633
0 0.655605 0.600295 0.005755 0.008633
0 0.655204 0.594283 0.005755 0.008633
0 0.650295 0.592329 0.005755 0.008633
0 0.638571 0.636968 0.005755 0.008633
0 0.717629 0.510116 0.005755 0.008633
0 0.714122 0.512821 0.005755 0.008633
0 0.717929 0.519134 0.005755 0.008633
0 0.713721 0.521238 0.005755 0.008633
0 0.709112 0.523793 0.005755 0.008633
0 0.703000 0.524394 0.005755 0.008633
0 0.701296 0.528903 0.005755 0.008633
0 0.697388 0.532360 0.005755 0.008633
0 0.694182 0.538071 0.005755 0.008633
0 0.692579 0.546338 0.005755 0.008633
0 0.696687 0.549644 0.005755 0.008633
0 0.698992 0.544684 0.005755 0.008633
0 0.707709 0.531157 0.005755 0.008633
0 0.712519 0.528452 0.005755 0.008633
0 0.717729 0.527851 0.005755 0.008633
0 0.717228 0.534915 0.005755 0.008633
0 0.713220 0.545736 0.005755 0.008633
0 0.715024 0.552049 0.005755 0.008633
0 0.710715 0.552500 0.005755 0.008633
0 0.705705 0.551748 0.005755 0.008633
0 0.706807 0.560015 0.005755 0.008633
0 0.702799 0.559564 0.005755 0.008633
0 0.694683 0.556408 0.005755 0.008633
0 0.690475 0.558211 0.005755 0.008633
0 0.691276 0.568432 0.005755 0.008633
0 0.687068 0.580907 0.005755 0.008633
0 0.694984 0.585866 0.005755 0.008633
0 0.618832 0.644934 0.005755 0.008633
0 0.621638 0.646287 0.005755 0.008633
0 0.626046 0.642529 0.005755 0.008633
0 0.631557 0.640575 0.005755 0.008633
0 0.620636 0.660565 0.005755 0.008633
0 0.626046 0.652900 0.005755 0.008633
0 0.633161 0.649293 0.005755 0.008633
0 0.639173 0.648691 0.005755 0.008633
0 0.644784 0.650495 0.005755 0.008633
0 0.645685 0.641327 0.005755 0.008633
0 0.652299 0.642980 0.005755 0.008633
0 0.653000 0.650495 0.005755 0.008633
0 0.659012 0.637870 0.005755 0.008633
0 0.662419 0.645986 0.005755 0.008633
0 0.647790 0.660866 0.005755 0.008633
0 0.643581 0.661467 0.005755 0.008633
0 0.639774 0.658160 0.005755 0.008633
0 0.632259 0.660715 0.005755 0.008633
0 0.625545 0.664623 0.005755 0.008633
0 0.620235 0.667479 0.005755 0.008633
0 0.617429 0.674393 0.005755 0.008633
0 0.614624 0.666427 0.005755 0.008633
0 0.613421 0.673942 0.005755 0.008633
0 0.607209 0.674994 0.005755 0.008633
0 0.615425 0.683561 0.005755 0.008633
0 0.615525 0.691376 0.005755 0.008633
0 0.618331 0.687018 0.005755 0.008633
0 0.623341 0.679352 0.005755 0.008633
0 0.620435 0.693631 0.005755 0.008633
0 0.624644 0.693631 0.005755 0.008633
0 0.621237 0.699192 0.005755 0.008633
0 0.620736 0.711517 0.005755 0.008633
0 0.630255 0.691677 0.005755 0.008633
0 0.627449 0.688821 0.005755 0.008633
0 0.625846 0.684613 0.005755 0.008633
0 0.631257 0.681457 0.005755 0.008633
0 0.627650 0.678000 0.005755 0.008633
0 0.629253 0.670936 0.005755 0.008633
0 0.632559 0.667479 0.005755 0.008633
0 0.637469 0.676647 0.005755 0.008633
0 0.641477 0.672739 0.005755 0.008633
0 0.648291 0.668080 0.005755 0.008633
0 0.649092 0.677399 0.005755 0.008633
0 0.645385 0.681306 0.005755 0.008633
0 0.635866 0.684914 0.005755 0.008633
0 0.635265 0.691226 0.005755 0.008633
0 0.642279 0.691376 0.005755 0.008633
0 0.646487 0.691376 0.005755 0.008633
0 0.650595 0.683411 0.005755 0.008633
0 0.657309 0.683110 0.005755 0.008633
0 0.657810 0.672890 0.005755 0.008633
0 0.661016 0.666878 0.005755 0.008633
0 0.669533 0.666427 0.005755 0.008633
0 0.675745 0.659663 0.005755 0.008633
0 0.682559 0.655756 0.005755 0.008633
0 0.683160 0.666276 0.005755 0.008633
0 0.684463 0.662820 0.005755 0.008633
0 0.682859 0.671687 0.005755 0.008633
0 0.675545 0.673040 0.005755 0.008633
0 0.670936 0.674693 0.005755 0.008633
0 0.668531 0.681607 0.005755 0.008633
0 0.664623 0.674844 0.005755 0.008633
0 0.662719 0.688070 0.005755 0.008633
0 0.654002 0.691527 0.005755 0.008633
0 0.689573 0.660114 0.005755 0.008633
0 0.632159 0.697238 0.005755 0.008633
0 0.637670 0.697388 0.005755 0.008633
0 0.643882 0.698290 0.005755 0.008633
0 0.642880 0.703250 0.005755 0.008633
0 0.640776 0.709112 0.005755 0.008633
0 0.636868 0.708360 0.005755 0.008633
0 0.635165 0.702198 0.005755 0.008633
0 0.626848 0.701446 0.005755 0.008633
0 0.627048 0.708661 0.005755 0.008633
0 0.630255 0.710915 0.005755 0.008633
0 0.628351 0.717979 0.005755 0.008633
0 0.624644 0.719482 0.005755 0.008633
0 0.620936 0.719933 0.005755 0.008633
0 0.617529 0.719482 0.005755 0.008633
0 0.617730 0.726546 0.005755 0.008633
0 0.623742 0.725645 0.005755 0.008633
0 0.618531 0.734362 0.005755 0.008633
0 0.623842 0.733009 0.005755 0.008633
0 0.617229 0.745785 0.005755 0.008633
0 0.621337 0.741576 0.005755 0.008633
0 0.624443 0.742628 0.005755 0.008633
0 0.632960 0.738871 0.005755 0.008633
0 0.629153 0.725043 0.005755 0.008633
0 0.632359 0.722188 0.005755 0.008633
0 0.637269 0.717228 0.005755 0.008633
0 0.634664 0.728350 0.005755 0.008633
0 0.638571 0.726847 0.005755 0.008633
0 0.641677 0.744131 0.005755 0.008633
0 0.645485 0.731055 0.005755 0.008633
0 0.647589 0.737067 0.005755 0.008633
0 0.651297 0.747288 0.005755 0.008633
0 0.651998 0.742328 0.005755 0.008633
0 0.654102 0.736767 0.005755 0.008633
0 0.657208 0.749392 0.005755 0.008633
0 0.657309 0.743230 0.005755 0.008633
0 0.658311 0.737218 0.005755 0.008633
0 0.660415 0.735114 0.005755 0.008633
0 0.663321 0.733310 0.005755 0.008633
0 0.666026 0.727448 0.005755 0.008633
0 0.662719 0.723090 0.005755 0.008633
0 0.661317 0.719783 0.005755 0.008633
0 0.658711 0.729402 0.005755 0.008633
0 0.655305 0.720835 0.005755 0.008633
0 0.652299 0.719783 0.005755 0.008633
0 0.654904 0.713771 0.005755 0.008633
0 0.656206 0.706406 0.005755 0.008633
0 0.652499 0.706857 0.005755 0.008633
0 0.655906 0.699342 0.005755 0.008633
0 0.651397 0.701747 0.005755 0.008633
0 0.646788 0.705505 0.005755 0.008633
0 0.650595 0.714072 0.005755 0.008633
0 0.642078 0.719633 0.005755 0.008633
0 0.646888 0.724292 0.005755 0.008633
0 0.652198 0.727899 0.005755 0.008633
0 0.669232 0.742178 0.005755 0.008633
0 0.667429 0.734061 0.005755 0.008633
0 0.672038 0.732408 0.005755 0.008633
0 0.672639 0.727448 0.005755 0.008633
0 0.683060 0.724743 0.005755 0.008633
0 0.679853 0.719182 0.005755 0.008633
0 0.684863 0.714222 0.005755 0.008633
0 0.687970 0.729703 0.005755 0.008633
0 0.683761 0.731206 0.005755 0.008633
0 0.692078 0.730454 0.005755 0.008633
0 0.690775 0.722188 0.005755 0.008633
0 0.693681 0.720084 0.005755 0.008633
0 0.686366 0.699342 0.005755 0.008633
0 0.681958 0.690775 0.005755 0.008633
0 0.678150 0.689873 0.005755 0.008633
0 0.673541 0.687469 0.005755 0.008633
0 0.669232 0.692579 0.005755 0.008633
0 0.669934 0.697689 0.005755 0.008633
0 0.666226 0.702799 0.005755 0.008633
0 0.669733 0.706106 0.005755 0.008633
0 0.674343 0.704452 0.005755 0.008633
0 0.679653 0.704452 0.005755 0.008633
0 0.668030 0.711817 0.005755 0.008633
0 0.667830 0.716777 0.005755 0.008633
0 0.660816 0.711216 0.005755 0.008633
0 0.660615 0.702348 0.005755 0.008633
0 0.661517 0.696036 0.005755 0.008633
0 0.729177 0.625279 0.005755 0.008633
0 0.732504 0.632508 0.005755 0.008633
0 0.735488 0.632852 0.005755 0.008633
0 0.748339 0.636639 0.005755 0.008633
0 0.742716 0.642663 0.005755 0.008633
0 0.735373 0.641458 0.005755 0.008633
0 0.703246 0.619428 0.005755 0.008633
0 0.704622 0.613059 0.005755 0.008633
0 0.697968 0.619083 0.005755 0.008633
0 0.695328 0.614781 0.005755 0.008633
0 0.690854 0.620116 0.005755 0.008633
0 0.687182 0.614436 0.005755 0.008633
0 0.702787 0.650580 0.005755 0.008633
0 0.692460 0.651440 0.005755 0.008633
0 0.802520 0.609996 0.005755 0.008633
0 0.809646 0.538022 0.005755 0.008633
0 0.804539 0.554769 0.005755 0.008633
0 0.786011 0.508449 0.005755 0.008633
0 0.795275 0.613737 0.005755 0.008633
0 0.680545 0.696400 0.005755 0.008633
0 0.708574 0.604295 0.005755 0.008633
0 0.712493 0.564211 0.005755 0.008633
0 0.860836 0.631374 0.005755 0.008633
0 0.670481 0.153843 0.005755 0.008633
0 0.650373 0.222625 0.005755 0.008633
0 0.600156 0.285662 0.005755 0.008633
0 0.599305 0.300983 0.005755 0.008633
0 0.600156 0.325399 0.005755 0.008633
0 0.601859 0.365616 0.005755 0.008633
0 0.712293 0.279917 0.005755 0.008633
0 0.714421 0.274651 0.005755 0.008633
0 0.718783 0.274012 0.005755 0.008633
0 0.736444 0.267788 0.005755 0.008633
0 0.733891 0.264916 0.005755 0.008633
0 0.723890 0.272416 0.005755 0.008633
0 0.728359 0.283587 0.005755 0.008633
0 0.714209 0.288694 0.005755 0.008633
0 0.707506 0.286939 0.005755 0.008633
0 0.701442 0.280236 0.005755 0.008633
0 0.778788 0.436632 0.005755 0.008633
0 0.785385 0.473337 0.005755 0.008633
0 0.786874 0.492169 0.005755 0.008633
0 0.779746 0.514351 0.005755 0.008633
0 0.746339 0.579463 0.005755 0.008633
0 0.749211 0.596699 0.005755 0.008633
0 0.767617 0.579942 0.005755 0.008633
0 0.779320 0.584889 0.005755 0.008633
0 0.774320 0.595422 0.005755 0.008633
0 0.800918 0.598135 0.005755 0.008633
0 0.806876 0.597497 0.005755 0.008633
0 0.810280 0.591911 0.005755 0.008633
0 0.772830 0.604359 0.005755 0.008633
0 0.767936 0.604519 0.005755 0.008633
0 0.781980 0.617924 0.005755 0.008633
0 0.782618 0.628297 0.005755 0.008633
0 0.779959 0.633244 0.005755 0.008633
0 0.775171 0.638830 0.005755 0.008633
0 0.743360 0.602444 0.005755 0.008633
0 0.721124 0.605795 0.005755 0.008633
0 0.727188 0.614253 0.005755 0.008633
0 0.718358 0.632606 0.005755 0.008633
0 0.735806 0.653193 0.005755 0.008633
0 0.741019 0.656863 0.005755 0.008633
0 0.749424 0.648724 0.005755 0.008633
0 0.742296 0.611700 0.005755 0.008633
0 0.757723 0.643937 0.005755 0.008633
0 0.761978 0.642820 0.005755 0.008633
0 0.750914 0.667237 0.005755 0.008633
0 0.747084 0.664204 0.005755 0.008633
0 0.754531 0.663726 0.005755 0.008633
0 0.759638 0.670428 0.005755 0.008633
0 0.765277 0.670747 0.005755 0.008633
0 0.760808 0.678408 0.005755 0.008633
0 0.750807 0.677291 0.005755 0.008633
0 0.747616 0.685110 0.005755 0.008633
0 0.821664 0.728997 0.005755 0.008633
0 0.823792 0.720539 0.005755 0.008633
0 0.827835 0.716390 0.005755 0.008633
0 0.813898 0.700750 0.005755 0.008633
0 0.826877 0.700271 0.005755 0.008633
0 0.814004 0.683355 0.005755 0.008633
0 0.813472 0.674258 0.005755 0.008633
0 0.829963 0.683514 0.005755 0.008633
0 0.850177 0.705378 0.005755 0.008633
0 0.847518 0.693090 0.005755 0.008633
0 0.846666 0.686068 0.005755 0.008633
0 0.851135 0.690536 0.005755 0.008633
0 0.854220 0.694845 0.005755 0.008633
0 0.853582 0.683834 0.005755 0.008633
0 0.858582 0.688781 0.005755 0.008633
0 0.863157 0.689898 0.005755 0.008633
0 0.824856 0.788842 0.005755 0.008633
0 0.829537 0.780225 0.005755 0.008633
0 0.826452 0.777990 0.005755 0.008633
0 0.821877 0.775916 0.005755 0.008633
0 0.827303 0.773043 0.005755 0.008633
0 0.831772 0.771288 0.005755 0.008633
0 0.824856 0.765702 0.005755 0.008633
0 0.819005 0.762670 0.005755 0.008633
0 0.822728 0.760436 0.005755 0.008633
0 0.827835 0.761553 0.005755 0.008633
0 0.837410 0.766021 0.005755 0.008633
0 0.835176 0.759957 0.005755 0.008633
0 0.834006 0.755489 0.005755 0.008633
0 0.829325 0.750222 0.005755 0.008633
0 0.831984 0.747509 0.005755 0.008633
0 0.834538 0.742402 0.005755 0.008633
0 0.838368 0.749105 0.005755 0.008633
0 0.839964 0.756925 0.005755 0.008633
0 0.843794 0.764745 0.005755 0.008633
0 0.845602 0.755329 0.005755 0.008633
0 0.845922 0.747190 0.005755 0.008633
0 0.841666 0.741445 0.005755 0.008633
0 0.836772 0.732668 0.005755 0.008633
0 0.842092 0.733785 0.005755 0.008633
0 0.838793 0.728837 0.005755 0.008633
0 0.834219 0.727242 0.005755 0.008633
0 0.831772 0.720698 0.005755 0.008633
0 0.841772 0.720220 0.005755 0.008633
0 0.847837 0.718624 0.005755 0.008633
0 0.852624 0.716549 0.005755 0.008633
0 0.861455 0.710485 0.005755 0.008633
0 0.864540 0.719900 0.005755 0.008633
0 0.858476 0.724688 0.005755 0.008633
0 0.855284 0.724209 0.005755 0.008633
0 0.853369 0.729157 0.005755 0.008633
0 0.858795 0.731231 0.005755 0.008633
0 0.863795 0.736019 0.005755 0.008633
0 0.856986 0.743200 0.005755 0.008633
0 0.851241 0.741764 0.005755 0.008633
0 0.849539 0.748626 0.005755 0.008633
0 0.873158 0.708729 0.005755 0.008633
0 0.872307 0.723890 0.005755 0.008633
0 0.621767 0.884239 0.005755 0.008633
0 0.630320 0.874315 0.005755 0.008633
0 0.652428 0.867779 0.005755 0.008633
0 0.640971 0.839216 0.005755 0.008633
0 0.629675 0.839216 0.005755 0.008633
0 0.631450 0.830260 0.005755 0.008633
0 0.632741 0.817431 0.005755 0.008633
0 0.627254 0.815495 0.005755 0.008633
0 0.622897 0.814769 0.005755 0.008633
0 0.626609 0.828082 0.005755 0.008633
0 0.619185 0.828324 0.005755 0.008633
0 0.615474 0.819852 0.005755 0.008633
0 0.612569 0.836796 0.005755 0.008633
0 0.609664 0.824935 0.005755 0.008633
0 0.603694 0.815253 0.005755 0.008633
0 0.623865 0.806781 0.005755 0.008633
0 0.627900 0.797098 0.005755 0.008633
0 0.625640 0.786932 0.005755 0.008633
0 0.629836 0.778218 0.005755 0.008633
0 0.642423 0.764905 0.005755 0.008633
0 0.634354 0.756917 0.005755 0.008633
0 0.621283 0.770472 0.005755 0.008633
0 0.607405 0.769504 0.005755 0.008633
0 0.610794 0.773135 0.005755 0.008633
0 0.614344 0.773135 0.005755 0.008633
0 0.614183 0.783059 0.005755 0.008633
0 0.618056 0.794920 0.005755 0.008633
0 0.613376 0.798067 0.005755 0.008633
0 0.643875 0.810169 0.005755 0.008633
0 0.680507 0.804602 0.005755 0.008633
0 0.681798 0.796130 0.005755 0.008633
0 0.616603 0.761516 0.005755 0.008633
0 0.607567 0.760790 0.005755 0.008633
0 0.609826 0.754496 0.005755 0.008633
0 0.607889 0.748203 0.005755 0.008633
0 0.600305 0.746992 0.005755 0.008633
0 0.605630 0.735373 0.005755 0.008633
0 0.605146 0.698581 0.005755 0.008633
0 0.601757 0.680668 0.005755 0.008633
0 0.707133 0.698338 0.005755 0.008633
0 0.712620 0.689866 0.005755 0.008633
0 0.706972 0.678974 0.005755 0.008633
0 0.719559 0.689866 0.005755 0.008633
0 0.716009 0.698823 0.005755 0.008633
0 0.711329 0.704390 0.005755 0.008633
0 0.715041 0.708021 0.005755 0.008633
0 0.712620 0.711410 0.005755 0.008633
0 0.711168 0.719156 0.005755 0.008633
0 0.720689 0.712136 0.005755 0.008633
0 0.699387 0.721818 0.005755 0.008633
0 0.701001 0.715041 0.005755 0.008633
0 0.696160 0.714314 0.005755 0.008633
0 0.696321 0.696402 0.005755 0.008633
0 0.709715 0.734647 0.005755 0.008633
0 0.703744 0.730532 0.005755 0.008633
0 0.698581 0.726901 0.005755 0.008633
0 0.703906 0.740941 0.005755 0.008633
0 0.699226 0.741909 0.005755 0.008633
0 0.693417 0.737310 0.005755 0.008633
0 0.681798 0.748687 0.005755 0.008633
0 0.706972 0.654526 0.005755 0.008633
0 0.694546 0.635887 0.005755 0.008633
0 0.711974 0.613618 0.005755 0.008633
0 0.709231 0.626447 0.005755 0.008633
0 0.707456 0.618943 0.005755 0.008633
0 0.680184 0.642907 0.005755 0.008633
0 0.677441 0.628868 0.005755 0.008633
0 0.672922 0.634677 0.005755 0.008633
0 0.665176 0.628868 0.005755 0.008633
0 0.665176 0.637824 0.005755 0.008633
0 0.669211 0.642665 0.005755 0.008633
0 0.669372 0.659851 0.005755 0.008633
0 0.665822 0.654284 0.005755 0.008633
0 0.661626 0.655494 0.005755 0.008633
0 0.682443 0.600063 0.005755 0.008633
0 0.706004 0.566659 0.005755 0.008633
0 0.624514 0.523945 0.005755 0.008633
0 0.629970 0.524308 0.005755 0.008633
0 0.600266 0.576321 0.005755 0.008633
0 0.598569 0.586687 0.005755 0.008633
0 0.599417 0.627606 0.005755 0.008633
0 0.601478 0.635790 0.005755 0.008633
0 0.606328 0.637790 0.005755 0.008633
0 0.612633 0.624878 0.005755 0.008633
0 0.606934 0.684529 0.005755 0.008633
0 0.604146 0.725448 0.005755 0.008633
0 0.607783 0.726175 0.005755 0.008633
0 0.612148 0.725266 0.005755 0.008633
0 0.612148 0.735632 0.005755 0.008633
0 0.698190 0.666577 0.005755 0.008633
0 0.651998 0.754352 0.005755 0.008633
0 0.724964 0.668074 0.005755 0.008633
0 0.730903 0.663442 0.005755 0.008633
0 0.744205 0.660770 0.005755 0.008633
0 0.742067 0.669143 0.005755 0.008633
0 0.743611 0.676803 0.005755 0.008633
0 0.732565 0.673775 0.005755 0.008633
0 0.738385 0.680901 0.005755 0.008633
0 0.736247 0.687314 0.005755 0.008633
0 0.737910 0.694084 0.005755 0.008633
0 0.732328 0.697825 0.005755 0.008633
0 0.726152 0.695688 0.005755 0.008633
0 0.727458 0.683573 0.005755 0.008633
0 0.707386 0.711721 0.005755 0.008633
0 0.727458 0.717779 0.005755 0.008633
0 0.681020 0.740404 0.005755 0.008633
0 0.863448 0.631731 0.005755 0.008633
0 0.866180 0.637253 0.005755 0.008633