0 0.039061 0.370176 0.048828 0.048828
0 0.070779 0.380748 0.048828 0.048828
0 0.282234 0.372819 0.048828 0.048828
0 0.124964 0.347708 0.048828 0.048828
0 0.160647 0.347708 0.048828 0.048828
0 0.176507 0.317312 0.048828 0.048828
0 0.242586 0.323920 0.048828 0.048828
0 0.312812 0.287478 0.048828 0.048828
0 0.359480 0.278542 0.048828 0.048828
0 0.280045 0.264640 0.048828 0.048828
0 0.315791 0.240810 0.048828 0.048828
0 0.240327 0.275563 0.048828 0.048828
0 0.155928 0.384786 0.048828 0.048828
0 0.169829 0.284499 0.048828 0.048828
0 0.133090 0.257690 0.048828 0.048828
0 0.181744 0.230881 0.048828 0.048828
0 0.232384 0.212015 0.048828 0.048828
0 0.053656 0.301379 0.048828 0.048828
0 0.022062 0.193934 0.048828 0.048828
0 0.087322 0.179794 0.048828 0.048828
0 0.005747 0.140638 0.048828 0.048828
0 0.029676 0.104745 0.048828 0.048828
0 0.064481 0.109096 0.048828 0.048828
0 0.022062 0.050362 0.048828 0.048828
0 0.079708 0.075378 0.048828 0.048828
0 0.085147 0.043836 0.048828 0.048828
0 0.150407 0.088430 0.048828 0.048828
0 0.106900 0.016644 0.048828 0.048828
0 0.180861 0.026433 0.048828 0.048828
0 0.172160 0.176531 0.048828 0.048828
0 0.214579 0.159128 0.048828 0.048828
0 0.267875 0.144989 0.048828 0.048828
0 0.441902 0.237440 0.048828 0.048828
0 0.401658 0.206986 0.048828 0.048828
0 0.341836 0.024258 0.048828 0.048828
0 0.598526 0.175443 0.048828 0.048828
0 0.665961 0.180882 0.048828 0.048828
0 0.733396 0.119972 0.048828 0.048828
0 0.712731 0.130849 0.048828 0.048828
0 0.688802 0.105833 0.048828 0.048828
0 0.655084 0.105833 0.048828 0.048828
0 0.543055 0.102570 0.048828 0.048828
0 0.590912 0.062326 0.048828 0.048828
0 0.565896 0.019907 0.048828 0.048828
0 0.675750 0.004680 0.048828 0.048828
0 0.687714 0.042748 0.048828 0.048828
0 0.722520 0.022082 0.048828 0.048828
0 0.782341 0.000329 0.048828 0.048828
0 0.074465 0.155958 0.048828 0.048828
0 0.049990 0.000470 0.048828 0.048828
0 0.316335 0.143001 0.048828 0.048828
0 0.309137 0.065257 0.048828 0.048828