0 0.209879 0.983231 0.048828 0.048828
0 0.118515 0.981056 0.048828 0.048828
0 0.153321 0.984319 0.048828 0.048828
0 0.081535 0.984319 0.048828 0.048828
0 0.033677 0.987582 0.048828 0.048828
0 0.002135 0.956039 0.048828 0.048828
0 0.045642 0.957127 0.048828 0.048828
0 0.103288 0.952776 0.048828 0.048828
0 0.316471 0.952776 0.048828 0.048828
0 0.975597 0.760259 0.048828 0.048828
0 0.936441 0.785276 0.048828 0.048828
0 0.883145 0.807029 0.048828 0.048828
0 0.923389 0.833133 0.048828 0.048828
0 0.870093 0.855974 0.048828 0.048828
0 0.826587 0.850536 0.048828 0.048828
0 0.851603 0.891867 0.048828 0.048828
0 0.823324 0.903831 0.048828 0.048828
0 0.791781 0.879903 0.048828 0.048828
0 0.811359 0.940812 0.048828 0.048828
0 0.975597 0.727629 0.048828 0.048828
0 0.977772 0.675421 0.048828 0.048828
0 0.947318 0.634090 0.048828 0.048828
0 0.634070 0.727629 0.048828 0.048828
0 0.613404 0.740681 0.048828 0.048828
0 0.584037 0.713489 0.048828 0.048828
0 0.577511 0.761347 0.048828 0.048828
0 0.534004 0.771136 0.048828 0.048828
0 0.490498 0.793977 0.048828 0.048828
0 0.477446 0.746120 0.048828 0.048828
0 0.439377 0.770048 0.048828 0.048828
0 0.421974 0.808117 0.048828 0.048828
0 0.420887 0.850536 0.048828 0.048828
0 0.378468 0.860325 0.048828 0.048828
0 0.383906 0.809204 0.048828 0.048828
0 0.503550 0.494868 0.048828 0.048828
0 0.455692 0.520972 0.048828 0.048828
0 0.437202 0.476378 0.048828 0.048828
0 0.455692 0.428521 0.048828 0.048828
0 0.485059 0.395891 0.048828 0.048828
0 0.457867 0.352384 0.048828 0.048828
0 0.445903 0.313228 0.048828 0.048828
0 0.412185 0.380663 0.048828 0.048828
0 0.380643 0.349121 0.048828 0.048828
0 0.917951 0.470940 0.048828 0.048828
0 0.917951 0.518797 0.048828 0.048828
0 0.982123 0.440485 0.048828 0.048828
0 0.301243 0.307790 0.048828 0.048828
0 0.215318 0.314316 0.048828 0.048828
0 0.181600 0.317579 0.048828 0.048828
0 0.131567 0.366524 0.048828 0.048828
0 0.119603 0.408943 0.048828 0.048828
0 0.167460 0.414381 0.048828 0.048828
0 0.210967 0.382839 0.048828 0.048828
0 0.208792 0.460063 0.048828 0.048828
0 0.232720 0.431784 0.048828 0.048828
0 0.237071 0.485079 0.048828 0.048828
0 0.194652 0.520972 0.048828 0.048828
0 0.272964 0.448099 0.048828 0.048828
0 0.299068 0.481816 0.048828 0.048828
0 0.268613 0.517709 0.048828 0.048828
0 0.212055 0.569917 0.048828 0.048828
0 0.237071 0.614512 0.048828 0.048828
0 0.274052 0.622125 0.048828 0.048828
0 0.297980 0.582969 0.048828 0.048828
0 0.338224 0.592758 0.048828 0.048828
0 0.348013 0.627564 0.048828 0.048828
0 0.425237 0.563391 0.048828 0.048828
0 0.366503 0.552515 0.048828 0.048828
0 0.337136 0.524235 0.048828 0.048828
0 0.294717 0.535112 0.048828 0.048828
0 0.391520 0.440485 0.048828 0.048828
0 0.361065 0.404592 0.048828 0.048828
0 0.302331 0.398066 0.048828 0.048828
0 0.330610 0.358910 0.048828 0.048828
0 0.151145 0.478553 0.048828 0.048828
0 0.077184 0.478553 0.048828 0.048828
0 0.110902 0.494868 0.048828 0.048828
0 0.139181 0.504657 0.048828 0.048828
0 0.133743 0.547076 0.048828 0.048828
0 0.085885 0.536200 0.048828 0.048828
0 0.173986 0.572093 0.048828 0.048828
0 0.181600 0.607986 0.048828 0.048828
0 0.113077 0.650405 0.048828 0.048828
0 0.091324 0.589495 0.048828 0.048828
0 0.055431 0.549252 0.048828 0.048828
0 0.029327 0.511183 0.048828 0.048828
0 0.014099 0.535112 0.048828 0.048828
0 0.032590 0.586232 0.048828 0.048828
0 0.066307 0.633002 0.048828 0.048828
0 0.073921 0.681947 0.048828 0.048828
0 0.056518 0.720015 0.048828 0.048828
0 0.031502 0.749383 0.048828 0.048828
0 0.160934 0.791802 0.048828 0.048828
0 0.253386 0.776574 0.048828 0.048828
0 0.208792 0.801591 0.048828 0.048828
0 0.171811 0.824432 0.048828 0.048828
0 0.130480 0.851623 0.048828 0.048828
0 0.090236 0.839659 0.048828 0.048828
0 0.066307 0.858149 0.048828 0.048828
0 0.027151 0.882078 0.048828 0.048828
0 0.002135 0.907094 0.048828 0.048828
0 0.027151 0.821169 0.048828 0.048828
0 0.063044 0.777662 0.048828 0.048828
0 0.069570 0.913620 0.048828 0.048828
0 0.100025 0.895130 0.048828 0.048828
0 0.137006 0.913620 0.048828 0.048828
0 0.184863 0.913620 0.048828 0.048828
0 0.224019 0.895130 0.048828 0.048828
0 0.188126 0.863588 0.048828 0.048828
0 0.249035 0.829870 0.048828 0.048828
0 0.272964 0.884253 0.048828 0.048828
0 0.330610 0.914708 0.048828 0.048828
0 0.379555 0.928848 0.048828 0.048828
0 0.353451 0.895130 0.048828 0.048828
0 0.316471 0.842922 0.048828 0.048828
0 0.340399 0.802678 0.048828 0.048828
0 0.357802 0.765698 0.048828 0.048828
0 0.318646 0.766785 0.048828 0.048828
0 0.287104 0.807029 0.048828 0.048828
0 0.028239 0.651492 0.048828 0.048828
0 0.022801 0.700437 0.048828 0.048828
0 0.001680 0.029433 0.048828 0.048828
0 0.106695 0.056467 0.048828 0.048828
0 0.060946 0.032552 0.048828 0.048828
0 0.090059 0.115732 0.048828 0.048828
0 0.032873 0.077262 0.048828 0.048828
0 0.078622 0.158362 0.048828 0.048828
0 0.080701 0.200991 0.048828 0.048828
0 0.039111 0.228025 0.048828 0.048828
0 0.017277 0.171878 0.048828 0.048828
0 0.025595 0.121971 0.048828 0.048828
0 0.887146 0.568166 0.048828 0.048828
0 0.789737 0.619136 0.048828 0.048828
0 0.964168 0.393736 0.048828 0.048828
0 0.130527 0.616871 0.048828 0.048828
0 0.001140 0.279872 0.048828 0.048828
0 0.048651 0.279872 0.048828 0.048828
0 0.090402 0.245320 0.048828 0.048828
0 0.093281 0.304347 0.048828 0.048828
0 0.070246 0.320184 0.048828 0.048828
0 0.016977 0.333141 0.048828 0.048828
0 0.042892 0.364815 0.048828 0.048828
0 0.011218 0.369134 0.048828 0.048828
0 0.025615 0.428162 0.048828 0.048828
0 0.015537 0.462715 0.048828 0.048828
0 0.122075 0.276993 0.048828 0.048828
0 0.173905 0.287071 0.048828 0.048828
0 0.160947 0.256837 0.048828 0.048828
0 0.130714 0.217965 0.048828 0.048828
0 0.116317 0.180533 0.048828 0.048828
0 0.204138 0.197809 0.048828 0.048828
0 0.150869 0.150299 0.048828 0.048828
0 0.202699 0.151739 0.048828 0.048828
0 0.137912 0.085513 0.048828 0.048828
0 0.145111 0.043761 0.048828 0.048828
0 0.171025 0.003450 0.048828 0.048828
0 0.221415 0.039442 0.048828 0.048828
0 0.227174 0.007769 0.048828 0.048828
0 0.303478 0.255398 0.048828 0.048828
0 0.299159 0.209327 0.048828 0.048828
0 0.270365 0.166136 0.048828 0.048828
0 0.205578 0.094151 0.048828 0.048828
0 0.280443 0.029364 0.048828 0.048828
0 0.327953 0.043761 0.048828 0.048828
0 0.343790 0.023605 0.048828 0.048828
0 0.379782 0.055279 0.048828 0.048828
0 0.374023 0.095591 0.048828 0.048828
0 0.410016 0.104229 0.048828 0.048828
0 0.352428 0.127264 0.048828 0.048828
0 0.382662 0.161817 0.048828 0.048828
0 0.430172 0.187732 0.048828 0.048828
0 0.422973 0.220845 0.048828 0.048828
0 0.441689 0.258277 0.048828 0.048828
0 0.382662 0.264036 0.048828 0.048828
0 0.353867 0.205008 0.048828 0.048828
0 0.306357 0.153179 0.048828 0.048828
0 0.198380 0.252518 0.048828 0.048828
0 0.479122 0.285631 0.048828 0.048828
0 0.510795 0.334581 0.048828 0.048828
0 0.519433 0.383531 0.048828 0.048828
0 0.549667 0.435360 0.048828 0.048828
0 0.579901 0.491509 0.048828 0.048828
0 0.553986 0.541898 0.048828 0.048828
0 0.578461 0.567813 0.048828 0.048828
0 0.613014 0.590848 0.048828 0.048828
0 0.595738 0.619642 0.048828 0.048828
0 0.649007 0.642678 0.048828 0.048828
0 0.647567 0.677230 0.048828 0.048828
0 0.592858 0.681550 0.048828 0.048828
0 0.525192 0.586529 0.048828 0.048828
0 0.471923 0.598047 0.048828 0.048828
0 0.424413 0.622522 0.048828 0.048828
0 0.388420 0.615323 0.048828 0.048828
0 0.374023 0.670032 0.048828 0.048828
0 0.389860 0.726180 0.048828 0.048828
0 0.489200 0.635479 0.048828 0.048828
0 0.546788 0.659954 0.048828 0.048828
0 0.553986 0.605245 0.048828 0.048828
0 0.538149 0.703145 0.048828 0.048828
0 0.412895 0.900384 0.048828 0.048828
0 0.484880 0.930618 0.048828 0.048828
0 0.437370 0.940696 0.048828 0.048828
0 0.450328 0.981008 0.048828 0.048828
0 0.483441 0.901824 0.048828 0.048828
0 0.490639 0.847115 0.048828 0.048828
0 0.553986 0.828399 0.048828 0.048828
0 0.538149 0.881668 0.048828 0.048828
0 0.535270 0.940696 0.048828 0.048828
0 0.577021 0.916221 0.048828 0.048828
0 0.592858 0.861512 0.048828 0.048828
0 0.640368 0.829839 0.048828 0.048828
0 0.634609 0.795286 0.048828 0.048828
0 0.673481 0.760733 0.048828 0.048828
0 0.715233 0.710344 0.048828 0.048828
0 0.398498 0.973809 0.048828 0.048828
0 0.359626 0.981008 0.048828 0.048828
0 0.322194 0.998284 0.048828 0.048828
0 0.280443 0.989646 0.048828 0.048828
0 0.523752 0.993965 0.048828 0.048828
0 0.582780 0.968050 0.048828 0.048828
0 0.638929 0.930618 0.048828 0.048828
0 0.643248 0.888867 0.048828 0.048828
0 0.676361 0.914781 0.048828 0.048828
0 0.693637 0.868711 0.048828 0.048828
0 0.735389 0.893186 0.048828 0.048828
0 0.732509 0.811123 0.048828 0.048828
0 0.725311 0.773690 0.048828 0.048828
0 0.748346 0.740577 0.048828 0.048828
0 0.771381 0.720421 0.048828 0.048828
0 0.784339 0.785208 0.048828 0.048828
0 0.801615 0.744896 0.048828 0.048828
0 0.828969 0.717542 0.048828 0.048828
0 0.821771 0.671472 0.048828 0.048828
0 0.778580 0.674351 0.048828 0.048828
0 0.718112 0.636919 0.048828 0.048828
0 0.656205 0.577891 0.048828 0.048828
0 0.620212 0.979568 0.048828 0.048828
0 0.723871 0.995405 0.048828 0.048828
0 0.706595 0.968050 0.048828 0.048828
0 0.758424 0.970930 0.048828 0.048828
0 0.850565 0.999724 0.048828 0.048828
0 0.814572 0.981008 0.048828 0.048828
0 0.772821 0.926299 0.048828 0.048828
0 0.853444 0.963731 0.048828 0.048828
0 0.864962 0.926299 0.048828 0.048828
0 0.903834 0.909023 0.048828 0.048828
0 0.926869 0.881668 0.048828 0.048828
0 0.887997 0.986766 0.048828 0.048828
0 0.885118 0.946455 0.048828 0.048828
0 0.941266 0.943575 0.048828 0.048828
0 0.984457 0.950774 0.048828 0.048828
0 0.994535 0.819761 0.048828 0.048828
0 0.994535 0.860073 0.048828 0.048828
0 0.803055 0.831279 0.048828 0.048828
0 0.833288 0.806804 0.048828 0.048828
0 0.852005 0.765052 0.048828 0.048828
0 0.882238 0.746336 0.048828 0.048828
0 0.928309 0.690188 0.048828 0.048828
0 0.880799 0.674351 0.048828 0.048828
0 0.898075 0.621082 0.048828 0.048828
0 0.862083 0.618203 0.048828 0.048828
0 0.827530 0.615323 0.048828 0.048828
0 0.784339 0.575012 0.048828 0.048828
0 0.731070 0.575012 0.048828 0.048828
0 0.689318 0.550537 0.048828 0.048828
0 0.647567 0.528941 0.048828 0.048828
0 0.611574 0.505906 0.048828 0.048828
0 0.663404 0.485750 0.048828 0.048828
0 0.631730 0.469913 0.048828 0.048828
0 0.618773 0.428162 0.048828 0.048828
0 0.649007 0.405127 0.048828 0.048828
0 0.649007 0.360496 0.048828 0.048828
0 0.594298 0.346099 0.048828 0.048828
0 0.630290 0.312986 0.048828 0.048828
0 0.526632 0.284192 0.048828 0.048828
0 0.562624 0.284192 0.048828 0.048828
0 0.614454 0.275553 0.048828 0.048828
0 0.659084 0.268355 0.048828 0.048828
0 0.708034 0.274114 0.048828 0.048828
0 0.745467 0.288511 0.048828 0.048828
0 0.709474 0.334581 0.048828 0.048828
0 0.751225 0.340340 0.048828 0.048828
0 0.791537 0.325943 0.048828 0.048828
0 0.790097 0.372013 0.048828 0.048828
0 0.771381 0.472793 0.048828 0.048828
0 0.816012 0.498707 0.048828 0.048828
0 0.807374 0.531820 0.048828 0.048828
0 0.764183 0.527501 0.048828 0.048828
0 0.705155 0.445438 0.048828 0.048828
0 0.736828 0.415205 0.048828 0.048828
0 0.780019 0.435360 0.048828 0.048828
0 0.805934 0.435360 0.048828 0.048828
0 0.705155 0.373453 0.048828 0.048828
0 0.494958 0.432481 0.048828 0.048828
0 0.975819 0.557735 0.048828 0.048828
0 0.935507 0.557735 0.048828 0.048828
0 0.867841 0.498707 0.048828 0.048828
0 0.906713 0.412325 0.048828 0.048828
0 0.872160 0.383531 0.048828 0.048828
0 0.850565 0.403687 0.048828 0.048828
0 0.846246 0.341780 0.048828 0.048828
0 0.325073 0.726180 0.048828 0.048828
0 0.314996 0.684429 0.048828 0.048828
0 0.260287 0.717542 0.048828 0.048828
0 0.172465 0.749216 0.048828 0.048828
0 0.196940 0.720421 0.048828 0.048828
0 0.219975 0.688748 0.048828 0.048828
0 0.247329 0.661394 0.048828 0.048828
0 0.149430 0.684429 0.048828 0.048828
0 0.101920 0.706024 0.048828 0.048828
0 0.087523 0.742017 0.048828 0.048828
0 0.104799 0.792407 0.048828 0.048828
0 0.476242 0.226603 0.048828 0.048828
0 0.500717 0.236681 0.048828 0.048828
0 0.552546 0.236681 0.048828 0.048828
0 0.604376 0.229483 0.048828 0.048828
0 0.637489 0.219405 0.048828 0.048828
0 0.716673 0.219405 0.048828 0.048828
0 0.742587 0.192051 0.048828 0.048828
0 0.788658 0.176214 0.048828 0.048828
0 0.900954 0.150299 0.048828 0.048828
0 0.983018 0.169015 0.048828 0.048828
0 0.971500 0.226603 0.048828 0.048828
0 0.892316 0.210767 0.048828 0.048828
0 0.941266 0.236681 0.048828 0.048828
0 0.926869 0.279872 0.048828 0.048828
0 0.954223 0.310106 0.048828 0.048828
0 0.990216 0.301468 0.048828 0.048828
0 0.941266 0.333141 0.048828 0.048828
0 0.970060 0.344659 0.048828 0.048828
0 0.872160 0.301468 0.048828 0.048828
0 0.836168 0.266915 0.048828 0.048828
0 0.877919 0.245320 0.048828 0.048828
0 0.703715 0.102789 0.048828 0.048828
0 0.667723 0.084073 0.048828 0.048828
0 0.653326 0.042322 0.048828 0.048828
0 0.644687 0.016407 0.048828 0.048828
0 0.697956 0.163257 0.048828 0.048828
0 0.631730 0.177654 0.048828 0.048828
0 0.627411 0.117186 0.048828 0.048828
0 0.602936 0.151739 0.048828 0.048828
0 0.568383 0.170455 0.048828 0.048828
0 0.556866 0.203568 0.048828 0.048828
0 0.506476 0.186292 0.048828 0.048828
0 0.469044 0.179093 0.048828 0.048828
0 0.457526 0.121505 0.048828 0.048828
0 0.519433 0.088392 0.048828 0.048828
0 0.562624 0.104229 0.048828 0.048828
0 0.566943 0.066796 0.048828 0.048828
0 0.600057 0.027925 0.048828 0.048828
0 0.486320 0.026485 0.048828 0.048828
0 0.411456 0.027925 0.048828 0.048828
0 0.192477 0.949513 0.048828 0.048828