0 0.664175 0.998458 0.048828 0.048828
0 0.703331 0.991932 0.048828 0.048828
0 0.747926 0.971267 0.048828 0.048828
0 0.718559 0.929935 0.048828 0.048828
0 0.684841 0.954952 0.048828 0.048828
0 0.659825 0.927760 0.048828 0.048828
0 0.645685 0.964741 0.048828 0.048828
0 0.608704 0.976705 0.048828 0.048828
0 0.605441 0.903831 0.048828 0.048828
0 0.641334 0.875552 0.048828 0.048828
0 0.676140 0.880990 0.048828 0.048828
0 0.718559 0.884253 0.048828 0.048828
0 0.759890 0.896218 0.048828 0.048828
0 0.802309 0.895130 0.048828 0.048828
0 0.781643 0.925585 0.048828 0.048828
0 0.828413 0.934286 0.048828 0.048828
0 0.882796 0.928848 0.048828 0.048828
0 0.855605 0.977793 0.048828 0.048828
0 0.904550 0.981056 0.048828 0.048828
0 0.957845 0.971267 0.048828 0.048828
0 0.999177 0.885341 0.048828 0.048828
0 0.995914 0.832045 0.048828 0.048828
0 0.921952 0.818993 0.048828 0.048828
0 0.961108 0.803766 0.048828 0.048828
0 0.969810 0.755909 0.048828 0.048828
0 0.930654 0.768961 0.048828 0.048828
0 0.963284 0.929935 0.048828 0.048828
0 0.921952 0.911445 0.048828 0.048828
0 0.960021 0.876640 0.048828 0.048828
0 0.886059 0.880990 0.048828 0.048828
0 0.829501 0.839659 0.048828 0.048828
0 0.853429 0.804854 0.048828 0.048828
0 0.875183 0.764610 0.048828 0.048828
0 0.740312 0.853799 0.048828 0.048828
0 0.788169 0.830958 0.048828 0.048828
0 0.807747 0.787451 0.048828 0.048828
0 0.781643 0.755909 0.048828 0.048828
0 0.733786 0.809204 0.048828 0.048828
0 0.682666 0.836396 0.048828 0.048828
0 0.602178 0.838571 0.048828 0.048828
0 0.619581 0.793977 0.048828 0.048828
0 0.663088 0.796152 0.048828 0.048828
0 0.707682 0.759172 0.048828 0.048828
0 0.758802 0.727629 0.048828 0.048828
0 0.663088 0.714577 0.048828 0.048828
0 0.702244 0.713489 0.048828 0.048828
0 0.641334 0.753733 0.048828 0.048828
0 0.616318 0.715665 0.048828 0.048828
0 0.639159 0.674333 0.048828 0.048828
0 0.741400 0.674333 0.048828 0.048828
0 0.790345 0.690648 0.048828 0.048828
0 0.837114 0.690648 0.048828 0.048828
0 0.825150 0.739594 0.048828 0.048828
0 0.869744 0.731980 0.048828 0.048828
0 0.909988 0.709139 0.048828 0.048828
0 0.884972 0.676509 0.048828 0.048828
0 0.957845 0.708051 0.048828 0.048828
0 0.915426 0.646054 0.048828 0.048828
0 0.943706 0.661281 0.048828 0.048828
0 0.990475 0.669983 0.048828 0.048828
0 0.778380 0.634090 0.048828 0.048828
0 0.839290 0.640616 0.048828 0.048828
0 0.804484 0.598197 0.048828 0.048828
0 0.842553 0.590583 0.048828 0.048828
0 0.898024 0.590583 0.048828 0.048828
0 0.957845 0.593846 0.048828 0.048828
0 0.923040 0.555778 0.048828 0.048828
0 0.973073 0.559041 0.048828 0.048828
0 0.572811 0.721103 0.048828 0.048828
0 0.535830 0.699350 0.048828 0.048828
0 0.540181 0.652580 0.048828 0.048828
0 0.586951 0.662369 0.048828 0.048828
0 0.557584 0.610161 0.048828 0.048828
0 0.608704 0.637353 0.048828 0.048828
0 0.601090 0.610161 0.048828 0.048828
0 0.651123 0.618862 0.048828 0.048828
0 0.524954 0.576443 0.048828 0.048828
0 0.555408 0.569917 0.048828 0.048828
0 0.594564 0.564479 0.048828 0.048828
0 0.634808 0.579706 0.048828 0.048828
0 0.665263 0.555778 0.048828 0.048828
0 0.709857 0.596021 0.048828 0.048828
0 0.764241 0.560128 0.048828 0.048828
0 0.731611 0.535112 0.048828 0.048828
0 0.677227 0.518797 0.048828 0.048828
0 0.638071 0.538375 0.048828 0.048828
0 0.563022 0.531849 0.048828 0.048828
0 0.541269 0.499219 0.048828 0.048828
0 0.541269 0.442660 0.048828 0.048828
0 0.583688 0.473115 0.048828 0.048828
0 0.591301 0.518797 0.048828 0.048828
0 0.618493 0.492693 0.048828 0.048828
0 0.614142 0.431784 0.048828 0.048828
0 0.664175 0.462238 0.048828 0.048828
0 0.643509 0.410030 0.048828 0.048828
0 0.685929 0.415469 0.048828 0.048828
0 0.744663 0.417644 0.048828 0.048828
0 0.713120 0.478553 0.048828 0.048828
0 0.758802 0.474203 0.048828 0.048828
0 0.768591 0.512271 0.048828 0.048828
0 0.802309 0.513359 0.048828 0.048828
0 0.802309 0.431784 0.048828 0.048828
0 0.820799 0.462238 0.048828 0.048828
0 0.857780 0.523148 0.048828 0.048828
0 0.880621 0.497044 0.048828 0.048828
0 0.918689 0.497044 0.048828 0.048828
0 0.911076 0.453537 0.048828 0.048828
0 0.867569 0.461151 0.048828 0.048828
0 0.759890 0.381751 0.048828 0.048828
0 0.796871 0.387189 0.048828 0.048828
0 0.847991 0.404592 0.048828 0.048828
0 0.895848 0.395891 0.048828 0.048828
0 0.943706 0.425258 0.048828 0.048828
0 0.926303 0.381751 0.048828 0.048828
0 0.925215 0.348033 0.048828 0.048828
0 0.970897 0.398066 0.048828 0.048828
0 0.994826 0.456800 0.048828 0.048828
0 0.955670 0.505745 0.048828 0.048828
0 0.985037 0.512271 0.048828 0.048828
0 0.993738 0.304527 0.048828 0.048828
0 0.982862 0.348033 0.048828 0.048828
0 0.926303 0.305614 0.048828 0.048828
0 0.973073 0.267546 0.048828 0.048828
0 0.971985 0.231653 0.048828 0.048828
0 0.904550 0.170744 0.048828 0.048828
0 0.915426 0.203374 0.048828 0.048828
0 0.915426 0.240354 0.048828 0.048828
0 0.893673 0.276247 0.048828 0.048828
0 0.864306 0.227302 0.048828 0.048828
0 0.859955 0.170744 0.048828 0.048828
0 0.841465 0.378488 0.048828 0.048828
0 0.856692 0.350209 0.048828 0.048828
0 0.803397 0.334981 0.048828 0.048828
0 0.849079 0.294738 0.048828 0.048828
0 0.808835 0.271897 0.048828 0.048828
0 0.828413 0.237091 0.048828 0.048828
0 0.795783 0.229478 0.048828 0.048828
0 0.751189 0.274072 0.048828 0.048828
0 0.758802 0.319754 0.048828 0.048828
0 0.725085 0.343683 0.048828 0.048828
0 0.691367 0.355647 0.048828 0.048828
0 0.641334 0.357822 0.048828 0.048828
0 0.607616 0.383926 0.048828 0.048828
0 0.583688 0.351296 0.048828 0.048828
0 0.530392 0.390452 0.048828 0.048828
0 0.544532 0.325192 0.048828 0.048828
0 0.572811 0.302351 0.048828 0.048828
0 0.621756 0.309965 0.048828 0.048828
0 0.664175 0.311053 0.048828 0.048828
0 0.716383 0.304527 0.048828 0.048828
0 0.579337 0.255582 0.048828 0.048828
0 0.620668 0.267546 0.048828 0.048828
0 0.658737 0.263195 0.048828 0.048828
0 0.643509 0.225127 0.048828 0.048828
0 0.690279 0.228390 0.048828 0.048828
0 0.731611 0.233828 0.048828 0.048828
0 0.621756 0.184883 0.048828 0.048828
0 0.667438 0.185971 0.048828 0.048828
0 0.710945 0.183796 0.048828 0.048828
0 0.756627 0.195760 0.048828 0.048828
0 0.787082 0.168568 0.048828 0.048828
0 0.836027 0.175094 0.048828 0.048828
0 0.807747 0.145727 0.048828 0.048828
0 0.857780 0.120711 0.048828 0.048828
0 0.576074 0.203374 0.048828 0.048828
0 0.563022 0.175094 0.048828 0.048828
0 0.529304 0.233828 0.048828 0.048828
0 0.519515 0.184883 0.048828 0.048828
0 0.499937 0.143552 0.048828 0.048828
0 0.539093 0.104396 0.048828 0.048828
0 0.567373 0.115273 0.048828 0.048828
0 0.608704 0.134851 0.048828 0.048828
0 0.659825 0.145727 0.048828 0.048828
0 0.720734 0.143552 0.048828 0.048828
0 0.760978 0.134851 0.048828 0.048828
0 0.808835 0.090256 0.048828 0.048828
0 0.856692 0.083730 0.048828 0.048828
0 0.896936 0.083730 0.048828 0.048828
0 0.900199 0.039136 0.048828 0.048828
0 0.859955 0.021733 0.048828 0.048828
0 0.816449 0.024996 0.048828 0.048828
0 0.774030 0.009769 0.048828 0.048828
0 0.753364 0.091344 0.048828 0.048828
0 0.731611 0.054363 0.048828 0.048828
0 0.726172 0.008681 0.048828 0.048828
0 0.690279 0.110922 0.048828 0.048828
0 0.655474 0.100045 0.048828 0.048828
0 0.671789 0.063064 0.048828 0.048828
0 0.616318 0.091344 0.048828 0.048828
0 0.635896 0.045662 0.048828 0.048828
0 0.559759 0.070678 0.048828 0.048828
0 0.515165 0.059801 0.048828 0.048828
0 0.524954 0.019558 0.048828 0.048828
0 0.571723 0.029347 0.048828 0.048828
0 0.618493 0.008681 0.048828 0.048828
0 0.679403 0.011944 0.048828 0.048828
0 0.476009 0.040223 0.048828 0.048828
0 0.474921 0.094607 0.048828 0.048828
0 0.450992 0.065240 0.048828 0.048828
0 0.428151 0.017382 0.048828 0.048828
0 0.412924 0.048925 0.048828 0.048828
0 0.379206 0.034785 0.048828 0.048828
0 0.309596 0.020645 0.048828 0.048828
0 0.373768 0.079380 0.048828 0.048828
0 0.417275 0.092432 0.048828 0.048828
0 0.449905 0.134851 0.048828 0.048828
0 0.407486 0.160955 0.048828 0.048828
0 0.372680 0.114185 0.048828 0.048828
0 0.350927 0.138114 0.048828 0.048828
0 0.458606 0.172919 0.048828 0.048828
0 0.484710 0.213163 0.048828 0.048828
0 0.446642 0.221864 0.048828 0.048828
0 0.493411 0.259932 0.048828 0.048828
0 0.530392 0.278423 0.048828 0.048828
0 0.503200 0.324105 0.048828 0.048828
0 0.468395 0.293650 0.048828 0.048828
0 0.425976 0.290387 0.048828 0.048828
0 0.489061 0.357822 0.048828 0.048828
0 0.457518 0.382839 0.048828 0.048828
0 0.467307 0.406767 0.048828 0.048828
0 0.496674 0.442660 0.048828 0.048828
0 0.455343 0.439397 0.048828 0.048828
0 0.440116 0.479641 0.048828 0.048828
0 0.460781 0.506833 0.048828 0.048828
0 0.490148 0.536200 0.048828 0.048828
0 0.478184 0.581882 0.048828 0.048828
0 0.499937 0.623213 0.048828 0.048828
0 0.506463 0.656931 0.048828 0.048828
0 0.468395 0.700437 0.048828 0.048828
0 0.578249 0.760259 0.048828 0.048828
0 0.496674 0.746120 0.048828 0.048828
0 0.454255 0.733067 0.048828 0.048828
0 0.387908 0.753733 0.048828 0.048828
0 0.338963 0.748295 0.048828 0.048828
0 0.328086 0.700437 0.048828 0.048828
0 0.295456 0.748295 0.048828 0.048828
0 0.402047 0.713489 0.048828 0.048828
0 0.371593 0.688473 0.048828 0.048828
0 0.407486 0.633002 0.048828 0.048828
0 0.377031 0.642791 0.048828 0.048828
0 0.323735 0.641703 0.048828 0.048828
0 0.357453 0.610161 0.048828 0.048828
0 0.443379 0.609073 0.048828 0.048828
0 0.415099 0.578619 0.048828 0.048828
0 0.454255 0.554690 0.048828 0.048828
0 0.411836 0.512271 0.048828 0.048828
0 0.386820 0.550339 0.048828 0.048828
0 0.581512 0.802678 0.048828 0.048828
0 0.544532 0.784188 0.048828 0.048828
0 0.473833 0.807029 0.048828 0.048828
0 0.532567 0.828782 0.048828 0.048828
0 0.494499 0.844010 0.048828 0.048828
0 0.478184 0.879903 0.048828 0.048828
0 0.543444 0.875552 0.048828 0.048828
0 0.563022 0.902744 0.048828 0.048828
0 0.493411 0.913620 0.048828 0.048828
0 0.531480 0.935374 0.048828 0.048828
0 0.569548 0.937549 0.048828 0.048828
0 0.544532 0.981056 0.048828 0.048828
0 0.490148 0.968004 0.048828 0.048828
0 0.429239 0.981056 0.048828 0.048828
0 0.452080 0.908182 0.048828 0.048828
0 0.407486 0.841834 0.048828 0.048828
0 0.303070 0.790714 0.048828 0.048828
0 0.340050 0.790714 0.048828 0.048828
0 0.335700 0.827695 0.048828 0.048828
0 0.365067 0.848360 0.048828 0.048828
0 0.366154 0.873377 0.048828 0.048828
0 0.396609 0.900568 0.048828 0.048828
0 0.416187 0.936461 0.048828 0.048828
0 0.362891 0.999546 0.048828 0.048828
0 0.348752 0.952776 0.048828 0.048828
0 0.341138 0.909270 0.048828 0.048828
0 0.319385 0.869026 0.048828 0.048828
0 0.279141 0.837484 0.048828 0.048828
0 0.267177 0.779837 0.048828 0.048828
0 0.260651 0.701525 0.048828 0.048828
0 0.189952 0.704788 0.048828 0.048828
0 0.212793 0.761347 0.048828 0.048828
0 0.217144 0.810292 0.048828 0.048828
0 0.212793 0.866851 0.048828 0.048828
0 0.230196 0.898393 0.048828 0.048828
0 0.249774 0.925585 0.048828 0.048828
0 0.299807 0.951689 0.048828 0.048828
0 0.310683 0.999546 0.048828 0.048828
0 0.196478 0.976705 0.048828 0.048828
0 0.160585 0.948426 0.048828 0.048828
0 0.118166 0.935374 0.048828 0.048828
0 0.162761 0.895130 0.048828 0.048828
0 0.145358 0.844010 0.048828 0.048828
0 0.125780 0.879903 0.048828 0.048828
0 0.192128 0.903831 0.048828 0.048828
0 0.072484 0.997371 0.048828 0.048828
0 0.020276 0.991932 0.048828 0.048828
0 0.110553 0.977793 0.048828 0.048828
0 0.083361 0.944075 0.048828 0.048828
0 0.048556 0.941900 0.048828 0.048828
0 0.020276 0.914708 0.048828 0.048828
0 0.065958 0.886429 0.048828 0.048828
0 0.011575 0.840747 0.048828 0.048828
0 0.037679 0.865763 0.048828 0.048828
0 0.089887 0.841834 0.048828 0.048828
0 0.117079 0.814643 0.048828 0.048828
0 0.142095 0.782013 0.048828 0.048828
0 0.159498 0.747207 0.048828 0.048828
0 0.143183 0.710226 0.048828 0.048828
0 0.130131 0.673246 0.048828 0.048828
0 0.155147 0.647142 0.048828 0.048828
0 0.221495 0.656931 0.048828 0.048828
0 0.278053 0.639528 0.048828 0.048828
0 0.247599 0.601460 0.048828 0.048828
0 0.282404 0.597109 0.048828 0.048828
0 0.248686 0.561216 0.048828 0.048828
0 0.209530 0.556865 0.048828 0.048828
0 0.235634 0.520972 0.048828 0.048828
0 0.258475 0.509008 0.048828 0.048828
0 0.291105 0.527498 0.048828 0.048828
0 0.344401 0.511183 0.048828 0.048828
0 0.404223 0.462238 0.048828 0.048828
0 0.427064 0.398066 0.048828 0.048828
0 0.382469 0.404592 0.048828 0.048828
0 0.322648 0.445923 0.048828 0.048828
0 0.276966 0.478553 0.048828 0.048828
0 0.231284 0.457888 0.048828 0.048828
0 0.214969 0.493781 0.048828 0.048828
0 0.175813 0.528586 0.048828 0.048828
0 0.179076 0.475290 0.048828 0.048828
0 0.104027 0.600372 0.048828 0.048828
0 0.089887 0.648229 0.048828 0.048828
0 0.050731 0.580794 0.048828 0.048828
0 0.058345 0.537287 0.048828 0.048828
0 0.106202 0.538375 0.048828 0.048828
0 0.118166 0.480729 0.048828 0.048828
0 0.045293 0.480729 0.048828 0.048828
0 0.022452 0.513359 0.048828 0.048828
0 0.002874 0.555778 0.048828 0.048828
0 0.122517 0.765698 0.048828 0.048828
0 0.070309 0.776574 0.048828 0.048828
0 0.032241 0.780925 0.048828 0.048828
0 0.043117 0.820081 0.048828 0.048828
0 0.007224 0.800503 0.048828 0.048828
0 0.024627 0.411118 0.048828 0.048828
0 0.022452 0.371962 0.048828 0.048828
0 0.084449 0.443748 0.048828 0.048828
0 0.121429 0.415469 0.048828 0.048828
0 0.083361 0.362173 0.048828 0.048828
0 0.135569 0.362173 0.048828 0.048828
0 0.188865 0.412206 0.048828 0.048828
0 0.197566 0.367611 0.048828 0.048828
0 0.274790 0.412206 0.048828 0.048828
0 0.310683 0.388277 0.048828 0.048828
0 0.270440 0.378488 0.048828 0.048828
0 0.296544 0.353472 0.048828 0.048828
0 0.342226 0.361085 0.048828 0.048828
0 0.393346 0.357822 0.048828 0.048828
0 0.433590 0.348033 0.048828 0.048828
0 0.377031 0.314316 0.048828 0.048828
0 0.358541 0.278423 0.048828 0.048828
0 0.333524 0.309965 0.048828 0.048828
0 0.293281 0.304527 0.048828 0.048828
0 0.256300 0.328455 0.048828 0.048828
0 0.233459 0.351296 0.048828 0.048828
0 0.192128 0.326280 0.048828 0.048828
0 0.150796 0.302351 0.048828 0.048828
0 0.084449 0.258845 0.048828 0.048828
0 0.168199 0.256669 0.048828 0.048828
0 0.214969 0.288212 0.048828 0.048828
0 0.262826 0.280598 0.048828 0.048828
0 0.212793 0.243617 0.048828 0.048828
0 0.241073 0.225127 0.048828 0.048828
0 0.166024 0.216426 0.048828 0.048828
0 0.122517 0.210987 0.048828 0.048828
0 0.288930 0.245793 0.048828 0.048828
0 0.285667 0.180533 0.048828 0.048828
0 0.325911 0.103308 0.048828 0.048828
0 0.300894 0.085906 0.048828 0.048828
0 0.245423 0.116360 0.048828 0.048828
0 0.241073 0.078292 0.048828 0.048828
0 0.233459 0.040223 0.048828 0.048828
0 0.188865 0.021733 0.048828 0.048828
0 0.199741 0.061977 0.048828 0.048828
0 0.173637 0.097870 0.048828 0.048828
0 0.175813 0.120711 0.048828 0.048828
0 0.196478 0.147903 0.048828 0.048828
0 0.220407 0.146815 0.048828 0.048828
0 0.241073 0.177270 0.048828 0.048828
0 0.209530 0.176182 0.048828 0.048828
0 0.174725 0.182708 0.048828 0.048828
0 0.143183 0.174007 0.048828 0.048828
0 0.148621 0.138114 0.048828 0.048828
0 0.119254 0.127237 0.048828 0.048828
0 0.101851 0.148990 0.048828 0.048828
0 0.085536 0.195760 0.048828 0.048828
0 0.038767 0.216426 0.048828 0.048828
0 0.028978 0.271897 0.048828 0.048828
0 0.046380 0.167481 0.048828 0.048828
0 0.033328 0.125062 0.048828 0.048828
0 0.074660 0.119623 0.048828 0.048828
0 0.101851 0.091344 0.048828 0.048828
0 0.139920 0.086993 0.048828 0.048828
0 0.042030 0.083730 0.048828 0.048828
0 0.065958 0.078292 0.048828 0.048828
0 0.086624 0.059801 0.048828 0.048828
0 0.101851 0.034785 0.048828 0.048828
0 0.144270 0.039136 0.048828 0.048828
0 0.081186 0.002155 0.048828 0.048828
0 0.055082 0.029347 0.048828 0.048828
0 0.947534 0.143442 0.048828 0.048828
0 0.989691 0.143442 0.048828 0.048828
0 0.978194 0.089787 0.048828 0.048828
0 0.972445 0.053378 0.048828 0.048828
0 0.960082 0.184852 0.048828 0.048828
0 0.005559 0.098470 0.048828 0.048828
0 0.045871 0.315865 0.048828 0.048828
0 0.106338 0.300028 0.048828 0.048828
0 0.002680 0.646997 0.048828 0.048828
0 0.008439 0.615323 0.048828 0.048828
0 0.058828 0.631160 0.048828 0.048828
0 0.051630 0.694507 0.048828 0.048828
0 0.090502 0.695947 0.048828 0.048828
0 0.057389 0.737698 0.048828 0.048828