0 0.612506 0.901973 0.048828 0.048828
0 0.652773 0.886872 0.048828 0.048828
0 0.694717 0.927139 0.048828 0.048828
0 0.815518 0.943917 0.048828 0.048828
0 0.592372 0.943917 0.048828 0.048828
0 0.540361 0.940562 0.048828 0.048828
0 0.266881 0.856672 0.048828 0.048828
0 0.184670 0.771105 0.048828 0.048828
0 0.048769 0.420447 0.048828 0.048828
0 0.006824 0.546282 0.048828 0.048828
0 0.026958 0.578159 0.048828 0.048828
0 0.043736 0.556348 0.048828 0.048828
0 0.067225 0.576482 0.048828 0.048828
0 0.147758 0.547959 0.048828 0.048828
0 0.290370 0.995929 0.048828 0.048828
0 0.263526 0.559704 0.048828 0.048828