0 0.290416 0.021543 0.048828 0.048828
0 0.507057 0.033277 0.048828 0.048828
0 0.558509 0.007100 0.048828 0.048828
0 0.799521 0.035985 0.048828 0.048828
0 0.827504 0.034180 0.048828 0.048828
0 0.696617 0.000781 0.048828 0.048828
0 0.739945 0.038693 0.048828 0.048828
0 0.683077 0.043207 0.048828 0.048828
0 0.663218 0.025153 0.048828 0.048828
0 0.627112 0.010711 0.048828 0.048828
0 0.580173 0.042304 0.048828 0.048828
0 0.291319 0.074800 0.048828 0.048828
0 0.330134 0.075703 0.048828 0.048828
0 0.389710 0.102783 0.048828 0.048828
0 0.368948 0.156040 0.048828 0.048828
0 0.437551 0.174094 0.048828 0.048828
0 0.434843 0.202076 0.048828 0.048828
0 0.489906 0.228254 0.048828 0.048828
0 0.537747 0.158748 0.048828 0.048828
0 0.535039 0.114517 0.048828 0.048828
0 0.537747 0.073897 0.048828 0.048828
0 0.602740 0.081119 0.048828 0.048828
0 0.644262 0.053136 0.048828 0.048828
0 0.682174 0.066676 0.048828 0.048828
0 0.574757 0.139792 0.048828 0.048828
0 0.608156 0.138889 0.048828 0.048828
0 0.642457 0.132571 0.048828 0.048828
0 0.602740 0.172288 0.048828 0.048828
0 0.644262 0.159651 0.048828 0.048828
0 0.687590 0.193952 0.048828 0.048828
0 0.668634 0.169580 0.048828 0.048828
0 0.633430 0.196660 0.048828 0.048828
0 0.584686 0.217422 0.048828 0.048828
0 0.649678 0.243599 0.048828 0.048828
0 0.682174 0.239988 0.048828 0.048828
0 0.720989 0.255334 0.048828 0.048828
0 0.727308 0.222838 0.048828 0.048828
0 0.728210 0.193050 0.048828 0.048828
0 0.719184 0.137084 0.048828 0.048828
0 0.688493 0.116323 0.048828 0.048828
0 0.717378 0.102783 0.048828 0.048828
0 0.754388 0.091951 0.048828 0.048828
0 0.795911 0.082021 0.048828 0.048828
0 0.839239 0.071189 0.048828 0.048828
0 0.992692 0.014321 0.048828 0.048828
0 0.955683 0.020640 0.048828 0.048828
0 0.857292 0.032375 0.048828 0.048828
0 0.899717 0.046817 0.048828 0.048828
0 0.951170 0.063065 0.048828 0.048828
0 0.999914 0.063968 0.048828 0.048828
0 0.988179 0.123544 0.048828 0.048828
0 0.922284 0.129863 0.048828 0.048828
0 0.924992 0.082924 0.048828 0.048828
0 0.878053 0.085632 0.048828 0.048828
0 0.915063 0.162359 0.048828 0.048828
0 0.873540 0.145208 0.048828 0.048828
0 0.842849 0.129863 0.048828 0.048828
0 0.811256 0.121739 0.048828 0.048828
0 0.770636 0.150624 0.048828 0.048828
0 0.821185 0.165067 0.048828 0.048828
0 0.877151 0.178607 0.048828 0.048828
0 0.943046 0.184023 0.048828 0.048828
0 0.955683 0.216519 0.048828 0.048828
0 0.974639 0.193952 0.048828 0.048828
0 0.986374 0.165970 0.048828 0.048828
0 0.973736 0.243599 0.048828 0.048828
0 0.978250 0.304980 0.048828 0.048828
0 0.939435 0.304980 0.048828 0.048828
0 0.937630 0.267068 0.048828 0.048828
0 0.906036 0.295954 0.048828 0.048828
0 0.904231 0.210200 0.048828 0.048828
0 0.887983 0.230962 0.048828 0.048828
0 0.882567 0.253528 0.048828 0.048828
0 0.878053 0.279706 0.048828 0.048828
0 0.875345 0.314007 0.048828 0.048828
0 0.909647 0.334769 0.048828 0.048828
0 0.958391 0.331158 0.048828 0.048828
0 0.995400 0.351919 0.048828 0.048828
0 0.842849 0.298662 0.048828 0.048828
0 0.861805 0.202076 0.048828 0.048828
0 0.848265 0.219227 0.048828 0.048828
0 0.817575 0.239086 0.048828 0.048828
0 0.785079 0.229156 0.048828 0.048828
0 0.771539 0.189439 0.048828 0.048828
0 0.757096 0.269776 0.048828 0.048828
0 0.775149 0.289635 0.048828 0.048828
0 0.657802 0.326644 0.048828 0.048828
0 0.704741 0.310396 0.048828 0.048828
0 0.773344 0.323034 0.048828 0.048828
0 0.704741 0.351017 0.048828 0.048828
0 0.600032 0.416009 0.048828 0.048828
0 0.608156 0.458434 0.048828 0.048828
0 0.643360 0.425035 0.048828 0.048828
0 0.708352 0.436770 0.048828 0.048828
0 0.706546 0.400663 0.048828 0.048828
0 0.736334 0.380805 0.048828 0.048828
0 0.782371 0.370875 0.048828 0.048828
0 0.796813 0.422327 0.048828 0.048828
0 0.822991 0.422327 0.048828 0.048828
0 0.839239 0.397053 0.048828 0.048828
0 0.833823 0.373583 0.048828 0.048828
0 0.843752 0.341087 0.048828 0.048828
0 0.866319 0.362751 0.048828 0.048828
0 0.906036 0.366362 0.048828 0.048828
0 0.943948 0.373583 0.048828 0.048828
0 0.951170 0.397053 0.048828 0.048828
0 0.973736 0.435867 0.048828 0.048828
0 0.930408 0.465655 0.048828 0.048828
0 0.911452 0.416911 0.048828 0.048828
0 0.871735 0.420522 0.048828 0.048828
0 0.889788 0.453018 0.048828 0.048828
0 0.808548 0.476487 0.048828 0.048828
0 0.722794 0.476487 0.048828 0.048828
0 0.637753 0.497829 0.048828 0.048828
0 0.665807 0.488478 0.048828 0.048828
0 0.696412 0.490178 0.048828 0.048828
0 0.708314 0.506330 0.048828 0.048828
0 0.741469 0.532684 0.048828 0.048828
0 0.763572 0.494428 0.048828 0.048828
0 0.790777 0.521633 0.048828 0.048828
0 0.836684 0.515682 0.048828 0.048828
0 0.868138 0.490178 0.048828 0.048828
0 0.880040 0.522483 0.048828 0.048828
0 0.908094 0.544586 0.048828 0.048828
0 0.861337 0.558188 0.048828 0.048828
0 0.821381 0.560739 0.048828 0.048828
0 0.778025 0.559038 0.048828 0.048828
0 0.694712 0.547136 0.048828 0.048828
0 0.675159 0.518232 0.048828 0.048828
0 0.723616 0.575191 0.048828 0.048828
0 0.670058 0.579441 0.048828 0.048828
0 0.634353 0.570090 0.048828 0.048828
0 0.607148 0.538635 0.048828 0.048828
0 0.585895 0.627049 0.048828 0.048828
0 0.695562 0.618547 0.048828 0.048828
0 0.747420 0.616847 0.048828 0.048828
0 0.795027 0.600695 0.048828 0.048828
0 0.825632 0.600695 0.048828 0.048828
0 0.892792 0.584542 0.048828 0.048828
0 0.952301 0.568390 0.048828 0.048828
0 0.944650 0.530984 0.048828 0.048828
0 0.908094 0.486777 0.048828 0.048828
0 0.946350 0.501229 0.048828 0.048828
0 0.986306 0.504630 0.048828 0.048828
0 0.998208 0.543736 0.048828 0.048828
0 0.967604 0.603245 0.048828 0.048828
0 0.955702 0.642351 0.048828 0.048828
0 0.983756 0.680607 0.048828 0.048828
0 0.944650 0.678057 0.048828 0.048828
0 0.905544 0.662754 0.048828 0.048828
0 0.884291 0.620248 0.048828 0.048828
0 0.843485 0.626199 0.048828 0.048828
0 0.876640 0.667005 0.048828 0.048828
0 0.860487 0.684007 0.048828 0.048828
0 0.870689 0.711212 0.048828 0.048828
0 0.839234 0.666155 0.048828 0.048828
0 0.811180 0.669555 0.048828 0.048828
0 0.805229 0.634700 0.048828 0.048828
0 0.771224 0.638100 0.048828 0.048828
0 0.766973 0.668705 0.048828 0.048828
0 0.730417 0.650002 0.048828 0.048828
0 0.671758 0.645752 0.048828 0.048828
0 0.618200 0.666155 0.048828 0.048828
0 0.565492 0.656803 0.048828 0.048828
0 0.525536 0.697609 0.048828 0.048828
0 0.572293 0.700160 0.048828 0.048828
0 0.650505 0.691659 0.048828 0.048828
0 0.698963 0.678907 0.048828 0.048828
0 0.835833 0.706961 0.048828 0.048828
0 0.819681 0.730765 0.048828 0.048828
0 0.836684 0.751168 0.048828 0.048828
0 0.890242 0.744367 0.048828 0.048828
0 0.973555 0.808126 0.048828 0.048828
0 0.901293 0.786023 0.048828 0.048828
0 0.858787 0.785173 0.048828 0.048828
0 0.801828 0.760519 0.048828 0.048828
0 0.796727 0.793674 0.048828 0.048828
0 0.766123 0.798775 0.048828 0.048828
0 0.745720 0.774971 0.048828 0.048828
0 0.710014 0.740966 0.048828 0.048828
0 0.744870 0.708661 0.048828 0.048828
0 0.786526 0.713762 0.048828 0.048828
0 0.688761 0.725664 0.048828 0.048828
0 0.619900 0.729064 0.048828 0.048828
0 0.593546 0.723113 0.048828 0.048828
0 0.574844 0.744367 0.048828 0.048828
0 0.577394 0.775821 0.048828 0.048828
0 0.625001 0.786873 0.048828 0.048828
0 0.668358 0.776672 0.048828 0.048828
0 0.710864 0.825129 0.048828 0.048828
0 0.754221 0.833630 0.048828 0.048828
0 0.664957 0.818328 0.048828 0.048828
0 0.761022 0.876987 0.048828 0.048828
0 0.710014 0.854884 0.048828 0.048828
0 0.709164 0.879537 0.048828 0.048828
0 0.675159 0.860834 0.048828 0.048828
0 0.630102 0.856584 0.048828 0.048828
0 0.670058 0.909292 0.048828 0.048828
0 0.478779 0.718013 0.048828 0.048828
0 0.366562 0.760519 0.048828 0.048828
0 0.379314 0.795374 0.048828 0.048828
0 0.347009 0.797925 0.048828 0.048828
0 0.341908 0.838731 0.048828 0.048828
0 0.369112 0.851483 0.048828 0.048828
0 0.344458 0.891439 0.048828 0.048828
0 0.359761 0.916943 0.048828 0.048828
0 0.336807 0.940747 0.048828 0.048828
0 0.363161 0.947548 0.048828 0.048828
0 0.379314 0.982403 0.048828 0.048828
0 0.411619 0.961150 0.048828 0.048828
0 0.390365 0.913543 0.048828 0.048828
0 0.439673 0.916093 0.048828 0.048828
0 0.490681 0.911842 0.048828 0.048828
0 0.481329 0.939046 0.048828 0.048828
0 0.483880 0.973902 0.048828 0.048828
0 0.536588 0.956049 0.048828 0.048828
0 0.566342 0.883788 0.048828 0.048828
0 0.511934 0.885488 0.048828 0.048828
0 0.588446 0.947548 0.048828 0.048828
0 0.613950 0.989204 0.048828 0.048828
0 0.647105 0.959450 0.048828 0.048828
0 0.688761 0.953499 0.048828 0.048828
0 0.722766 0.917793 0.048828 0.048828
0 0.754221 0.920344 0.048828 0.048828
0 0.786526 0.919493 0.048828 0.048828
0 0.817131 0.906741 0.048828 0.048828
0 0.809479 0.865085 0.048828 0.048828
0 0.817131 0.826829 0.048828 0.048828
0 0.861337 0.834480 0.048828 0.048828
0 0.842634 0.887188 0.048828 0.048828
0 0.882591 0.894840 0.048828 0.048828
0 0.885991 0.859134 0.048828 0.048828
0 0.896193 0.825129 0.048828 0.048828
0 0.940399 0.866785 0.048828 0.048828
0 0.975255 0.865935 0.048828 0.048828
0 0.995658 0.920344 0.048828 0.048828
0 0.979505 0.947548 0.048828 0.048828
0 0.946350 0.967101 0.048828 0.048828
0 0.948901 0.988354 0.048828 0.048828
0 0.904694 0.947548 0.048828 0.048828
0 0.834983 0.953499 0.048828 0.048828
0 0.815430 0.992605 0.048828 0.048828
0 0.792477 0.976452 0.048828 0.048828
0 0.763572 0.996005 0.048828 0.048828
0 0.760172 0.962000 0.048828 0.048828
0 0.718516 0.950948 0.048828 0.048828
0 0.991277 0.994691 0.048828 0.048828
0 0.499786 0.564148 0.048828 0.048828
0 0.546075 0.566205 0.048828 0.048828
0 0.294054 0.860401 0.048828 0.048828
0 0.279653 0.919034 0.048828 0.048828