0 0.053504 0.519718 0.048828 0.048828
0 0.115458 0.599894 0.048828 0.048828
0 0.155546 0.585316 0.048828 0.048828
0 0.182879 0.581672 0.048828 0.048828
0 0.206567 0.581672 0.048828 0.048828
0 0.237544 0.579850 0.048828 0.048828
0 0.275810 0.587138 0.048828 0.048828
0 0.297676 0.581672 0.048828 0.048828
0 0.368741 0.587138 0.048828 0.048828
0 0.558248 0.599894 0.048828 0.048828
0 0.594691 0.588960 0.048828 0.048828
0 0.745932 0.005863 0.048828 0.048828
0 0.700378 0.011330 0.048828 0.048828
0 0.716777 0.040484 0.048828 0.048828
0 0.744110 0.113372 0.048828 0.048828
0 0.705844 0.113372 0.048828 0.048828
0 0.541848 0.075106 0.048828 0.048828
0 0.496294 0.069639 0.048828 0.048828
0 0.352341 0.111549 0.048828 0.048828
0 0.350519 0.151637 0.048828 0.048828
0 0.385141 0.151637 0.048828 0.048828
0 0.902640 0.147993 0.048828 0.048828
0 0.880773 0.069639 0.048828 0.048828
0 0.798775 0.022263 0.048828 0.048828
0 0.753221 0.044129 0.048828 0.048828
0 0.445273 0.075106 0.048828 0.048828
0 0.594691 0.147993 0.048828 0.048828
0 0.421584 0.109727 0.048828 0.048828
0 0.317720 0.135238 0.048828 0.048828
0 0.148257 0.363010 0.048828 0.048828
0 0.308609 0.346611 0.048828 0.048828
0 0.521804 0.565272 0.048828 0.048828
0 0.492649 0.567094 0.048828 0.048828
0 0.598336 0.047773 0.048828 0.048828