0 0.083753 0.973675 0.048828 0.048828
0 0.028177 0.991539 0.048828 0.048828
0 0.009321 0.964743 0.048828 0.048828
0 0.031154 0.917106 0.048828 0.048828
0 0.075814 0.929015 0.048828 0.048828
0 0.062912 0.885348 0.048828 0.048828
0 0.027184 0.054681 0.048828 0.048828
0 0.077799 0.021931 0.048828 0.048828
0 0.107572 0.023916 0.048828 0.048828
0 0.112534 0.055673 0.048828 0.048828
0 0.065889 0.071552 0.048828 0.048828
0 0.033139 0.103310 0.048828 0.048828
0 0.157193 0.027885 0.048828 0.048828
0 0.266361 0.021931 0.048828 0.048828
0 0.200860 0.019946 0.048828 0.048828
0 0.235596 0.061628 0.048828 0.048828
0 0.267354 0.072545 0.048828 0.048828
0 0.187959 0.067583 0.048828 0.048828
0 0.248497 0.128121 0.048828 0.048828
0 0.189944 0.122167 0.048828 0.048828
0 0.149254 0.083462 0.048828 0.048828
0 0.116504 0.102318 0.048828 0.048828
0 0.078791 0.117204 0.048828 0.048828
0 0.079783 0.154917 0.048828 0.048828
0 0.137345 0.140030 0.048828 0.048828
0 0.030162 0.166826 0.048828 0.048828
0 0.001381 0.202554 0.048828 0.048828
0 0.063905 0.197592 0.048828 0.048828
0 0.113526 0.195607 0.048828 0.048828
0 0.135360 0.220418 0.048828 0.048828
0 0.157193 0.184690 0.048828 0.048828
0 0.183989 0.213471 0.048828 0.048828
0 0.179027 0.250191 0.048828 0.048828
0 0.139330 0.266070 0.048828 0.048828
0 0.164140 0.290880 0.048828 0.048828
0 0.070852 0.310729 0.048828 0.048828
0 0.053980 0.264085 0.048828 0.048828
0 0.213762 0.308744 0.048828 0.048828
0 0.223686 0.275001 0.048828 0.048828
0 0.271323 0.279964 0.048828 0.048828
0 0.312013 0.275994 0.048828 0.048828
0 0.364612 0.285918 0.048828 0.048828
0 0.407287 0.286911 0.048828 0.048828
0 0.419196 0.253168 0.048828 0.048828
0 0.383468 0.239274 0.048828 0.048828
0 0.349726 0.255153 0.048828 0.048828
0 0.297127 0.240266 0.048828 0.048828
0 0.313998 0.205531 0.048828 0.048828
0 0.234603 0.218433 0.048828 0.048828
0 0.262391 0.202554 0.048828 0.048828
0 0.280255 0.168811 0.048828 0.048828
0 0.212770 0.186675 0.048828 0.048828
0 0.228649 0.161864 0.048828 0.048828
0 0.308043 0.139038 0.048828 0.048828
0 0.311021 0.093386 0.048828 0.048828
0 0.319953 0.056666 0.048828 0.048828
0 0.361635 0.155909 0.048828 0.048828
0 0.358657 0.113235 0.048828 0.048828
0 0.354688 0.075522 0.048828 0.048828
0 0.395378 0.085447 0.048828 0.048828
0 0.369574 0.017961 0.048828 0.048828
0 0.412249 0.039795 0.048828 0.048828
0 0.404309 0.180720 0.048828 0.048828
0 0.430113 0.214463 0.048828 0.048828
0 0.435075 0.144000 0.048828 0.048828
0 0.400340 0.135068 0.048828 0.048828
0 0.433090 0.077507 0.048828 0.048828
0 0.430113 0.960773 0.048828 0.048828
0 0.443014 0.900235 0.048828 0.048828
0 0.433090 0.864507 0.048828 0.048828
0 0.444999 0.809923 0.048828 0.048828
0 0.403317 0.789082 0.048828 0.048828
0 0.460878 0.751370 0.048828 0.048828
0 0.392400 0.738468 0.048828 0.048828
0 0.411256 0.713657 0.048828 0.048828
0 0.452939 0.680907 0.048828 0.048828
0 0.474772 0.712665 0.048828 0.048828
0 0.439045 0.649149 0.048828 0.048828
0 0.457901 0.598535 0.048828 0.048828
0 0.445992 0.556853 0.048828 0.048828
0 0.433090 0.593573 0.048828 0.048828
0 0.377514 0.617391 0.048828 0.048828
0 0.397362 0.555860 0.048828 0.048828
0 0.357665 0.573724 0.048828 0.048828
0 0.347741 0.533034 0.048828 0.048828
0 0.396370 0.509216 0.048828 0.048828
0 0.428128 0.500284 0.048828 0.048828
0 0.383468 0.467534 0.048828 0.048828
0 0.425151 0.455624 0.048828 0.048828
0 0.465840 0.415927 0.048828 0.048828
0 0.414234 0.406003 0.048828 0.048828
0 0.388430 0.391116 0.048828 0.048828
0 0.432098 0.374245 0.048828 0.048828
0 0.380491 0.341495 0.048828 0.048828
0 0.361635 0.371268 0.048828 0.048828
0 0.320945 0.387146 0.048828 0.048828
0 0.348733 0.456617 0.048828 0.048828
0 0.320945 0.432798 0.048828 0.048828
0 0.275293 0.401041 0.048828 0.048828
0 0.264376 0.339510 0.048828 0.048828
0 0.333847 0.314699 0.048828 0.048828
0 0.240558 0.385162 0.048828 0.048828
0 0.212770 0.355389 0.048828 0.048828
0 0.161163 0.359358 0.048828 0.048828
0 0.124443 0.329585 0.048828 0.048828
0 0.087723 0.342487 0.048828 0.048828
0 0.014283 0.345464 0.048828 0.048828
0 0.052988 0.367298 0.048828 0.048828
0 0.110549 0.380199 0.048828 0.048828
0 0.156201 0.400048 0.048828 0.048828
0 0.200860 0.429821 0.048828 0.048828
0 0.243535 0.450662 0.048828 0.048828
0 0.287202 0.459594 0.048828 0.048828
0 0.150246 0.973675 0.048828 0.048828
0 0.196891 0.981614 0.048828 0.048828
0 0.134367 0.932985 0.048828 0.048828
0 0.185974 0.932985 0.048828 0.048828
0 0.226664 0.953826 0.048828 0.048828
0 0.266361 0.993524 0.048828 0.048828
0 0.377514 0.975660 0.048828 0.048828
0 0.346748 0.933978 0.048828 0.048828
0 0.324915 0.973675 0.048828 0.048828
0 0.351710 0.879394 0.048828 0.048828
0 0.311021 0.916114 0.048828 0.048828
0 0.282240 0.885348 0.048828 0.048828
0 0.242543 0.922068 0.048828 0.048828
0 0.289187 0.954819 0.048828 0.048828
0 0.212770 0.895273 0.048828 0.048828
0 0.251475 0.853590 0.048828 0.048828
0 0.312013 0.845651 0.048828 0.048828
0 0.318960 0.804961 0.048828 0.048828
0 0.334839 0.762287 0.048828 0.048828
0 0.354688 0.698771 0.048828 0.048828
0 0.378506 0.660066 0.048828 0.048828
0 0.408279 0.659073 0.048828 0.048828
0 0.342779 0.641210 0.048828 0.048828
0 0.315983 0.591588 0.048828 0.048828
0 0.253459 0.556853 0.048828 0.048828
0 0.269338 0.589603 0.048828 0.048828
0 0.300104 0.650142 0.048828 0.048828
0 0.254452 0.647164 0.048828 0.048828
0 0.215747 0.580671 0.048828 0.048828
0 0.211777 0.536012 0.048828 0.048828
0 0.294149 0.502269 0.048828 0.048828
0 0.231626 0.495322 0.048828 0.048828
0 0.192921 0.465549 0.048828 0.048828
0 0.129405 0.447685 0.048828 0.048828
0 0.094670 0.473488 0.048828 0.048828
0 0.176050 0.594565 0.048828 0.048828
0 0.192921 0.649149 0.048828 0.048828
0 0.156201 0.665028 0.048828 0.048828
0 0.105587 0.656096 0.048828 0.048828
0 0.127420 0.711672 0.048828 0.048828
0 0.153224 0.738468 0.048828 0.048828
0 0.203838 0.710680 0.048828 0.048828
0 0.223686 0.687854 0.048828 0.048828
0 0.261399 0.715642 0.048828 0.048828
0 0.292164 0.701748 0.048828 0.048828
0 0.293157 0.755340 0.048828 0.048828
0 0.237580 0.764271 0.048828 0.048828
0 0.282240 0.810916 0.048828 0.048828
0 0.240558 0.804961 0.048828 0.048828
0 0.195898 0.852598 0.048828 0.048828
0 0.180019 0.805954 0.048828 0.048828
0 0.152231 0.887333 0.048828 0.048828
0 0.147269 0.842674 0.048828 0.048828
0 0.107572 0.860538 0.048828 0.048828
0 0.016268 0.854583 0.048828 0.048828
0 0.022222 0.811908 0.048828 0.048828
0 0.008328 0.758317 0.048828 0.048828
0 0.028177 0.726559 0.048828 0.048828
0 0.047033 0.769234 0.048828 0.048828
0 0.071844 0.803969 0.048828 0.048828
0 0.082761 0.767249 0.048828 0.048828
0 0.078791 0.724574 0.048828 0.048828
0 0.128413 0.756332 0.048828 0.048828
0 0.150246 0.786105 0.048828 0.048828
0 0.112534 0.819848 0.048828 0.048828
0 0.071844 0.844659 0.048828 0.048828
0 0.051003 0.648157 0.048828 0.048828
0 0.003366 0.644187 0.048828 0.048828
0 0.029169 0.515170 0.048828 0.048828
0 0.054973 0.505246 0.048828 0.048828
0 0.048026 0.547921 0.048828 0.048828
0 0.085738 0.527080 0.048828 0.048828
0 0.118488 0.530057 0.048828 0.048828
0 0.134367 0.572732 0.048828 0.048828
0 0.096655 0.609452 0.048828 0.048828
0 0.058942 0.589603 0.048828 0.048828
0 0.020237 0.609452 0.048828 0.048828
0 0.102609 0.414935 0.048828 0.048828
0 0.057950 0.409972 0.048828 0.048828
0 0.055965 0.450662 0.048828 0.048828
0 0.020237 0.466541 0.048828 0.048828
0 0.891595 0.988562 0.048828 0.048828
0 0.856859 0.963751 0.048828 0.048828
0 0.797313 0.970698 0.048828 0.048828
0 0.719903 0.957796 0.048828 0.048828
0 0.722881 0.988562 0.048828 0.048828
0 0.669289 0.959781 0.048828 0.048828
0 0.687153 0.996501 0.048828 0.048828
0 0.498591 0.998486 0.048828 0.048828
0 0.557144 0.998486 0.048828 0.048828
0 0.606766 0.976652 0.048828 0.048828
0 0.608751 0.923061 0.048828 0.048828
0 0.532333 0.961766 0.048828 0.048828
0 0.561114 0.928023 0.048828 0.048828
0 0.522409 0.931000 0.048828 0.048828
0 0.490651 0.900235 0.048828 0.048828
0 0.543250 0.885348 0.048828 0.048828
0 0.515462 0.847636 0.048828 0.048828
0 0.482712 0.847636 0.048828 0.048828
0 0.489659 0.784120 0.048828 0.048828
0 0.546227 0.813893 0.048828 0.048828
0 0.574016 0.848628 0.048828 0.048828
0 0.595849 0.845651 0.048828 0.048828
0 0.597834 0.884356 0.048828 0.048828
0 0.636539 0.883364 0.048828 0.048828
0 0.691123 0.878401 0.048828 0.048828
0 0.712956 0.857560 0.048828 0.048828
0 0.628600 0.816870 0.048828 0.048828
0 0.582948 0.802976 0.048828 0.048828
0 0.539280 0.771218 0.048828 0.048828
0 0.512485 0.741445 0.048828 0.048828
0 0.523402 0.699763 0.048828 0.048828
0 0.557144 0.724574 0.048828 0.048828
0 0.594857 0.736483 0.048828 0.048828
0 0.631577 0.750377 0.048828 0.048828
0 0.574016 0.676937 0.048828 0.048828
0 0.616690 0.691824 0.048828 0.048828
0 0.681199 0.717627 0.048828 0.048828
0 0.610736 0.652126 0.048828 0.048828
0 0.680206 0.651134 0.048828 0.048828
0 0.750669 0.694801 0.048828 0.048828
0 0.738760 0.766256 0.048828 0.048828
0 0.756624 0.810916 0.048828 0.048828
0 0.772502 0.892295 0.048828 0.048828
0 0.721888 0.916114 0.048828 0.048828
0 0.840747 0.011705 0.048828 0.048828
0 0.868507 0.036688 0.048828 0.048828
0 0.924952 0.053344 0.048828 0.048828
0 0.902744 0.006153 0.048828 0.048828
0 0.955487 0.014481 0.048828 0.048828
0 0.982322 0.054270 0.048828 0.048828
0 0.985098 0.091283 0.048828 0.048828
0 0.972143 0.136624 0.048828 0.048828
0 0.960114 0.237484 0.048828 0.048828
0 0.953637 0.195844 0.048828 0.048828
0 0.917549 0.227305 0.048828 0.048828
0 0.959189 0.273571 0.048828 0.048828
0 0.980471 0.306883 0.048828 0.048828
0 0.911072 0.274497 0.048828 0.048828
0 0.873133 0.220828 0.048828 0.048828
0 0.866656 0.172711 0.048828 0.048828
0 0.928653 0.157906 0.048828 0.048828
0 0.940682 0.099611 0.048828 0.048828
0 0.875909 0.109789 0.048828 0.048828
0 0.836121 0.088507 0.048828 0.048828
0 0.805585 0.071851 0.048828 0.048828
0 0.754692 0.058896 0.048828 0.048828
0 0.762095 0.024659 0.048828 0.048828
0 0.998978 0.665909 0.048828 0.048828
0 0.685293 0.004302 0.048828 0.048828
0 0.589984 0.020958 0.048828 0.048828
0 0.565926 0.063523 0.048828 0.048828
0 0.525212 0.047792 0.048828 0.048828
0 0.491900 0.072776 0.048828 0.048828
0 0.477095 0.144951 0.048828 0.048828
0 0.491900 0.119042 0.048828 0.048828
0 0.531689 0.119968 0.048828 0.048828
0 0.572403 0.129221 0.048828 0.048828
0 0.542793 0.169935 0.048828 0.048828
0 0.586283 0.166234 0.048828 0.048828
0 0.635325 0.154205 0.048828 0.048828
0 0.671413 0.162533 0.048828 0.048828
0 0.620520 0.094059 0.048828 0.048828
0 0.659384 0.089432 0.048828 0.048828
0 0.622371 0.044091 0.048828 0.048828
0 0.665861 0.044091 0.048828 0.048828
0 0.716754 0.031137 0.048828 0.048828
0 0.716754 0.082029 0.048828 0.048828
0 0.708426 0.114416 0.048828 0.048828
0 0.738036 0.137549 0.048828 0.048828
0 0.728783 0.175487 0.048828 0.048828
0 0.773198 0.193994 0.048828 0.048828
0 0.818539 0.189367 0.048828 0.048828
0 0.788929 0.138474 0.048828 0.048828
0 0.825942 0.133848 0.048828 0.048828
0 0.489124 0.220828 0.048828 0.048828
0 0.559449 0.209724 0.048828 0.048828
0 0.626072 0.204172 0.048828 0.048828
0 0.678815 0.230081 0.048828 0.048828
0 0.718604 0.243961 0.048828 0.048828
0 0.765796 0.234708 0.048828 0.048828
0 0.803734 0.228231 0.048828 0.048828
0 0.824091 0.283750 0.048828 0.048828
0 0.775974 0.283750 0.048828 0.048828
0 0.727858 0.306883 0.048828 0.048828
0 0.746364 0.346672 0.048828 0.048828
0 0.797257 0.330016 0.048828 0.048828
0 0.832419 0.330942 0.048828 0.048828
0 0.874059 0.339270 0.048828 0.048828
0 0.912922 0.323539 0.048828 0.048828
0 0.912922 0.375357 0.048828 0.048828
0 0.956413 0.404968 0.048828 0.048828
0 0.992500 0.547467 0.048828 0.048828
0 0.971218 0.508604 0.048828 0.048828
0 0.959189 0.559497 0.048828 0.048828
0 0.916624 0.535438 0.048828 0.048828
0 0.927728 0.492873 0.048828 0.048828
0 0.887013 0.469740 0.048828 0.048828
0 0.898117 0.423474 0.048828 0.048828
0 0.849075 0.440130 0.048828 0.048828
0 0.851851 0.371656 0.048828 0.048828
0 0.811137 0.367029 0.048828 0.048828
0 0.759319 0.374432 0.048828 0.048828
0 0.767647 0.415146 0.048828 0.048828
0 0.805585 0.446607 0.048828 0.048828
0 0.485423 0.259692 0.048828 0.048828
0 0.517809 0.271721 0.048828 0.048828
0 0.555747 0.256916 0.048828 0.048828
0 0.589059 0.250438 0.048828 0.048828
0 0.657533 0.257841 0.048828 0.048828
0 0.685293 0.291153 0.048828 0.048828
0 0.643653 0.300406 0.048828 0.048828
0 0.597387 0.298555 0.048828 0.048828
0 0.677890 0.342971 0.048828 0.048828
0 0.540942 0.334643 0.048828 0.048828
0 0.493751 0.363328 0.048828 0.048828
0 0.599237 0.364253 0.048828 0.048828
0 0.542793 0.387386 0.048828 0.048828
0 0.575179 0.395714 0.048828 0.048828
0 0.605715 0.412370 0.048828 0.048828
0 0.651056 0.401266 0.048828 0.048828
0 0.690845 0.382760 0.048828 0.048828
0 0.702874 0.417922 0.048828 0.048828
0 0.490975 0.444756 0.048828 0.048828
0 0.540017 0.421623 0.048828 0.048828
0 0.527062 0.461412 0.048828 0.048828
0 0.540942 0.502127 0.048828 0.048828
0 0.582582 0.493799 0.048828 0.048828
0 0.583507 0.447532 0.048828 0.048828
0 0.624221 0.441055 0.048828 0.048828
0 0.625147 0.479919 0.048828 0.048828
0 0.565000 0.549318 0.048828 0.048828
0 0.592760 0.529886 0.048828 0.048828
0 0.620520 0.523409 0.048828 0.048828
0 0.609416 0.578929 0.048828 0.048828
0 0.651981 0.611315 0.048828 0.048828
0 0.565926 0.608539 0.048828 0.048828
0 0.534465 0.588182 0.048828 0.048828
0 0.681591 0.466039 0.048828 0.048828
0 0.700098 0.525260 0.048828 0.048828
0 0.713978 0.567825 0.048828 0.048828
0 0.717679 0.608539 0.048828 0.048828
0 0.751916 0.474367 0.048828 0.048828
0 0.775049 0.509529 0.048828 0.048828
0 0.813913 0.514156 0.048828 0.048828
0 0.872208 0.541916 0.048828 0.048828
0 0.838896 0.556721 0.048828 0.048828
0 0.803734 0.587256 0.048828 0.048828
0 0.769497 0.602987 0.048828 0.048828
0 0.773198 0.556721 0.048828 0.048828
0 0.749140 0.637224 0.048828 0.048828
0 0.812987 0.630747 0.048828 0.048828
0 0.862955 0.634448 0.048828 0.048828
0 0.870358 0.590958 0.048828 0.048828
0 0.902744 0.633523 0.048828 0.048828
0 0.971218 0.628896 0.048828 0.048828
0 0.953637 0.686266 0.048828 0.048828
0 0.909221 0.668685 0.048828 0.048828
0 0.868507 0.666834 0.048828 0.048828
0 0.821315 0.677938 0.048828 0.048828
0 0.825017 0.730682 0.048828 0.048828
0 0.870358 0.737159 0.048828 0.048828
0 0.980471 0.754740 0.048828 0.048828
0 0.899968 0.766769 0.048828 0.048828
0 0.923101 0.792678 0.048828 0.048828
0 0.834270 0.776023 0.048828 0.048828
0 0.791705 0.691818 0.048828 0.048828
0 0.812062 0.824139 0.048828 0.048828
0 0.815763 0.863928 0.048828 0.048828
0 0.866656 0.876883 0.048828 0.048828
0 0.866656 0.801932 0.048828 0.048828
0 0.922176 0.828766 0.048828 0.048828
0 0.924026 0.882435 0.048828 0.048828
0 0.899968 0.923149 0.048828 0.048828
0 0.932354 0.965714 0.048828 0.048828
0 0.992500 0.798230 0.048828 0.048828
0 0.972143 0.854675 0.048828 0.048828
0 0.976770 0.914821 0.048828 0.048828