0 0.009380 0.387356 0.048828 0.048828
0 0.041098 0.374140 0.048828 0.048828
0 0.100570 0.375462 0.048828 0.048828
0 0.183830 0.374140 0.048828 0.048828
0 0.243302 0.382070 0.048828 0.048828
0 0.312025 0.387356 0.048828 0.048828
0 0.384713 0.388678 0.048828 0.048828
0 0.514230 0.383392 0.048828 0.048828
0 0.541983 0.378105 0.048828 0.048828
0 0.634495 0.379427 0.048828 0.048828
0 0.808946 0.383392 0.048828 0.048828
0 0.908065 0.383392 0.048828 0.048828
0 0.945070 0.386035 0.048828 0.048828
0 0.978561 0.363934 0.048828 0.048828
0 0.959695 0.311308 0.048828 0.048828
0 0.912034 0.335139 0.048828 0.048828
0 0.872317 0.357976 0.048828 0.048828
0 0.935865 0.272584 0.048828 0.048828
0 0.890190 0.302372 0.048828 0.048828
0 0.830614 0.311308 0.048828 0.048828
0 0.779974 0.352019 0.048828 0.048828
0 0.755150 0.319252 0.048828 0.048828
0 0.802811 0.271591 0.048828 0.048828
0 0.843522 0.263648 0.048828 0.048828
0 0.896147 0.260669 0.048828 0.048828
0 0.738271 0.277549 0.048828 0.048828
0 0.685645 0.316273 0.048828 0.048828
0 0.728341 0.337125 0.048828 0.048828
0 0.694581 0.357976 0.048828 0.048828
0 0.657843 0.338118 0.048828 0.048828
0 0.629048 0.318259 0.048828 0.048828
0 0.651885 0.276556 0.048828 0.048828
0 0.684652 0.272584 0.048828 0.048828
0 0.674723 0.240810 0.048828 0.048828
0 0.611175 0.247761 0.048828 0.048828
0 0.598267 0.275563 0.048828 0.048828
0 0.567486 0.268612 0.048828 0.048828
0 0.532733 0.238824 0.048828 0.048828
0 0.519825 0.285492 0.048828 0.048828
0 0.485072 0.264640 0.048828 0.048828
0 0.487058 0.292443 0.048828 0.048828
0 0.541669 0.322231 0.048828 0.048828
0 0.590323 0.342089 0.048828 0.048828
0 0.493016 0.355991 0.048828 0.048828
0 0.461242 0.320245 0.048828 0.048828
0 0.440390 0.274570 0.048828 0.048828
0 0.481100 0.225916 0.048828 0.048828
0 0.420531 0.231874 0.048828 0.048828
0 0.400673 0.267619 0.048828 0.048828
0 0.427482 0.360955 0.048828 0.048828
0 0.382800 0.328188 0.048828 0.048828
0 0.363934 0.271591 0.048828 0.048828
0 0.334146 0.308330 0.048828 0.048828
0 0.320245 0.343082 0.048828 0.048828
0 0.264640 0.356983 0.048828 0.048828
0 0.222937 0.344075 0.048828 0.048828
0 0.276556 0.311308 0.048828 0.048828
0 0.309323 0.264640 0.048828 0.048828
0 0.341096 0.214994 0.048828 0.048828
0 0.286485 0.221944 0.048828 0.048828
0 0.231874 0.221944 0.048828 0.048828
0 0.234852 0.272584 0.048828 0.048828
0 0.189177 0.301379 0.048828 0.048828
0 0.150453 0.310315 0.048828 0.048828
0 0.125630 0.354998 0.048828 0.048828
0 0.075983 0.338118 0.048828 0.048828
0 0.032294 0.329181 0.048828 0.048828
0 0.067046 0.290457 0.048828 0.048828
0 0.108750 0.277549 0.048828 0.048828
0 0.149460 0.250739 0.048828 0.048828
0 0.184213 0.254711 0.048828 0.048828
0 0.169319 0.194142 0.048828 0.048828
0 0.117686 0.199107 0.048828 0.048828
0 0.074990 0.194142 0.048828 0.048828
0 0.045202 0.245775 0.048828 0.048828
0 0.008463 0.283506 0.048828 0.048828
0 0.007470 0.329181 0.048828 0.048828
0 0.013428 0.209036 0.048828 0.048828
0 0.002600 0.145179 0.048828 0.048828
0 0.066230 0.144000 0.048828 0.048828
0 0.065052 0.100402 0.048828 0.048828
0 0.024988 0.057982 0.048828 0.048828
0 0.010848 0.021453 0.048828 0.048828
0 0.061517 0.033237 0.048828 0.048828
0 0.103937 0.067408 0.048828 0.048828
0 0.103937 0.007313 0.048828 0.048828
0 0.990106 0.268983 0.048828 0.048828
0 0.971616 0.214599 0.048828 0.048828
0 0.922671 0.232002 0.048828 0.048828
0 0.737767 0.229827 0.048828 0.048828
0 0.626825 0.218950 0.048828 0.048828
0 0.659455 0.197197 0.048828 0.048828
0 0.676858 0.173268 0.048828 0.048828
0 0.721452 0.186320 0.048828 0.048828
0 0.738855 0.154778 0.048828 0.048828
0 0.704050 0.126498 0.048828 0.048828
0 0.734504 0.104745 0.048828 0.048828
0 0.785625 0.127586 0.048828 0.048828
0 0.786712 0.172180 0.048828 0.048828
0 0.834570 0.184145 0.048828 0.048828
0 0.831307 0.117797 0.048828 0.048828
0 0.875901 0.141726 0.048828 0.048828
0 0.896567 0.116709 0.048828 0.048828
0 0.884602 0.197197 0.048828 0.048828
0 0.917232 0.177619 0.048828 0.048828
0 0.965090 0.162391 0.048828 0.048828
0 0.987931 0.051449 0.048828 0.048828
0 0.972703 0.108008 0.048828 0.048828
0 0.946599 0.040573 0.048828 0.048828
0 0.921583 0.082992 0.048828 0.048828
0 0.900917 0.047099 0.048828 0.048828
0 0.876989 0.073203 0.048828 0.048828
0 0.806290 0.089518 0.048828 0.048828
0 0.746469 0.064501 0.048828 0.048828
0 0.698611 0.075378 0.048828 0.048828
0 0.693173 0.030784 0.048828 0.048828
0 0.750819 0.001417 0.048828 0.048828
0 0.783449 0.036222 0.048828 0.048828
0 0.824781 0.047099 0.048828 0.048828
0 0.842183 0.011206 0.048828 0.048828
0 0.639877 0.062326 0.048828 0.048828
0 0.642053 0.121060 0.048828 0.048828
0 0.615949 0.163479 0.048828 0.048828
0 0.593108 0.196109 0.048828 0.048828
0 0.543075 0.190671 0.048828 0.048828
0 0.574617 0.136287 0.048828 0.048828
0 0.585494 0.094956 0.048828 0.048828
0 0.606160 0.053625 0.048828 0.048828
0 0.627913 0.000329 0.048828 0.048828
0 0.581143 0.009030 0.048828 0.048828
0 0.553951 0.061238 0.048828 0.048828
0 0.536549 0.105833 0.048828 0.048828
0 0.526760 0.142813 0.048828 0.048828
0 0.479990 0.165654 0.048828 0.048828
0 0.494130 0.112359 0.048828 0.048828
0 0.520234 0.063414 0.048828 0.048828
0 0.436483 0.159128 0.048828 0.048828
0 0.403853 0.196109 0.048828 0.048828
0 0.374486 0.156953 0.048828 0.048828
0 0.339681 0.165654 0.048828 0.048828
0 0.289648 0.173268 0.048828 0.048828
0 0.291824 0.124323 0.048828 0.048828
0 0.335330 0.116709 0.048828 0.048828
0 0.402766 0.127586 0.048828 0.048828
0 0.437571 0.103657 0.048828 0.048828
0 0.462587 0.062326 0.048828 0.048828
0 0.527847 0.018819 0.048828 0.048828
0 0.481078 0.015556 0.048828 0.048828
0 0.422344 0.028608 0.048828 0.048828
0 0.390801 0.072115 0.048828 0.048828
0 0.367960 0.010118 0.048828 0.048828
0 0.346207 0.046011 0.048828 0.048828
0 0.313577 0.081904 0.048828 0.048828
0 0.308139 0.020995 0.048828 0.048828
0 0.246142 0.154778 0.048828 0.048828
0 0.192846 0.164567 0.048828 0.048828
0 0.148252 0.158041 0.048828 0.048828
0 0.165654 0.125411 0.048828 0.048828
0 0.125411 0.110183 0.048828 0.048828
0 0.141726 0.054712 0.048828 0.048828
0 0.226564 0.096044 0.048828 0.048828
0 0.257018 0.076466 0.048828 0.048828
0 0.218950 0.047099 0.048828 0.048828
0 0.267895 0.048186 0.048828 0.048828
0 0.255931 0.002504 0.048828 0.048828
0 0.186320 0.003592 0.048828 0.048828
0 0.971024 0.005997 0.048828 0.048828