0 0.314609 0.987598 0.048828 0.048828
0 0.299564 0.952495 0.048828 0.048828
0 0.253428 0.950489 0.048828 0.048828
0 0.223339 0.923409 0.048828 0.048828
0 0.199268 0.886299 0.048828 0.048828
0 0.183221 0.838157 0.048828 0.048828
0 0.029767 0.845177 0.048828 0.048828
0 0.058853 0.853201 0.048828 0.048828
0 0.080918 0.824115 0.048828 0.048828
0 0.113013 0.803053 0.048828 0.048828
0 0.155137 0.811077 0.048828 0.048828
0 0.232366 0.846180 0.048828 0.048828
0 0.244401 0.883290 0.048828 0.048828
0 0.273487 0.899337 0.048828 0.048828
0 0.283517 0.847183 0.048828 0.048828
0 0.324639 0.909367 0.048828 0.048828
0 0.376793 0.917391 0.048828 0.048828
0 0.376793 0.954501 0.048828 0.048828
0 0.429767 0.993011 0.048828 0.048828
0 0.416805 0.943521 0.048828 0.048828
0 0.641867 0.995367 0.048828 0.048828
0 0.613587 0.972979 0.048828 0.048828
0 0.580594 0.974157 0.048828 0.048828
0 0.546422 0.987119 0.048828 0.048828
0 0.508715 0.980049 0.048828 0.048828
0 0.509894 0.938807 0.048828 0.048828
0 0.476900 0.968266 0.048828 0.048828
0 0.466295 0.914062 0.048828 0.048828
0 0.430945 0.895209 0.048828 0.048828
0 0.368493 0.855145 0.048828 0.048828
0 0.350818 0.818617 0.048828 0.048828
0 0.271870 0.793872 0.048828 0.048828
0 0.215310 0.778554 0.048828 0.048828
0 0.989757 0.704788 0.048828 0.048828
0 0.996283 0.976705 0.048828 0.048828
0 0.960390 0.948426 0.048828 0.048828
0 0.917971 0.935374 0.048828 0.048828
0 0.962565 0.895130 0.048828 0.048828
0 0.945163 0.844010 0.048828 0.048828
0 0.925585 0.879903 0.048828 0.048828
0 0.991932 0.903831 0.048828 0.048828
0 0.872289 0.997371 0.048828 0.048828
0 0.820081 0.991932 0.048828 0.048828
0 0.759172 0.989757 0.048828 0.048828
0 0.708051 0.963653 0.048828 0.048828
0 0.671070 0.947338 0.048828 0.048828
0 0.606898 0.933198 0.048828 0.048828
0 0.559041 0.937549 0.048828 0.048828
0 0.512271 0.902744 0.048828 0.048828
0 0.910357 0.977793 0.048828 0.048828
0 0.883166 0.944075 0.048828 0.048828
0 0.848360 0.941900 0.048828 0.048828
0 0.786363 0.948426 0.048828 0.048828
0 0.820081 0.914708 0.048828 0.048828
0 0.865763 0.886429 0.048828 0.048828
0 0.775487 0.915796 0.048828 0.048828
0 0.796152 0.882078 0.048828 0.048828
0 0.811380 0.840747 0.048828 0.048828
0 0.837484 0.865763 0.048828 0.048828
0 0.889692 0.841834 0.048828 0.048828
0 0.916883 0.814643 0.048828 0.048828
0 0.941900 0.782013 0.048828 0.048828
0 0.959302 0.747207 0.048828 0.048828
0 0.942987 0.710226 0.048828 0.048828
0 0.929935 0.673246 0.048828 0.048828
0 0.954952 0.647142 0.048828 0.048828
0 0.975617 0.528586 0.048828 0.048828
0 0.978880 0.475290 0.048828 0.048828
0 0.903831 0.600372 0.048828 0.048828
0 0.889692 0.648229 0.048828 0.048828
0 0.850536 0.580794 0.048828 0.048828
0 0.858149 0.537287 0.048828 0.048828
0 0.906007 0.538375 0.048828 0.048828
0 0.917971 0.480729 0.048828 0.048828
0 0.845097 0.480729 0.048828 0.048828
0 0.822256 0.513359 0.048828 0.048828
0 0.802678 0.555778 0.048828 0.048828
0 0.775487 0.590583 0.048828 0.048828
0 0.724366 0.579706 0.048828 0.048828
0 0.760259 0.537287 0.048828 0.048828
0 0.780925 0.499219 0.048828 0.048828
0 0.725454 0.477466 0.048828 0.048828
0 0.715665 0.527498 0.048828 0.048828
0 0.668895 0.534024 0.048828 0.048828
0 0.664544 0.581882 0.048828 0.048828
0 0.604723 0.589495 0.048828 0.048828
0 0.561216 0.560128 0.048828 0.048828
0 0.512271 0.628651 0.048828 0.048828
0 0.506833 0.666720 0.048828 0.048828
0 0.512271 0.710226 0.048828 0.048828
0 0.523148 0.756996 0.048828 0.048828
0 0.487255 0.827695 0.048828 0.048828
0 0.528586 0.851623 0.048828 0.048828
0 0.557953 0.879903 0.048828 0.048828
0 0.537287 0.818993 0.048828 0.048828
0 0.577531 0.845097 0.048828 0.048828
0 0.607986 0.877727 0.048828 0.048828
0 0.637353 0.850536 0.048828 0.048828
0 0.613424 0.790714 0.048828 0.048828
0 0.556865 0.777662 0.048828 0.048828
0 0.557953 0.701525 0.048828 0.048828
0 0.597109 0.700437 0.048828 0.048828
0 0.634090 0.699350 0.048828 0.048828
0 0.611249 0.736330 0.048828 0.048828
0 0.650405 0.741769 0.048828 0.048828
0 0.718928 0.725454 0.048828 0.048828
0 0.763522 0.733067 0.048828 0.048828
0 0.922322 0.765698 0.048828 0.048828
0 0.870114 0.776574 0.048828 0.048828
0 0.832045 0.780925 0.048828 0.048828
0 0.842922 0.820081 0.048828 0.048828
0 0.807029 0.800503 0.048828 0.048828
0 0.786363 0.753733 0.048828 0.048828
0 0.778750 0.805941 0.048828 0.048828
0 0.739594 0.773311 0.048828 0.048828
0 0.730892 0.836396 0.048828 0.048828
0 0.686298 0.830958 0.048828 0.048828
0 0.668895 0.861412 0.048828 0.048828
0 0.703700 0.899481 0.048828 0.048828
0 0.663457 0.792889 0.048828 0.048828
0 0.685210 0.767873 0.048828 0.048828
0 0.674333 0.673246 0.048828 0.048828
0 0.468764 0.686298 0.048828 0.048828
0 0.477466 0.728717 0.048828 0.048828
0 0.482904 0.771136 0.048828 0.048828
0 0.457888 0.807029 0.048828 0.048828
0 0.428521 0.765698 0.048828 0.048828
0 0.386102 0.741769 0.048828 0.048828
0 0.382839 0.786363 0.048828 0.048828
0 0.395891 0.824432 0.048828 0.048828
0 0.317579 0.726541 0.048828 0.048828
0 0.288212 0.703700 0.048828 0.048828
0 0.318666 0.686298 0.048828 0.048828
0 0.386102 0.701525 0.048828 0.048828
0 0.424170 0.676509 0.048828 0.048828
0 0.385014 0.659106 0.048828 0.048828
0 0.352384 0.644966 0.048828 0.048828
0 0.326280 0.610161 0.048828 0.048828
0 0.390452 0.616687 0.048828 0.048828
0 0.418732 0.605810 0.048828 0.048828
0 0.232741 0.675421 0.048828 0.048828
0 0.164218 0.661281 0.048828 0.048828
0 0.308877 0.385014 0.048828 0.048828
0 0.346946 0.370874 0.048828 0.048828
0 0.391540 0.352384 0.048828 0.048828
0 0.375225 0.317579 0.048828 0.048828
0 0.503570 0.334981 0.048828 0.048828
0 0.545989 0.306702 0.048828 0.048828
0 0.513359 0.275160 0.048828 0.048828
0 0.703700 0.444836 0.048828 0.048828
0 0.750470 0.436134 0.048828 0.048828
0 0.789626 0.419819 0.048828 0.048828
0 0.763522 0.395891 0.048828 0.048828
0 0.824432 0.411118 0.048828 0.048828
0 0.822256 0.371962 0.048828 0.048828
0 0.884253 0.443748 0.048828 0.048828
0 0.921234 0.415469 0.048828 0.048828
0 0.883166 0.362173 0.048828 0.048828
0 0.935374 0.362173 0.048828 0.048828
0 0.988669 0.412206 0.048828 0.048828
0 0.997371 0.367611 0.048828 0.048828
0 0.991932 0.326280 0.048828 0.048828
0 0.950601 0.302351 0.048828 0.048828
0 0.884253 0.258845 0.048828 0.048828
0 0.968004 0.256669 0.048828 0.048828
0 0.965828 0.216426 0.048828 0.048828
0 0.922322 0.210987 0.048828 0.048828
0 0.988669 0.021733 0.048828 0.048828
0 0.999546 0.061977 0.048828 0.048828
0 0.973442 0.097870 0.048828 0.048828
0 0.975617 0.120711 0.048828 0.048828
0 0.996283 0.147903 0.048828 0.048828
0 0.974530 0.182708 0.048828 0.048828
0 0.942987 0.174007 0.048828 0.048828
0 0.948426 0.138114 0.048828 0.048828
0 0.919059 0.127237 0.048828 0.048828
0 0.901656 0.148990 0.048828 0.048828
0 0.885341 0.195760 0.048828 0.048828
0 0.838571 0.216426 0.048828 0.048828
0 0.771136 0.224039 0.048828 0.048828
0 0.716752 0.217513 0.048828 0.048828
0 0.743944 0.242530 0.048828 0.048828
0 0.828782 0.271897 0.048828 0.048828
0 0.640616 0.189234 0.048828 0.048828
0 0.753733 0.175094 0.048828 0.048828
0 0.846185 0.167481 0.048828 0.048828
0 0.833133 0.125062 0.048828 0.048828
0 0.874464 0.119623 0.048828 0.048828
0 0.901656 0.091344 0.048828 0.048828
0 0.939724 0.086993 0.048828 0.048828
0 0.841834 0.083730 0.048828 0.048828
0 0.865763 0.078292 0.048828 0.048828
0 0.886429 0.059801 0.048828 0.048828
0 0.901656 0.034785 0.048828 0.048828
0 0.944075 0.039136 0.048828 0.048828
0 0.880990 0.002155 0.048828 0.048828
0 0.854886 0.029347 0.048828 0.048828
0 0.798328 0.008681 0.048828 0.048828
0 0.003690 0.797035 0.048828 0.048828
0 0.043808 0.791017 0.048828 0.048828
0 0.018734 0.754910 0.048828 0.048828
0 0.052835 0.746887 0.048828 0.048828
0 0.086936 0.713789 0.048828 0.048828
0 0.135078 0.738863 0.048828 0.048828
0 0.065874 0.654614 0.048828 0.048828
0 0.045814 0.902346 0.048828 0.048828
0 0.074900 0.936447 0.048828 0.048828
0 0.104989 0.886299 0.048828 0.048828
0 0.121037 0.912376 0.048828 0.048828
0 0.150123 0.919397 0.048828 0.048828
0 0.150123 0.888305 0.048828 0.048828
0 0.181215 0.917391 0.048828 0.048828
0 0.559175 0.012088 0.048828 0.048828
0 0.585089 0.002010 0.048828 0.048828
0 0.569253 0.049520 0.048828 0.048828
0 0.612444 0.052399 0.048828 0.048828
0 0.593728 0.107108 0.048828 0.048828
0 0.618203 0.109988 0.048828 0.048828
0 0.646997 0.131583 0.048828 0.048828
0 0.595167 0.160377 0.048828 0.048828
0 0.549097 0.183412 0.048828 0.048828
0 0.572132 0.236681 0.048828 0.048828
0 0.609564 0.252518 0.048828 0.048828
0 0.635479 0.232362 0.048828 0.048828
0 0.670032 0.258277 0.048828 0.048828
0 0.700266 0.105668 0.048828 0.048828
0 0.665713 0.079754 0.048828 0.048828
0 0.700266 0.055279 0.048828 0.048828
0 0.680110 0.022166 0.048828 0.048828
0 0.753535 0.065357 0.048828 0.048828
0 0.795286 0.049520 0.048828 0.048828
0 0.805364 0.098470 0.048828 0.048828
0 0.789527 0.122945 0.048828 0.048828
0 0.789527 0.173334 0.048828 0.048828
0 0.733379 0.130143 0.048828 0.048828
0 0.713223 0.170455 0.048828 0.048828
0 0.677230 0.138782 0.048828 0.048828
0 0.495828 0.027925 0.048828 0.048828
0 0.461275 0.019286 0.048828 0.048828
0 0.413765 0.006329 0.048828 0.048828
0 0.357616 0.033683 0.048828 0.048828
0 0.282752 0.089832 0.048828 0.048828
0 0.492948 0.210767 0.048828 0.048828
0 0.095591 0.598047 0.048828 0.048828
0 0.050960 0.616763 0.048828 0.048828
0 0.050960 0.583650 0.048828 0.048828
0 0.147420 0.585089 0.048828 0.048828
0 0.190611 0.557735 0.048828 0.048828
0 0.223724 0.539019 0.048828 0.048828
0 0.256837 0.523182 0.048828 0.048828
0 0.209327 0.505906 0.048828 0.048828
0 0.167576 0.491509 0.048828 0.048828
0 0.213646 0.428162 0.048828 0.048828
0 0.248199 0.462715 0.048828 0.048828
0 0.265475 0.435360 0.048828 0.048828
0 0.307227 0.455516 0.048828 0.048828
0 0.356177 0.485750 0.048828 0.048828
0 0.402247 0.474232 0.048828 0.048828
0 0.433921 0.454076 0.048828 0.048828
0 0.490069 0.429602 0.048828 0.048828
0 0.524622 0.396488 0.048828 0.048828
0 0.560614 0.387850 0.048828 0.048828
0 0.611004 0.348978 0.048828 0.048828
0 0.596607 0.300028 0.048828 0.048828
0 0.631160 0.285631 0.048828 0.048828
0 0.546217 0.350418 0.048828 0.048828
0 0.448318 0.386410 0.048828 0.048828
0 0.462715 0.348978 0.048828 0.048828
0 0.383531 0.435360 0.048828 0.048828
0 0.271234 0.392169 0.048828 0.048828
0 0.373453 0.220845 0.048828 0.048828
0 0.451197 0.242440 0.048828 0.048828
0 0.472793 0.287071 0.048828 0.048828
0 0.403687 0.261156 0.048828 0.048828
0 0.336021 0.537579 0.048828 0.048828
0 0.321624 0.564934 0.048828 0.048828
0 0.397928 0.563494 0.048828 0.048828
0 0.416644 0.539019 0.048828 0.048828
0 0.467034 0.526062 0.048828 0.048828
0 0.492948 0.540459 0.048828 0.048828
0 0.477112 0.467034 0.048828 0.048828
0 0.531820 0.490069 0.048828 0.048828
0 0.573572 0.479991 0.048828 0.048828
0 0.585089 0.425282 0.048828 0.048828
0 0.645557 0.387850 0.048828 0.048828
0 0.688748 0.384971 0.048828 0.048828
0 0.680110 0.338900 0.048828 0.048828
0 0.742017 0.331702 0.048828 0.048828
0 0.704585 0.297149 0.048828 0.048828
0 0.776570 0.285631 0.048828 0.048828
0 0.845676 0.315865 0.048828 0.048828
0 0.906143 0.300028 0.048828 0.048828
0 0.729060 0.409446 0.048828 0.048828
0 0.664273 0.428162 0.048828 0.048828
0 0.658514 0.481431 0.048828 0.048828
0 0.606685 0.468474 0.048828 0.048828
0 0.593728 0.536140 0.048828 0.048828
0 0.539019 0.590848 0.048828 0.048828
0 0.554856 0.657075 0.048828 0.048828
0 0.268355 0.628281 0.048828 0.048828
0 0.200689 0.626841 0.048828 0.048828
0 0.105668 0.674351 0.048828 0.048828
0 0.032244 0.680110 0.048828 0.048828
0 0.007769 0.704585 0.048828 0.048828
0 0.629720 0.629720 0.048828 0.048828
0 0.700266 0.649876 0.048828 0.048828
0 0.753535 0.680110 0.048828 0.048828
0 0.746336 0.636919 0.048828 0.048828
0 0.802485 0.646997 0.048828 0.048828
0 0.808243 0.615323 0.048828 0.048828
0 0.858633 0.631160 0.048828 0.048828
0 0.851434 0.694507 0.048828 0.048828
0 0.890306 0.695947 0.048828 0.048828
0 0.857193 0.737698 0.048828 0.048828
0 0.441119 0.860073 0.048828 0.048828
0 0.236681 0.726180 0.048828 0.048828
0 0.292830 0.765052 0.048828 0.048828
0 0.177654 0.736258 0.048828 0.048828