0 0.153587 0.258026 0.048828 0.048828
0 0.224303 0.380417 0.048828 0.048828
0 0.294111 0.395830 0.048828 0.048828
0 0.334002 0.438440 0.048828 0.048828
0 0.669106 0.577283 0.048828 0.048828
0 0.711376 0.577283 0.048828 0.048828
0 0.692883 0.635404 0.048828 0.048828
0 0.658538 0.640688 0.048828 0.048828
0 0.928008 0.763534 0.048828 0.048828
0 0.955748 0.758250 0.048828 0.048828
0 0.976882 0.735794 0.048828 0.048828
0 0.945180 0.706734 0.048828 0.048828
0 0.996696 0.714660 0.048828 0.048828
0 0.830959 0.469616 0.048828 0.048828
0 0.855770 0.430911 0.048828 0.048828
0 0.890505 0.443812 0.048828 0.048828
0 0.902414 0.393198 0.048828 0.048828
0 0.878596 0.367395 0.048828 0.048828
0 0.903407 0.339607 0.048828 0.048828
0 0.951043 0.347546 0.048828 0.048828
0 0.995703 0.333652 0.048828 0.048828
0 0.970892 0.311819 0.048828 0.048828
0 0.989748 0.406100 0.048828 0.048828
0 0.798209 0.494427 0.048828 0.048828
0 0.735685 0.526184 0.048828 0.048828
0 0.815080 0.422971 0.048828 0.048828
0 0.751564 0.401138 0.048828 0.048828
0 0.724768 0.434881 0.048828 0.048828
0 0.682094 0.407092 0.048828 0.048828
0 0.660260 0.357471 0.048828 0.048828
0 0.697973 0.357471 0.048828 0.048828
0 0.815080 0.350524 0.048828 0.048828
0 0.804163 0.291970 0.048828 0.048828
0 0.761488 0.275099 0.048828 0.048828
0 0.849815 0.275099 0.048828 0.048828
0 0.789277 0.235401 0.048828 0.048828
0 0.708889 0.226469 0.048828 0.048828
0 0.831951 0.235401 0.048828 0.048828
0 0.867679 0.231432 0.048828 0.048828
0 0.931195 0.280061 0.048828 0.048828
0 0.964937 0.261205 0.048828 0.048828
0 0.944096 0.232424 0.048828 0.048828
0 0.913331 0.212575 0.048828 0.048828
0 0.883558 0.173870 0.048828 0.048828
0 0.827982 0.191734 0.048828 0.048828
0 0.809125 0.164938 0.048828 0.048828
0 0.761488 0.146082 0.048828 0.048828
0 0.712859 0.148067 0.048828 0.048828
0 0.643389 0.191734 0.048828 0.048828
0 0.700950 0.106385 0.048828 0.048828
0 0.737670 0.102415 0.048828 0.048828
0 0.780345 0.104400 0.048828 0.048828
0 0.830959 0.117302 0.048828 0.048828
0 0.875618 0.129211 0.048828 0.048828
0 0.862717 0.085544 0.048828 0.048828
0 0.662245 0.093483 0.048828 0.048828
0 0.694003 0.064703 0.048828 0.048828
0 0.644381 0.032945 0.048828 0.048828
0 0.315886 0.019051 0.048828 0.048828
0 0.277181 0.003172 0.048828 0.048828
0 0.294052 0.119286 0.048828 0.048828
0 0.207710 0.200666 0.048828 0.048828
0 0.983794 0.230439 0.048828 0.048828
0 0.950051 0.173870 0.048828 0.048828
0 0.996695 0.181810 0.048828 0.048828
0 0.934172 0.133181 0.048828 0.048828
0 0.985779 0.133181 0.048828 0.048828
0 0.995703 0.052793 0.048828 0.048828
0 0.979824 0.006149 0.048828 0.048828
0 0.952036 0.087529 0.048828 0.048828
0 0.947074 0.042869 0.048828 0.048828
0 0.907376 0.060733 0.048828 0.048828
0 0.736678 0.025998 0.048828 0.048828
0 0.766451 0.053786 0.048828 0.048828
0 0.816072 0.054778 0.048828 0.048828
0 0.822027 0.012104 0.048828 0.048828
0 0.871649 0.004164 0.048828 0.048828
0 0.912338 0.020043 0.048828 0.048828
0 0.871649 0.044854 0.048828 0.048828
0 0.702935 0.010119 0.048828 0.048828
0 0.181692 0.015962 0.048828 0.048828
0 0.219770 0.027748 0.048828 0.048828
0 0.180786 0.059479 0.048828 0.048828
0 0.189852 0.101183 0.048828 0.048828
0 0.242435 0.086677 0.048828 0.048828
0 0.145428 0.013242 0.048828 0.048828
0 0.347601 0.044067 0.048828 0.048828
0 0.489032 0.031374 0.048828 0.048828
0 0.524389 0.062199 0.048828 0.048828
0 0.589665 0.107529 0.048828 0.048828
0 0.581505 0.164645 0.048828 0.048828
0 0.514417 0.243520 0.048828 0.048828
0 0.489032 0.192750 0.048828 0.048828
0 0.492658 0.095743 0.048828 0.048828
0 0.452767 0.064919 0.048828 0.048828
0 0.452767 0.133821 0.048828 0.048828
0 0.406530 0.161019 0.048828 0.048828
0 0.370266 0.185497 0.048828 0.048828
0 0.461833 0.235360 0.048828 0.048828
0 0.419223 0.238987 0.048828 0.048828
0 0.372986 0.250773 0.048828 0.048828
0 0.334002 0.250773 0.048828 0.048828
0 0.251501 0.196376 0.048828 0.048828
0 0.243341 0.331461 0.048828 0.048828
0 0.280512 0.319675 0.048828 0.048828
0 0.324936 0.307889 0.048828 0.048828
0 0.390212 0.290663 0.048828 0.048828
0 0.444608 0.321488 0.048828 0.048828
0 0.389305 0.335087 0.048828 0.048828
0 0.343975 0.355032 0.048828 0.048828
0 0.295018 0.349593 0.048828 0.048828
0 0.350321 0.384950 0.048828 0.048828
0 0.396558 0.403989 0.048828 0.048828
0 0.435542 0.370445 0.048828 0.048828
0 0.387492 0.446600 0.048828 0.048828
0 0.425569 0.425748 0.048828 0.048828
0 0.393838 0.479237 0.048828 0.048828
0 0.434635 0.455666 0.048828 0.048828
0 0.479965 0.416682 0.048828 0.048828
0 0.519856 0.414868 0.048828 0.048828
0 0.510790 0.450226 0.048828 0.048828
0 0.521669 0.471078 0.048828 0.048828
0 0.558840 0.471078 0.048828 0.048828
0 0.607797 0.352313 0.048828 0.048828
0 0.587852 0.395830 0.048828 0.048828
0 0.620489 0.416682 0.048828 0.048828
0 0.574252 0.427561 0.048828 0.048828
0 0.631369 0.455666 0.048828 0.048828
0 0.433729 0.505529 0.048828 0.048828
0 0.336722 0.515502 0.048828 0.048828
0 0.490845 0.607975 0.048828 0.048828
0 0.533455 0.549046 0.048828 0.048828
0 0.607797 0.766631 0.048828 0.048828
0 0.415596 0.577151 0.048828 0.048828
0 0.423756 0.606162 0.048828 0.048828
0 0.697551 0.469265 0.048828 0.048828
0 0.771893 0.500996 0.048828 0.048828
0 0.797277 0.533634 0.048828 0.048828
0 0.720216 0.629734 0.048828 0.048828
0 0.780052 0.639707 0.048828 0.048828
0 0.751041 0.698636 0.048828 0.048828
0 0.804530 0.684130 0.048828 0.048828
0 0.849861 0.664185 0.048828 0.048828
0 0.858927 0.623388 0.048828 0.048828
0 0.873432 0.579871 0.048828 0.048828
0 0.897911 0.559925 0.048828 0.048828
0 0.925109 0.526381 0.048828 0.048828
0 0.908790 0.498276 0.048828 0.048828
0 0.873432 0.477424 0.048828 0.048828
0 0.910603 0.607069 0.048828 0.048828
0 0.931455 0.624294 0.048828 0.048828
0 0.984038 0.635174 0.048828 0.048828
0 0.909697 0.668718 0.048828 0.048828
0 0.960466 0.670531 0.048828 0.048828
0 0.848047 0.714955 0.048828 0.048828
0 0.821756 0.742153 0.048828 0.048828
0 0.857113 0.750312 0.048828 0.048828
0 0.884312 0.751219 0.048828 0.048828
0 0.867086 0.788390 0.048828 0.048828
0 0.897004 0.819215 0.048828 0.048828
0 0.965000 0.809242 0.048828 0.048828
0 0.906070 0.907155 0.048828 0.048828
0 0.925109 0.929820 0.048828 0.048828
0 0.947774 0.885397 0.048828 0.048828
0 0.991291 0.858199 0.048828 0.048828
0 0.979505 0.477424 0.048828 0.048828
0 0.956840 0.445693 0.048828 0.048828
0 0.919669 0.442973 0.048828 0.048828
0 0.981318 0.522754 0.048828 0.048828
0 0.965906 0.569898 0.048828 0.048828