0 0.970900 0.268362 0.048828 0.048828
0 0.965170 0.303886 0.048828 0.048828
0 0.920478 0.321076 0.048828 0.048828
0 0.889537 0.300448 0.048828 0.048828
0 0.866618 0.303886 0.048828 0.048828
0 0.833386 0.314200 0.048828 0.048828
0 0.471841 0.469792 0.048828 0.048828
0 0.281302 0.607933 0.048828 0.048828
0 0.468665 0.566650 0.048828 0.048828
0 0.500422 0.577765 0.048828 0.048828
0 0.532179 0.576177 0.048828 0.048828
0 0.451199 0.774655 0.048828 0.048828
0 0.487719 0.769892 0.048828 0.048828
0 0.692549 0.587292 0.048828 0.048828
0 0.743360 0.615872 0.048828 0.048828
0 0.773528 0.658744 0.048828 0.048828
0 0.817988 0.688913 0.048828 0.048828
0 0.856096 0.696852 0.048828 0.048828
0 0.895791 0.669859 0.048828 0.048828
0 0.929136 0.617460 0.048828 0.048828
0 0.960892 0.792121 0.048828 0.048828
0 0.827515 0.811175 0.048828 0.048828
0 0.756062 0.830229 0.048828 0.048828
0 0.879913 0.834993 0.048828 0.048828
0 0.879913 0.849283 0.048828 0.048828
0 0.932311 0.860398 0.048828 0.048828
0 0.837755 0.877645 0.048828 0.048828
0 0.830597 0.944450 0.048828 0.048828
0 0.908140 0.938486 0.048828 0.048828
0 0.964209 0.912241 0.048828 0.048828
0 0.708915 0.993362 0.048828 0.048828
0 0.645689 0.751191 0.048828 0.048828
0 0.822247 0.753577 0.048828 0.048828
0 0.537129 0.931328 0.048828 0.048828
0 0.524007 0.962345 0.048828 0.048828
0 0.247240 0.380181 0.048828 0.048828
0 0.055174 0.021100 0.048828 0.048828
0 0.835678 0.004793 0.048828 0.048828
0 0.491892 0.018544 0.048828 0.048828
0 0.336043 0.151475 0.048828 0.048828
0 0.293642 0.185853 0.048828 0.048828
0 0.369275 0.188145 0.048828 0.048828
0 0.629406 0.399000 0.048828 0.048828
0 0.601549 0.611615 0.048828 0.048828
0 0.639724 0.578212 0.048828 0.048828
0 0.570532 0.911048 0.048828 0.048828
0 0.885473 0.962345 0.048828 0.048828
0 0.404711 0.973081 0.048828 0.048828
0 0.395167 0.605650 0.048828 0.048828