0 0.977796 0.748116 0.048828 0.048828
0 0.920751 0.763216 0.048828 0.048828
0 0.942562 0.721272 0.048828 0.048828
0 0.952629 0.669260 0.048828 0.048828
0 0.934174 0.597115 0.048828 0.048828
0 0.694250 0.808517 0.048828 0.048828
0 0.659016 0.820261 0.048828 0.048828
0 0.613716 0.825295 0.048828 0.048828
0 0.534860 0.826972 0.048828 0.048828
0 0.491238 0.832006 0.048828 0.048828
0 0.445937 0.840395 0.048828 0.048828
0 0.494593 0.894084 0.048828 0.048828
0 0.565060 0.895762 0.048828 0.048828
0 0.590227 0.897439 0.048828 0.048828
0 0.612038 0.907506 0.048828 0.048828
0 0.645594 0.909184 0.048828 0.048828
0 0.521438 0.969584 0.048828 0.048828
0 0.623783 0.746438 0.048828 0.048828
0 0.090246 0.763216 0.048828 0.048828
0 0.276481 0.130690 0.048828 0.048828
0 0.878807 0.122301 0.048828 0.048828
0 0.803306 0.056868 0.048828 0.048828
0 0.768073 0.058545 0.048828 0.048828
0 0.571771 0.806839 0.048828 0.048828
0 0.393926 0.739727 0.048828 0.048828
0 0.687539 0.751472 0.048828 0.048828
0 0.056690 0.177668 0.048828 0.048828
0 0.232858 0.118946 0.048828 0.048828
0 0.313392 0.127335 0.048828 0.048828
0 0.338559 0.113912 0.048828 0.048828