0 0.091790 0.988562 0.048828 0.048828
0 0.057055 0.963751 0.048828 0.048828
0 0.040942 0.011705 0.048828 0.048828
0 0.068702 0.036688 0.048828 0.048828
0 0.125147 0.053344 0.048828 0.048828
0 0.102939 0.006153 0.048828 0.048828
0 0.155683 0.014481 0.048828 0.048828
0 0.182517 0.054270 0.048828 0.048828
0 0.235261 0.048718 0.048828 0.048828
0 0.250066 0.022809 0.048828 0.048828
0 0.298183 0.037614 0.048828 0.048828
0 0.263946 0.073701 0.048828 0.048828
0 0.216754 0.115341 0.048828 0.048828
0 0.185293 0.091283 0.048828 0.048828
0 0.172338 0.136624 0.048828 0.048828
0 0.228783 0.161607 0.048828 0.048828
0 0.275049 0.133848 0.048828 0.048828
0 0.254692 0.199546 0.048828 0.048828
0 0.206575 0.197695 0.048828 0.048828
0 0.275975 0.251364 0.048828 0.048828
0 0.243588 0.251364 0.048828 0.048828
0 0.205650 0.242110 0.048828 0.048828
0 0.160309 0.237484 0.048828 0.048828
0 0.153832 0.195844 0.048828 0.048828
0 0.117744 0.227305 0.048828 0.048828
0 0.203800 0.286526 0.048828 0.048828
0 0.159384 0.273571 0.048828 0.048828
0 0.180666 0.306883 0.048828 0.048828
0 0.111267 0.274497 0.048828 0.048828
0 0.073329 0.220828 0.048828 0.048828
0 0.066852 0.172711 0.048828 0.048828
0 0.128848 0.157906 0.048828 0.048828
0 0.140877 0.099611 0.048828 0.048828
0 0.076105 0.109789 0.048828 0.048828
0 0.036316 0.088507 0.048828 0.048828
0 0.005780 0.071851 0.048828 0.048828
0 0.205650 0.349448 0.048828 0.048828
0 0.240812 0.333718 0.048828 0.048828
0 0.280601 0.302257 0.048828 0.048828
0 0.308361 0.339270 0.048828 0.048828
0 0.238037 0.383685 0.048828 0.048828
0 0.271348 0.380909 0.048828 0.048828
0 0.270423 0.409594 0.048828 0.048828
0 0.308361 0.380909 0.048828 0.048828
0 0.331494 0.415146 0.048828 0.048828
0 0.291705 0.445682 0.048828 0.048828
0 0.241738 0.450308 0.048828 0.048828
0 0.334270 0.252289 0.048828 0.048828
0 0.372209 0.278198 0.048828 0.048828
0 0.408296 0.256916 0.048828 0.048828
0 0.385163 0.218977 0.048828 0.048828
0 0.408296 0.181039 0.048828 0.048828
0 0.371283 0.148653 0.048828 0.048828
0 0.328718 0.072776 0.048828 0.048828
0 0.367582 0.067224 0.048828 0.048828
0 0.356478 0.033913 0.048828 0.048828
0 0.399043 0.315211 0.048828 0.048828
0 0.467517 0.341120 0.048828 0.048828
0 0.384238 0.366104 0.048828 0.048828
0 0.441608 0.370731 0.048828 0.048828
0 0.501754 0.383685 0.048828 0.048828
0 0.473994 0.417922 0.048828 0.048828
0 0.403670 0.414221 0.048828 0.048828
0 0.374985 0.438279 0.048828 0.048828
0 0.435131 0.441055 0.048828 0.048828
0 0.470293 0.463263 0.048828 0.048828
0 0.493426 0.520633 0.048828 0.048828
0 0.450861 0.557646 0.048828 0.048828
0 0.431429 0.526185 0.048828 0.048828
0 0.419400 0.474367 0.048828 0.048828
0 0.380536 0.503977 0.048828 0.048828
0 0.366657 0.548393 0.048828 0.048828
0 0.325017 0.498425 0.048828 0.048828
0 0.289855 0.543766 0.048828 0.048828
0 0.261170 0.588182 0.048828 0.048828
0 0.294481 0.595584 0.048828 0.048828
0 0.335196 0.602062 0.048828 0.048828
0 0.385163 0.602062 0.048828 0.048828
0 0.425877 0.609464 0.048828 0.048828
0 0.493426 0.647403 0.048828 0.048828
0 0.477696 0.675162 0.048828 0.048828
0 0.429579 0.650178 0.048828 0.048828
0 0.360179 0.660357 0.048828 0.048828
0 0.306511 0.656656 0.048828 0.048828
0 0.274124 0.688117 0.048828 0.048828
0 0.237111 0.653880 0.048828 0.048828
0 0.204725 0.606688 0.048828 0.048828
0 0.199173 0.665909 0.048828 0.048828
0 0.210277 0.703847 0.048828 0.048828
0 0.273199 0.734383 0.048828 0.048828
0 0.308361 0.726055 0.048828 0.048828
0 0.414773 0.716802 0.048828 0.048828
0 0.377760 0.733458 0.048828 0.048828
0 0.386088 0.794529 0.048828 0.048828
0 0.423101 0.779724 0.048828 0.048828
0 0.460114 0.750114 0.048828 0.048828
0 0.499903 0.763993 0.048828 0.048828
0 0.533215 0.776948 0.048828 0.048828
0 0.566527 0.768620 0.048828 0.048828
0 0.540618 0.722354 0.048828 0.048828
0 0.502679 0.706623 0.048828 0.048828
0 0.522111 0.595584 0.048828 0.048828
0 0.523036 0.551169 0.048828 0.048828
0 0.018735 0.189367 0.048828 0.048828
0 0.026137 0.133848 0.048828 0.048828
0 0.003929 0.228231 0.048828 0.048828
0 0.024287 0.283750 0.048828 0.048828
0 0.032615 0.330942 0.048828 0.048828
0 0.074254 0.339270 0.048828 0.048828
0 0.113118 0.323539 0.048828 0.048828
0 0.113118 0.375357 0.048828 0.048828
0 0.156608 0.404968 0.048828 0.048828
0 0.213978 0.416997 0.048828 0.048828
0 0.278751 0.494724 0.048828 0.048828
0 0.235261 0.495649 0.048828 0.048828
0 0.238037 0.541916 0.048828 0.048828
0 0.192696 0.547467 0.048828 0.048828
0 0.171413 0.508604 0.048828 0.048828
0 0.159384 0.559497 0.048828 0.048828
0 0.116819 0.535438 0.048828 0.048828
0 0.127923 0.492873 0.048828 0.048828
0 0.087209 0.469740 0.048828 0.048828
0 0.098313 0.423474 0.048828 0.048828
0 0.049270 0.440130 0.048828 0.048828
0 0.052046 0.371656 0.048828 0.048828
0 0.011332 0.367029 0.048828 0.048828
0 0.005780 0.446607 0.048828 0.048828
0 0.014108 0.514156 0.048828 0.048828
0 0.072403 0.541916 0.048828 0.048828
0 0.039092 0.556721 0.048828 0.048828
0 0.003929 0.587256 0.048828 0.048828
0 0.013183 0.630747 0.048828 0.048828
0 0.063150 0.634448 0.048828 0.048828
0 0.070553 0.590958 0.048828 0.048828
0 0.102939 0.633523 0.048828 0.048828
0 0.171413 0.628896 0.048828 0.048828
0 0.153832 0.686266 0.048828 0.048828
0 0.109416 0.668685 0.048828 0.048828
0 0.068702 0.666834 0.048828 0.048828
0 0.021511 0.677938 0.048828 0.048828
0 0.025212 0.730682 0.048828 0.048828
0 0.070553 0.737159 0.048828 0.048828
0 0.180666 0.754740 0.048828 0.048828
0 0.228783 0.756591 0.048828 0.048828
0 0.100163 0.766769 0.048828 0.048828
0 0.123296 0.792678 0.048828 0.048828
0 0.034465 0.776023 0.048828 0.048828
0 0.012257 0.824139 0.048828 0.048828
0 0.015959 0.863928 0.048828 0.048828
0 0.066852 0.876883 0.048828 0.048828
0 0.066852 0.801932 0.048828 0.048828
0 0.122371 0.828766 0.048828 0.048828
0 0.124222 0.882435 0.048828 0.048828
0 0.100163 0.923149 0.048828 0.048828
0 0.132550 0.965714 0.048828 0.048828
0 0.267647 0.984221 0.048828 0.048828
0 0.450861 0.999026 0.048828 0.048828
0 0.478621 0.972191 0.048828 0.048828
0 0.526738 0.978669 0.048828 0.048828
0 0.526738 0.937954 0.048828 0.048828
0 0.535991 0.898165 0.048828 0.048828
0 0.524887 0.868555 0.048828 0.048828
0 0.474920 0.853750 0.048828 0.048828
0 0.484173 0.904643 0.048828 0.048828
0 0.449936 0.944432 0.048828 0.048828
0 0.441608 0.894464 0.048828 0.048828
0 0.426803 0.871331 0.048828 0.048828
0 0.409222 0.838945 0.048828 0.048828
0 0.359254 0.835243 0.048828 0.048828
0 0.317614 0.789902 0.048828 0.048828
0 0.273199 0.797305 0.048828 0.048828
0 0.233410 0.796380 0.048828 0.048828
0 0.192696 0.798230 0.048828 0.048828
0 0.172338 0.854675 0.048828 0.048828
0 0.238962 0.838019 0.048828 0.048828
0 0.271348 0.847273 0.048828 0.048828
0 0.231559 0.898165 0.048828 0.048828
0 0.283377 0.898165 0.048828 0.048828
0 0.323166 0.864854 0.048828 0.048828
0 0.374059 0.880584 0.048828 0.048828
0 0.387014 0.924074 0.048828 0.048828
0 0.333345 0.924074 0.048828 0.048828
0 0.394416 0.974042 0.048828 0.048828
0 0.337046 0.974042 0.048828 0.048828
0 0.285228 0.942581 0.048828 0.048828
0 0.235261 0.948133 0.048828 0.048828
0 0.176965 0.914821 0.048828 0.048828
0 0.571553 0.853509 0.048828 0.048828
0 0.621259 0.851142 0.048828 0.048828
0 0.667415 0.873628 0.048828 0.048828
0 0.624810 0.775399 0.048828 0.048828
0 0.625993 0.728060 0.048828 0.048828
0 0.573920 0.704391 0.048828 0.048828
0 0.583388 0.889013 0.048828 0.048828
0 0.620076 0.917416 0.048828 0.048828
0 0.662681 0.919783 0.048828 0.048828
0 0.568003 0.951737 0.048828 0.048828
0 0.609424 0.963572 0.048828 0.048828
0 0.653213 0.962388 0.048828 0.048828
0 0.695818 0.977773 0.048828 0.048828
0 0.750258 0.956471 0.048828 0.048828
0 0.743480 0.896867 0.048828 0.048828
0 0.727341 0.832314 0.048828 0.048828
0 0.673547 0.795733 0.048828 0.048828
0 0.796198 0.973255 0.048828 0.048828
0 0.840309 0.972179 0.048828 0.048828
0 0.887622 0.913990 0.048828 0.048828
0 0.913778 0.927636 0.048828 0.048828
0 0.873975 0.865089 0.048828 0.048828
0 0.850093 0.823012 0.048828 0.048828
0 0.833035 0.786621 0.048828 0.048828
0 0.810291 0.819600 0.048828 0.048828
0 0.798918 0.768425 0.048828 0.048828
0 0.736371 0.779797 0.048828 0.048828
0 0.664726 0.758190 0.048828 0.048828
0 0.744332 0.728622 0.048828 0.048828
0 0.583983 0.664938 0.048828 0.048828
0 0.619237 0.654703 0.048828 0.048828
0 0.595355 0.616037 0.048828 0.048828
0 0.649942 0.666075 0.048828 0.048828
0 0.679510 0.703603 0.048828 0.048828
0 0.684059 0.645605 0.048828 0.048828
0 0.730685 0.662663 0.048828 0.048828
0 0.772762 0.670624 0.048828 0.048828
0 0.825074 0.661526 0.048828 0.048828
0 0.756841 0.617175 0.048828 0.048828
0 0.772762 0.578509 0.048828 0.048828
0 0.819388 0.586470 0.048828 0.048828
0 0.837584 0.625135 0.048828 0.048828
0 0.819388 0.709290 0.048828 0.048828
0 0.866014 0.743406 0.048828 0.048828
0 0.886484 0.795718 0.048828 0.048828
0 0.911503 0.869638 0.048828 0.048828
0 0.961541 0.942420 0.048828 0.048828
0 0.959267 0.892382 0.048828 0.048828
0 0.969502 0.846893 0.048828 0.048828
0 0.970639 0.588744 0.048828 0.048828
0 0.928562 0.600116 0.048828 0.048828
0 0.903543 0.626272 0.048828 0.048828
0 0.864877 0.594430 0.048828 0.048828
0 0.982011 0.689957 0.048828 0.048828
0 0.916052 0.693368 0.048828 0.048828
0 0.922876 0.760465 0.048828 0.048828
0 0.958129 0.738857 0.048828 0.048828
0 0.983148 0.766151 0.048828 0.048828
0 0.977462 0.805953 0.048828 0.048828
0 0.930836 0.803679 0.048828 0.048828
0 0.680647 0.583058 0.048828 0.048828
0 0.610139 0.575097 0.048828 0.048828
0 0.576023 0.545530 0.048828 0.048828
0 0.645393 0.536432 0.048828 0.048828
0 0.636295 0.495492 0.048828 0.048828
0 0.597630 0.500041 0.048828 0.048828
0 0.561239 0.506864 0.048828 0.048828
0 0.532808 0.465924 0.048828 0.048828
0 0.571474 0.461375 0.048828 0.048828
0 0.620374 0.451140 0.048828 0.048828
0 0.603316 0.410200 0.048828 0.048828
0 0.556690 0.415886 0.048828 0.048828
0 0.568062 0.361299 0.048828 0.048828
0 0.529397 0.368123 0.048828 0.048828
0 0.558964 0.319222 0.048828 0.048828
0 0.557827 0.264636 0.048828 0.048828
0 0.533945 0.279419 0.048828 0.048828
0 0.495280 0.265773 0.048828 0.048828
0 0.495280 0.219147 0.048828 0.048828
0 0.496417 0.326046 0.048828 0.048828
0 0.449791 0.283968 0.048828 0.048828
0 0.439556 0.219147 0.048828 0.048828
0 0.519162 0.174795 0.048828 0.048828
0 0.436144 0.119071 0.048828 0.048828
0 0.482770 0.103150 0.048828 0.048828
0 0.406577 0.081543 0.048828 0.048828
0 0.411125 0.031505 0.048828 0.048828
0 0.490731 0.016721 0.048828 0.048828
0 0.626060 0.014447 0.048828 0.048828
0 0.591944 0.007623 0.048828 0.048828
0 0.601042 0.041740 0.048828 0.048828
0 0.624923 0.062210 0.048828 0.048828
0 0.556690 0.070171 0.048828 0.048828
0 0.512338 0.046289 0.048828 0.048828
0 0.524848 0.081543 0.048828 0.048828
0 0.545318 0.109973 0.048828 0.048828
0 0.571474 0.172521 0.048828 0.048828
0 0.601042 0.247577 0.048828 0.048828
0 0.607865 0.199814 0.048828 0.048828
0 0.631747 0.167972 0.048828 0.048828
0 0.635158 0.119071 0.048828 0.048828
0 0.669275 0.139541 0.048828 0.048828
0 0.672687 0.090641 0.048828 0.048828
0 0.660177 0.041740 0.048828 0.048828
0 0.722724 0.054249 0.048828 0.048828
0 0.689745 0.012172 0.048828 0.048828
0 0.680647 0.186167 0.048828 0.048828
0 0.662452 0.223696 0.048828 0.048828
0 0.686333 0.244166 0.048828 0.048828
0 0.711352 0.264636 0.048828 0.048828
0 0.695431 0.326046 0.048828 0.048828
0 0.649942 0.352202 0.048828 0.048828
0 0.606728 0.307850 0.048828 0.048828
0 0.657903 0.401102 0.048828 0.048828
0 0.673824 0.476159 0.048828 0.048828
0 0.717038 0.514825 0.048828 0.048828
0 0.790958 0.504590 0.048828 0.048828
0 0.755704 0.494355 0.048828 0.048828
0 0.721587 0.461375 0.048828 0.048828
0 0.760253 0.448866 0.048828 0.048828
0 0.736371 0.374946 0.048828 0.048828
0 0.770488 0.364711 0.048828 0.048828
0 0.737508 0.315811 0.048828 0.048828
0 0.719313 0.206637 0.048828 0.048828
0 0.764802 0.245303 0.048828 0.048828
0 0.806879 0.281694 0.048828 0.048828
0 0.847819 0.324908 0.048828 0.048828
0 0.808016 0.331732 0.048828 0.048828
0 0.821663 0.389730 0.048828 0.048828
0 0.862603 0.388593 0.048828 0.048828
0 0.839858 0.427258 0.048828 0.048828
0 0.877387 0.431807 0.048828 0.048828
0 0.843270 0.461375 0.048828 0.048828
0 0.877387 0.484120 0.048828 0.048828
0 0.850093 0.508001 0.048828 0.048828
0 0.853505 0.561451 0.048828 0.048828
0 0.896719 0.523922 0.048828 0.048828
0 0.894445 0.567137 0.048828 0.048828
0 0.933111 0.550078 0.048828 0.048828
0 0.968364 0.526197 0.048828 0.048828
0 0.982011 0.545530 0.048828 0.048828
0 0.972913 0.437493 0.048828 0.048828
0 0.977462 0.484120 0.048828 0.048828
0 0.925150 0.495492 0.048828 0.048828
0 0.918327 0.457963 0.048828 0.048828
0 0.914915 0.413612 0.048828 0.048828
0 0.962678 0.397691 0.048828 0.048828
0 0.900131 0.359025 0.048828 0.048828
0 0.936522 0.356751 0.048828 0.048828
0 0.992246 0.355613 0.048828 0.048828
0 0.975188 0.252126 0.048828 0.048828
0 0.996795 0.206637 0.048828 0.048828
0 0.968364 0.146364 0.048828 0.048828
0 0.966090 0.302164 0.048828 0.048828
0 0.919464 0.293066 0.048828 0.048828
0 0.877387 0.297615 0.048828 0.048828
0 0.833035 0.265773 0.048828 0.048828
0 0.892171 0.247577 0.048828 0.048828
0 0.937659 0.216872 0.048828 0.048828
0 0.904680 0.171383 0.048828 0.048828
0 0.878524 0.197539 0.048828 0.048828
0 0.853505 0.161148 0.048828 0.048828
0 0.884210 0.139541 0.048828 0.048828
0 0.920601 0.124757 0.048828 0.048828
0 0.852368 0.218009 0.048828 0.048828
0 0.810291 0.175932 0.048828 0.048828
0 0.810291 0.230519 0.048828 0.048828
0 0.761390 0.197539 0.048828 0.048828
0 0.739783 0.167972 0.048828 0.048828
0 0.779586 0.149776 0.048828 0.048828
0 0.809153 0.115659 0.048828 0.048828
0 0.750018 0.112248 0.048828 0.048828
0 0.773899 0.088366 0.048828 0.048828
0 0.772762 0.055387 0.048828 0.048828
0 0.746606 0.015584 0.048828 0.048828
0 0.820939 0.043321 0.048828 0.048828
0 0.840178 0.082931 0.048828 0.048828
0 0.894500 0.086326 0.048828 0.048828
0 0.949954 0.102170 0.048828 0.048828
0 0.992959 0.102170 0.048828 0.048828
0 0.983905 0.048979 0.048828 0.048828
0 0.952218 0.065955 0.048828 0.048828
0 0.953349 0.009370 0.048828 0.048828
0 0.916003 0.027477 0.048828 0.048828
0 0.872998 0.037662 0.048828 0.048828