0 0.051100 0.378312 0.048828 0.048828
0 0.085835 0.375334 0.048828 0.048828
0 0.119578 0.394191 0.048828 0.048828
0 0.143396 0.347546 0.048828 0.048828
0 0.196988 0.367395 0.048828 0.048828
0 0.184086 0.340599 0.048828 0.048828
0 0.169200 0.319758 0.048828 0.048828
0 0.136449 0.269144 0.048828 0.048828
0 0.123548 0.309834 0.048828 0.048828
0 0.060032 0.327698 0.048828 0.048828
0 0.067971 0.288993 0.048828 0.048828
0 0.085835 0.262197 0.048828 0.048828
0 0.048123 0.203643 0.048828 0.048828
0 0.091790 0.188757 0.048828 0.048828
0 0.057055 0.163946 0.048828 0.048828
0 0.012257 0.024335 0.048828 0.048828
0 0.015959 0.064124 0.048828 0.048828
0 0.066852 0.077078 0.048828 0.048828
0 0.066852 0.002127 0.048828 0.048828
0 0.122371 0.028961 0.048828 0.048828
0 0.124222 0.082630 0.048828 0.048828
0 0.100163 0.123344 0.048828 0.048828
0 0.132550 0.165909 0.048828 0.048828
0 0.147355 0.206624 0.048828 0.048828
0 0.152907 0.241786 0.048828 0.048828
0 0.185293 0.256591 0.048828 0.048828
0 0.209351 0.316737 0.048828 0.048828
0 0.311137 0.495325 0.048828 0.048828
0 0.282452 0.475893 0.048828 0.048828
0 0.324092 0.451835 0.048828 0.048828
0 0.319465 0.396315 0.048828 0.048828
0 0.252842 0.383361 0.048828 0.048828
0 0.290780 0.361153 0.048828 0.048828
0 0.253767 0.342646 0.048828 0.048828
0 0.296332 0.298231 0.048828 0.048828
0 0.266722 0.278799 0.048828 0.048828
0 0.221381 0.281575 0.048828 0.048828
0 0.215829 0.243637 0.048828 0.048828
0 0.200098 0.206624 0.048828 0.048828
0 0.293556 0.246413 0.048828 0.048828
0 0.252842 0.231607 0.048828 0.048828
0 0.267647 0.184416 0.048828 0.048828
0 0.302809 0.210325 0.048828 0.048828
0 0.335196 0.223279 0.048828 0.048828
0 0.373134 0.219578 0.048828 0.048828
0 0.334270 0.272322 0.048828 0.048828
0 0.372209 0.258442 0.048828 0.048828
0 0.410147 0.276948 0.048828 0.048828
0 0.417549 0.318588 0.048828 0.048828
0 0.362955 0.312111 0.048828 0.048828
0 0.332420 0.342646 0.048828 0.048828
0 0.390715 0.357452 0.048828 0.048828
0 0.435131 0.351900 0.048828 0.048828
0 0.425877 0.395390 0.048828 0.048828
0 0.369433 0.407419 0.048828 0.048828
0 0.417549 0.433328 0.048828 0.048828
0 0.376835 0.482370 0.048828 0.048828
0 0.361105 0.513831 0.048828 0.048828
0 0.397192 0.517533 0.048828 0.048828
0 0.440683 0.515682 0.048828 0.048828
0 0.482322 0.495325 0.048828 0.048828
0 0.451786 0.467565 0.048828 0.048828
0 0.475845 0.444432 0.048828 0.048828
0 0.530439 0.521234 0.048828 0.048828
0 0.554497 0.493474 0.048828 0.048828
0 0.536916 0.454611 0.048828 0.048828
0 0.556348 0.432403 0.048828 0.048828
0 0.531364 0.408344 0.048828 0.048828
0 0.559124 0.381510 0.048828 0.048828
0 0.517484 0.358377 0.048828 0.048828
0 0.474920 0.381510 0.048828 0.048828
0 0.473994 0.319513 0.048828 0.048828
0 0.503605 0.299156 0.048828 0.048828
0 0.483247 0.266770 0.048828 0.048828
0 0.517484 0.241786 0.048828 0.048828
0 0.556348 0.330617 0.048828 0.048828
0 0.422176 0.226981 0.048828 0.048828
0 0.450861 0.199221 0.048828 0.048828
0 0.478621 0.172387 0.048828 0.048828
0 0.526738 0.178864 0.048828 0.048828
0 0.526738 0.138150 0.048828 0.048828
0 0.535991 0.098361 0.048828 0.048828
0 0.524887 0.068750 0.048828 0.048828
0 0.474920 0.053945 0.048828 0.048828
0 0.484173 0.104838 0.048828 0.048828
0 0.449936 0.144627 0.048828 0.048828
0 0.441608 0.094659 0.048828 0.048828
0 0.426803 0.071526 0.048828 0.048828
0 0.409222 0.039140 0.048828 0.048828
0 0.359254 0.035439 0.048828 0.048828
0 0.172338 0.054870 0.048828 0.048828
0 0.238962 0.038215 0.048828 0.048828
0 0.271348 0.047468 0.048828 0.048828
0 0.231559 0.098361 0.048828 0.048828
0 0.283377 0.098361 0.048828 0.048828
0 0.323166 0.065049 0.048828 0.048828
0 0.374059 0.080780 0.048828 0.048828
0 0.387014 0.124270 0.048828 0.048828
0 0.333345 0.124270 0.048828 0.048828
0 0.394416 0.174237 0.048828 0.048828
0 0.337046 0.174237 0.048828 0.048828
0 0.285228 0.142776 0.048828 0.048828
0 0.235261 0.148328 0.048828 0.048828
0 0.176965 0.115017 0.048828 0.048828
0 0.307639 0.533011 0.048828 0.048828
0 0.286336 0.561414 0.048828 0.048828
0 0.324207 0.579166 0.048828 0.048828
0 0.278052 0.727101 0.048828 0.048828
0 0.305272 0.657276 0.048828 0.048828
0 0.350244 0.673844 0.048828 0.048828
0 0.362078 0.638340 0.048828 0.048828
0 0.385748 0.658459 0.048828 0.048828
0 0.441371 0.662009 0.048828 0.048828
0 0.504095 0.641890 0.048828 0.048828
0 0.454389 0.620588 0.048828 0.048828
0 0.412968 0.594551 0.048828 0.048828
0 0.370363 0.598102 0.048828 0.048828
0 0.371546 0.557864 0.048828 0.048828
0 0.423619 0.560231 0.048828 0.048828
0 0.468591 0.577983 0.048828 0.048828
0 0.504095 0.598102 0.048828 0.048828
0 0.482793 0.543662 0.048828 0.048828
0 0.528948 0.559047 0.048828 0.048828
0 0.536049 0.596918 0.048828 0.048828
0 0.559719 0.631239 0.048828 0.048828
0 0.588122 0.680945 0.048828 0.048828
0 0.603507 0.733018 0.048828 0.048828
0 0.618892 0.773256 0.048828 0.048828
0 0.582205 0.779173 0.048828 0.048828
0 0.673332 0.802843 0.048828 0.048828
0 0.710020 0.826512 0.048828 0.048828
0 0.736056 0.864384 0.048828 0.048828
0 0.777478 0.843081 0.048828 0.048828
0 0.846119 0.853732 0.048828 0.048828
0 0.839018 0.814678 0.048828 0.048828
0 0.887541 0.809944 0.048828 0.048828
0 0.926595 0.779173 0.048828 0.048828
0 0.975118 0.817045 0.048828 0.048828
0 0.973934 0.775623 0.048828 0.048828
0 0.908843 0.727101 0.048828 0.048828
0 0.852037 0.754320 0.048828 0.048828
0 0.792863 0.787458 0.048828 0.048828
0 0.753808 0.795742 0.048828 0.048828
0 0.715937 0.786274 0.048828 0.048828
0 0.745524 0.748403 0.048828 0.048828
0 0.701735 0.733018 0.048828 0.048828
0 0.665048 0.727101 0.048828 0.048828
0 0.624810 0.683312 0.048828 0.048828
0 0.605874 0.643074 0.048828 0.048828
0 0.583388 0.602836 0.048828 0.048828
0 0.563269 0.557864 0.048828 0.048828
0 0.270951 0.612304 0.048828 0.048828
0 0.571553 0.053704 0.048828 0.048828
0 0.621259 0.051337 0.048828 0.048828
0 0.667415 0.073823 0.048828 0.048828
0 0.583388 0.089208 0.048828 0.048828
0 0.620076 0.117611 0.048828 0.048828
0 0.662681 0.119978 0.048828 0.048828
0 0.568003 0.151932 0.048828 0.048828
0 0.609424 0.163767 0.048828 0.048828
0 0.610608 0.205189 0.048828 0.048828
0 0.577471 0.219390 0.048828 0.048828
0 0.585755 0.279747 0.048828 0.048828
0 0.618892 0.243060 0.048828 0.048828
0 0.617709 0.290399 0.048828 0.048828
0 0.661497 0.221757 0.048828 0.048828
0 0.653213 0.162583 0.048828 0.048828
0 0.695818 0.177969 0.048828 0.048828
0 0.669782 0.328270 0.048828 0.048828
0 0.634277 0.349572 0.048828 0.048828
0 0.609424 0.379159 0.048828 0.048828
0 0.648479 0.385077 0.048828 0.048828
0 0.726588 0.364958 0.048828 0.048828
0 0.753808 0.393361 0.048828 0.048828
0 0.772744 0.440700 0.048828 0.048828
0 0.730139 0.448984 0.048828 0.048828
0 0.683983 0.420581 0.048828 0.048828
0 0.617709 0.417030 0.048828 0.048828
0 0.628360 0.469103 0.048828 0.048828
0 0.588122 0.466736 0.048828 0.048828
0 0.590489 0.525910 0.048828 0.048828
0 0.630727 0.511708 0.048828 0.048828
0 0.689901 0.477388 0.048828 0.048828
0 0.708836 0.499874 0.048828 0.048828
0 0.758542 0.476204 0.048828 0.048828
0 0.625993 0.563781 0.048828 0.048828
0 0.648479 0.588634 0.048828 0.048828
0 0.616525 0.615854 0.048828 0.048828
0 0.660314 0.659643 0.048828 0.048828
0 0.682800 0.689229 0.048828 0.048828
0 0.726588 0.684496 0.048828 0.048828
0 0.777478 0.675028 0.048828 0.048828
0 0.816532 0.670294 0.048828 0.048828
0 0.786946 0.715266 0.048828 0.048828
0 0.827184 0.711715 0.048828 0.048828
0 0.867422 0.715266 0.048828 0.048828
0 0.870972 0.666743 0.048828 0.048828
0 0.808248 0.595735 0.048828 0.048828
0 0.763276 0.620588 0.048828 0.048828
0 0.710020 0.644257 0.048828 0.048828
0 0.713570 0.596918 0.048828 0.048828
0 0.760909 0.589818 0.048828 0.048828
0 0.685167 0.551946 0.048828 0.048828
0 0.717121 0.548396 0.048828 0.048828
0 0.737240 0.575616 0.048828 0.048828
0 0.782212 0.554313 0.048828 0.048828
0 0.753808 0.524727 0.048828 0.048828
0 0.785762 0.515259 0.048828 0.048828
0 0.834285 0.563781 0.048828 0.048828
0 0.840202 0.511708 0.048828 0.048828
0 0.815349 0.478571 0.048828 0.048828
0 0.873339 0.469103 0.048828 0.048828
0 0.815349 0.430049 0.048828 0.048828
0 0.765643 0.343655 0.048828 0.048828
0 0.752625 0.296316 0.048828 0.048828
0 0.746707 0.260812 0.048828 0.048828
0 0.760909 0.219390 0.048828 0.048828
0 0.750258 0.156666 0.048828 0.048828
0 0.743480 0.097062 0.048828 0.048828
0 0.727341 0.032509 0.048828 0.048828
0 0.796198 0.173450 0.048828 0.048828
0 0.810185 0.219713 0.048828 0.048828
0 0.840309 0.172374 0.048828 0.048828
0 0.849992 0.210030 0.048828 0.048828
0 0.898407 0.222941 0.048828 0.048828
0 0.869358 0.257369 0.048828 0.048828
0 0.800502 0.311163 0.048828 0.048828
0 0.841385 0.369261 0.048828 0.048828
0 0.872586 0.387551 0.048828 0.048828
0 0.902711 0.341288 0.048828 0.048828
0 0.953277 0.311163 0.048828 0.048828
0 0.960809 0.251990 0.048828 0.048828
0 0.982326 0.287494 0.048828 0.048828
0 0.986630 0.391855 0.048828 0.048828
0 0.900559 0.399386 0.048828 0.048828
0 0.924229 0.466091 0.048828 0.048828
0 0.995237 0.541403 0.048828 0.048828
0 0.948974 0.514506 0.048828 0.048828
0 0.885497 0.541403 0.048828 0.048828
0 0.924229 0.569376 0.048828 0.048828
0 0.866131 0.593045 0.048828 0.048828
0 0.912394 0.611335 0.048828 0.048828
0 0.952202 0.629625 0.048828 0.048828
0 0.985554 0.671585 0.048828 0.048828
0 0.956992 0.209712 0.048828 0.048828
0 0.887622 0.114185 0.048828 0.048828
0 0.913778 0.127832 0.048828 0.048828
0 0.873975 0.065284 0.048828 0.048828
0 0.850093 0.023207 0.048828 0.048828
0 0.810291 0.019795 0.048828 0.048828
0 0.911503 0.069833 0.048828 0.048828
0 0.961541 0.142615 0.048828 0.048828
0 0.959267 0.092578 0.048828 0.048828
0 0.969502 0.047089 0.048828 0.048828
0 0.977462 0.006149 0.048828 0.048828
0 0.930836 0.003874 0.048828 0.048828
0 0.804604 0.268847 0.048828 0.048828
0 0.049877 0.970618 0.048828 0.048828
0 0.042625 0.863638 0.048828 0.048828
0 0.057130 0.751219 0.048828 0.048828
0 0.129659 0.889930 0.048828 0.048828
0 0.257490 0.977870 0.048828 0.048828
0 0.300101 0.981497 0.048828 0.048828
0 0.308260 0.850039 0.048828 0.048828
0 0.349964 0.834627 0.048828 0.048828
0 0.369003 0.793830 0.048828 0.048828
0 0.360843 0.763912 0.048828 0.048828
0 0.318233 0.733994 0.048828 0.048828
0 0.407080 0.896276 0.048828 0.048828
0 0.425212 0.805615 0.048828 0.048828
0 0.469636 0.837347 0.048828 0.048828
0 0.485048 0.797456 0.048828 0.048828
0 0.547604 0.810148 0.048828 0.048828
0 0.543977 0.870891 0.048828 0.048828
0 0.592028 0.831907 0.048828 0.048828
0 0.630105 0.864545 0.048828 0.048828
0 0.007267 0.615228 0.048828 0.048828
0 0.026306 0.545420 0.048828 0.048828
0 0.164110 0.480144 0.048828 0.048828
0 0.675466 0.952221 0.048828 0.048828
0 0.759238 0.950932 0.048828 0.048828
0 0.810790 0.912268 0.048828 0.048828
0 0.925494 0.913557 0.048828 0.048828
0 0.675466 0.858138 0.048828 0.048828
0 0.638091 0.804009 0.048828 0.048828
0 0.502766 0.766633 0.048828 0.048828
0 0.440904 0.757612 0.048828 0.048828
0 0.385748 0.720000 0.048828 0.048828
0 0.454389 0.712899 0.048828 0.048828
0 0.487527 0.736568 0.048828 0.048828
0 0.550251 0.733018 0.048828 0.048828
0 0.553801 0.705798 0.048828 0.048828
0 0.528948 0.676211 0.048828 0.048828
0 0.479242 0.689229 0.048828 0.048828
0 0.178640 0.811127 0.048828 0.048828
0 0.698185 0.265546 0.048828 0.048828
0 0.663864 0.293949 0.048828 0.048828