0 0.046315 0.853732 0.048828 0.048828
0 0.039214 0.814678 0.048828 0.048828
0 0.087736 0.809944 0.048828 0.048828
0 0.126791 0.779173 0.048828 0.048828
0 0.175313 0.817045 0.048828 0.048828
0 0.174130 0.775623 0.048828 0.048828
0 0.208450 0.808760 0.048828 0.048828
0 0.109039 0.727101 0.048828 0.048828
0 0.052232 0.754320 0.048828 0.048828
0 0.016728 0.670294 0.048828 0.048828
0 0.027379 0.711715 0.048828 0.048828
0 0.067617 0.715266 0.048828 0.048828
0 0.071168 0.666743 0.048828 0.048828
0 0.008443 0.595735 0.048828 0.048828
0 0.034480 0.563781 0.048828 0.048828
0 0.040397 0.511708 0.048828 0.048828
0 0.015544 0.478571 0.048828 0.048828
0 0.073534 0.469103 0.048828 0.048828
0 0.015544 0.430049 0.048828 0.048828
0 0.010380 0.219713 0.048828 0.048828
0 0.040505 0.172374 0.048828 0.048828
0 0.050188 0.210030 0.048828 0.048828
0 0.098603 0.222941 0.048828 0.048828
0 0.069554 0.257369 0.048828 0.048828
0 0.000697 0.311163 0.048828 0.048828
0 0.041581 0.369261 0.048828 0.048828
0 0.072781 0.387551 0.048828 0.048828
0 0.102906 0.341288 0.048828 0.048828
0 0.153473 0.311163 0.048828 0.048828
0 0.161004 0.251990 0.048828 0.048828
0 0.182522 0.287494 0.048828 0.048828
0 0.200812 0.324074 0.048828 0.048828
0 0.230937 0.354199 0.048828 0.048828
0 0.262137 0.377868 0.048828 0.048828
0 0.298717 0.414448 0.048828 0.048828
0 0.300869 0.466091 0.048828 0.048828
0 0.230937 0.444573 0.048828 0.048828
0 0.186825 0.391855 0.048828 0.048828
0 0.100754 0.399386 0.048828 0.048828
0 0.124424 0.466091 0.048828 0.048828
0 0.195432 0.541403 0.048828 0.048828
0 0.149169 0.514506 0.048828 0.048828
0 0.085692 0.541403 0.048828 0.048828
0 0.124424 0.569376 0.048828 0.048828
0 0.066326 0.593045 0.048828 0.048828
0 0.112589 0.611335 0.048828 0.048828
0 0.152397 0.629625 0.048828 0.048828
0 0.185749 0.671585 0.048828 0.048828
0 0.202963 0.741517 0.048828 0.048828
0 0.243847 0.751200 0.048828 0.048828
0 0.223405 0.859865 0.048828 0.048828
0 0.265365 0.824361 0.048828 0.048828
0 0.289034 0.798539 0.048828 0.048828
0 0.289034 0.708165 0.048828 0.048828
0 0.300869 0.672661 0.048828 0.048828
0 0.300869 0.536023 0.048828 0.048828
0 0.259985 0.573679 0.048828 0.048828
0 0.235240 0.508050 0.048828 0.048828
0 0.265365 0.942708 0.048828 0.048828
0 0.310552 0.943784 0.048828 0.048828
0 0.325614 0.905052 0.048828 0.048828
0 0.335297 0.849106 0.048828 0.048828
0 0.383712 0.846954 0.048828 0.048828
0 0.437507 0.838347 0.048828 0.048828
0 0.570916 0.856637 0.048828 0.048828
0 0.537564 0.797463 0.048828 0.048828
0 0.535412 0.763035 0.048828 0.048828
0 0.597813 0.742593 0.048828 0.048828
0 0.548323 0.697406 0.048828 0.048828
0 0.514970 0.679116 0.048828 0.048828
0 0.540792 0.648991 0.048828 0.048828
0 0.579523 0.618866 0.048828 0.048828
0 0.552626 0.579059 0.048828 0.048828
0 0.521426 0.597349 0.048828 0.048828
0 0.480542 0.641460 0.048828 0.048828
0 0.443962 0.685571 0.048828 0.048828
0 0.511743 0.723227 0.048828 0.048828
0 0.471935 0.728607 0.048828 0.048828
0 0.485921 0.780249 0.048828 0.048828
0 0.439658 0.753352 0.048828 0.048828
0 0.452569 0.795312 0.048828 0.048828
0 0.408458 0.770566 0.048828 0.048828
0 0.335297 0.727531 0.048828 0.048828
0 0.324539 0.778098 0.048828 0.048828
0 0.354663 0.682344 0.048828 0.048828
0 0.393395 0.687723 0.048828 0.048828
0 0.451493 0.623170 0.048828 0.048828
0 0.443962 0.580135 0.048828 0.048828
0 0.479466 0.574755 0.048828 0.048828
0 0.475163 0.537099 0.048828 0.048828
0 0.537564 0.537099 0.048828 0.048828
0 0.508515 0.509126 0.048828 0.048828
0 0.464404 0.498367 0.048828 0.048828
0 0.408458 0.520961 0.048828 0.048828
0 0.432127 0.475774 0.048828 0.048828
0 0.374029 0.489760 0.048828 0.048828
0 0.385864 0.558617 0.048828 0.048828
0 0.389092 0.605956 0.048828 0.048828
0 0.353587 0.628549 0.048828 0.048828
0 0.321311 0.572603 0.048828 0.048828
0 0.230937 0.982516 0.048828 0.048828
0 0.433203 0.881383 0.048828 0.048828
0 0.471935 0.906128 0.048828 0.048828
0 0.526805 0.903976 0.048828 0.048828
0 0.353587 0.970681 0.048828 0.048828
0 0.691415 0.728607 0.048828 0.048828
0 0.792549 0.662978 0.048828 0.048828
0 0.850647 0.628549 0.048828 0.048828
0 0.834508 0.582286 0.048828 0.048828
0 0.765652 0.597349 0.048828 0.048828
0 0.796852 0.555389 0.048828 0.048828
0 0.796852 0.506974 0.048828 0.048828
0 0.845267 0.522037 0.048828 0.048828
0 0.875392 0.557541 0.048828 0.048828
0 0.922731 0.534947 0.048828 0.048828
0 0.962539 0.547858 0.048828 0.048828
0 0.924883 0.494064 0.048828 0.048828
0 0.900137 0.500519 0.048828 0.048828
0 0.867861 0.477925 0.048828 0.048828
0 0.811915 0.477925 0.048828 0.048828
0 0.674201 0.693103 0.048828 0.048828
0 0.736603 0.560769 0.048828 0.048828
0 0.762424 0.458560 0.048828 0.048828
0 0.716161 0.481153 0.048828 0.048828
0 0.725844 0.430587 0.048828 0.048828
0 0.687112 0.453180 0.048828 0.048828
0 0.677429 0.498367 0.048828 0.048828
0 0.641925 0.466091 0.048828 0.048828
0 0.641925 0.509126 0.048828 0.048828
0 0.611800 0.545706 0.048828 0.048828
0 0.672050 0.562920 0.048828 0.048828
0 0.606421 0.473622 0.048828 0.048828
0 0.574144 0.498367 0.048828 0.048828
0 0.535412 0.494064 0.048828 0.048828
0 0.537564 0.461787 0.048828 0.048828
0 0.480542 0.431662 0.048828 0.048828
0 0.535412 0.413372 0.048828 0.048828
0 0.601041 0.416600 0.048828 0.048828
0 0.637621 0.413372 0.048828 0.048828
0 0.678505 0.417676 0.048828 0.048828
0 0.705402 0.394006 0.048828 0.048828
0 0.750589 0.383248 0.048828 0.048828
0 0.780714 0.418752 0.048828 0.048828
0 0.818370 0.442421 0.048828 0.048828
0 0.866785 0.439194 0.048828 0.048828
0 0.905517 0.448877 0.048828 0.048828
0 0.919503 0.403689 0.048828 0.048828
0 0.947476 0.423055 0.048828 0.048828
0 0.977601 0.446725 0.048828 0.048828
0 0.960387 0.347743 0.048828 0.048828
0 0.950704 0.305784 0.048828 0.048828
0 0.978677 0.282114 0.048828 0.048828
0 0.909820 0.319770 0.048828 0.048828
0 0.887227 0.359578 0.048828 0.048828
0 0.857102 0.349895 0.048828 0.048828
0 0.868937 0.396158 0.048828 0.048828
0 0.836660 0.397234 0.048828 0.048828
0 0.797928 0.370337 0.048828 0.048828
0 0.810839 0.325150 0.048828 0.048828
0 0.853874 0.293949 0.048828 0.048828
0 0.817294 0.273507 0.048828 0.048828
0 0.791473 0.255217 0.048828 0.048828
0 0.768879 0.328377 0.048828 0.048828
0 0.749513 0.290721 0.048828 0.048828
0 0.706478 0.347743 0.048828 0.048828
0 0.662367 0.375716 0.048828 0.048828
0 0.619331 0.371413 0.048828 0.048828
0 0.574144 0.375716 0.048828 0.048828
0 0.597813 0.331605 0.048828 0.048828
0 0.653760 0.328377 0.048828 0.048828
0 0.692491 0.286418 0.048828 0.048828
0 0.694643 0.236927 0.048828 0.048828
0 0.660215 0.268128 0.048828 0.048828
0 0.629014 0.286418 0.048828 0.048828
0 0.733375 0.244458 0.048828 0.048828
0 0.982811 0.229044 0.048828 0.048828
0 0.940734 0.254063 0.048828 0.048828
0 0.902068 0.273396 0.048828 0.048828
0 0.931636 0.218809 0.048828 0.048828
0 0.892970 0.234731 0.048828 0.048828
0 0.845207 0.239279 0.048828 0.048828
0 0.986223 0.181281 0.048828 0.048828
0 0.982811 0.102813 0.048828 0.048828
0 0.952106 0.160811 0.048828 0.048828
0 0.952106 0.070970 0.048828 0.048828
0 0.957792 0.019795 0.048828 0.048828
0 0.912303 0.011835 0.048828 0.048828
0 0.862265 0.003874 0.048828 0.048828
0 0.894108 0.043677 0.048828 0.048828
0 0.914578 0.086892 0.048828 0.048828
0 0.917989 0.140341 0.048828 0.048828
0 0.908892 0.169909 0.048828 0.048828
0 0.874775 0.134655 0.048828 0.048828
0 0.866814 0.088029 0.048828 0.048828
0 0.839521 0.053912 0.048828 0.048828
0 0.821325 0.011835 0.048828 0.048828
0 0.769013 0.002737 0.048828 0.048828
0 0.776974 0.051638 0.048828 0.048828
0 0.815639 0.091440 0.048828 0.048828
0 0.774699 0.115322 0.048828 0.048828
0 0.820188 0.139204 0.048828 0.048828
0 0.812228 0.193791 0.048828 0.048828
0 0.854305 0.169909 0.048828 0.048828
0 0.779248 0.213123 0.048828 0.048828
0 0.756504 0.158537 0.048828 0.048828
0 0.737171 0.198339 0.048828 0.048828
0 0.676898 0.199477 0.048828 0.048828
0 0.704192 0.152850 0.048828 0.048828
0 0.721250 0.115322 0.048828 0.048828
0 0.733759 0.065284 0.048828 0.048828
0 0.745132 0.030030 0.048828 0.048828
0 0.606390 0.030030 0.048828 0.048828
0 0.659840 0.033442 0.048828 0.048828
0 0.697368 0.039128 0.048828 0.048828
0 0.685996 0.086892 0.048828 0.048828
0 0.646193 0.065284 0.048828 0.048828
0 0.675761 0.119871 0.048828 0.048828
0 0.629135 0.123283 0.048828 0.048828
0 0.583646 0.132380 0.048828 0.048828
0 0.595018 0.076657 0.048828 0.048828
0 0.568862 0.039128 0.048828 0.048828
0 0.504040 0.034579 0.048828 0.048828
0 0.548392 0.109636 0.048828 0.048828
0 0.643919 0.169909 0.048828 0.048828
0 0.577960 0.176732 0.048828 0.048828
0 0.866814 0.198339 0.048828 0.048828
0 0.631409 0.221084 0.048828 0.048828
0 0.593881 0.218809 0.048828 0.048828
0 0.546118 0.235868 0.048828 0.048828
0 0.505178 0.210849 0.048828 0.048828
0 0.505178 0.160811 0.048828 0.048828
0 0.500629 0.285906 0.048828 0.048828
0 0.558627 0.269984 0.048828 0.048828
0 0.598430 0.258612 0.048828 0.048828
0 0.598430 0.289317 0.048828 0.048828
0 0.565450 0.308650 0.048828 0.048828
0 0.546118 0.359825 0.048828 0.048828
0 0.524510 0.382569 0.048828 0.048828
0 0.504040 0.343904 0.048828 0.048828
0 0.382358 0.454214 0.048828 0.048828
0 0.431258 0.443979 0.048828 0.048828
0 0.369848 0.418961 0.048828 0.048828
0 0.405102 0.403039 0.048828 0.048828
0 0.452865 0.381432 0.048828 0.048828
0 0.477884 0.363237 0.048828 0.048828
0 0.457414 0.323434 0.048828 0.048828
0 0.419886 0.349590 0.048828 0.048828
0 0.407376 0.301827 0.048828 0.048828
0 0.373260 0.301827 0.048828 0.048828
0 0.365299 0.367786 0.048828 0.048828
0 0.344829 0.326846 0.048828 0.048828
0 0.319810 0.360962 0.048828 0.048828
0 0.284556 0.334806 0.048828 0.048828
0 0.237930 0.290454 0.048828 0.048828
0 0.281145 0.217672 0.048828 0.048828
0 0.333457 0.251789 0.048828 0.048828
0 0.377809 0.225633 0.048828 0.048828
0 0.431258 0.243828 0.048828 0.048828
0 0.468786 0.246103 0.048828 0.048828
0 0.434670 0.213123 0.048828 0.048828
0 0.460826 0.190379 0.048828 0.048828
0 0.341418 0.185830 0.048828 0.048828
0 0.397141 0.175595 0.048828 0.048828
0 0.427846 0.155125 0.048828 0.048828
0 0.469924 0.130106 0.048828 0.048828
0 0.476747 0.073245 0.048828 0.048828
0 0.447179 0.036854 0.048828 0.048828
0 0.422160 0.068696 0.048828 0.048828
0 0.443768 0.099401 0.048828 0.048828
0 0.401690 0.124420 0.048828 0.048828
0 0.352790 0.142615 0.048828 0.048828
0 0.325496 0.141478 0.048828 0.048828
0 0.285694 0.143753 0.048828 0.048828
0 0.249303 0.181281 0.048828 0.048828
0 0.217460 0.222221 0.048828 0.048828
0 0.157188 0.209712 0.048828 0.048828
0 0.087817 0.114185 0.048828 0.048828
0 0.113973 0.127832 0.048828 0.048828
0 0.074170 0.065284 0.048828 0.048828
0 0.050289 0.023207 0.048828 0.048828
0 0.010486 0.019795 0.048828 0.048828
0 0.111699 0.069833 0.048828 0.048828
0 0.161736 0.142615 0.048828 0.048828
0 0.204951 0.121008 0.048828 0.048828
0 0.159462 0.092578 0.048828 0.048828
0 0.169697 0.047089 0.048828 0.048828
0 0.218598 0.065284 0.048828 0.048828
0 0.242479 0.094852 0.048828 0.048828
0 0.294791 0.091440 0.048828 0.048828
0 0.348241 0.102813 0.048828 0.048828
0 0.372123 0.058461 0.048828 0.048828
0 0.407376 0.025482 0.048828 0.048828
0 0.348241 0.023207 0.048828 0.048828
0 0.270910 0.015247 0.048828 0.048828
0 0.218598 0.015247 0.048828 0.048828
0 0.177658 0.006149 0.048828 0.048828
0 0.131031 0.003874 0.048828 0.048828
0 0.004800 0.268847 0.048828 0.048828
0 0.010985 0.912268 0.048828 0.048828
0 0.125689 0.913557 0.048828 0.048828