0 0.966082 0.223658 0.048828 0.048828
0 0.959504 0.256549 0.048828 0.048828
0 0.918719 0.226289 0.048828 0.048828
0 0.895038 0.265758 0.048828 0.048828
0 0.854253 0.228921 0.048828 0.048828
0 0.834519 0.269705 0.048828 0.048828
0 0.858200 0.293387 0.048828 0.048828
0 0.823994 0.236814 0.048828 0.048828
0 0.746371 0.222342 0.048828 0.048828
0 0.764790 0.243393 0.048828 0.048828
0 0.779262 0.264443 0.048828 0.048828
0 0.772684 0.302596 0.048828 0.048828
0 0.802943 0.301280 0.048828 0.048828
0 0.710849 0.299965 0.048828 0.048828
0 0.721374 0.232867 0.048828 0.048828
0 0.684536 0.264443 0.048828 0.048828
0 0.677958 0.232867 0.048828 0.048828
0 0.646383 0.217080 0.048828 0.048828
0 0.609545 0.249971 0.048828 0.048828
0 0.585864 0.251286 0.048828 0.048828
0 0.610861 0.282862 0.048828 0.048828
0 0.620070 0.319699 0.048828 0.048828
0 0.584548 0.221027 0.048828 0.048828
0 0.526660 0.223658 0.048828 0.048828
0 0.422725 0.221027 0.048828 0.048828
0 0.442459 0.244708 0.048828 0.048828
0 0.460878 0.239446 0.048828 0.048828
0 0.487191 0.242077 0.048828 0.048828
0 0.535869 0.271021 0.048828 0.048828
0 0.410884 0.281546 0.048828 0.048828
0 0.384571 0.256549 0.048828 0.048828
0 0.367468 0.215764 0.048828 0.048828
0 0.330630 0.228921 0.048828 0.048828
0 0.264849 0.214449 0.048828 0.048828
0 0.304318 0.281546 0.048828 0.048828
0 0.264849 0.280230 0.048828 0.048828
0 0.218801 0.256549 0.048828 0.048828
0 0.221433 0.211817 0.048828 0.048828
0 0.206961 0.290755 0.048828 0.048828
0 0.145126 0.277599 0.048828 0.048828
0 0.180648 0.235499 0.048828 0.048828
0 0.134601 0.244708 0.048828 0.048828
0 0.099079 0.219711 0.048828 0.048828
0 0.104341 0.273652 0.048828 0.048828
0 0.043822 0.294702 0.048828 0.048828
0 0.046453 0.255233 0.048828 0.048828
0 0.021456 0.259180 0.048828 0.048828
0 0.045138 0.210502 0.048828 0.048828
0 0.003037 0.215764 0.048828 0.048828
0 0.027184 0.854486 0.048828 0.048828
0 0.013290 0.468429 0.048828 0.048828
0 0.009321 0.416822 0.048828 0.048828
0 0.025200 0.343382 0.048828 0.048828
0 0.083753 0.315594 0.048828 0.048828
0 0.114519 0.318571 0.048828 0.048828
0 0.142307 0.336435 0.048828 0.048828
0 0.097647 0.359261 0.048828 0.048828
0 0.053980 0.393004 0.048828 0.048828
0 0.082761 0.400943 0.048828 0.048828
0 0.060927 0.442626 0.048828 0.048828
0 0.014283 0.517058 0.048828 0.048828
0 0.039094 0.547824 0.048828 0.048828
0 0.077799 0.502172 0.048828 0.048828
0 0.110549 0.466444 0.048828 0.048828
0 0.108564 0.408883 0.048828 0.048828
0 0.142307 0.382087 0.048828 0.048828
0 0.182997 0.363231 0.048828 0.048828
0 0.197883 0.326511 0.048828 0.048828
0 0.239565 0.319564 0.048828 0.048828
0 0.277278 0.320556 0.048828 0.048828
0 0.313998 0.337428 0.048828 0.048828
0 0.371559 0.302692 0.048828 0.048828
0 0.406294 0.326511 0.048828 0.048828
0 0.407287 0.371170 0.048828 0.048828
0 0.352703 0.361246 0.048828 0.048828
0 0.077799 0.821735 0.048828 0.048828
0 0.061920 0.783030 0.048828 0.048828
0 0.040086 0.773106 0.048828 0.048828
0 0.055965 0.724477 0.048828 0.048828
0 0.010313 0.702643 0.048828 0.048828
0 0.047033 0.670885 0.048828 0.048828
0 0.055965 0.630196 0.048828 0.048828
0 0.026192 0.612332 0.048828 0.048828
0 0.054973 0.578589 0.048828 0.048828
0 0.102609 0.596453 0.048828 0.048828
0 0.092685 0.540877 0.048828 0.048828
0 0.141314 0.552786 0.048828 0.048828
0 0.105587 0.657984 0.048828 0.048828
0 0.151239 0.611339 0.048828 0.048828
0 0.180019 0.604392 0.048828 0.048828
0 0.224679 0.575612 0.048828 0.048828
0 0.195898 0.543854 0.048828 0.048828
0 0.168110 0.507134 0.048828 0.048828
0 0.138337 0.507134 0.048828 0.048828
0 0.159178 0.469421 0.048828 0.048828
0 0.211777 0.490262 0.048828 0.048828
0 0.194906 0.445603 0.048828 0.048828
0 0.180019 0.401936 0.048828 0.048828
0 0.210785 0.419800 0.048828 0.048828
0 0.217732 0.370178 0.048828 0.048828
0 0.245520 0.394989 0.048828 0.048828
0 0.282240 0.371170 0.048828 0.048828
0 0.244528 0.438656 0.048828 0.048828
0 0.283232 0.422777 0.048828 0.048828
0 0.338809 0.397966 0.048828 0.048828
0 0.247505 0.507134 0.048828 0.048828
0 0.267354 0.477361 0.048828 0.048828
0 0.305066 0.458505 0.048828 0.048828
0 0.338809 0.459497 0.048828 0.048828
0 0.324915 0.502172 0.048828 0.048828
0 0.377514 0.492247 0.048828 0.048828
0 0.359650 0.426747 0.048828 0.048828
0 0.388430 0.452550 0.048828 0.048828
0 0.284225 0.543854 0.048828 0.048828
0 0.337816 0.532937 0.048828 0.048828
0 0.392400 0.524998 0.048828 0.048828
0 0.427135 0.512096 0.048828 0.048828
0 0.454924 0.502172 0.048828 0.048828
0 0.433090 0.449573 0.048828 0.048828
0 0.441029 0.400943 0.048828 0.048828
0 0.421181 0.551793 0.048828 0.048828
0 0.378506 0.554771 0.048828 0.048828
0 0.318960 0.569657 0.048828 0.048828
0 0.274301 0.585536 0.048828 0.048828
0 0.254452 0.627218 0.048828 0.048828
0 0.172080 0.645082 0.048828 0.048828
0 0.137345 0.680810 0.048828 0.048828
0 0.089708 0.709590 0.048828 0.048828
0 0.134367 0.725469 0.048828 0.048828
0 0.090700 0.771121 0.048828 0.048828
0 0.107572 0.823720 0.048828 0.048828
0 0.112534 0.855478 0.048828 0.048828
0 0.065889 0.871357 0.048828 0.048828
0 0.033139 0.903115 0.048828 0.048828
0 0.157193 0.827690 0.048828 0.048828
0 0.138337 0.779061 0.048828 0.048828
0 0.174065 0.776083 0.048828 0.048828
0 0.182997 0.728447 0.048828 0.048828
0 0.214755 0.740356 0.048828 0.048828
0 0.215747 0.660961 0.048828 0.048828
0 0.263384 0.673863 0.048828 0.048828
0 0.306058 0.628211 0.048828 0.048828
0 0.303081 0.679817 0.048828 0.048828
0 0.347741 0.674855 0.048828 0.048828
0 0.329877 0.725469 0.048828 0.048828
0 0.283232 0.736386 0.048828 0.048828
0 0.268346 0.773106 0.048828 0.048828
0 0.314990 0.789978 0.048828 0.048828
0 0.266361 0.821735 0.048828 0.048828
0 0.227656 0.781046 0.048828 0.048828
0 0.200860 0.819751 0.048828 0.048828
0 0.235596 0.861433 0.048828 0.048828
0 0.267354 0.872350 0.048828 0.048828
0 0.187959 0.867387 0.048828 0.048828
0 0.248497 0.927926 0.048828 0.048828
0 0.189944 0.921971 0.048828 0.048828
0 0.149254 0.883266 0.048828 0.048828
0 0.116504 0.902123 0.048828 0.048828
0 0.078791 0.917009 0.048828 0.048828
0 0.079783 0.954722 0.048828 0.048828
0 0.137345 0.939835 0.048828 0.048828
0 0.030162 0.966631 0.048828 0.048828
0 0.063905 0.997396 0.048828 0.048828
0 0.113526 0.995411 0.048828 0.048828
0 0.157193 0.984495 0.048828 0.048828
0 0.280255 0.968616 0.048828 0.048828
0 0.212770 0.986479 0.048828 0.048828
0 0.228649 0.961669 0.048828 0.048828
0 0.308043 0.938843 0.048828 0.048828
0 0.311021 0.893191 0.048828 0.048828
0 0.319953 0.856471 0.048828 0.048828
0 0.361635 0.955714 0.048828 0.048828
0 0.358657 0.913039 0.048828 0.048828
0 0.354688 0.875327 0.048828 0.048828
0 0.395378 0.885251 0.048828 0.048828
0 0.369574 0.817766 0.048828 0.048828
0 0.412249 0.839599 0.048828 0.048828
0 0.444007 0.789978 0.048828 0.048828
0 0.408279 0.775091 0.048828 0.048828
0 0.447977 0.755242 0.048828 0.048828
0 0.362627 0.773106 0.048828 0.048828
0 0.375529 0.738371 0.048828 0.048828
0 0.403317 0.703636 0.048828 0.048828
0 0.433090 0.699666 0.048828 0.048828
0 0.382476 0.662946 0.048828 0.048828
0 0.347741 0.604392 0.048828 0.048828
0 0.397362 0.591491 0.048828 0.048828
0 0.363620 0.634165 0.048828 0.048828
0 0.454924 0.635158 0.048828 0.048828
0 0.456908 0.580574 0.048828 0.048828
0 0.404309 0.980525 0.048828 0.048828
0 0.435075 0.943805 0.048828 0.048828
0 0.400340 0.934873 0.048828 0.048828
0 0.433090 0.877312 0.048828 0.048828
0 0.865408 0.325916 0.048828 0.048828
0 0.862116 0.370908 0.048828 0.048828
0 0.807248 0.344572 0.048828 0.048828
0 0.779814 0.361032 0.048828 0.048828
0 0.813832 0.384077 0.048828 0.048828
0 0.829195 0.422484 0.048828 0.048828
0 0.880771 0.418095 0.048828 0.048828
0 0.911497 0.448821 0.048828 0.048828
0 0.932347 0.411511 0.048828 0.048828
0 0.913692 0.372006 0.048828 0.048828
0 0.903816 0.313845 0.048828 0.048828
0 0.945516 0.311651 0.048828 0.048828
0 0.948808 0.353350 0.048828 0.048828
0 0.676662 0.341279 0.048828 0.048828
0 0.732628 0.345669 0.048828 0.048828
0 0.741406 0.390661 0.048828 0.048828
0 0.690928 0.395050 0.048828 0.048828
0 0.755672 0.429068 0.048828 0.048828
0 0.805053 0.455405 0.048828 0.048828
0 0.795177 0.490521 0.048828 0.048828
0 0.803956 0.536610 0.048828 0.048828
0 0.853337 0.513565 0.048828 0.048828
0 0.865408 0.471865 0.048828 0.048828
0 0.899427 0.481742 0.048828 0.048828
0 0.893940 0.509176 0.048828 0.048828
0 0.933280 0.517256 0.048828 0.048828
0 0.962890 0.482094 0.048828 0.048828
0 0.998052 0.436753 0.048828 0.048828
0 0.979546 0.377532 0.048828 0.048828
0 0.994351 0.332191 0.048828 0.048828
0 0.986948 0.523734 0.048828 0.048828
0 0.979546 0.561672 0.048828 0.048828
0 0.974919 0.658831 0.048828 0.048828
0 0.957338 0.615341 0.048828 0.048828
0 0.931429 0.599610 0.048828 0.048828
0 0.918474 0.551493 0.048828 0.048828
0 0.885163 0.577402 0.048828 0.048828
0 0.846299 0.554269 0.048828 0.048828
0 0.788004 0.584805 0.048828 0.048828
0 0.830569 0.607938 0.048828 0.048828
0 0.869432 0.618117 0.048828 0.048828
0 0.906445 0.631071 0.048828 0.048828
0 0.935130 0.688441 0.048828 0.048828
0 0.901819 0.674561 0.048828 0.048828
0 0.939757 0.734707 0.048828 0.048828
0 0.899968 0.714350 0.048828 0.048828
0 0.960114 0.777272 0.048828 0.048828
0 0.908296 0.759691 0.048828 0.048828
0 0.856478 0.731006 0.048828 0.048828
0 0.821315 0.684740 0.048828 0.048828
0 0.814838 0.643100 0.048828 0.048828
0 0.843523 0.776347 0.048828 0.048828
0 0.840747 0.811509 0.048828 0.048828
0 0.815763 0.744886 0.048828 0.048828
0 0.789854 0.699545 0.048828 0.048828
0 0.782452 0.673636 0.048828 0.048828
0 0.770422 0.640324 0.048828 0.048828
0 0.749140 0.614415 0.048828 0.048828
0 0.738961 0.580178 0.048828 0.048828
0 0.763020 0.532061 0.048828 0.048828
0 0.738036 0.471915 0.048828 0.048828
0 0.868507 0.836493 0.048828 0.048828
0 0.924952 0.853149 0.048828 0.048828
0 0.902744 0.805957 0.048828 0.048828
0 0.955487 0.814285 0.048828 0.048828
0 0.982322 0.854074 0.048828 0.048828
0 0.985098 0.891087 0.048828 0.048828
0 0.972143 0.936428 0.048828 0.048828
0 0.953637 0.995649 0.048828 0.048828
0 0.866656 0.972516 0.048828 0.048828
0 0.928653 0.957711 0.048828 0.048828
0 0.940682 0.899415 0.048828 0.048828
0 0.875909 0.909594 0.048828 0.048828
0 0.836121 0.888311 0.048828 0.048828
0 0.805585 0.871655 0.048828 0.048828
0 0.754692 0.858701 0.048828 0.048828
0 0.762095 0.824464 0.048828 0.048828
0 0.750991 0.767094 0.048828 0.048828
0 0.472468 0.278523 0.048828 0.048828
0 0.459514 0.320162 0.048828 0.048828
0 0.500228 0.312760 0.048828 0.048828
0 0.522436 0.337743 0.048828 0.048828
0 0.561299 0.315536 0.048828 0.048828
0 0.594611 0.355325 0.048828 0.048828
0 0.608491 0.386786 0.048828 0.048828
0 0.576104 0.400665 0.048828 0.048828
0 0.550195 0.363652 0.048828 0.048828
0 0.513182 0.380308 0.048828 0.048828
0 0.455812 0.380308 0.048828 0.048828
0 0.524286 0.428425 0.048828 0.048828
0 0.614968 0.437678 0.048828 0.048828
0 0.577030 0.447857 0.048828 0.048828
0 0.658458 0.487646 0.048828 0.048828
0 0.681591 0.514480 0.048828 0.048828
0 0.682517 0.547792 0.048828 0.048828
0 0.701948 0.608863 0.048828 0.048828
0 0.689919 0.633847 0.048828 0.048828
0 0.651056 0.597759 0.048828 0.048828
0 0.648280 0.641250 0.048828 0.048828
0 0.633474 0.670860 0.048828 0.048828
0 0.673263 0.681964 0.048828 0.048828
0 0.729708 0.644026 0.048828 0.048828
0 0.734335 0.698620 0.048828 0.048828
0 0.703799 0.708798 0.048828 0.048828
0 0.727858 0.743035 0.048828 0.048828
0 0.685293 0.743035 0.048828 0.048828
0 0.709351 0.782824 0.048828 0.048828
0 0.685293 0.804107 0.048828 0.048828
0 0.621445 0.778198 0.048828 0.048828
0 0.629773 0.715276 0.048828 0.048828
0 0.593686 0.718977 0.048828 0.048828
0 0.541867 0.698620 0.048828 0.048828
0 0.483572 0.706948 0.048828 0.048828
0 0.484497 0.669009 0.048828 0.048828
0 0.503004 0.646802 0.048828 0.048828
0 0.535390 0.612565 0.048828 0.048828
0 0.540942 0.661607 0.048828 0.048828
0 0.585358 0.664383 0.048828 0.048828
0 0.593686 0.624594 0.048828 0.048828
0 0.607565 0.566298 0.048828 0.048828
0 0.623296 0.522808 0.048828 0.048828
0 0.591835 0.523734 0.048828 0.048828
0 0.593686 0.481169 0.048828 0.048828
0 0.553897 0.466363 0.048828 0.048828
0 0.514108 0.480243 0.048828 0.048828
0 0.487273 0.514480 0.048828 0.048828
0 0.506705 0.555195 0.048828 0.048828
0 0.509481 0.589432 0.048828 0.048828
0 0.553897 0.574626 0.048828 0.048828
0 0.515033 0.751363 0.048828 0.048828
0 0.505780 0.786526 0.048828 0.048828
0 0.536315 0.795779 0.048828 0.048828
0 0.589984 0.820763 0.048828 0.048828
0 0.565926 0.863328 0.048828 0.048828
0 0.525212 0.847597 0.048828 0.048828
0 0.491900 0.872581 0.048828 0.048828
0 0.477095 0.944756 0.048828 0.048828
0 0.491900 0.918847 0.048828 0.048828
0 0.531689 0.919772 0.048828 0.048828
0 0.572403 0.929026 0.048828 0.048828
0 0.542793 0.969740 0.048828 0.048828
0 0.586283 0.966039 0.048828 0.048828
0 0.635325 0.954009 0.048828 0.048828
0 0.671413 0.962337 0.048828 0.048828
0 0.620520 0.893863 0.048828 0.048828
0 0.659384 0.889237 0.048828 0.048828
0 0.622371 0.843896 0.048828 0.048828
0 0.665861 0.843896 0.048828 0.048828
0 0.716754 0.830941 0.048828 0.048828
0 0.716754 0.881834 0.048828 0.048828
0 0.708426 0.914220 0.048828 0.048828
0 0.738036 0.937354 0.048828 0.048828
0 0.728783 0.975292 0.048828 0.048828
0 0.773198 0.993798 0.048828 0.048828
0 0.818539 0.989172 0.048828 0.048828
0 0.788929 0.938279 0.048828 0.048828
0 0.825942 0.933652 0.048828 0.048828