0 0.255674 0.390000 0.048828 0.048828
0 0.311181 0.395286 0.048828 0.048828
0 0.385190 0.396608 0.048828 0.048828
0 0.492240 0.388678 0.048828 0.048828
0 0.463165 0.375462 0.048828 0.048828
0 0.542460 0.376784 0.048828 0.048828
0 0.576822 0.387356 0.048828 0.048828
0 0.611183 0.387356 0.048828 0.048828
0 0.679906 0.390000 0.048828 0.048828
0 0.722198 0.387356 0.048828 0.048828
0 0.759202 0.378105 0.048828 0.048828
0 0.806780 0.379427 0.048828 0.048828
0 0.912508 0.379427 0.048828 0.048828
0 0.945547 0.378105 0.048828 0.048828
0 0.978587 0.372819 0.048828 0.048828
0 0.952735 0.332160 0.048828 0.048828
0 0.958693 0.305351 0.048828 0.048828
0 0.894152 0.362941 0.048828 0.048828
0 0.856421 0.362941 0.048828 0.048828
0 0.856421 0.344075 0.048828 0.048828
0 0.889187 0.324217 0.048828 0.048828
0 0.906067 0.287478 0.048828 0.048828
0 0.883230 0.286485 0.048828 0.048828
0 0.849470 0.293436 0.048828 0.048828
0 0.823654 0.326202 0.048828 0.048828
0 0.794859 0.281520 0.048828 0.048828
0 0.761099 0.305351 0.048828 0.048828
0 0.784929 0.263648 0.048828 0.048828
0 0.837555 0.256697 0.048828 0.048828
0 0.741240 0.263648 0.048828 0.048828
0 0.765071 0.350033 0.048828 0.048828
0 0.736275 0.351026 0.048828 0.048828
0 0.700530 0.333153 0.048828 0.048828
0 0.708473 0.293436 0.048828 0.048828
0 0.671735 0.307337 0.048828 0.048828
0 0.630031 0.304358 0.048828 0.048828
0 0.644925 0.354998 0.048828 0.048828
0 0.597264 0.338118 0.048828 0.048828
0 0.583363 0.295421 0.048828 0.048828
0 0.556554 0.343082 0.048828 0.048828
0 0.517830 0.341096 0.048828 0.048828
0 0.478112 0.335139 0.048828 0.048828
0 0.522794 0.295421 0.048828 0.048828
0 0.482084 0.286485 0.048828 0.048828
0 0.457261 0.268612 0.048828 0.048828
0 0.428465 0.305351 0.048828 0.048828
0 0.385769 0.325210 0.048828 0.048828
0 0.399670 0.364927 0.048828 0.048828
0 0.342080 0.367906 0.048828 0.048828
0 0.314278 0.333153 0.048828 0.048828
0 0.343073 0.314287 0.048828 0.048828
0 0.385769 0.274570 0.048828 0.048828
0 0.283497 0.367906 0.048828 0.048828
0 0.278532 0.282513 0.048828 0.048828
0 0.250730 0.319252 0.048828 0.048828
0 0.281511 0.222456 0.048828 0.048828
0 0.282514 0.181334 0.048828 0.048828
0 0.275493 0.138207 0.048828 0.048828
0 0.207292 0.046937 0.048828 0.048828
0 0.244401 0.036907 0.048828 0.048828
0 0.336674 0.256557 0.048828 0.048828
0 0.358739 0.226468 0.048828 0.048828
0 0.400864 0.228474 0.048828 0.048828
0 0.331659 0.203399 0.048828 0.048828
0 0.319624 0.162278 0.048828 0.048828
0 0.327647 0.110124 0.048828 0.048828
0 0.316615 0.025875 0.048828 0.048828
0 0.353725 0.026878 0.048828 0.048828
0 0.419920 0.180331 0.048828 0.048828
0 0.450009 0.200391 0.048828 0.048828
0 0.479095 0.249536 0.048828 0.048828
0 0.543285 0.252545 0.048828 0.048828
0 0.535261 0.164284 0.048828 0.048828
0 0.597445 0.104106 0.048828 0.048828
0 0.622519 0.058972 0.048828 0.048828
0 0.577386 0.061981 0.048828 0.048828
0 0.550306 0.019857 0.048828 0.048828
0 0.497149 0.069002 0.048828 0.048828
0 0.507178 0.029886 0.048828 0.048828
0 0.454021 0.029886 0.048828 0.048828
0 0.630543 0.007821 0.048828 0.048828
0 0.710780 0.020860 0.048828 0.048828
0 0.738863 0.017851 0.048828 0.048828
0 0.782994 0.043928 0.048828 0.048828
0 0.746887 0.057970 0.048828 0.048828
0 0.711783 0.084047 0.048828 0.048828
0 0.661635 0.036907 0.048828 0.048828
0 0.654614 0.095079 0.048828 0.048828
0 0.637564 0.130183 0.048828 0.048828
0 0.682697 0.133192 0.048828 0.048828
0 0.722816 0.125168 0.048828 0.048828
0 0.756916 0.094076 0.048828 0.048828
0 0.796032 0.096082 0.048828 0.048828
0 0.770958 0.129180 0.048828 0.048828
0 0.763937 0.153251 0.048828 0.048828
0 0.759925 0.203399 0.048828 0.048828
0 0.715795 0.218444 0.048828 0.048828
0 0.717801 0.161275 0.048828 0.048828
0 0.668656 0.178325 0.048828 0.048828
0 0.671664 0.233488 0.048828 0.048828
0 0.629540 0.254551 0.048828 0.048828
0 0.631546 0.205405 0.048828 0.048828
0 0.894323 0.242515 0.048828 0.048828
0 0.828127 0.214432 0.048828 0.048828
0 0.861225 0.217441 0.048828 0.048828
0 0.829130 0.155257 0.048828 0.048828
0 0.886299 0.180331 0.048828 0.048828
0 0.885296 0.121156 0.048828 0.048828
0 0.918394 0.137204 0.048828 0.048828
0 0.955503 0.114136 0.048828 0.048828
0 0.954501 0.184343 0.048828 0.048828
0 0.993616 0.164284 0.048828 0.048828
0 0.972554 0.240509 0.048828 0.048828
0 0.994619 0.223459 0.048828 0.048828
0 0.366763 0.143222 0.048828 0.048828
0 0.990654 0.049733 0.048828 0.048828
0 0.949412 0.057982 0.048828 0.048828
0 0.894031 0.063873 0.048828 0.048828
0 0.829222 0.057982 0.048828 0.048828
0 0.892852 0.007313 0.048828 0.048828
0 0.935272 0.007313 0.048828 0.048828
0 0.972979 0.007313 0.048828 0.048828
0 0.098140 0.392775 0.048828 0.048828
0 0.119946 0.356431 0.048828 0.048828
0 0.089417 0.337532 0.048828 0.048828
0 0.066157 0.317180 0.048828 0.048828
0 0.098140 0.293919 0.048828 0.048828
0 0.096686 0.200879 0.048828 0.048828
0 0.090871 0.158720 0.048828 0.048828
0 0.054527 0.144183 0.048828 0.048828
0 0.051619 0.180526 0.048828 0.048828
0 0.010914 0.155813 0.048828 0.048828
0 0.023998 0.229954 0.048828 0.048828
0 0.025452 0.286651 0.048828 0.048828
0 0.018183 0.344801 0.048828 0.048828
0 0.034174 0.388414 0.048828 0.048828
0 0.044351 0.093301 0.048828 0.048828
0 0.083602 0.083125 0.048828 0.048828
0 0.131576 0.054050 0.048828 0.048828
0 0.169179 0.142219 0.048828 0.048828
0 0.160152 0.086053 0.048828 0.048828
0 0.232366 0.119150 0.048828 0.048828
0 0.311600 0.074017 0.048828 0.048828
0 0.402870 0.038913 0.048828 0.048828
0 0.389831 0.090064 0.048828 0.048828
0 0.434965 0.065993 0.048828 0.048828
0 0.434965 0.119150 0.048828 0.048828
0 0.458033 0.088058 0.048828 0.048828
0 0.487119 0.108118 0.048828 0.048828
0 0.487119 0.150242 0.048828 0.048828
0 0.512193 0.184343 0.048828 0.048828
0 0.492134 0.211423 0.048828 0.048828
0 0.530246 0.216438 0.048828 0.048828
0 0.597445 0.254551 0.048828 0.048828
0 0.587415 0.204402 0.048828 0.048828
0 0.608478 0.167293 0.048828 0.048828
0 0.573374 0.144224 0.048828 0.048828
0 0.523226 0.104106 0.048828 0.048828