0 0.827515 0.011371 0.048828 0.048828
0 0.756062 0.030425 0.048828 0.048828
0 0.879913 0.035188 0.048828 0.048828
0 0.879913 0.049479 0.048828 0.048828
0 0.932311 0.060593 0.048828 0.048828
0 0.837755 0.077840 0.048828 0.048828
0 0.830597 0.144646 0.048828 0.048828
0 0.908140 0.138681 0.048828 0.048828
0 0.964209 0.112436 0.048828 0.048828
0 0.998804 0.205487 0.048828 0.048828
0 0.963016 0.218609 0.048828 0.048828
0 0.933192 0.228153 0.048828 0.048828
0 0.899789 0.211451 0.048828 0.048828
0 0.908140 0.242468 0.048828 0.048828
0 0.835369 0.218609 0.048828 0.048828
0 0.819861 0.329554 0.048828 0.048828
0 0.778107 0.240082 0.048828 0.048828
0 0.708915 0.193557 0.048828 0.048828
0 0.695793 0.315239 0.048828 0.048828
0 0.537129 0.131523 0.048828 0.048828
0 0.524007 0.162540 0.048828 0.048828
0 0.984489 0.303309 0.048828 0.048828
0 0.943928 0.320011 0.048828 0.048828
0 0.816282 0.454815 0.048828 0.048828
0 0.858035 0.448850 0.048828 0.048828
0 0.916490 0.438114 0.048828 0.048828
0 0.982103 0.423798 0.048828 0.048828
0 0.951086 0.513270 0.048828 0.048828
0 0.990454 0.821054 0.048828 0.048828
0 0.957051 0.770949 0.048828 0.048828
0 0.972559 0.688635 0.048828 0.048828
0 0.570532 0.111243 0.048828 0.048828
0 0.885473 0.162540 0.048828 0.048828
0 0.404711 0.173277 0.048828 0.048828