0 0.625739 0.207870 0.048828 0.048828
0 0.567851 0.203923 0.048828 0.048828
0 0.170529 0.203923 0.048828 0.048828
0 0.091591 0.210502 0.048828 0.048828
0 0.088960 0.253918 0.048828 0.048828
0 0.004759 0.219711 0.048828 0.048828
0 0.013227 0.986647 0.048828 0.048828
0 0.018371 0.842611 0.048828 0.048828
0 0.012198 0.918745 0.048828 0.048828
0 0.044092 0.914629 0.048828 0.048828
0 0.046149 0.959898 0.048828 0.048828
0 0.080101 0.926975 0.048828 0.048828
0 0.086274 0.994878 0.048828 0.048828
0 0.104792 0.950638 0.048828 0.048828
0 0.117138 0.991791 0.048828 0.048828
0 0.152119 0.928004 0.048828 0.048828
0 0.134629 0.901254 0.048828 0.048828
0 0.103764 0.906399 0.048828 0.048828
0 0.116110 0.866274 0.048828 0.048828
0 0.080101 0.890966 0.048828 0.048828
0 0.083187 0.858044 0.048828 0.048828
0 0.066726 0.828208 0.048828 0.048828
0 0.057466 0.866274 0.048828 0.048828
0 0.039976 0.809689 0.048828 0.048828
0 0.003967 0.685200 0.048828 0.048828
0 0.034832 0.676970 0.048828 0.048828
0 0.004996 0.747959 0.048828 0.048828
0 0.060553 0.732526 0.048828 0.048828
0 0.060553 0.780881 0.048828 0.048828
0 0.084216 0.760305 0.048828 0.048828
0 0.092447 0.812775 0.048828 0.048828
0 0.122283 0.831294 0.048828 0.048828
0 0.160349 0.877591 0.048828 0.048828
0 0.136686 0.804545 0.048828 0.048828
0 0.120225 0.781910 0.048828 0.048828
0 0.106850 0.733555 0.048828 0.048828
0 0.077014 0.684171 0.048828 0.048828
0 0.114052 0.697546 0.048828 0.048828
0 0.151090 0.724296 0.048828 0.048828
0 0.142859 0.689316 0.048828 0.048828
0 0.172695 0.694460 0.048828 0.048828
0 0.199445 0.691373 0.048828 0.048828
0 0.174753 0.775737 0.048828 0.048828
0 0.202531 0.742815 0.048828 0.048828
0 0.225165 0.716065 0.048828 0.048828
0 0.249857 0.705777 0.048828 0.048828
0 0.265290 0.741786 0.048828 0.048828
0 0.185041 0.914629 0.048828 0.048828
0 0.221050 0.916687 0.048828 0.048828
0 0.232367 0.881707 0.048828 0.048828
0 0.194301 0.868332 0.048828 0.048828
0 0.181955 0.831294 0.048828 0.048828
0 0.176811 0.802487 0.048828 0.048828
0 0.256030 0.814833 0.048828 0.048828
0 0.267347 0.876563 0.048828 0.048828
0 0.301299 0.857015 0.048828 0.048828
0 0.327020 0.818948 0.048828 0.048828
0 0.271463 0.779853 0.048828 0.048828
0 0.303357 0.715036 0.048828 0.048828
0 0.291011 0.666681 0.048828 0.048828
0 0.231338 0.658451 0.048828 0.048828
0 0.186070 0.638903 0.048828 0.048828
0 0.113023 0.653307 0.048828 0.048828
0 0.070841 0.651249 0.048828 0.048828
0 0.028659 0.640961 0.048828 0.048828
0 0.004996 0.566885 0.048828 0.048828
0 0.350683 0.387869 0.048828 0.048828
0 0.304385 0.420791 0.048828 0.048828
0 0.303357 0.466060 0.048828 0.048828
0 0.285866 0.510299 0.048828 0.048828
0 0.252944 0.548366 0.048828 0.048828
0 0.210762 0.478406 0.048828 0.048828
0 0.211791 0.521616 0.048828 0.048828
0 0.196358 0.601865 0.048828 0.048828
0 0.163436 0.578202 0.048828 0.048828
0 0.212820 0.404330 0.048828 0.048828
0 0.166522 0.426964 0.048828 0.048828
0 0.185041 0.336427 0.048828 0.048828
0 0.143888 0.304533 0.048828 0.048828
0 0.114052 0.325110 0.048828 0.048828
0 0.095533 0.355975 0.048828 0.048828
0 0.111994 0.388897 0.048828 0.048828
0 0.136686 0.402272 0.048828 0.048828
0 0.090389 0.415647 0.048828 0.048828
0 0.122283 0.439310 0.048828 0.048828
0 0.080101 0.462973 0.048828 0.048828
0 0.122283 0.490752 0.048828 0.048828
0 0.121254 0.617298 0.048828 0.048828
0 0.078043 0.602894 0.048828 0.048828
0 0.078043 0.558654 0.048828 0.048828