0 0.921251 0.400814 0.048828 0.048828
0 0.787028 0.437725 0.048828 0.048828
0 0.909507 0.318603 0.048828 0.048828
0 0.951452 0.056868 0.048828 0.048828
0 0.349126 0.709527 0.048828 0.048828
0 0.287048 0.721272 0.048828 0.048828
0 0.251814 0.717916 0.048828 0.048828
0 0.219936 0.734694 0.048828 0.048828
0 0.177991 0.748116 0.048828 0.048828
0 0.120947 0.763216 0.048828 0.048828
0 0.142758 0.721272 0.048828 0.048828
0 0.152825 0.669260 0.048828 0.048828
0 0.134369 0.597115 0.048828 0.048828
0 0.481671 0.021634 0.048828 0.048828
0 0.520260 0.045123 0.048828 0.048828
0 0.641061 0.129012 0.048828 0.048828
0 0.922929 0.233035 0.048828 0.048828
0 0.974941 0.196124 0.048828 0.048828
0 0.339059 0.041768 0.048828 0.048828
0 0.079002 0.122301 0.048828 0.048828
0 0.003501 0.056868 0.048828 0.048828