0 0.676908 0.081460 0.048828 0.048828
0 0.709347 0.095517 0.048828 0.048828
0 0.728811 0.081460 0.048828 0.048828
0 0.733136 0.116062 0.048828 0.048828
0 0.684477 0.108493 0.048828 0.048828
0 0.707184 0.136607 0.048828 0.048828
0 0.673664 0.189591 0.048828 0.048828
0 0.637981 0.230680 0.048828 0.048828
0 0.575265 0.254469 0.048828 0.048828
0 0.583915 0.205810 0.048828 0.048828
0 0.667176 0.158233 0.048828 0.048828
0 0.729113 0.245485 0.048828 0.048828
0 0.769733 0.240069 0.048828 0.048828
0 0.822991 0.230140 0.048828 0.048828
0 0.847363 0.248193 0.048828 0.048828
0 0.846460 0.199449 0.048828 0.048828
0 0.887080 0.178688 0.048828 0.048828
0 0.878053 0.240972 0.048828 0.048828
0 0.874443 0.277981 0.048828 0.048828
0 0.827504 0.269857 0.048828 0.048828
0 0.839239 0.302353 0.048828 0.048828
0 0.785079 0.280689 0.048828 0.048828
0 0.800424 0.310477 0.048828 0.048828
0 0.745361 0.290619 0.048828 0.048828
0 0.710157 0.305061 0.048828 0.048828
0 0.747166 0.338460 0.048828 0.048828
0 0.689396 0.346584 0.048828 0.048828
0 0.670440 0.392620 0.048828 0.048828
0 0.646970 0.425116 0.048828 0.048828
0 0.709254 0.387204 0.048828 0.048828
0 0.699325 0.423311 0.048828 0.048828
0 0.737237 0.418798 0.048828 0.048828
0 0.759804 0.374567 0.048828 0.048828
0 0.775149 0.403452 0.048828 0.048828
0 0.796813 0.434143 0.048828 0.048828
0 0.828407 0.457612 0.048828 0.048828
0 0.813061 0.392620 0.048828 0.048828
0 0.846460 0.376372 0.048828 0.048828
0 0.886177 0.374567 0.048828 0.048828
0 0.906036 0.342071 0.048828 0.048828
0 0.971931 0.147997 0.048828 0.048828
0 0.980055 0.089324 0.048828 0.048828
0 0.822088 0.105572 0.048828 0.048828
0 0.785079 0.117306 0.048828 0.048828
0 0.496225 0.346584 0.048828 0.048828
0 0.548579 0.338460 0.048828 0.048828
0 0.570243 0.305964 0.048828 0.048828
0 0.563022 0.380886 0.048828 0.048828
0 0.591908 0.407966 0.048828 0.048828
0 0.566633 0.461223 0.048828 0.048828
0 0.523305 0.398036 0.048828 0.048828
0 0.522402 0.438656 0.048828 0.048828
0 0.478171 0.449488 0.048828 0.048828
0 0.418595 0.526215 0.048828 0.048828
0 0.396028 0.623703 0.048828 0.048828
0 0.428525 0.623703 0.048828 0.048828
0 0.434843 0.659810 0.048828 0.048828
0 0.373462 0.667934 0.048828 0.048828
0 0.532331 0.660713 0.048828 0.048828
0 0.586492 0.656199 0.048828 0.048828
0 0.628014 0.626411 0.048828 0.048828
0 0.574757 0.593013 0.048828 0.048828
0 0.564827 0.518994 0.048828 0.048828
0 0.639749 0.549685 0.048828 0.048828
0 0.650581 0.501843 0.048828 0.048828
0 0.748069 0.546977 0.048828 0.048828
0 0.727308 0.593013 0.048828 0.048828
0 0.764317 0.581278 0.048828 0.048828
0 0.735432 0.630925 0.048828 0.048828
0 0.776052 0.619190 0.048828 0.048828
0 0.830212 0.601137 0.048828 0.048828
0 0.910549 0.595721 0.048828 0.048828
0 0.923187 0.548782 0.048828 0.048828
0 0.972834 0.539755 0.048828 0.048828
0 0.918673 0.509967 0.048828 0.048828
0 0.952072 0.500038 0.048828 0.048828
0 0.942143 0.461223 0.048828 0.048828
0 0.935824 0.624606 0.048828 0.048828
0 0.957488 0.646270 0.048828 0.048828
0 0.989984 0.673350 0.048828 0.048828
0 0.955683 0.675155 0.048828 0.048828
0 0.997206 0.747369 0.048828 0.048828
0 0.984568 0.706749 0.048828 0.048828
0 0.949364 0.737440 0.048828 0.048828
0 0.920479 0.691404 0.048828 0.048828
0 0.888885 0.703138 0.048828 0.048828
0 0.873540 0.673350 0.048828 0.048828
0 0.897009 0.629119 0.048828 0.048828
0 0.829309 0.639049 0.048828 0.048828
0 0.796813 0.667934 0.048828 0.048828
0 0.745361 0.660713 0.048828 0.048828
0 0.756193 0.693209 0.048828 0.048828
0 0.836531 0.685987 0.048828 0.048828
0 0.848265 0.722997 0.048828 0.048828
0 0.888885 0.745564 0.048828 0.048828
0 0.925895 0.764520 0.048828 0.048828
0 0.869929 0.775352 0.048828 0.048828
0 0.834725 0.759104 0.048828 0.048828
0 0.759804 0.758201 0.048828 0.048828
0 0.739042 0.722997 0.048828 0.048828
0 0.699325 0.716678 0.048828 0.048828
0 0.663218 0.688695 0.048828 0.048828
0 0.626209 0.695917 0.048828 0.048828
0 0.655997 0.733829 0.048828 0.048828
0 0.655997 0.770838 0.048828 0.048828
0 0.609058 0.753688 0.048828 0.048828
0 0.595518 0.712165 0.048828 0.048828
0 0.557606 0.687793 0.048828 0.048828
0 0.546774 0.718484 0.048828 0.048828
0 0.549482 0.754590 0.048828 0.048828
0 0.585589 0.770838 0.048828 0.048828
0 0.523305 0.803334 0.048828 0.048828
0 0.522402 0.842149 0.048828 0.048828
0 0.520597 0.885477 0.048828 0.048828
0 0.549482 0.887283 0.048828 0.048828
0 0.591908 0.899920 0.048828 0.048828
0 0.562119 0.923389 0.048828 0.048828
0 0.507959 0.924292 0.048828 0.048828
0 0.540455 0.963107 0.048828 0.048828
0 0.593713 0.954983 0.048828 0.048828
0 0.634333 0.939637 0.048828 0.048828
0 0.649678 0.908947 0.048828 0.048828
0 0.679466 0.897212 0.048828 0.048828
0 0.665926 0.851176 0.048828 0.048828
0 0.611766 0.865619 0.048828 0.048828
0 0.557606 0.849370 0.048828 0.048828
0 0.581978 0.824096 0.048828 0.048828
0 0.629820 0.822290 0.048828 0.048828
0 0.666829 0.802432 0.048828 0.048828
0 0.704741 0.835830 0.048828 0.048828
0 0.743556 0.828609 0.048828 0.048828
0 0.746264 0.789794 0.048828 0.048828
0 0.730918 0.871937 0.048828 0.048828
0 0.704741 0.889991 0.048828 0.048828
0 0.716476 0.917973 0.048828 0.048828
0 0.671342 0.949567 0.048828 0.048828
0 0.704741 0.958593 0.048828 0.048828
0 0.741750 0.969425 0.048828 0.048828
0 0.775149 0.988381 0.048828 0.048828
0 0.802229 0.977549 0.048828 0.048828
0 0.834725 0.986576 0.048828 0.048828
0 0.886177 0.991992 0.048828 0.048828
0 0.785981 0.938735 0.048828 0.048828
0 0.798619 0.901725 0.048828 0.048828
0 0.796813 0.843052 0.048828 0.048828
0 0.813964 0.812361 0.048828 0.048828
0 0.836531 0.809653 0.048828 0.048828
0 0.868124 0.803334 0.048828 0.048828
0 0.872637 0.843954 0.048828 0.048828
0 0.904231 0.862008 0.048828 0.048828
0 0.881664 0.889991 0.048828 0.048828
0 0.852779 0.930611 0.048828 0.048828
0 0.872637 0.947761 0.048828 0.048828
0 0.898815 0.936027 0.048828 0.048828
0 0.920479 0.972133 0.048828 0.048828
0 0.961099 0.960399 0.048828 0.048828
0 0.966515 0.927903 0.048828 0.048828
0 0.948462 0.899920 0.048828 0.048828
0 0.924992 0.908947 0.048828 0.048828
0 0.951170 0.867424 0.048828 0.048828
0 0.969223 0.848468 0.048828 0.048828
0 0.971028 0.824998 0.048828 0.048828
0 0.916868 0.824096 0.048828 0.048828
0 0.945754 0.806042 0.048828 0.048828
0 0.978250 0.778962 0.048828 0.048828
0 0.450189 0.786184 0.048828 0.048828
0 0.479074 0.797918 0.048828 0.048828
0 0.486295 0.831317 0.048828 0.048828
0 0.475463 0.880964 0.048828 0.048828
0 0.433038 0.913460 0.048828 0.048828
0 0.393320 0.913460 0.048828 0.048828
0 0.378878 0.960399 0.048828 0.048828
0 0.301248 0.929708 0.048828 0.048828
0 0.338258 0.889991 0.048828 0.048828
0 0.403250 0.866521 0.048828 0.048828
0 0.423109 0.819582 0.048828 0.048828
0 0.385196 0.770838 0.048828 0.048828
0 0.385196 0.836733 0.048828 0.048828
0 0.362630 0.826804 0.048828 0.048828
0 0.356311 0.799724 0.048828 0.048828
0 0.331939 0.796113 0.048828 0.048828
0 0.312080 0.746466 0.048828 0.048828
0 0.316594 0.721192 0.048828 0.048828
0 0.360824 0.712165 0.048828 0.048828
0 0.614474 0.978452 0.048828 0.048828
0 0.633430 0.997408 0.048828 0.048828
0 0.658705 0.986576 0.048828 0.048828
0 0.889788 0.070368 0.048828 0.048828
0 0.719184 0.459418 0.048828 0.048828
0 0.293124 0.815972 0.048828 0.048828
0 0.285903 0.902628 0.048828 0.048828