0 0.455941 0.259278 0.048828 0.048828
0 0.547050 0.364965 0.048828 0.048828
0 0.789400 0.188213 0.048828 0.048828
0 0.760245 0.164525 0.048828 0.048828
0 0.747490 0.139014 0.048828 0.048828
0 0.709224 0.137192 0.048828 0.048828
0 0.711046 0.175458 0.048828 0.048828
0 0.632693 0.064305 0.048828 0.048828
0 0.592605 0.049727 0.048828 0.048828
0 0.579850 0.018750 0.048828 0.048828
0 0.543406 0.047905 0.048828 0.048828
0 0.510607 0.047905 0.048828 0.048828
0 0.435897 0.046083 0.048828 0.048828
0 0.410387 0.058838 0.048828 0.048828
0 0.590783 0.381364 0.048828 0.048828
0 0.415853 0.235590 0.048828 0.048828