0 0.996652 0.862151 0.048828 0.048828
0 0.958742 0.917761 0.048828 0.048828
0 0.980338 0.969590 0.048828 0.048828
0 0.942905 0.966710 0.048828 0.048828
0 0.889636 0.904803 0.048828 0.048828
0 0.852204 0.897605 0.048828 0.048828
0 0.790297 0.876009 0.048828 0.048828
0 0.747106 0.922080 0.048828 0.048828
0 0.692397 0.927838 0.048828 0.048828
0 0.791737 0.976788 0.048828 0.048828
0 0.821970 0.995504 0.048828 0.048828
0 0.852204 0.969590 0.048828 0.048828
0 0.716872 0.959512 0.048828 0.048828
0 0.667922 0.989746 0.048828 0.048828
0 0.614653 0.979668 0.048828 0.048828
0 0.942269 0.817556 0.048828 0.048828
0 0.883535 0.829521 0.048828 0.048828