0 0.282514 0.981139 0.048828 0.048828
0 0.275493 0.938011 0.048828 0.048828
0 0.207292 0.846742 0.048828 0.048828
0 0.244401 0.836712 0.048828 0.048828
0 0.191244 0.776534 0.048828 0.048828
0 0.231363 0.768510 0.048828 0.048828
0 0.167173 0.728392 0.048828 0.048828
0 0.154135 0.687270 0.048828 0.048828
0 0.157143 0.643140 0.048828 0.048828
0 0.214312 0.639128 0.048828 0.048828
0 0.263458 0.659187 0.048828 0.048828
0 0.090948 0.603021 0.048828 0.048828
0 0.190241 0.576944 0.048828 0.048828
0 0.265464 0.569923 0.048828 0.048828
0 0.279505 0.528802 0.048828 0.048828
0 0.020740 0.253989 0.048828 0.048828
0 0.016728 0.201835 0.048828 0.048828
0 0.083927 0.201835 0.048828 0.048828
0 0.138087 0.228915 0.048828 0.048828
0 0.197262 0.224903 0.048828 0.048828
0 0.259446 0.209859 0.048828 0.048828
0 0.246407 0.252986 0.048828 0.048828
0 0.284520 0.248975 0.048828 0.048828
0 0.295553 0.288090 0.048828 0.048828
0 0.339683 0.268031 0.048828 0.048828
0 0.362751 0.241954 0.048828 0.048828
0 0.326644 0.218886 0.048828 0.048828
0 0.314609 0.187794 0.048828 0.048828
0 0.299564 0.152690 0.048828 0.048828
0 0.253428 0.150684 0.048828 0.048828
0 0.223339 0.123604 0.048828 0.048828
0 0.199268 0.086494 0.048828 0.048828
0 0.183221 0.038352 0.048828 0.048828
0 0.029767 0.045373 0.048828 0.048828
0 0.058853 0.053396 0.048828 0.048828
0 0.080918 0.024310 0.048828 0.048828
0 0.113013 0.003248 0.048828 0.048828
0 0.155137 0.011272 0.048828 0.048828
0 0.232366 0.046376 0.048828 0.048828
0 0.244401 0.083485 0.048828 0.048828
0 0.273487 0.099533 0.048828 0.048828
0 0.283517 0.047379 0.048828 0.048828
0 0.324639 0.109562 0.048828 0.048828
0 0.376793 0.117586 0.048828 0.048828
0 0.376793 0.154696 0.048828 0.048828
0 0.373784 0.203841 0.048828 0.048828
0 0.405879 0.239948 0.048828 0.048828
0 0.405879 0.312161 0.048828 0.048828
0 0.355730 0.323194 0.048828 0.048828
0 0.304579 0.351277 0.048828 0.048828
0 0.255434 0.338238 0.048828 0.048828
0 0.219327 0.338238 0.048828 0.048828
0 0.247410 0.385378 0.048828 0.048828
0 0.299564 0.402428 0.048828 0.048828
0 0.360745 0.368327 0.048828 0.048828
0 0.359742 0.413461 0.048828 0.048828
0 0.386822 0.483668 0.048828 0.048828
0 0.329653 0.492695 0.048828 0.048828
0 0.273487 0.434523 0.048828 0.048828
0 0.220330 0.476648 0.048828 0.048828
0 0.217321 0.419479 0.048828 0.048828
0 0.184223 0.411455 0.048828 0.048828
0 0.144105 0.462606 0.048828 0.048828
0 0.100977 0.455585 0.048828 0.048828
0 0.107998 0.385378 0.048828 0.048828
0 0.076906 0.416470 0.048828 0.048828
0 0.063868 0.368327 0.048828 0.048828
0 0.017731 0.363313 0.048828 0.048828
0 0.030770 0.420482 0.048828 0.048828
0 0.261452 0.621074 0.048828 0.048828
0 0.322633 0.628095 0.048828 0.048828
0 0.332662 0.572932 0.048828 0.048828
0 0.359742 0.532814 0.048828 0.048828
0 0.401867 0.567917 0.048828 0.048828
0 0.405879 0.609039 0.048828 0.048828
0 0.406882 0.655175 0.048828 0.048828
0 0.361748 0.684261 0.048828 0.048828
0 0.385819 0.724380 0.048828 0.048828
0 0.355730 0.760487 0.048828 0.048828
0 0.316615 0.725383 0.048828 0.048828
0 0.310597 0.756475 0.048828 0.048828
0 0.325642 0.795590 0.048828 0.048828
0 0.365760 0.795590 0.048828 0.048828
0 0.404876 0.799602 0.048828 0.048828
0 0.319624 0.962083 0.048828 0.048828
0 0.327647 0.909928 0.048828 0.048828
0 0.316615 0.825679 0.048828 0.048828
0 0.353725 0.826682 0.048828 0.048828
0 0.419920 0.980136 0.048828 0.048828
0 0.535261 0.964088 0.048828 0.048828
0 0.597445 0.903911 0.048828 0.048828
0 0.622519 0.858777 0.048828 0.048828
0 0.577386 0.861786 0.048828 0.048828
0 0.550306 0.819662 0.048828 0.048828
0 0.497149 0.868807 0.048828 0.048828
0 0.507178 0.829691 0.048828 0.048828
0 0.521220 0.788570 0.048828 0.048828
0 0.454021 0.829691 0.048828 0.048828
0 0.441985 0.759484 0.048828 0.048828
0 0.479095 0.755472 0.048828 0.048828
0 0.537267 0.747448 0.048828 0.048828
0 0.509184 0.714350 0.048828 0.048828
0 0.467060 0.713347 0.048828 0.048828
0 0.433962 0.689276 0.048828 0.048828
0 0.468063 0.623080 0.048828 0.048828
0 0.495143 0.666208 0.048828 0.048828
0 0.547297 0.675235 0.048828 0.048828
0 0.582401 0.715353 0.048828 0.048828
0 0.602460 0.746445 0.048828 0.048828
0 0.590424 0.791579 0.048828 0.048828
0 0.630543 0.807626 0.048828 0.048828
0 0.679688 0.797596 0.048828 0.048828
0 0.710780 0.820665 0.048828 0.048828
0 0.738863 0.817656 0.048828 0.048828
0 0.782994 0.843733 0.048828 0.048828
0 0.746887 0.857774 0.048828 0.048828
0 0.711783 0.883851 0.048828 0.048828
0 0.661635 0.836712 0.048828 0.048828
0 0.654614 0.894884 0.048828 0.048828
0 0.637564 0.929988 0.048828 0.048828
0 0.682697 0.932997 0.048828 0.048828
0 0.722816 0.924973 0.048828 0.048828
0 0.756916 0.893881 0.048828 0.048828
0 0.796032 0.895887 0.048828 0.048828
0 0.770958 0.928985 0.048828 0.048828
0 0.763937 0.953056 0.048828 0.048828
0 0.717801 0.961080 0.048828 0.048828
0 0.668656 0.978130 0.048828 0.048828
0 0.829130 0.955062 0.048828 0.048828
0 0.886299 0.980136 0.048828 0.048828
0 0.885296 0.920961 0.048828 0.048828
0 0.918394 0.937008 0.048828 0.048828
0 0.955503 0.913940 0.048828 0.048828
0 0.954501 0.984148 0.048828 0.048828
0 0.993616 0.964088 0.048828 0.048828
0 0.366763 0.943026 0.048828 0.048828
0 0.990654 0.849538 0.048828 0.048828
0 0.949412 0.857786 0.048828 0.048828
0 0.894031 0.863678 0.048828 0.048828
0 0.829222 0.857786 0.048828 0.048828
0 0.839827 0.790621 0.048828 0.048828
0 0.892852 0.807118 0.048828 0.048828
0 0.935272 0.807118 0.048828 0.048828
0 0.972979 0.807118 0.048828 0.048828
0 0.969444 0.745845 0.048828 0.048828
0 0.925846 0.745845 0.048828 0.048828
0 0.857502 0.739953 0.048828 0.048828
0 0.793872 0.745845 0.048828 0.048828
0 0.771484 0.789443 0.048828 0.048828
0 0.724350 0.774125 0.048828 0.048828
0 0.647759 0.749380 0.048828 0.048828
0 0.685465 0.749380 0.048828 0.048828
0 0.719637 0.737596 0.048828 0.048828
0 0.747917 0.702246 0.048828 0.048828
0 0.692535 0.706960 0.048828 0.048828
0 0.647759 0.693998 0.048828 0.048828
0 0.697249 0.666896 0.048828 0.048828
0 0.598269 0.659826 0.048828 0.048828
0 0.632440 0.642151 0.048828 0.048828
0 0.692535 0.628011 0.048828 0.048828
0 0.621835 0.610336 0.048828 0.048828
0 0.585307 0.602088 0.048828 0.048828
0 0.546422 0.596196 0.048828 0.048828
0 0.507537 0.619763 0.048828 0.048828
0 0.739669 0.619763 0.048828 0.048828
0 0.779732 0.639795 0.048828 0.048828
0 0.771484 0.600910 0.048828 0.048828
0 0.791515 0.599731 0.048828 0.048828
0 0.828044 0.604445 0.048828 0.048828
0 0.818617 0.635081 0.048828 0.048828
0 0.863394 0.644508 0.048828 0.048828
0 0.796229 0.689285 0.048828 0.048828
0 0.830400 0.718743 0.048828 0.048828
0 0.858680 0.690463 0.048828 0.048828
0 0.889317 0.670431 0.048828 0.048828
0 0.938807 0.692820 0.048828 0.048828
0 0.967087 0.681036 0.048828 0.048828
0 0.996546 0.676323 0.048828 0.048828
0 0.974157 0.642151 0.048828 0.048828
0 0.930559 0.630368 0.048828 0.048828
0 0.969444 0.596196 0.048828 0.048828
0 0.978871 0.391166 0.048828 0.048828
0 0.978871 0.448904 0.048828 0.048828
0 0.962374 0.494860 0.048828 0.048828
0 0.941164 0.543171 0.048828 0.048828
0 0.909349 0.504286 0.048828 0.048828
0 0.936451 0.412376 0.048828 0.048828
0 0.917597 0.447726 0.048828 0.048828
0 0.859859 0.477184 0.048828 0.048828
0 0.861037 0.527853 0.048828 0.048828
0 0.910527 0.583235 0.048828 0.048828
0 0.868107 0.565560 0.048828 0.048828
0 0.891674 0.609158 0.048828 0.048828
0 0.829222 0.562025 0.048828 0.048828
0 0.813904 0.516070 0.048828 0.048828
0 0.790337 0.485433 0.048828 0.048828
0 0.762057 0.452439 0.048828 0.048828
0 0.832757 0.460688 0.048828 0.048828
0 0.865750 0.441834 0.048828 0.048828
0 0.898744 0.404128 0.048828 0.048828
0 0.764414 0.521961 0.048828 0.048828
0 0.767949 0.570273 0.048828 0.048828
0 0.721994 0.569095 0.048828 0.048828
0 0.653650 0.582056 0.048828 0.048828
0 0.620657 0.570273 0.048828 0.048828
0 0.588842 0.544350 0.048828 0.048828
0 0.617122 0.524318 0.048828 0.048828
0 0.673682 0.517248 0.048828 0.048828
0 0.638332 0.477184 0.048828 0.048828
0 0.680752 0.450083 0.048828 0.048828
0 0.447442 0.579700 0.048828 0.048828
0 0.496932 0.577343 0.048828 0.048828
0 0.544065 0.541993 0.048828 0.048828
0 0.516964 0.536101 0.048828 0.048828
0 0.559384 0.509000 0.048828 0.048828
0 0.529925 0.497216 0.048828 0.048828
0 0.580594 0.479541 0.048828 0.048828
0 0.594734 0.434764 0.048828 0.048828
0 0.631262 0.433586 0.048828 0.048828
0 0.561740 0.417089 0.048828 0.048828
0 0.531104 0.408841 0.048828 0.048828
0 0.540530 0.458331 0.048828 0.048828
0 0.471008 0.439478 0.048828 0.048828
0 0.486327 0.486611 0.048828 0.048828
0 0.435658 0.518426 0.048828 0.048828
0 0.440372 0.470114 0.048828 0.048828
0 0.425053 0.425338 0.048828 0.048828
0 0.460403 0.391166 0.048828 0.048828
0 0.419162 0.354638 0.048828 0.048828
0 0.456868 0.325179 0.048828 0.048828
0 0.448620 0.287473 0.048828 0.048828
0 0.445085 0.243874 0.048828 0.048828
0 0.429767 0.193206 0.048828 0.048828
0 0.416805 0.143716 0.048828 0.048828
0 0.526390 0.369956 0.048828 0.048828
0 0.491040 0.291008 0.048828 0.048828
0 0.527569 0.313396 0.048828 0.048828
0 0.552314 0.313396 0.048828 0.048828
0 0.569989 0.367599 0.048828 0.048828
0 0.585307 0.334606 0.048828 0.048828
0 0.606517 0.398236 0.048828 0.048828
0 0.627727 0.369956 0.048828 0.048828
0 0.673682 0.392344 0.048828 0.048828
0 0.721994 0.405306 0.048828 0.048828
0 0.763235 0.413554 0.048828 0.048828
0 0.809190 0.413554 0.048828 0.048828
0 0.845719 0.395879 0.048828 0.048828
0 0.795050 0.373491 0.048828 0.048828
0 0.857502 0.358173 0.048828 0.048828
0 0.898744 0.367599 0.048828 0.048828
0 0.963552 0.362886 0.048828 0.048828
0 0.988297 0.354638 0.048828 0.048828
0 0.976514 0.318109 0.048828 0.048828
0 0.935272 0.329893 0.048828 0.048828
0 0.883425 0.322823 0.048828 0.048828
0 0.917597 0.280403 0.048828 0.048828
0 0.849254 0.309861 0.048828 0.048828
0 0.822152 0.340498 0.048828 0.048828
0 0.810369 0.301613 0.048828 0.048828
0 0.747917 0.302791 0.048828 0.048828
0 0.711389 0.303969 0.048828 0.048828
0 0.733777 0.365243 0.048828 0.048828
0 0.639510 0.316931 0.048828 0.048828
0 0.648937 0.286294 0.048828 0.048828
0 0.663077 0.237983 0.048828 0.048828
0 0.630084 0.233269 0.048828 0.048828
0 0.590020 0.260371 0.048828 0.048828
0 0.552314 0.234448 0.048828 0.048828
0 0.586485 0.222664 0.048828 0.048828
0 0.641867 0.195563 0.048828 0.048828
0 0.613587 0.173174 0.048828 0.048828
0 0.580594 0.174353 0.048828 0.048828
0 0.546422 0.187314 0.048828 0.048828
0 0.508715 0.180244 0.048828 0.048828
0 0.509894 0.139003 0.048828 0.048828
0 0.513429 0.227378 0.048828 0.048828
0 0.476900 0.168461 0.048828 0.048828
0 0.466295 0.114258 0.048828 0.048828
0 0.430945 0.095404 0.048828 0.048828
0 0.368493 0.055341 0.048828 0.048828
0 0.350818 0.018812 0.048828 0.048828
0 0.995195 0.256300 0.048828 0.048828
0 0.953864 0.250862 0.048828 0.048828
0 0.922322 0.217144 0.048828 0.048828
0 0.968004 0.203004 0.048828 0.048828
0 0.996283 0.176900 0.048828 0.048828
0 0.960390 0.148621 0.048828 0.048828
0 0.917971 0.135569 0.048828 0.048828
0 0.962565 0.095325 0.048828 0.048828
0 0.945163 0.044205 0.048828 0.048828
0 0.925585 0.080098 0.048828 0.048828
0 0.991932 0.104027 0.048828 0.048828
0 0.873377 0.262826 0.048828 0.048828
0 0.874464 0.232371 0.048828 0.048828
0 0.872289 0.197566 0.048828 0.048828
0 0.836396 0.234547 0.048828 0.048828
0 0.820081 0.192128 0.048828 0.048828
0 0.787451 0.243248 0.048828 0.048828
0 0.759172 0.189952 0.048828 0.048828
0 0.735243 0.253037 0.048828 0.048828
0 0.713489 0.201917 0.048828 0.048828
0 0.708051 0.163848 0.048828 0.048828
0 0.671070 0.147533 0.048828 0.048828
0 0.606898 0.133394 0.048828 0.048828
0 0.559041 0.137744 0.048828 0.048828
0 0.512271 0.102939 0.048828 0.048828
0 0.910357 0.177988 0.048828 0.048828
0 0.883166 0.144270 0.048828 0.048828
0 0.848360 0.142095 0.048828 0.048828
0 0.786363 0.148621 0.048828 0.048828
0 0.820081 0.114903 0.048828 0.048828
0 0.865763 0.086624 0.048828 0.048828
0 0.775487 0.115991 0.048828 0.048828
0 0.796152 0.082273 0.048828 0.048828
0 0.811380 0.040942 0.048828 0.048828
0 0.837484 0.065958 0.048828 0.048828
0 0.889692 0.042030 0.048828 0.048828
0 0.916883 0.014838 0.048828 0.048828
0 0.487255 0.027890 0.048828 0.048828
0 0.528586 0.051819 0.048828 0.048828
0 0.557953 0.080098 0.048828 0.048828
0 0.537287 0.019189 0.048828 0.048828
0 0.577531 0.045293 0.048828 0.048828
0 0.607986 0.077923 0.048828 0.048828
0 0.637353 0.050731 0.048828 0.048828
0 0.842922 0.020276 0.048828 0.048828
0 0.807029 0.000698 0.048828 0.048828
0 0.778750 0.006137 0.048828 0.048828
0 0.730892 0.036591 0.048828 0.048828
0 0.686298 0.031153 0.048828 0.048828
0 0.668895 0.061608 0.048828 0.048828
0 0.703700 0.099676 0.048828 0.048828
0 0.457888 0.007224 0.048828 0.048828
0 0.395891 0.024627 0.048828 0.048828
0 0.090871 0.958525 0.048828 0.048828
0 0.054527 0.943987 0.048828 0.048828
0 0.051619 0.980331 0.048828 0.048828
0 0.010914 0.955617 0.048828 0.048828
0 0.044351 0.893106 0.048828 0.048828
0 0.083602 0.882929 0.048828 0.048828
0 0.131576 0.853854 0.048828 0.048828
0 0.009460 0.775351 0.048828 0.048828
0 0.028359 0.718655 0.048828 0.048828
0 0.066157 0.691034 0.048828 0.048828
0 0.028359 0.609623 0.048828 0.048828
0 0.169179 0.942023 0.048828 0.048828
0 0.160152 0.885857 0.048828 0.048828
0 0.088942 0.730398 0.048828 0.048828
0 0.114016 0.660190 0.048828 0.048828
0 0.059856 0.639128 0.048828 0.048828
0 0.224342 0.714350 0.048828 0.048828
0 0.143102 0.576944 0.048828 0.048828
0 0.089945 0.550867 0.048828 0.048828
0 0.045814 0.539834 0.048828 0.048828
0 0.000681 0.464612 0.048828 0.048828
0 0.044811 0.464612 0.048828 0.048828
0 0.090948 0.494701 0.048828 0.048828
0 0.128057 0.518772 0.048828 0.048828
0 0.196259 0.534820 0.048828 0.048828
0 0.232366 0.526796 0.048828 0.048828
0 0.045814 0.102542 0.048828 0.048828
0 0.074900 0.136642 0.048828 0.048828
0 0.104989 0.086494 0.048828 0.048828
0 0.121037 0.112571 0.048828 0.048828
0 0.150123 0.119592 0.048828 0.048828
0 0.150123 0.088500 0.048828 0.048828
0 0.181215 0.117586 0.048828 0.048828
0 0.018734 0.306144 0.048828 0.048828
0 0.064871 0.333224 0.048828 0.048828
0 0.073897 0.271040 0.048828 0.048828
0 0.100977 0.304138 0.048828 0.048828
0 0.105992 0.254992 0.048828 0.048828
0 0.156140 0.286084 0.048828 0.048828
0 0.163161 0.358298 0.048828 0.048828
0 0.232366 0.918955 0.048828 0.048828
0 0.311600 0.873822 0.048828 0.048828
0 0.402870 0.838718 0.048828 0.048828
0 0.389831 0.889869 0.048828 0.048828
0 0.434965 0.865798 0.048828 0.048828
0 0.434965 0.918955 0.048828 0.048828
0 0.458033 0.887863 0.048828 0.048828
0 0.487119 0.907922 0.048828 0.048828
0 0.487119 0.950047 0.048828 0.048828
0 0.512193 0.984148 0.048828 0.048828
0 0.608478 0.967097 0.048828 0.048828
0 0.573374 0.944029 0.048828 0.048828
0 0.523226 0.903911 0.048828 0.048828
0 0.441119 0.060268 0.048828 0.048828