0 0.325204 0.695661 0.006459 0.011153
0 0.262935 0.638291 0.006459 0.011153
0 0.257875 0.639430 0.006459 0.011153
0 0.243133 0.648549 0.006459 0.011153
0 0.223330 0.651208 0.006459 0.011153
0 0.270636 0.571802 0.006459 0.011153
0 0.222450 0.738973 0.006459 0.011153
0 0.217609 0.740113 0.006459 0.011153
0 0.209908 0.738213 0.006459 0.011153
0 0.200227 0.742393 0.006459 0.011153
0 0.194726 0.745052 0.006459 0.011153
0 0.188125 0.743153 0.006459 0.011153
0 0.184825 0.772028 0.006459 0.011153
0 0.180864 0.775447 0.006459 0.011153
0 0.204187 0.700980 0.006459 0.011153
0 0.196926 0.702120 0.006459 0.011153
0 0.311342 0.479478 0.006459 0.011153
0 0.318163 0.474919 0.006459 0.011153
0 0.344346 0.487077 0.006459 0.011153
0 0.156661 0.746192 0.006459 0.011153
0 0.149840 0.750751 0.006459 0.011153
0 0.148740 0.745432 0.006459 0.011153
0 0.145660 0.744292 0.006459 0.011153
0 0.142799 0.751511 0.006459 0.011153
0 0.140819 0.744292 0.006459 0.011153
0 0.139499 0.750371 0.006459 0.011153
0 0.136418 0.748852 0.006459 0.011153
0 0.129377 0.708958 0.006459 0.011153
0 0.123437 0.712378 0.006459 0.011153
0 0.049287 0.629172 0.006459 0.011153
0 0.080091 0.623093 0.006459 0.011153
0 0.106274 0.609416 0.006459 0.011153
0 0.111335 0.609795 0.006459 0.011153
0 0.110895 0.706299 0.006459 0.011153
0 0.106714 0.707059 0.006459 0.011153
0 0.097473 0.704779 0.006459 0.011153
0 0.004401 0.713518 0.006459 0.011153
0 0.011222 0.712758 0.006459 0.011153
0 0.004621 0.724916 0.006459 0.011153
0 0.009021 0.725296 0.006459 0.011153
0 0.014302 0.725296 0.006459 0.011153
0 0.065129 0.667926 0.006459 0.011153
0 0.179544 0.699840 0.006459 0.011153
0 0.206608 0.699460 0.006459 0.011153
0 0.271516 0.637151 0.006459 0.011153
0 0.262935 0.652728 0.006459 0.011153
0 0.231471 0.667546 0.006459 0.011153
0 0.333785 0.505313 0.006459 0.011153
0 0.288459 0.486697 0.006459 0.011153
0 0.301880 0.480618 0.006459 0.011153
0 0.173823 0.751891 0.006459 0.011153
0 0.168103 0.757210 0.006459 0.011153
0 0.161722 0.753791 0.006459 0.011153
0 0.151820 0.741253 0.006459 0.011153
0 0.132018 0.742013 0.006459 0.011153
0 0.127397 0.746192 0.006459 0.011153
0 0.128937 0.753031 0.006459 0.011153
0 0.120796 0.753031 0.006459 0.011153
0 0.081631 0.744672 0.006459 0.011153
0 0.065349 0.754551 0.006459 0.011153
0 0.064029 0.715037 0.006459 0.011153
0 0.071730 0.713898 0.006459 0.011153