0 0.017689 0.713027 0.048828 0.048828
0 0.036645 0.740107 0.048828 0.048828
0 0.006857 0.782533 0.048828 0.048828
0 0.034840 0.782533 0.048828 0.048828
0 0.071849 0.794267 0.048828 0.048828
0 0.065530 0.847525 0.048828 0.048828
0 0.025813 0.823153 0.048828 0.048828
0 0.010468 0.858357 0.048828 0.048828
0 0.005052 0.895366 0.048828 0.048828
0 0.051088 0.917030 0.048828 0.048828
0 0.047477 0.888145 0.048828 0.048828
0 0.006857 0.933278 0.048828 0.048828
0 0.046574 0.962164 0.048828 0.048828
0 0.073654 0.993757 0.048828 0.048828
0 0.032132 0.995562 0.048828 0.048828
0 0.003246 0.966677 0.048828 0.048828