0 0.674112 0.949486 0.048828 0.048828
0 0.999073 0.886299 0.048828 0.048828
0 0.983025 0.838157 0.048828 0.048828
0 0.829572 0.845177 0.048828 0.048828
0 0.858658 0.853201 0.048828 0.048828
0 0.880723 0.824115 0.048828 0.048828
0 0.912818 0.803053 0.048828 0.048828
0 0.954942 0.811077 0.048828 0.048828
0 0.964022 0.661281 0.048828 0.048828
0 0.592872 0.934441 0.048828 0.048828
0 0.548741 0.799041 0.048828 0.048828
0 0.634996 0.917391 0.048828 0.048828
0 0.686148 0.896329 0.048828 0.048828
0 0.698183 0.866240 0.048828 0.048828
0 0.733287 0.852198 0.048828 0.048828
0 0.786444 0.827124 0.048828 0.048828
0 0.803494 0.797035 0.048828 0.048828
0 0.843613 0.791017 0.048828 0.048828
0 0.818539 0.754910 0.048828 0.048828
0 0.852640 0.746887 0.048828 0.048828
0 0.886741 0.713789 0.048828 0.048828
0 0.934883 0.738863 0.048828 0.048828
0 0.865678 0.654614 0.048828 0.048828
0 0.783435 0.940459 0.048828 0.048828
0 0.760367 0.916388 0.048828 0.048828
0 0.771400 0.869248 0.048828 0.048828
0 0.845619 0.902346 0.048828 0.048828
0 0.874705 0.936447 0.048828 0.048828
0 0.904794 0.886299 0.048828 0.048828
0 0.920841 0.912376 0.048828 0.048828
0 0.949927 0.919397 0.048828 0.048828
0 0.949927 0.888305 0.048828 0.048828
0 0.981019 0.917391 0.048828 0.048828
0 0.895395 0.598047 0.048828 0.048828
0 0.850764 0.616763 0.048828 0.048828
0 0.850764 0.583650 0.048828 0.048828
0 0.947225 0.585089 0.048828 0.048828
0 0.990416 0.557735 0.048828 0.048828
0 0.967380 0.491509 0.048828 0.048828
0 0.905473 0.674351 0.048828 0.048828
0 0.832048 0.680110 0.048828 0.048828
0 0.807573 0.704585 0.048828 0.048828
0 0.977458 0.736258 0.048828 0.048828