0 0.448653 0.005863 0.048828 0.048828
0 0.479630 0.009507 0.048828 0.048828
0 0.501496 0.025907 0.048828 0.048828
0 0.532473 0.020440 0.048828 0.048828
0 0.514251 0.065995 0.048828 0.048828
0 0.552517 0.065995 0.048828 0.048828
0 0.570739 0.033196 0.048828 0.048828
0 0.601716 0.045951 0.048828 0.048828
0 0.818555 0.004041 0.048828 0.048828
0 0.873220 0.011330 0.048828 0.048828
0 0.885976 0.049595 0.048828 0.048828
0 0.995306 0.089683 0.048828 0.048828
0 0.457764 0.743846 0.048828 0.048828
0 0.401276 0.727446 0.048828 0.048828
0 0.893264 0.466874 0.048828 0.048828
0 0.935175 0.503318 0.048828 0.048828
0 0.911486 0.528829 0.048828 0.048828
0 0.849532 0.618115 0.048828 0.048828
0 0.891442 0.625404 0.048828 0.048828
0 0.969796 0.645448 0.048828 0.048828
0 0.789400 0.988018 0.048828 0.048828
0 0.760245 0.964329 0.048828 0.048828
0 0.747490 0.938819 0.048828 0.048828
0 0.709224 0.936997 0.048828 0.048828
0 0.711046 0.975263 0.048828 0.048828
0 0.632693 0.864110 0.048828 0.048828
0 0.592605 0.849532 0.048828 0.048828
0 0.579850 0.818555 0.048828 0.048828
0 0.543406 0.847710 0.048828 0.048828
0 0.510607 0.847710 0.048828 0.048828
0 0.435897 0.845888 0.048828 0.048828
0 0.410387 0.858643 0.048828 0.048828
0 0.355721 0.013152 0.048828 0.048828
0 0.605360 0.441364 0.048828 0.048828
0 0.680069 0.479630 0.048828 0.048828
0 0.654559 0.506962 0.048828 0.048828
0 0.694647 0.550695 0.048828 0.048828
0 0.364832 0.703758 0.048828 0.048828
0 0.809444 0.448653 0.048828 0.048828
0 0.550695 0.098794 0.048828 0.048828
0 0.858643 0.579850 0.048828 0.048828