0 0.918320 0.981056 0.048828 0.048828
0 0.953125 0.984319 0.048828 0.048828
0 0.881339 0.984319 0.048828 0.048828
0 0.833482 0.987582 0.048828 0.048828
0 0.780186 0.993020 0.048828 0.048828
0 0.748644 0.988669 0.048828 0.048828
0 0.495217 0.989757 0.048828 0.048828
0 0.540899 0.987582 0.048828 0.048828
0 0.599634 0.973442 0.048828 0.048828
0 0.639877 0.958215 0.048828 0.048828
0 0.713839 0.960390 0.048828 0.048828
0 0.754082 0.950601 0.048828 0.048828
0 0.801940 0.956039 0.048828 0.048828
0 0.845446 0.957127 0.048828 0.048828
0 0.903093 0.952776 0.048828 0.048828
0 0.981405 0.317579 0.048828 0.048828
0 0.931372 0.366524 0.048828 0.048828
0 0.919408 0.408943 0.048828 0.048828
0 0.967265 0.414381 0.048828 0.048828
0 0.994457 0.520972 0.048828 0.048828
0 0.950950 0.478553 0.048828 0.048828
0 0.876989 0.478553 0.048828 0.048828
0 0.910706 0.494868 0.048828 0.048828
0 0.938986 0.504657 0.048828 0.048828
0 0.933547 0.547076 0.048828 0.048828
0 0.885690 0.536200 0.048828 0.048828
0 0.973791 0.572093 0.048828 0.048828
0 0.981405 0.607986 0.048828 0.048828
0 0.912882 0.650405 0.048828 0.048828
0 0.891128 0.589495 0.048828 0.048828
0 0.855235 0.549252 0.048828 0.048828
0 0.829131 0.511183 0.048828 0.048828
0 0.813904 0.535112 0.048828 0.048828
0 0.763871 0.556865 0.048828 0.048828
0 0.712751 0.543813 0.048828 0.048828
0 0.669244 0.530761 0.048828 0.048828
0 0.630088 0.554690 0.048828 0.048828
0 0.667069 0.578619 0.048828 0.048828
0 0.727978 0.590583 0.048828 0.048828
0 0.784537 0.576443 0.048828 0.048828
0 0.832394 0.586232 0.048828 0.048828
0 0.866112 0.633002 0.048828 0.048828
0 0.873726 0.681947 0.048828 0.048828
0 0.856323 0.720015 0.048828 0.048828
0 0.831307 0.749383 0.048828 0.048828
0 0.960739 0.791802 0.048828 0.048828
0 0.971616 0.824432 0.048828 0.048828
0 0.930284 0.851623 0.048828 0.048828
0 0.890041 0.839659 0.048828 0.048828
0 0.866112 0.858149 0.048828 0.048828
0 0.826956 0.882078 0.048828 0.048828
0 0.801940 0.907094 0.048828 0.048828
0 0.783449 0.931023 0.048828 0.048828
0 0.685559 0.925585 0.048828 0.048828
0 0.718189 0.910357 0.048828 0.048828
0 0.766047 0.878815 0.048828 0.048828
0 0.781274 0.833133 0.048828 0.048828
0 0.826956 0.821169 0.048828 0.048828
0 0.862849 0.777662 0.048828 0.048828
0 0.778011 0.779837 0.048828 0.048828
0 0.743206 0.817906 0.048828 0.048828
0 0.732329 0.847273 0.048828 0.048828
0 0.869375 0.913620 0.048828 0.048828
0 0.899830 0.895130 0.048828 0.048828
0 0.936810 0.913620 0.048828 0.048828
0 0.984668 0.913620 0.048828 0.048828
0 0.987931 0.863588 0.048828 0.048828
0 0.767134 0.610161 0.048828 0.048828
0 0.794326 0.629739 0.048828 0.048828
0 0.828044 0.651492 0.048828 0.048828
0 0.792151 0.671070 0.048828 0.048828
0 0.822605 0.700437 0.048828 0.048828
0 0.781274 0.722191 0.048828 0.048828
0 0.749732 0.692824 0.048828 0.048828
0 0.713839 0.624301 0.048828 0.048828
0 0.710576 0.667807 0.048828 0.048828
0 0.702962 0.726541 0.048828 0.048828
0 0.713839 0.764610 0.048828 0.048828
0 0.702962 0.811380 0.048828 0.048828
0 0.651842 0.813555 0.048828 0.048828
0 0.665981 0.767873 0.048828 0.048828
0 0.654017 0.731980 0.048828 0.048828
0 0.651842 0.689561 0.048828 0.048828
0 0.660543 0.643879 0.048828 0.048828
0 0.635527 0.611249 0.048828 0.048828
0 0.589845 0.586232 0.048828 0.048828
0 0.590932 0.512271 0.048828 0.048828
0 0.555039 0.541638 0.048828 0.048828
0 0.502831 0.497044 0.048828 0.048828
0 0.500656 0.543813 0.048828 0.048828
0 0.550688 0.581882 0.048828 0.048828
0 0.512620 0.596021 0.048828 0.048828
0 0.479990 0.575356 0.048828 0.048828
0 0.459324 0.599284 0.048828 0.048828
0 0.486516 0.629739 0.048828 0.048828
0 0.541987 0.630827 0.048828 0.048828
0 0.516971 0.661281 0.048828 0.048828
0 0.497393 0.700437 0.048828 0.048828
0 0.593108 0.643879 0.048828 0.048828
0 0.565916 0.684122 0.048828 0.048828
0 0.548513 0.712402 0.048828 0.048828
0 0.523497 0.750470 0.048828 0.048828
0 0.483253 0.750470 0.048828 0.048828
0 0.611598 0.722191 0.048828 0.048828
0 0.592020 0.745032 0.048828 0.048828
0 0.600721 0.796152 0.048828 0.048828
0 0.553951 0.775487 0.048828 0.048828
0 0.617036 0.827695 0.048828 0.048828
0 0.572442 0.826607 0.048828 0.048828
0 0.532198 0.849448 0.048828 0.048828
0 0.512620 0.808117 0.048828 0.048828
0 0.478902 0.791802 0.048828 0.048828
0 0.428870 0.771136 0.048828 0.048828
0 0.431045 0.723278 0.048828 0.048828
0 0.390801 0.758084 0.048828 0.048828
0 0.348382 0.788539 0.048828 0.048828
0 0.384275 0.804854 0.048828 0.048828
0 0.428870 0.821169 0.048828 0.048828
0 0.481078 0.842922 0.048828 0.048828
0 0.439746 0.873377 0.048828 0.048828
0 0.401678 0.876640 0.048828 0.048828
0 0.354908 0.887516 0.048828 0.048828
0 0.383188 0.927760 0.048828 0.048828
0 0.425607 0.916883 0.048828 0.048828
0 0.436483 0.971267 0.048828 0.048828
0 0.482165 0.953864 0.048828 0.048828
0 0.471289 0.903831 0.048828 0.048828
0 0.508269 0.892955 0.048828 0.048828
0 0.578968 0.879903 0.048828 0.048828
0 0.524584 0.951689 0.048828 0.048828
0 0.558302 0.931023 0.048828 0.048828
0 0.609423 0.917971 0.048828 0.048828
0 0.650754 0.884253 0.048828 0.048828
0 0.680121 0.854886 0.048828 0.048828
0 0.384275 0.982143 0.048828 0.048828
0 0.336418 0.990845 0.048828 0.048828
0 0.332067 0.932111 0.048828 0.048828
0 0.308139 0.877727 0.048828 0.048828
0 0.376662 0.840747 0.048828 0.048828
0 0.326629 0.835308 0.048828 0.048828
0 0.298350 0.812467 0.048828 0.048828
0 0.272246 0.828782 0.048828 0.048828
0 0.264632 0.894042 0.048828 0.048828
0 0.280947 0.935374 0.048828 0.048828
0 0.240703 0.956039 0.048828 0.048828
0 0.275509 0.976705 0.048828 0.048828
0 0.224388 0.994108 0.048828 0.048828
0 0.002504 0.895130 0.048828 0.048828
0 0.028608 0.934286 0.048828 0.048828
0 0.082992 0.928848 0.048828 0.048828
0 0.055800 0.977793 0.048828 0.048828
0 0.104745 0.981056 0.048828 0.048828
0 0.158041 0.971267 0.048828 0.048828
0 0.205898 0.935374 0.048828 0.048828
0 0.199372 0.885341 0.048828 0.048828
0 0.230914 0.834221 0.048828 0.048828
0 0.196109 0.832045 0.048828 0.048828
0 0.122148 0.818993 0.048828 0.048828
0 0.161304 0.803766 0.048828 0.048828
0 0.234177 0.787451 0.048828 0.048828
0 0.279859 0.773311 0.048828 0.048828
0 0.305963 0.745032 0.048828 0.048828
0 0.345119 0.713489 0.048828 0.048828
0 0.384275 0.706963 0.048828 0.048828
0 0.404941 0.628651 0.048828 0.048828
0 0.439746 0.654755 0.048828 0.048828
0 0.361434 0.641703 0.048828 0.048828
0 0.336418 0.672158 0.048828 0.048828
0 0.298350 0.691736 0.048828 0.048828
0 0.228739 0.739594 0.048828 0.048828
0 0.170005 0.755909 0.048828 0.048828
0 0.130849 0.768961 0.048828 0.048828
0 0.163479 0.929935 0.048828 0.048828
0 0.122148 0.911445 0.048828 0.048828
0 0.160216 0.876640 0.048828 0.048828
0 0.086255 0.880990 0.048828 0.048828
0 0.029696 0.839659 0.048828 0.048828
0 0.053625 0.804854 0.048828 0.048828
0 0.075378 0.764610 0.048828 0.048828
0 0.007943 0.787451 0.048828 0.048828
0 0.037310 0.690648 0.048828 0.048828
0 0.025345 0.739594 0.048828 0.048828
0 0.069940 0.731980 0.048828 0.048828
0 0.110183 0.709139 0.048828 0.048828
0 0.085167 0.676509 0.048828 0.048828
0 0.158041 0.708051 0.048828 0.048828
0 0.115622 0.646054 0.048828 0.048828
0 0.143901 0.661281 0.048828 0.048828
0 0.190671 0.669983 0.048828 0.048828
0 0.230914 0.698262 0.048828 0.048828
0 0.039485 0.640616 0.048828 0.048828
0 0.004680 0.598197 0.048828 0.048828
0 0.042748 0.590583 0.048828 0.048828
0 0.098219 0.590583 0.048828 0.048828
0 0.158041 0.593846 0.048828 0.048828
0 0.123235 0.555778 0.048828 0.048828
0 0.173268 0.559041 0.048828 0.048828
0 0.222213 0.619950 0.048828 0.048828
0 0.282035 0.648229 0.048828 0.048828
0 0.273333 0.611249 0.048828 0.048828
0 0.317928 0.617775 0.048828 0.048828
0 0.353821 0.591671 0.048828 0.048828
0 0.396240 0.578619 0.048828 0.048828
0 0.438659 0.554690 0.048828 0.048828
0 0.461500 0.515534 0.048828 0.048828
0 0.456061 0.476378 0.048828 0.048828
0 0.450623 0.431784 0.048828 0.048828
0 0.002504 0.513359 0.048828 0.048828
0 0.002504 0.431784 0.048828 0.048828
0 0.020995 0.462238 0.048828 0.048828
0 0.057975 0.523148 0.048828 0.048828
0 0.080816 0.497044 0.048828 0.048828
0 0.118885 0.497044 0.048828 0.048828
0 0.111271 0.453537 0.048828 0.048828
0 0.067764 0.461151 0.048828 0.048828
0 0.048186 0.404592 0.048828 0.048828
0 0.096044 0.395891 0.048828 0.048828
0 0.143901 0.425258 0.048828 0.048828
0 0.126498 0.381751 0.048828 0.048828
0 0.125411 0.348033 0.048828 0.048828
0 0.171093 0.398066 0.048828 0.048828
0 0.222213 0.413293 0.048828 0.048828
0 0.195021 0.456800 0.048828 0.048828
0 0.155865 0.505745 0.048828 0.048828
0 0.185232 0.512271 0.048828 0.048828
0 0.223301 0.499219 0.048828 0.048828
0 0.260281 0.551427 0.048828 0.048828
0 0.297262 0.564479 0.048828 0.048828
0 0.338593 0.537287 0.048828 0.048828
0 0.293999 0.513359 0.048828 0.048828
0 0.286385 0.481816 0.048828 0.048828
0 0.236353 0.460063 0.048828 0.048828
0 0.271158 0.444836 0.048828 0.048828
0 0.259194 0.390452 0.048828 0.048828
0 0.296174 0.408943 0.048828 0.048828
0 0.328804 0.452449 0.048828 0.048828
0 0.362522 0.485079 0.048828 0.048828
0 0.427782 0.506833 0.048828 0.048828
0 0.409292 0.469852 0.048828 0.048828
0 0.371223 0.451362 0.048828 0.048828
0 0.410379 0.418732 0.048828 0.048828
0 0.345119 0.410030 0.048828 0.048828
0 0.378837 0.395891 0.048828 0.048828
0 0.415818 0.380663 0.048828 0.048828
0 0.390801 0.351296 0.048828 0.048828
0 0.333155 0.363261 0.048828 0.048828
0 0.286385 0.368699 0.048828 0.048828
0 0.250492 0.342595 0.048828 0.048828
0 0.220038 0.342595 0.048828 0.048828
0 0.223301 0.289299 0.048828 0.048828
0 0.193934 0.304527 0.048828 0.048828
0 0.183057 0.348033 0.048828 0.048828
0 0.126498 0.305614 0.048828 0.048828
0 0.173268 0.267546 0.048828 0.048828
0 0.210249 0.256669 0.048828 0.048828
0 0.251580 0.200111 0.048828 0.048828
0 0.172180 0.231653 0.048828 0.048828
0 0.104745 0.170744 0.048828 0.048828
0 0.115622 0.203374 0.048828 0.048828
0 0.115622 0.240354 0.048828 0.048828
0 0.093868 0.276247 0.048828 0.048828
0 0.064501 0.227302 0.048828 0.048828
0 0.060151 0.170744 0.048828 0.048828
0 0.041660 0.378488 0.048828 0.048828
0 0.056888 0.350209 0.048828 0.048828
0 0.003592 0.334981 0.048828 0.048828
0 0.049274 0.294738 0.048828 0.048828
0 0.009030 0.271897 0.048828 0.048828
0 0.028608 0.237091 0.048828 0.048828
0 0.036222 0.175094 0.048828 0.048828
0 0.007943 0.145727 0.048828 0.048828
0 0.057975 0.120711 0.048828 0.048828
0 0.009030 0.090256 0.048828 0.048828
0 0.056888 0.083730 0.048828 0.048828
0 0.097131 0.083730 0.048828 0.048828
0 0.100394 0.039136 0.048828 0.048828
0 0.060151 0.021733 0.048828 0.048828
0 0.016644 0.024996 0.048828 0.048828
0 0.431335 0.007599 0.048828 0.048828
0 0.470846 0.028394 0.048828 0.048828
0 0.524913 0.023195 0.048828 0.048828
0 0.566502 0.011758 0.048828 0.048828
0 0.620569 0.017996 0.048828 0.048828
0 0.668398 0.020076 0.048828 0.048828
0 0.757816 0.007599 0.048828 0.048828
0 0.801485 0.029433 0.048828 0.048828
0 0.906500 0.056467 0.048828 0.048828
0 0.860751 0.032552 0.048828 0.048828
0 0.889864 0.115732 0.048828 0.048828
0 0.832678 0.077262 0.048828 0.048828
0 0.878426 0.158362 0.048828 0.048828
0 0.880506 0.200991 0.048828 0.048828
0 0.838916 0.228025 0.048828 0.048828
0 0.795247 0.219707 0.048828 0.048828
0 0.817081 0.171878 0.048828 0.048828
0 0.825399 0.121971 0.048828 0.048828
0 0.797326 0.081421 0.048828 0.048828
0 0.776531 0.126130 0.048828 0.048828
0 0.760935 0.179157 0.048828 0.048828
0 0.716226 0.200991 0.048828 0.048828
0 0.748458 0.236343 0.048828 0.048828
0 0.751577 0.280012 0.048828 0.048828
0 0.713107 0.246740 0.048828 0.048828
0 0.697511 0.284171 0.048828 0.048828
0 0.682954 0.324721 0.048828 0.048828
0 0.650722 0.357993 0.048828 0.048828
0 0.615371 0.315363 0.048828 0.048828
0 0.647603 0.291449 0.048828 0.048828
0 0.577940 0.298728 0.048828 0.048828
0 0.540509 0.277933 0.048828 0.048828
0 0.575860 0.249859 0.048828 0.048828
0 0.607053 0.276893 0.048828 0.048828
0 0.650722 0.250899 0.048828 0.048828
0 0.621609 0.224906 0.048828 0.048828
0 0.666318 0.216588 0.048828 0.048828
0 0.672557 0.169799 0.048828 0.048828
0 0.720385 0.152123 0.048828 0.048828
0 0.726623 0.098057 0.048828 0.048828
0 0.759895 0.054387 0.048828 0.048828
0 0.714146 0.042950 0.048828 0.048828
0 0.692312 0.085580 0.048828 0.048828
0 0.668398 0.133408 0.048828 0.048828
0 0.607053 0.173958 0.048828 0.048828
0 0.585218 0.202031 0.048828 0.048828
0 0.531151 0.230104 0.048828 0.048828
0 0.483323 0.277933 0.048828 0.048828
0 0.446932 0.212429 0.048828 0.048828
0 0.487482 0.206190 0.048828 0.048828
0 0.530111 0.187475 0.048828 0.048828
0 0.560264 0.154203 0.048828 0.048828
0 0.580019 0.118851 0.048828 0.048828
0 0.621609 0.111573 0.048828 0.048828
0 0.655921 0.062705 0.048828 0.048828
0 0.603933 0.056467 0.048828 0.048828
0 0.552986 0.066864 0.048828 0.048828
0 0.506197 0.067904 0.048828 0.048828
0 0.531151 0.115732 0.048828 0.048828
0 0.486442 0.099096 0.048828 0.048828
0 0.498919 0.150044 0.048828 0.048828
0 0.442773 0.141726 0.048828 0.048828
0 0.419898 0.182276 0.048828 0.048828
0 0.425097 0.092858 0.048828 0.048828
0 0.398064 0.114692 0.048828 0.048828
0 0.379348 0.063745 0.048828 0.048828
0 0.416779 0.043990 0.048828 0.048828
0 0.930331 0.616871 0.048828 0.048828
0 0.147729 0.143442 0.048828 0.048828
0 0.189886 0.143442 0.048828 0.048828
0 0.178389 0.089787 0.048828 0.048828
0 0.216714 0.057211 0.048828 0.048828
0 0.172640 0.053378 0.048828 0.048828
0 0.214797 0.007389 0.048828 0.048828
0 0.262704 0.001640 0.048828 0.048828
0 0.291447 0.018886 0.048828 0.048828
0 0.331688 0.022719 0.048828 0.048828
0 0.360432 0.020802 0.048828 0.048828
0 0.262496 0.069676 0.048828 0.048828
0 0.322964 0.069676 0.048828 0.048828
0 0.294170 0.111427 0.048828 0.048828
0 0.289851 0.147420 0.048828 0.048828
0 0.348878 0.111427 0.048828 0.048828
0 0.373353 0.153179 0.048828 0.048828
0 0.328723 0.160377 0.048828 0.048828
0 0.386311 0.207887 0.048828 0.048828
0 0.345999 0.203568 0.048828 0.048828
0 0.308567 0.194930 0.048828 0.048828
0 0.324403 0.226603 0.048828 0.048828
0 0.229383 0.154618 0.048828 0.048828
0 0.209227 0.216526 0.048828 0.048828
0 0.160277 0.184852 0.048828 0.048828
0 0.258177 0.258277 0.048828 0.048828
0 0.263936 0.307227 0.048828 0.048828
0 0.301368 0.285631 0.048828 0.048828
0 0.345999 0.271234 0.048828 0.048828
0 0.380552 0.253958 0.048828 0.048828
0 0.304248 0.324503 0.048828 0.048828
0 0.353198 0.315865 0.048828 0.048828
0 0.390630 0.292830 0.048828 0.048828
0 0.432381 0.258277 0.048828 0.048828
0 0.448218 0.318744 0.048828 0.048828
0 0.510125 0.328822 0.048828 0.048828
0 0.543238 0.333141 0.048828 0.048828
0 0.590748 0.354737 0.048828 0.048828
0 0.631060 0.379212 0.048828 0.048828
0 0.677131 0.383531 0.048828 0.048828
0 0.721761 0.357616 0.048828 0.048828
0 0.737598 0.315865 0.048828 0.048828
0 0.800945 0.279872 0.048828 0.048828
0 0.848455 0.279872 0.048828 0.048828
0 0.890207 0.245320 0.048828 0.048828
0 0.893086 0.304347 0.048828 0.048828
0 0.870051 0.320184 0.048828 0.048828
0 0.816782 0.333141 0.048828 0.048828
0 0.776470 0.324503 0.048828 0.048828
0 0.842696 0.364815 0.048828 0.048828
0 0.811023 0.369134 0.048828 0.048828
0 0.756314 0.356177 0.048828 0.048828
0 0.746236 0.406566 0.048828 0.048828
0 0.825420 0.428162 0.048828 0.048828
0 0.782229 0.455516 0.048828 0.048828
0 0.815342 0.462715 0.048828 0.048828
0 0.786548 0.490069 0.048828 0.048828
0 0.723201 0.475672 0.048828 0.048828
0 0.747676 0.526062 0.048828 0.048828
0 0.723201 0.501587 0.048828 0.048828
0 0.694407 0.498707 0.048828 0.048828
0 0.667053 0.477112 0.048828 0.048828
0 0.618103 0.445438 0.048828 0.048828
0 0.629620 0.492948 0.048828 0.048828
0 0.587869 0.478551 0.048828 0.048828
0 0.541799 0.449757 0.048828 0.048828
0 0.507246 0.406566 0.048828 0.048828
0 0.921880 0.276993 0.048828 0.048828
0 0.973709 0.287071 0.048828 0.048828
0 0.960752 0.256837 0.048828 0.048828
0 0.930518 0.217965 0.048828 0.048828
0 0.916121 0.180533 0.048828 0.048828
0 0.950674 0.150299 0.048828 0.048828
0 0.937717 0.085513 0.048828 0.048828
0 0.944915 0.043761 0.048828 0.048828
0 0.970830 0.003450 0.048828 0.048828
0 0.998184 0.252518 0.048828 0.048828
0 0.972270 0.749216 0.048828 0.048828
0 0.996745 0.720421 0.048828 0.048828
0 0.949234 0.684429 0.048828 0.048828
0 0.901724 0.706024 0.048828 0.048828
0 0.887327 0.742017 0.048828 0.048828
0 0.904604 0.792407 0.048828 0.048828
0 0.534600 0.379212 0.048828 0.048828
0 0.469813 0.379212 0.048828 0.048828
0 0.992281 0.949513 0.048828 0.048828
0 0.547425 0.498131 0.048828 0.048828
0 0.495217 0.455712 0.048828 0.048828