0 0.023186 0.230140 0.048828 0.048828
0 0.047558 0.248193 0.048828 0.048828
0 0.046655 0.199449 0.048828 0.048828
0 0.087275 0.178688 0.048828 0.048828
0 0.078249 0.240972 0.048828 0.048828
0 0.074638 0.277981 0.048828 0.048828
0 0.027699 0.269857 0.048828 0.048828
0 0.039434 0.302353 0.048828 0.048828
0 0.000619 0.310477 0.048828 0.048828
0 0.028602 0.457612 0.048828 0.048828
0 0.013257 0.392620 0.048828 0.048828
0 0.046655 0.376372 0.048828 0.048828
0 0.086373 0.374567 0.048828 0.048828
0 0.106231 0.342071 0.048828 0.048828
0 0.172126 0.147997 0.048828 0.048828
0 0.203720 0.106474 0.048828 0.048828
0 0.180250 0.089324 0.048828 0.048828
0 0.022283 0.105572 0.048828 0.048828
0 0.030407 0.601137 0.048828 0.048828
0 0.110745 0.595721 0.048828 0.048828
0 0.123382 0.548782 0.048828 0.048828
0 0.173029 0.539755 0.048828 0.048828
0 0.118869 0.509967 0.048828 0.048828
0 0.152268 0.500038 0.048828 0.048828
0 0.142338 0.461223 0.048828 0.048828
0 0.136020 0.624606 0.048828 0.048828
0 0.157684 0.646270 0.048828 0.048828
0 0.220870 0.636341 0.048828 0.048828
0 0.190180 0.673350 0.048828 0.048828
0 0.155878 0.675155 0.048828 0.048828
0 0.227189 0.685987 0.048828 0.048828
0 0.278641 0.686890 0.048828 0.048828
0 0.240729 0.723900 0.048828 0.048828
0 0.266004 0.748272 0.048828 0.048828
0 0.197401 0.747369 0.048828 0.048828
0 0.184764 0.706749 0.048828 0.048828
0 0.149560 0.737440 0.048828 0.048828
0 0.120674 0.691404 0.048828 0.048828
0 0.089081 0.703138 0.048828 0.048828
0 0.073735 0.673350 0.048828 0.048828
0 0.097205 0.629119 0.048828 0.048828
0 0.029505 0.639049 0.048828 0.048828
0 0.036726 0.685987 0.048828 0.048828
0 0.048461 0.722997 0.048828 0.048828
0 0.089081 0.745564 0.048828 0.048828
0 0.126090 0.764520 0.048828 0.048828
0 0.070125 0.775352 0.048828 0.048828
0 0.034921 0.759104 0.048828 0.048828
0 0.002425 0.977549 0.048828 0.048828
0 0.034921 0.986576 0.048828 0.048828
0 0.086373 0.991992 0.048828 0.048828
0 0.014159 0.812361 0.048828 0.048828
0 0.036726 0.809653 0.048828 0.048828
0 0.068319 0.803334 0.048828 0.048828
0 0.072833 0.843954 0.048828 0.048828
0 0.104426 0.862008 0.048828 0.048828
0 0.081859 0.889991 0.048828 0.048828
0 0.052974 0.930611 0.048828 0.048828
0 0.072833 0.947761 0.048828 0.048828
0 0.099010 0.936027 0.048828 0.048828
0 0.120674 0.972133 0.048828 0.048828
0 0.161294 0.960399 0.048828 0.048828
0 0.166710 0.927903 0.048828 0.048828
0 0.148657 0.899920 0.048828 0.048828
0 0.125187 0.908947 0.048828 0.048828
0 0.151365 0.867424 0.048828 0.048828
0 0.169418 0.848468 0.048828 0.048828
0 0.171224 0.824998 0.048828 0.048828
0 0.117063 0.824096 0.048828 0.048828
0 0.145949 0.806042 0.048828 0.048828
0 0.178445 0.778962 0.048828 0.048828
0 0.239826 0.797918 0.048828 0.048828
0 0.239826 0.839441 0.048828 0.048828
0 0.301208 0.828609 0.048828 0.048828
0 0.349049 0.824096 0.048828 0.048828
0 0.412236 0.891796 0.048828 0.048828
0 0.335509 0.895407 0.048828 0.048828
0 0.303916 0.892699 0.048828 0.048828
0 0.263296 0.895407 0.048828 0.048828
0 0.227189 0.874645 0.048828 0.048828
0 0.215454 0.896309 0.048828 0.048828
0 0.212746 0.932416 0.048828 0.048828
0 0.247048 0.927903 0.048828 0.048828
0 0.277738 0.923389 0.048828 0.048828
0 0.296694 0.957691 0.048828 0.048828
0 0.226286 0.967620 0.048828 0.048828
0 0.481741 0.797918 0.048828 0.048828
0 0.587354 0.743758 0.048828 0.048828
0 0.621655 0.744661 0.048828 0.048828
0 0.666789 0.731121 0.048828 0.048828
0 0.602699 0.776254 0.048828 0.048828
0 0.637000 0.802432 0.048828 0.048828
0 0.677621 0.772644 0.048828 0.048828
0 0.682134 0.802432 0.048828 0.048828
0 0.683037 0.834025 0.048828 0.048828
0 0.644222 0.848468 0.048828 0.048828
0 0.663178 0.882769 0.048828 0.048828
0 0.732683 0.810556 0.048828 0.048828
0 0.770595 0.814166 0.048828 0.048828
0 0.809410 0.819582 0.048828 0.048828
0 0.734489 0.853884 0.048828 0.048828
0 0.785038 0.851176 0.048828 0.048828
0 0.810313 0.871035 0.048828 0.048828
0 0.755250 0.890893 0.048828 0.048828
0 0.782330 0.884575 0.048828 0.048828
0 0.778719 0.920681 0.048828 0.048828
0 0.812118 0.906239 0.048828 0.048828
0 0.842809 0.893601 0.048828 0.048828
0 0.841906 0.935124 0.048828 0.048828
0 0.872597 0.933319 0.048828 0.048828
0 0.893358 0.962204 0.048828 0.048828
0 0.937589 0.972133 0.048828 0.048828
0 0.922244 0.997408 0.048828 0.048828
0 0.884332 0.997408 0.048828 0.048828
0 0.848225 0.982965 0.048828 0.048828
0 0.811215 0.999213 0.048828 0.048828
0 0.756153 0.992895 0.048828 0.048828
0 0.720949 0.945053 0.048828 0.048828
0 0.695674 0.982965 0.048828 0.048828
0 0.670399 0.954080 0.048828 0.048828
0 0.630682 0.931513 0.048828 0.048828
0 0.609920 0.885477 0.048828 0.048828
0 0.590062 0.940540 0.048828 0.048828
0 0.518751 0.909849 0.048828 0.048828
0 0.453759 0.894504 0.048828 0.048828
0 0.522362 0.942345 0.048828 0.048828
0 0.488963 0.954080 0.048828 0.048828
0 0.469104 0.994700 0.048828 0.048828
0 0.534999 0.982965 0.048828 0.048828
0 0.598186 0.991992 0.048828 0.048828
0 0.431192 0.956788 0.048828 0.048828
0 0.418555 0.987479 0.048828 0.048828
0 0.248853 0.997408 0.048828 0.048828
0 0.089983 0.070368 0.048828 0.048828
0 0.444732 0.783476 0.048828 0.048828
0 0.462785 0.753688 0.048828 0.048828
0 0.499795 0.750077 0.048828 0.048828
0 0.649638 0.714873 0.048828 0.048828
0 0.627974 0.698625 0.048828 0.048828
0 0.543123 0.741050 0.048828 0.048828
0 0.581035 0.804237 0.048828 0.048828
0 0.460980 0.833122 0.048828 0.048828
0 0.404112 0.823193 0.048828 0.048828
0 0.352660 0.785281 0.048828 0.048828