0 0.050842 0.628549 0.048828 0.048828
0 0.034704 0.582286 0.048828 0.048828
0 0.045462 0.522037 0.048828 0.048828
0 0.075587 0.557541 0.048828 0.048828
0 0.122926 0.534947 0.048828 0.048828
0 0.162734 0.547858 0.048828 0.048828
0 0.206845 0.569376 0.048828 0.048828
0 0.125078 0.494064 0.048828 0.048828
0 0.100333 0.500519 0.048828 0.048828
0 0.068056 0.477925 0.048828 0.048828
0 0.012110 0.477925 0.048828 0.048828
0 0.018565 0.442421 0.048828 0.048828
0 0.066980 0.439194 0.048828 0.048828
0 0.105712 0.448877 0.048828 0.048828
0 0.119699 0.403689 0.048828 0.048828
0 0.147672 0.423055 0.048828 0.048828
0 0.177796 0.446725 0.048828 0.048828
0 0.211149 0.432738 0.048828 0.048828
0 0.240198 0.394006 0.048828 0.048828
0 0.275702 0.489760 0.048828 0.048828
0 0.276778 0.343440 0.048828 0.048828
0 0.305827 0.353123 0.048828 0.048828
0 0.213301 0.371413 0.048828 0.048828
0 0.214376 0.319770 0.048828 0.048828
0 0.160582 0.347743 0.048828 0.048828
0 0.150899 0.305784 0.048828 0.048828
0 0.178872 0.282114 0.048828 0.048828
0 0.110016 0.319770 0.048828 0.048828
0 0.087422 0.359578 0.048828 0.048828
0 0.057297 0.349895 0.048828 0.048828
0 0.069132 0.396158 0.048828 0.048828
0 0.036855 0.397234 0.048828 0.048828
0 0.011034 0.325150 0.048828 0.048828
0 0.054070 0.293949 0.048828 0.048828
0 0.017489 0.273507 0.048828 0.048828
0 0.322464 0.442433 0.048828 0.048828
0 0.348609 0.383263 0.048828 0.048828
0 0.385762 0.377759 0.048828 0.048828
0 0.409154 0.361247 0.048828 0.048828
0 0.429795 0.333726 0.048828 0.048828
0 0.465572 0.333726 0.048828 0.048828
0 0.462820 0.370879 0.048828 0.048828
0 0.444931 0.395647 0.048828 0.048828
0 0.402274 0.416288 0.048828 0.048828
0 0.355489 0.340606 0.048828 0.048828
0 0.376129 0.307581 0.048828 0.048828
0 0.403650 0.281436 0.048828 0.048828
0 0.387138 0.255291 0.048828 0.048828
0 0.451812 0.291069 0.048828 0.048828
0 0.497221 0.252539 0.048828 0.048828
0 0.435299 0.220891 0.048828 0.048828
0 0.479332 0.201626 0.048828 0.048828
0 0.490341 0.164473 0.048828 0.048828
0 0.472452 0.130072 0.048828 0.048828
0 0.539878 0.141080 0.048828 0.048828
0 0.502566 0.043677 0.048828 0.048828
0 0.477547 0.085754 0.048828 0.048828
0 0.452528 0.043677 0.048828 0.048828
0 0.415000 0.064147 0.048828 0.048828
0 0.411588 0.018658 0.048828 0.048828
0 0.351315 0.012972 0.048828 0.048828
0 0.388844 0.047089 0.048828 0.048828
0 0.354727 0.068696 0.048828 0.048828
0 0.374060 0.097127 0.048828 0.048828
0 0.426372 0.097127 0.048828 0.048828
0 0.420686 0.150576 0.048828 0.048828
0 0.383158 0.122145 0.048828 0.048828
0 0.402490 0.175595 0.048828 0.048828
0 0.355864 0.156262 0.048828 0.048828
0 0.392255 0.210849 0.048828 0.048828
0 0.336531 0.192653 0.048828 0.048828
0 0.353590 0.234731 0.048828 0.048828
0 0.333120 0.264298 0.048828 0.048828
0 0.301278 0.254063 0.048828 0.048828
0 0.289905 0.301827 0.048828 0.048828
0 0.253514 0.297278 0.048828 0.048828
0 0.262612 0.244966 0.048828 0.048828
0 0.234181 0.257475 0.048828 0.048828
0 0.228495 0.225633 0.048828 0.048828
0 0.183006 0.229044 0.048828 0.048828
0 0.140929 0.254063 0.048828 0.048828
0 0.102264 0.273396 0.048828 0.048828
0 0.131831 0.218809 0.048828 0.048828
0 0.093166 0.234731 0.048828 0.048828
0 0.045402 0.239279 0.048828 0.048828
0 0.186418 0.181281 0.048828 0.048828
0 0.221672 0.183556 0.048828 0.048828
0 0.254651 0.202888 0.048828 0.048828
0 0.299003 0.209712 0.048828 0.048828
0 0.286494 0.180144 0.048828 0.048828
0 0.247828 0.150576 0.048828 0.048828
0 0.316061 0.155125 0.048828 0.048828
0 0.278533 0.131243 0.048828 0.048828
0 0.336531 0.115322 0.048828 0.048828
0 0.305826 0.061873 0.048828 0.048828
0 0.276259 0.073245 0.048828 0.048828
0 0.247828 0.099401 0.048828 0.048828
0 0.203476 0.146027 0.048828 0.048828
0 0.183006 0.102813 0.048828 0.048828
0 0.152301 0.160811 0.048828 0.048828
0 0.152301 0.070970 0.048828 0.048828
0 0.201202 0.070970 0.048828 0.048828
0 0.233044 0.058461 0.048828 0.048828
0 0.214849 0.028893 0.048828 0.048828
0 0.252377 0.026619 0.048828 0.048828
0 0.297866 0.026619 0.048828 0.048828
0 0.157987 0.019795 0.048828 0.048828
0 0.112499 0.011835 0.048828 0.048828
0 0.062461 0.003874 0.048828 0.048828
0 0.094303 0.043677 0.048828 0.048828
0 0.114773 0.086892 0.048828 0.048828
0 0.118185 0.140341 0.048828 0.048828
0 0.109087 0.169909 0.048828 0.048828
0 0.074970 0.134655 0.048828 0.048828
0 0.067010 0.088029 0.048828 0.048828
0 0.039716 0.053912 0.048828 0.048828
0 0.021521 0.011835 0.048828 0.048828
0 0.015835 0.091440 0.048828 0.048828
0 0.020384 0.139204 0.048828 0.048828
0 0.012423 0.193791 0.048828 0.048828
0 0.054500 0.169909 0.048828 0.048828
0 0.067010 0.198339 0.048828 0.048828