0 0.467727 0.025492 0.048828 0.048828
0 0.637753 0.011890 0.048828 0.048828
0 0.604598 0.007639 0.048828 0.048828
0 0.521285 0.009339 0.048828 0.048828
0 0.548490 0.022091 0.048828 0.048828
0 0.532337 0.062048 0.048828 0.048828
0 0.500882 0.070549 0.048828 0.048828
0 0.469427 0.073099 0.048828 0.048828
0 0.440523 0.070549 0.048828 0.048828
0 0.442223 0.110505 0.048828 0.048828
0 0.493231 0.105404 0.048828 0.048828
0 0.449024 0.154712 0.048828 0.048828
0 0.494081 0.147061 0.048828 0.048828
0 0.437973 0.219322 0.048828 0.048828
0 0.472828 0.195518 0.048828 0.048828
0 0.499182 0.201469 0.048828 0.048828
0 0.571443 0.180216 0.048828 0.048828
0 0.539138 0.102004 0.048828 0.048828
0 0.566342 0.085851 0.048828 0.048828
0 0.607999 0.057797 0.048828 0.048828
0 0.585895 0.120706 0.048828 0.048828
0 0.619050 0.112205 0.048828 0.048828
0 0.645404 0.209970 0.048828 0.048828
0 0.677709 0.136009 0.048828 0.048828
0 0.695562 0.170014 0.048828 0.048828
0 0.727017 0.227823 0.048828 0.048828
0 0.732968 0.199769 0.048828 0.048828
0 0.750820 0.168314 0.048828 0.048828
0 0.777174 0.239725 0.048828 0.048828
0 0.778025 0.204869 0.048828 0.048828
0 0.786526 0.170864 0.048828 0.048828
0 0.804379 0.158962 0.048828 0.048828
0 0.829032 0.148761 0.048828 0.048828
0 0.851986 0.115606 0.048828 0.048828
0 0.823932 0.090952 0.048828 0.048828
0 0.812030 0.072249 0.048828 0.048828
0 0.789926 0.126657 0.048828 0.048828
0 0.761022 0.078200 0.048828 0.048828
0 0.735518 0.072249 0.048828 0.048828
0 0.757621 0.038244 0.048828 0.048828
0 0.721066 0.039944 0.048828 0.048828
0 0.648805 0.071399 0.048828 0.048828
0 0.689611 0.097753 0.048828 0.048828
0 0.734668 0.118156 0.048828 0.048828
0 0.879190 0.198918 0.048828 0.048828
0 0.863888 0.153011 0.048828 0.048828
0 0.902994 0.143660 0.048828 0.048828
0 0.908094 0.115606 0.048828 0.048828
0 0.996508 0.100303 0.048828 0.048828
0 0.969304 0.068849 0.048828 0.048828
0 0.868989 0.027192 0.048828 0.048828
0 0.867288 0.055246 0.048828 0.048828
0 0.807779 0.023792 0.048828 0.048828
0 0.549044 0.946321 0.048828 0.048828
0 0.736616 0.909354 0.048828 0.048828
0 0.639407 0.747795 0.048828 0.048828
0 0.543567 0.747795 0.048828 0.048828
0 0.558628 0.697137 0.048828 0.048828
0 0.569581 0.624572 0.048828 0.048828
0 0.523030 0.613619 0.048828 0.048828
0 0.486063 0.609511 0.048828 0.048828
0 0.517554 0.684814 0.048828 0.048828
0 0.454573 0.686183 0.048828 0.048828
0 0.423083 0.638263 0.048828 0.048828
0 0.398438 0.734103 0.048828 0.048828
0 0.373794 0.667015 0.048828 0.048828
0 0.323135 0.612250 0.048828 0.048828
0 0.494278 0.564330 0.048828 0.048828
0 0.528507 0.509564 0.048828 0.048828
0 0.509339 0.452060 0.048828 0.048828
0 0.544936 0.402771 0.048828 0.048828
0 0.651730 0.327468 0.048828 0.048828
0 0.583272 0.282286 0.048828 0.048828
0 0.472372 0.358958 0.048828 0.048828
0 0.354626 0.353482 0.048828 0.048828
0 0.383378 0.374019 0.048828 0.048828
0 0.413499 0.374019 0.048828 0.048828
0 0.412130 0.430154 0.048828 0.048828
0 0.444989 0.497242 0.048828 0.048828
0 0.405284 0.515041 0.048828 0.048828
0 0.664052 0.583498 0.048828 0.048828
0 0.974847 0.552007 0.048828 0.048828
0 0.985800 0.504087 0.048828 0.048828
0 0.432667 0.308300 0.048828 0.048828
0 0.355995 0.304193 0.048828 0.048828
0 0.375163 0.268595 0.048828 0.048828
0 0.358733 0.232997 0.048828 0.048828
0 0.294383 0.226151 0.048828 0.048828
0 0.339565 0.160433 0.048828 0.048828
0 0.985800 0.235735 0.048828 0.048828
0 0.326971 0.104290 0.048828 0.048828
0 0.357831 0.108405 0.048828 0.048828
0 0.394863 0.103262 0.048828 0.048828
0 0.394863 0.161895 0.048828 0.048828
0 0.732968 0.267779 0.048828 0.048828
0 0.979198 0.188887 0.048828 0.048828