0 0.857463 0.350481 0.048828 0.048828
0 0.788673 0.305180 0.048828 0.048828
0 0.719884 0.236391 0.048828 0.048828
0 0.612506 0.102168 0.048828 0.048828
0 0.652773 0.087068 0.048828 0.048828
0 0.694717 0.127335 0.048828 0.048828
0 0.815518 0.144113 0.048828 0.048828
0 0.592372 0.144113 0.048828 0.048828
0 0.540361 0.140757 0.048828 0.048828
0 0.917863 0.811872 0.048828 0.048828
0 0.236681 0.400814 0.048828 0.048828
0 0.102458 0.437725 0.048828 0.048828
0 0.224937 0.318603 0.048828 0.048828
0 0.266881 0.056868 0.048828 0.048828
0 0.964841 0.769928 0.048828 0.048828
0 0.833974 0.370614 0.048828 0.048828
0 0.238359 0.233035 0.048828 0.048828
0 0.290370 0.196124 0.048828 0.048828