0 0.016624 0.683753 0.048828 0.048828
0 0.042728 0.652211 0.048828 0.048828
0 0.003572 0.618493 0.048828 0.048828
0 0.022062 0.510814 0.048828 0.048828
0 0.012273 0.468395 0.048828 0.048828
0 0.090585 0.480359 0.048828 0.048828
0 0.071007 0.422713 0.048828 0.048828
0 0.121040 0.411836 0.048828 0.048828
0 0.155845 0.434677 0.048828 0.048828
0 0.154757 0.383557 0.048828 0.048828
0 0.212404 0.396609 0.048828 0.048828
0 0.228719 0.350927 0.048828 0.048828
0 0.248297 0.373768 0.048828 0.048828
0 0.233069 0.434677 0.048828 0.048828
0 0.266787 0.457518 0.048828 0.048828
0 0.122127 0.636983 0.048828 0.048828
0 0.022062 0.993738 0.048828 0.048828
0 0.087322 0.979599 0.048828 0.048828
0 0.005747 0.940443 0.048828 0.048828
0 0.029676 0.904550 0.048828 0.048828
0 0.064481 0.908900 0.048828 0.048828
0 0.022062 0.850166 0.048828 0.048828
0 0.079708 0.875183 0.048828 0.048828
0 0.085147 0.843640 0.048828 0.048828
0 0.150407 0.888235 0.048828 0.048828
0 0.106900 0.816449 0.048828 0.048828
0 0.173248 0.795783 0.048828 0.048828
0 0.220017 0.756627 0.048828 0.048828
0 0.267875 0.739224 0.048828 0.048828
0 0.180861 0.826238 0.048828 0.048828
0 0.172160 0.976336 0.048828 0.048828
0 0.214579 0.958933 0.048828 0.048828
0 0.267875 0.944793 0.048828 0.048828
0 0.341836 0.824062 0.048828 0.048828
0 0.315732 0.792520 0.048828 0.048828
0 0.314645 0.755539 0.048828 0.048828
0 0.350538 0.745750 0.048828 0.048828
0 0.386431 0.745750 0.048828 0.048828
0 0.437551 0.741400 0.048828 0.048828
0 0.462567 0.712033 0.048828 0.048828
0 0.088410 0.658737 0.048828 0.048828
0 0.025325 0.743575 0.048828 0.048828
0 0.598526 0.975248 0.048828 0.048828
0 0.665961 0.980686 0.048828 0.048828
0 0.733396 0.919777 0.048828 0.048828
0 0.712731 0.930654 0.048828 0.048828
0 0.688802 0.905637 0.048828 0.048828
0 0.655084 0.905637 0.048828 0.048828
0 0.543055 0.902374 0.048828 0.048828
0 0.590912 0.862131 0.048828 0.048828
0 0.565896 0.819712 0.048828 0.048828
0 0.530003 0.794695 0.048828 0.048828
0 0.558282 0.768591 0.048828 0.048828
0 0.617016 0.772942 0.048828 0.048828
0 0.675750 0.804484 0.048828 0.048828
0 0.687714 0.842553 0.048828 0.048828
0 0.722520 0.821887 0.048828 0.048828
0 0.782341 0.800134 0.048828 0.048828
0 0.817147 0.770767 0.048828 0.048828
0 0.835637 0.739224 0.048828 0.048828
0 0.857390 0.718559 0.048828 0.048828
0 0.844338 0.668526 0.048828 0.048828
0 0.806270 0.698981 0.048828 0.048828
0 0.791043 0.728348 0.048828 0.048828
0 0.746448 0.727260 0.048828 0.048828
0 0.773640 0.760978 0.048828 0.048828
0 0.734484 0.766416 0.048828 0.048828
0 0.693153 0.771854 0.048828 0.048828
0 0.684451 0.732698 0.048828 0.048828
0 0.655084 0.734874 0.048828 0.048828
0 0.613753 0.707682 0.048828 0.048828
0 0.584386 0.692455 0.048828 0.048828
0 0.569159 0.662000 0.048828 0.048828
0 0.597438 0.611967 0.048828 0.048828
0 0.625717 0.633720 0.048828 0.048828
0 0.638769 0.666351 0.048828 0.048828
0 0.674662 0.694630 0.048828 0.048828
0 0.705117 0.681578 0.048828 0.048828
0 0.746448 0.680490 0.048828 0.048828
0 0.791043 0.668526 0.048828 0.048828
0 0.834549 0.638071 0.048828 0.048828
0 0.805182 0.638071 0.048828 0.048828
0 0.846514 0.598915 0.048828 0.048828
0 0.823673 0.604353 0.048828 0.048828
0 0.786692 0.620668 0.048828 0.048828
0 0.745361 0.633720 0.048828 0.048828
0 0.712731 0.631545 0.048828 0.048828
0 0.674662 0.640246 0.048828 0.048828
0 0.577860 0.574986 0.048828 0.048828
0 0.637682 0.586951 0.048828 0.048828
0 0.668136 0.600003 0.048828 0.048828
0 0.697503 0.579337 0.048828 0.048828
0 0.737747 0.584775 0.048828 0.048828
0 0.772552 0.582600 0.048828 0.048828
0 0.814971 0.570636 0.048828 0.048828
0 0.858478 0.547795 0.048828 0.048828
0 0.839988 0.520603 0.048828 0.048828
0 0.812796 0.519515 0.048828 0.048828
0 0.780166 0.528217 0.048828 0.048828
0 0.729046 0.520603 0.048828 0.048828
0 0.695328 0.538006 0.048828 0.048828
0 0.669224 0.523866 0.048828 0.048828
0 0.639857 0.520603 0.048828 0.048828
0 0.697503 0.495587 0.048828 0.048828
0 0.692065 0.450992 0.048828 0.048828
0 0.652909 0.471658 0.048828 0.048828
0 0.638769 0.422713 0.048828 0.048828
0 0.672487 0.417275 0.048828 0.048828
0 0.760588 0.468395 0.048828 0.048828
0 0.784517 0.447729 0.048828 0.048828
0 0.805182 0.481447 0.048828 0.048828
0 0.838900 0.489061 0.048828 0.048828
0 0.833462 0.447729 0.048828 0.048828
0 0.857390 0.415099 0.048828 0.048828
0 0.850864 0.347664 0.048828 0.048828
0 0.830199 0.378119 0.048828 0.048828
0 0.784517 0.408573 0.048828 0.048828
0 0.871530 0.582600 0.048828 0.048828
0 0.899809 0.564110 0.048828 0.048828
0 0.887845 0.507551 0.048828 0.048828
0 0.907423 0.487973 0.048828 0.048828
0 0.936790 0.456431 0.048828 0.048828
0 0.966157 0.515165 0.048828 0.048828
0 0.967245 0.369417 0.048828 0.048828
0 0.942228 0.398784 0.048828 0.048828
0 0.911774 0.396609 0.048828 0.048828
0 0.883494 0.362891 0.048828 0.048828
0 0.966157 0.333524 0.048828 0.048828
0 0.074465 0.955763 0.048828 0.048828
0 0.049990 0.800275 0.048828 0.048828
0 0.121976 0.757084 0.048828 0.048828
0 0.172365 0.711014 0.048828 0.048828
0 0.257308 0.695177 0.048828 0.048828
0 0.263066 0.618873 0.048828 0.048828
0 0.225634 0.613114 0.048828 0.048828
0 0.165167 0.603036 0.048828 0.048828
0 0.096061 0.551207 0.048828 0.048828
0 0.178124 0.533930 0.048828 0.048828
0 0.241471 0.559845 0.048828 0.048828
0 0.215556 0.492179 0.048828 0.048828
0 0.388321 0.617433 0.048828 0.048828
0 0.388321 0.582880 0.048828 0.048828
0 0.458866 0.618873 0.048828 0.048828
0 0.490539 0.569923 0.048828 0.048828
0 0.529411 0.607355 0.048828 0.048828
0 0.545248 0.556965 0.048828 0.048828
0 0.316335 0.942806 0.048828 0.048828
0 0.025516 0.333811 0.048828 0.048828
0 0.049990 0.276223 0.048828 0.048828
0 0.559645 0.467704 0.048828 0.048828
0 0.556766 0.387080 0.048828 0.048828
0 0.591319 0.387080 0.048828 0.048828
0 0.638829 0.361166 0.048828 0.048828
0 0.584120 0.296379 0.048828 0.048828
0 0.673382 0.260387 0.048828 0.048828
0 0.707935 0.260387 0.048828 0.048828
0 0.735289 0.228713 0.048828 0.048828
0 0.765523 0.264706 0.048828 0.048828
0 0.781359 0.305017 0.048828 0.048828
0 0.837508 0.307897 0.048828 0.048828
0 0.882139 0.313656 0.048828 0.048828
0 0.886458 0.264706 0.048828 0.048828
0 0.939727 0.296379 0.048828 0.048828
0 0.936847 0.267585 0.048828 0.048828
0 0.869181 0.227273 0.048828 0.048828
0 0.836068 0.250309 0.048828 0.048828
0 0.825990 0.221515 0.048828 0.048828
0 0.792877 0.205678 0.048828 0.048828
0 0.813033 0.172565 0.048828 0.048828
0 0.870621 0.189841 0.048828 0.048828
0 0.309137 0.865062 0.048828 0.048828