0 0.843712 0.011573 0.048828 0.048828
0 0.806702 0.022405 0.048828 0.048828
0 0.761569 0.034139 0.048828 0.048828
0 0.719143 0.005254 0.048828 0.048828
0 0.676718 0.018794 0.048828 0.048828
0 0.646930 0.044069 0.048828 0.048828
0 0.624363 0.076565 0.048828 0.048828
0 0.579230 0.133433 0.048828 0.048828
0 0.819339 0.129822 0.048828 0.048828
0 0.760666 0.220992 0.048828 0.048828
0 0.923146 0.258904 0.048828 0.048828
0 0.878916 0.260709 0.048828 0.048828
0 0.848225 0.268833 0.048828 0.048828
0 0.966474 0.296816 0.048828 0.048828
0 0.966474 0.347365 0.048828 0.048828
0 0.883429 0.309453 0.048828 0.048828
0 0.805799 0.287789 0.048828 0.048828
0 0.823853 0.318480 0.048828 0.048828
0 0.843712 0.343755 0.048828 0.048828
0 0.868084 0.391596 0.048828 0.048828
0 0.841906 0.378056 0.048828 0.048828
0 0.903288 0.396109 0.048828 0.048828
0 0.928562 0.407844 0.048828 0.048828
0 0.945713 0.448464 0.048828 0.048828
0 0.922244 0.485474 0.048828 0.048828
0 0.861765 0.518872 0.048828 0.048828
0 0.813923 0.512554 0.048828 0.048828
0 0.805799 0.348268 0.048828 0.048828
0 0.751639 0.360905 0.048828 0.048828
0 0.735391 0.330215 0.048828 0.048828
0 0.764277 0.297719 0.048828 0.048828
0 0.742613 0.261612 0.048828 0.048828
0 0.726365 0.294108 0.048828 0.048828
0 0.680329 0.299524 0.048828 0.048828
0 0.692966 0.344657 0.048828 0.048828
0 0.661373 0.332020 0.048828 0.048828
0 0.623460 0.297719 0.048828 0.048828
0 0.646930 0.239948 0.048828 0.048828
0 0.598186 0.268833 0.048828 0.048828
0 0.914120 0.157805 0.048828 0.048828
0 0.957448 0.493598 0.048828 0.048828
0 0.946616 0.530607 0.048828 0.048828
0 0.173750 0.008322 0.048828 0.048828
0 0.017326 0.106937 0.048828 0.048828
0 0.009675 0.065280 0.048828 0.048828
0 0.017326 0.027025 0.048828 0.048828
0 0.061533 0.034676 0.048828 0.048828
0 0.042830 0.087384 0.048828 0.048828
0 0.082786 0.095035 0.048828 0.048828
0 0.086186 0.059330 0.048828 0.048828
0 0.096388 0.025324 0.048828 0.048828
0 0.140595 0.066981 0.048828 0.048828
0 0.175450 0.066131 0.048828 0.048828
0 0.202654 0.055079 0.048828 0.048828
0 0.195853 0.120539 0.048828 0.048828
0 0.179701 0.147743 0.048828 0.048828
0 0.146546 0.167296 0.048828 0.048828
0 0.149096 0.188549 0.048828 0.048828
0 0.104889 0.147743 0.048828 0.048828
0 0.035179 0.153694 0.048828 0.048828
0 0.055582 0.231906 0.048828 0.048828
0 0.134644 0.234456 0.048828 0.048828
0 0.136344 0.272712 0.048828 0.048828
0 0.151646 0.294816 0.048828 0.048828
0 0.187352 0.299916 0.048828 0.048828
0 0.110840 0.293965 0.048828 0.048828
0 0.111690 0.328821 0.048828 0.048828
0 0.068334 0.333071 0.048828 0.048828
0 0.047080 0.297366 0.048828 0.048828
0 0.026677 0.261660 0.048828 0.048828
0 0.015626 0.192800 0.048828 0.048828
0 0.266414 0.015973 0.048828 0.048828
0 0.230709 0.086534 0.048828 0.048828
0 0.297869 0.114588 0.048828 0.048828
0 0.021577 0.454640 0.048828 0.048828
0 0.009675 0.572808 0.048828 0.048828
0 0.081936 0.570258 0.048828 0.048828
0 0.134644 0.532002 0.048828 0.048828
0 0.192453 0.509898 0.048828 0.048828
0 0.197553 0.569407 0.048828 0.048828
0 0.208605 0.549855 0.048828 0.048828
0 0.195003 0.600012 0.048828 0.048828
0 0.132944 0.607663 0.048828 0.048828
0 0.093838 0.617015 0.048828 0.048828
0 0.073434 0.656121 0.048828 0.048828
0 0.040279 0.617865 0.048828 0.048828
0 0.024127 0.692676 0.048828 0.048828
0 0.251962 0.534552 0.048828 0.048828
0 0.004574 0.958767 0.048828 0.048828
0 0.029228 0.948565 0.048828 0.048828
0 0.052181 0.915410 0.048828 0.048828
0 0.024127 0.890757 0.048828 0.048828
0 0.012225 0.872054 0.048828 0.048828
0 0.079385 0.998723 0.048828 0.048828
0 0.064083 0.952816 0.048828 0.048828
0 0.103189 0.943465 0.048828 0.048828
0 0.108290 0.915410 0.048828 0.048828
0 0.196703 0.900108 0.048828 0.048828
0 0.169499 0.868653 0.048828 0.048828
0 0.212006 0.840599 0.048828 0.048828
0 0.238360 0.928162 0.048828 0.048828
0 0.202654 0.936664 0.048828 0.048828
0 0.273215 0.932413 0.048828 0.048828
0 0.262163 0.885656 0.048828 0.048828
0 0.286817 0.873754 0.048828 0.048828
0 0.224758 0.756436 0.048828 0.048828
0 0.187352 0.707979 0.048828 0.048828
0 0.155047 0.702878 0.048828 0.048828
0 0.115941 0.689276 0.048828 0.048828
0 0.079385 0.718180 0.048828 0.048828
0 0.085336 0.747085 0.048828 0.048828
0 0.053881 0.775989 0.048828 0.048828
0 0.083636 0.794692 0.048828 0.048828
0 0.122742 0.785341 0.048828 0.048828
0 0.167799 0.785341 0.048828 0.048828
0 0.069184 0.826997 0.048828 0.048828
0 0.067484 0.855051 0.048828 0.048828
0 0.007974 0.823596 0.048828 0.048828
0 0.006274 0.773439 0.048828 0.048828
0 0.013925 0.737733 0.048828 0.048828
0 0.587978 0.337517 0.048828 0.048828
0 0.616210 0.378404 0.048828 0.048828
0 0.641521 0.380351 0.048828 0.048828
0 0.750553 0.401768 0.048828 0.048828
0 0.702851 0.435841 0.048828 0.048828
0 0.640547 0.429027 0.048828 0.048828
0 0.367966 0.304418 0.048828 0.048828
0 0.379648 0.268399 0.048828 0.048828
0 0.323185 0.302471 0.048828 0.048828
0 0.300795 0.278134 0.048828 0.048828
0 0.262828 0.308312 0.048828 0.048828
0 0.231676 0.276187 0.048828 0.048828
0 0.364072 0.480622 0.048828 0.048828
0 0.276457 0.485490 0.048828 0.048828
0 0.175363 0.739795 0.048828 0.048828
0 0.413175 0.218826 0.048828 0.048828
0 0.733586 0.078370 0.048828 0.048828
0 0.757958 0.175858 0.048828 0.048828
0 0.914120 0.081078 0.048828 0.048828
0 0.970988 0.168637 0.048828 0.048828
0 0.958350 0.219186 0.048828 0.048828
0 0.916828 0.220089 0.048828 0.048828
0 0.978209 0.414163 0.048828 0.048828
0 0.708311 0.208354 0.048828 0.048828
0 0.519654 0.227310 0.048828 0.048828
0 0.571106 0.275152 0.048828 0.048828
0 0.496184 0.378959 0.048828 0.048828
0 0.644222 0.495403 0.048828 0.048828
0 0.688453 0.516164 0.048828 0.048828
0 0.759763 0.470128 0.048828 0.048828
0 0.699285 0.260709 0.048828 0.048828
0 0.830171 0.443048 0.048828 0.048828
0 0.866278 0.436730 0.048828 0.048828
0 0.772401 0.574838 0.048828 0.048828
0 0.739905 0.557687 0.048828 0.048828
0 0.803091 0.554979 0.048828 0.048828
0 0.846420 0.592891 0.048828 0.048828
0 0.894261 0.594697 0.048828 0.048828
0 0.856349 0.638025 0.048828 0.048828
0 0.771498 0.631706 0.048828 0.048828
0 0.744418 0.675937 0.048828 0.048828
0 0.400951 0.750758 0.048828 0.048828
0 0.447502 0.702838 0.048828 0.048828
0 0.399582 0.641227 0.048828 0.048828
0 0.506375 0.702838 0.048828 0.048828
0 0.476254 0.753497 0.048828 0.048828
0 0.436549 0.784987 0.048828 0.048828
0 0.468039 0.805524 0.048828 0.048828
0 0.447502 0.824692 0.048828 0.048828
0 0.435180 0.868505 0.048828 0.048828
0 0.515959 0.828800 0.048828 0.048828
0 0.335232 0.883565 0.048828 0.048828
0 0.348924 0.845229 0.048828 0.048828
0 0.307849 0.841122 0.048828 0.048828
0 0.309219 0.739805 0.048828 0.048828
0 0.422857 0.956130 0.048828 0.048828
0 0.372199 0.932854 0.048828 0.048828
0 0.328387 0.912317 0.048828 0.048828
0 0.373568 0.991728 0.048828 0.048828
0 0.333863 0.997204 0.048828 0.048828
0 0.284574 0.971190 0.048828 0.048828
0 0.399582 0.502944 0.048828 0.048828
0 0.294158 0.397520 0.048828 0.048828
0 0.442025 0.271558 0.048828 0.048828
0 0.418750 0.344123 0.048828 0.048828
0 0.403689 0.301680 0.048828 0.048828
0 0.172304 0.437225 0.048828 0.048828
0 0.149029 0.357814 0.048828 0.048828
0 0.110693 0.390674 0.048828 0.048828
0 0.044974 0.357814 0.048828 0.048828
0 0.044974 0.408473 0.048828 0.048828
0 0.079203 0.435856 0.048828 0.048828
0 0.080572 0.533065 0.048828 0.048828
0 0.050451 0.501574 0.048828 0.048828
0 0.014853 0.508420 0.048828 0.048828
0 0.191472 0.194886 0.048828 0.048828
0 0.391367 0.005945 0.048828 0.048828
0 0.325073 0.571108 0.048828 0.048828
0 0.552235 0.579574 0.048828 0.048828
0 0.602619 0.553375 0.048828 0.048828
0 0.715479 0.538260 0.048828 0.048828
0 0.697340 0.585620 0.048828 0.048828
0 0.710440 0.628951 0.048828 0.048828
0 0.616726 0.611820 0.048828 0.048828
0 0.666102 0.652127 0.048828 0.048828
0 0.647964 0.688404 0.048828 0.048828
0 0.662072 0.726695 0.048828 0.048828
0 0.614711 0.747857 0.048828 0.048828
0 0.562311 0.735764 0.048828 0.048828
0 0.573396 0.667242 0.048828 0.048828
0 0.403098 0.826456 0.048828 0.048828
0 0.573396 0.860717 0.048828 0.048828
0 0.179394 0.988692 0.048828 0.048828