0 0.975987 0.414750 0.048828 0.048828
0 0.996652 0.062346 0.048828 0.048828
0 0.887886 0.408224 0.048828 0.048828
0 0.846554 0.424539 0.048828 0.048828
0 0.977074 0.469134 0.048828 0.048828
0 0.936831 0.469134 0.048828 0.048828
0 0.885710 0.484361 0.048828 0.048828
0 0.843291 0.471309 0.048828 0.048828
0 0.809573 0.435416 0.048828 0.048828
0 0.776943 0.409312 0.048828 0.048828
0 0.758453 0.382120 0.048828 0.048828
0 0.758453 0.346227 0.048828 0.048828
0 0.791083 0.357104 0.048828 0.048828
0 0.733437 0.413663 0.048828 0.048828
0 0.708420 0.359279 0.048828 0.048828
0 0.806310 0.257039 0.048828 0.048828
0 0.756278 0.238548 0.048828 0.048828
0 0.766067 0.282055 0.048828 0.048828
0 0.726911 0.296195 0.048828 0.048828
0 0.702982 0.253776 0.048828 0.048828
0 0.958742 0.117956 0.048828 0.048828
0 0.980338 0.169785 0.048828 0.048828
0 0.942905 0.166906 0.048828 0.048828
0 0.889636 0.104999 0.048828 0.048828
0 0.852204 0.097800 0.048828 0.048828
0 0.790297 0.076204 0.048828 0.048828
0 0.747106 0.122275 0.048828 0.048828
0 0.692397 0.128034 0.048828 0.048828
0 0.791737 0.176984 0.048828 0.048828
0 0.821970 0.195700 0.048828 0.048828
0 0.852204 0.169785 0.048828 0.048828
0 0.901154 0.220175 0.048828 0.048828
0 0.938586 0.217295 0.048828 0.048828
0 0.977458 0.228813 0.048828 0.048828
0 0.938586 0.253288 0.048828 0.048828
0 0.971699 0.292160 0.048828 0.048828
0 0.993295 0.336791 0.048828 0.048828
0 0.981777 0.518193 0.048828 0.048828
0 0.948664 0.523952 0.048828 0.048828
0 0.905473 0.546987 0.048828 0.048828
0 0.977458 0.578661 0.048828 0.048828
0 0.931388 0.604575 0.048828 0.048828
0 0.878119 0.591618 0.048828 0.048828
0 0.896835 0.656405 0.048828 0.048828
0 0.876679 0.692397 0.048828 0.048828
0 0.849325 0.724071 0.048828 0.048828
0 0.817651 0.690957 0.048828 0.048828
0 0.853644 0.639128 0.048828 0.048828
0 0.757184 0.624731 0.048828 0.048828
0 0.787418 0.616093 0.048828 0.048828
0 0.811892 0.585859 0.048828 0.048828
0 0.821970 0.542668 0.048828 0.048828
0 0.865161 0.528271 0.048828 0.048828
0 0.912672 0.444768 0.048828 0.048828
0 0.957302 0.441889 0.048828 0.048828
0 0.770141 0.486520 0.048828 0.048828
0 0.715432 0.444768 0.048828 0.048828
0 0.685199 0.427492 0.048828 0.048828
0 0.603136 0.234572 0.048828 0.048828
0 0.646327 0.241770 0.048828 0.048828
0 0.665043 0.274883 0.048828 0.048828
0 0.716872 0.159707 0.048828 0.048828
0 0.748546 0.202898 0.048828 0.048828
0 0.699596 0.201459 0.048828 0.048828
0 0.667922 0.189941 0.048828 0.048828
0 0.614653 0.179863 0.048828 0.048828
0 0.898275 0.264805 0.048828 0.048828
0 0.915551 0.313755 0.048828 0.048828
0 0.952983 0.371343 0.048828 0.048828
0 0.928508 0.401577 0.048828 0.048828
0 0.869481 0.369904 0.048828 0.048828
0 0.823410 0.351188 0.048828 0.048828
0 0.832048 0.293600 0.048828 0.048828
0 0.855084 0.237451 0.048828 0.048828
0 0.942269 0.017752 0.048828 0.048828
0 0.883535 0.029716 0.048828 0.048828