0 0.251580 0.999915 0.048828 0.048828
0 0.104745 0.970548 0.048828 0.048828
0 0.060151 0.970548 0.048828 0.048828
0 0.036222 0.974899 0.048828 0.048828
0 0.007943 0.945532 0.048828 0.048828
0 0.057975 0.920516 0.048828 0.048828
0 0.009030 0.890061 0.048828 0.048828
0 0.056888 0.883535 0.048828 0.048828
0 0.097131 0.883535 0.048828 0.048828
0 0.100394 0.838941 0.048828 0.048828
0 0.060151 0.821538 0.048828 0.048828
0 0.016644 0.824801 0.048828 0.048828
0 0.019907 0.733437 0.048828 0.048828
0 0.054712 0.773680 0.048828 0.048828
0 0.049274 0.724735 0.048828 0.048828
0 0.105833 0.736700 0.048828 0.048828
0 0.086255 0.701894 0.048828 0.048828
0 0.069940 0.619232 0.048828 0.048828
0 0.023170 0.649686 0.048828 0.048828
0 0.009030 0.607267 0.048828 0.048828
0 0.005767 0.694281 0.048828 0.048828
0 0.004680 0.549621 0.048828 0.048828
0 0.004680 0.323386 0.048828 0.048828
0 0.054712 0.449556 0.048828 0.048828
0 0.062326 0.158061 0.048828 0.048828
0 0.431335 0.807403 0.048828 0.048828
0 0.470846 0.828198 0.048828 0.048828
0 0.524913 0.822999 0.048828 0.048828
0 0.566502 0.811562 0.048828 0.048828
0 0.620569 0.817801 0.048828 0.048828
0 0.668398 0.819880 0.048828 0.048828
0 0.706868 0.776211 0.048828 0.048828
0 0.757816 0.807403 0.048828 0.048828
0 0.801485 0.829238 0.048828 0.048828
0 0.906500 0.856271 0.048828 0.048828
0 0.860751 0.832357 0.048828 0.048828
0 0.889864 0.915537 0.048828 0.048828
0 0.832678 0.877066 0.048828 0.048828
0 0.878426 0.958166 0.048828 0.048828
0 0.817081 0.971683 0.048828 0.048828
0 0.825399 0.921775 0.048828 0.048828
0 0.797326 0.881225 0.048828 0.048828
0 0.776531 0.925934 0.048828 0.048828
0 0.760935 0.978961 0.048828 0.048828
0 0.672557 0.969604 0.048828 0.048828
0 0.720385 0.951928 0.048828 0.048828
0 0.726623 0.897861 0.048828 0.048828
0 0.759895 0.854192 0.048828 0.048828
0 0.714146 0.842755 0.048828 0.048828
0 0.692312 0.885384 0.048828 0.048828
0 0.668398 0.933213 0.048828 0.048828
0 0.607053 0.973763 0.048828 0.048828
0 0.530111 0.987279 0.048828 0.048828
0 0.560264 0.954008 0.048828 0.048828
0 0.580019 0.918656 0.048828 0.048828
0 0.621609 0.911378 0.048828 0.048828
0 0.655921 0.862510 0.048828 0.048828
0 0.603933 0.856271 0.048828 0.048828
0 0.552986 0.866669 0.048828 0.048828
0 0.506197 0.867709 0.048828 0.048828
0 0.531151 0.915537 0.048828 0.048828
0 0.486442 0.898901 0.048828 0.048828
0 0.498919 0.949849 0.048828 0.048828
0 0.442773 0.941531 0.048828 0.048828
0 0.419898 0.982081 0.048828 0.048828
0 0.425097 0.892662 0.048828 0.048828
0 0.398064 0.914497 0.048828 0.048828
0 0.379348 0.863550 0.048828 0.048828
0 0.416779 0.843794 0.048828 0.048828
0 0.922096 0.689912 0.048828 0.048828
0 0.908579 0.643123 0.048828 0.048828
0 0.851393 0.665998 0.048828 0.048828
0 0.861790 0.633766 0.048828 0.048828
0 0.819161 0.631686 0.048828 0.048828
0 0.836837 0.606732 0.048828 0.048828
0 0.820201 0.558904 0.048828 0.048828
0 0.776531 0.495479 0.048828 0.048828
0 0.869069 0.571381 0.048828 0.048828
0 0.958487 0.603613 0.048828 0.048828
0 0.780690 0.425816 0.048828 0.048828
0 0.904420 0.448691 0.048828 0.048828
0 0.147729 0.943247 0.048828 0.048828
0 0.189886 0.943247 0.048828 0.048828
0 0.178389 0.889592 0.048828 0.048828
0 0.216714 0.857016 0.048828 0.048828
0 0.172640 0.853183 0.048828 0.048828
0 0.159226 0.799528 0.048828 0.048828
0 0.214797 0.807193 0.048828 0.048828
0 0.228211 0.757371 0.048828 0.048828
0 0.159226 0.743957 0.048828 0.048828
0 0.199468 0.719046 0.048828 0.048828
0 0.214797 0.678805 0.048828 0.048828
0 0.145813 0.699884 0.048828 0.048828
0 0.138148 0.648145 0.048828 0.048828
0 0.113237 0.617485 0.048828 0.048828
0 0.178389 0.607904 0.048828 0.048828
0 0.140064 0.571495 0.048828 0.048828
0 0.118985 0.537003 0.048828 0.048828
0 0.103655 0.445023 0.048828 0.048828
0 0.134315 0.446939 0.048828 0.048828
0 0.163059 0.494845 0.048828 0.048828
0 0.210965 0.569579 0.048828 0.048828
0 0.237792 0.609820 0.048828 0.048828
0 0.253122 0.665391 0.048828 0.048828
0 0.268452 0.697967 0.048828 0.048828
0 0.301028 0.707549 0.048828 0.048828
0 0.304861 0.766952 0.048828 0.048828
0 0.262704 0.801445 0.048828 0.048828
0 0.291447 0.818691 0.048828 0.048828
0 0.331688 0.822523 0.048828 0.048828
0 0.360432 0.820607 0.048828 0.048828
0 0.262496 0.869481 0.048828 0.048828
0 0.322964 0.869481 0.048828 0.048828
0 0.294170 0.911232 0.048828 0.048828
0 0.289851 0.947225 0.048828 0.048828
0 0.348878 0.911232 0.048828 0.048828
0 0.373353 0.952983 0.048828 0.048828
0 0.328723 0.960182 0.048828 0.048828
0 0.308567 0.994735 0.048828 0.048828
0 0.229383 0.954423 0.048828 0.048828
0 0.160277 0.984657 0.048828 0.048828
0 0.916121 0.980338 0.048828 0.048828
0 0.950674 0.950104 0.048828 0.048828
0 0.937717 0.885317 0.048828 0.048828
0 0.944915 0.843566 0.048828 0.048828
0 0.970830 0.803254 0.048828 0.048828
0 0.363275 0.768701 0.048828 0.048828
0 0.403587 0.749985 0.048828 0.048828
0 0.351758 0.719752 0.048828 0.048828
0 0.394949 0.702475 0.048828 0.048828
0 0.442459 0.708234 0.048828 0.048828
0 0.497168 0.716872 0.048828 0.048828
0 0.551876 0.708234 0.048828 0.048828
0 0.456856 0.761503 0.048828 0.048828
0 0.507246 0.765822 0.048828 0.048828
0 0.543238 0.765822 0.048828 0.048828
0 0.602266 0.757184 0.048828 0.048828
0 0.644017 0.768701 0.048828 0.048828
0 0.610904 0.718312 0.048828 0.048828
0 0.574912 0.672241 0.048828 0.048828
0 0.620982 0.666483 0.048828 0.048828
0 0.688648 0.685199 0.048828 0.048828
0 0.728960 0.675121 0.048828 0.048828
0 0.793747 0.686638 0.048828 0.048828
0 0.741917 0.761503 0.048828 0.048828
0 0.787988 0.775900 0.048828 0.048828
0 0.825420 0.790297 0.048828 0.048828
0 0.906043 0.798935 0.048828 0.048828
0 0.895965 0.744226 0.048828 0.048828
0 0.825420 0.742787 0.048828 0.048828
0 0.762073 0.637688 0.048828 0.048828
0 0.690088 0.600256 0.048828 0.048828
0 0.668492 0.637688 0.048828 0.048828
0 0.631060 0.604575 0.048828 0.048828
0 0.626741 0.562824 0.048828 0.048828
0 0.608025 0.535470 0.048828 0.048828
0 0.592188 0.483640 0.048828 0.048828
0 0.550437 0.454846 0.048828 0.048828
0 0.554756 0.515314 0.048828 0.048828
0 0.518763 0.482201 0.048828 0.048828
0 0.547557 0.577221 0.048828 0.048828
0 0.502927 0.532590 0.048828 0.048828
0 0.515884 0.603136 0.048828 0.048828
0 0.538919 0.636249 0.048828 0.048828
0 0.579231 0.607455 0.048828 0.048828
0 0.487090 0.649206 0.048828 0.048828
0 0.471253 0.601696 0.048828 0.048828
0 0.459736 0.512434 0.048828 0.048828
0 0.438140 0.567143 0.048828 0.048828
0 0.400708 0.545548 0.048828 0.048828
0 0.396389 0.505236 0.048828 0.048828
0 0.399268 0.584419 0.048828 0.048828
0 0.430941 0.656405 0.048828 0.048828
0 0.321524 0.600256 0.048828 0.048828
0 0.281212 0.593058 0.048828 0.048828
0 0.256737 0.552746 0.048828 0.048828
0 0.243780 0.518193 0.048828 0.048828
0 0.285532 0.515314 0.048828 0.048828
0 0.213546 0.466364 0.048828 0.048828
0 0.253858 0.450527 0.048828 0.048828
0 0.310006 0.459165 0.048828 0.048828
0 0.361836 0.469243 0.048828 0.048828
0 0.397828 0.431811 0.048828 0.048828
0 0.345999 0.414535 0.048828 0.048828
0 0.291290 0.417414 0.048828 0.048828
0 0.249539 0.400138 0.048828 0.048828
0 0.148760 0.405896 0.048828 0.048828
0 0.102689 0.365585 0.048828 0.048828
0 0.037903 0.310876 0.048828 0.048828
0 0.060938 0.286401 0.048828 0.048828
0 0.096930 0.238891 0.048828 0.048828
0 0.011988 0.236011 0.048828 0.048828
0 0.042222 0.212976 0.048828 0.048828
0 0.107008 0.166906 0.048828 0.048828
0 0.141561 0.269125 0.048828 0.048828
0 0.171795 0.346869 0.048828 0.048828
0 0.189071 0.297919 0.048828 0.048828
0 0.235142 0.333911 0.048828 0.048828
0 0.238021 0.280642 0.048828 0.048828
0 0.213546 0.198579 0.048828 0.048828
0 0.238021 0.138112 0.048828 0.048828
0 0.281212 0.165466 0.048828 0.048828
0 0.315765 0.202898 0.048828 0.048828
0 0.268255 0.240331 0.048828 0.048828
0 0.301368 0.286401 0.048828 0.048828
0 0.308567 0.335351 0.048828 0.048828
0 0.317205 0.382861 0.048828 0.048828
0 0.370474 0.348308 0.048828 0.048828
0 0.448218 0.369904 0.048828 0.048828
0 0.465494 0.397258 0.048828 0.048828
0 0.497168 0.415974 0.048828 0.048828
0 0.589309 0.417414 0.048828 0.048828
0 0.674251 0.433251 0.048828 0.048828
0 0.777910 0.593058 0.048828 0.048828
0 0.736158 0.390060 0.048828 0.048828
0 0.669932 0.318074 0.048828 0.048828
0 0.698726 0.280642 0.048828 0.048828
0 0.659854 0.221614 0.048828 0.048828
0 0.628181 0.171225 0.048828 0.048828
0 0.638259 0.254728 0.048828 0.048828
0 0.554756 0.333911 0.048828 0.048828
0 0.518763 0.305117 0.048828 0.048828
0 0.466934 0.331032 0.048828 0.048828
0 0.386311 0.286401 0.048828 0.048828
0 0.415105 0.260486 0.048828 0.048828
0 0.412225 0.217295 0.048828 0.048828
0 0.373353 0.205778 0.048828 0.048828
0 0.350318 0.166906 0.048828 0.048828
0 0.381992 0.138112 0.048828 0.048828
0 0.343120 0.119396 0.048828 0.048828
0 0.430941 0.113637 0.048828 0.048828
0 0.510125 0.184182 0.048828 0.048828
0 0.495728 0.073325 0.048828 0.048828
0 0.556196 0.031574 0.048828 0.048828
0 0.999624 0.642008 0.048828 0.048828
0 0.821240 0.477804 0.048828 0.048828
0 0.805644 0.457009 0.048828 0.048828
0 0.850353 0.428936 0.048828 0.048828
0 0.737021 0.220986 0.048828 0.048828
0 0.754697 0.168999 0.048828 0.048828
0 0.787968 0.120131 0.048828 0.048828
0 0.688153 0.062945 0.048828 0.048828
0 0.654881 0.106614 0.048828 0.048828
0 0.627848 0.042150 0.048828 0.048828
0 0.653841 0.014077 0.048828 0.048828
0 0.846194 0.172118 0.048828 0.048828
0 0.909619 0.141966 0.048828 0.048828
0 0.959527 0.113893 0.048828 0.048828
0 0.997997 0.167959 0.048828 0.048828
0 0.929374 0.185635 0.048828 0.048828
0 0.846194 0.248020 0.048828 0.048828
0 0.851393 0.302087 0.048828 0.048828
0 0.899221 0.329120 0.048828 0.048828
0 0.954328 0.339517 0.048828 0.048828
0 0.938732 0.384227 0.048828 0.048828
0 0.888824 0.390465 0.048828 0.048828
0 0.843075 0.383187 0.048828 0.048828
0 0.869069 0.472605 0.048828 0.048828
0 0.917937 0.496519 0.048828 0.048828
0 0.948089 0.528751 0.048828 0.048828
0 0.983441 0.547467 0.048828 0.048828
0 0.987600 0.451810 0.048828 0.048828
0 0.941851 0.437254 0.048828 0.048828