0 0.991218 0.271124 0.048828 0.048828
0 0.962696 0.672116 0.048828 0.048828
0 0.276481 0.930495 0.048828 0.048828
0 0.150647 0.492592 0.048828 0.048828
0 0.182525 0.529504 0.048828 0.048828
0 0.333525 0.519437 0.048828 0.048828
0 0.385537 0.472459 0.048828 0.048828
0 0.412381 0.472459 0.048828 0.048828
0 0.437548 0.469103 0.048828 0.048828
0 0.476137 0.495948 0.048828 0.048828
0 0.373792 0.588226 0.048828 0.048828
0 0.409026 0.579837 0.048828 0.048828
0 0.487882 0.599971 0.048828 0.048828
0 0.596938 0.574804 0.048828 0.048828
0 0.454326 0.685538 0.048828 0.048828
0 0.514727 0.655338 0.048828 0.048828
0 0.544927 0.653660 0.048828 0.048828
0 0.613716 0.735872 0.048828 0.048828
0 0.712706 0.740905 0.048828 0.048828
0 0.697605 0.516081 0.048828 0.048828
0 0.732839 0.516081 0.048828 0.048828
0 0.761361 0.526148 0.048828 0.048828
0 0.707672 0.474137 0.048828 0.048828
0 0.667405 0.440581 0.048828 0.048828
0 0.690894 0.407025 0.048828 0.048828
0 0.719417 0.413736 0.048828 0.048828
0 0.744584 0.405347 0.048828 0.048828
0 0.729483 0.338236 0.048828 0.048828
0 0.798273 0.358369 0.048828 0.048828
0 0.826795 0.344947 0.048828 0.048828
0 0.868740 0.343269 0.048828 0.048828
0 0.912362 0.336558 0.048828 0.048828
0 0.828473 0.094957 0.048828 0.048828
0 0.858673 0.101668 0.048828 0.048828
0 0.751295 0.101668 0.048828 0.048828
0 0.605327 0.365080 0.048828 0.048828
0 0.937529 0.386892 0.048828 0.048828
0 0.878807 0.922106 0.048828 0.048828
0 0.803306 0.856672 0.048828 0.048828
0 0.768073 0.858350 0.048828 0.048828
0 0.056690 0.977473 0.048828 0.048828
0 0.232858 0.918750 0.048828 0.048828
0 0.313392 0.927139 0.048828 0.048828
0 0.338559 0.913717 0.048828 0.048828
0 0.454326 0.279513 0.048828 0.048828
0 0.508015 0.331525 0.048828 0.048828
0 0.558349 0.735872 0.048828 0.048828
0 0.825117 0.212402 0.048828 0.048828
0 0.672439 0.150324 0.048828 0.048828
0 0.798273 0.103345 0.048828 0.048828
0 0.328492 0.006034 0.048828 0.048828