0 0.056787 0.785808 0.048828 0.048828
0 0.049509 0.749417 0.048828 0.048828
0 0.008959 0.709907 0.048828 0.048828
0 0.136847 0.758775 0.048828 0.048828
0 0.046390 0.971923 0.048828 0.048828
0 0.109814 0.941770 0.048828 0.048828
0 0.159722 0.913697 0.048828 0.048828
0 0.198193 0.967764 0.048828 0.048828
0 0.129569 0.985440 0.048828 0.048828
0 0.001342 0.664493 0.048828 0.048828
0 0.031452 0.659739 0.048828 0.048828
0 0.066316 0.700942 0.048828 0.048828
0 0.083748 0.666078 0.048828 0.048828
0 0.066316 0.640722 0.048828 0.048828
0 0.045714 0.604273 0.048828 0.048828
0 0.080579 0.597934 0.048828 0.048828
0 0.150307 0.635968 0.048828 0.048828
0 0.110689 0.658154 0.048828 0.048828
0 0.224790 0.678755 0.048828 0.048828
0 0.197849 0.704111 0.048828 0.048828
0 0.140799 0.697772 0.048828 0.048828
0 0.099596 0.715204 0.048828 0.048828
0 0.009266 0.555146 0.048828 0.048828