0 0.881820 0.035955 0.048828 0.048828
0 0.845227 0.040944 0.048828 0.048828
0 0.787010 0.032628 0.048828 0.048828
0 0.713824 0.050924 0.048828 0.048828
0 0.672241 0.062568 0.048828 0.048828
0 0.622341 0.054251 0.048828 0.048828
0 0.597391 0.180664 0.048828 0.048828
0 0.567451 0.195634 0.048828 0.048828
0 0.384485 0.067558 0.048828 0.048828
0 0.332922 0.087518 0.048828 0.048828
0 0.324605 0.064231 0.048828 0.048828
0 0.301319 0.059241 0.048828 0.048828
0 0.279695 0.090844 0.048828 0.048828
0 0.264725 0.059241 0.048828 0.048828
0 0.254745 0.085854 0.048828 0.048828
0 0.231459 0.079201 0.048828 0.048828
0 0.514225 0.092508 0.048828 0.048828
0 0.470978 0.115794 0.048828 0.048828
0 0.422742 0.100824 0.048828 0.048828
0 0.347892 0.045934 0.048828 0.048828
0 0.198192 0.049261 0.048828 0.048828
0 0.163262 0.067558 0.048828 0.048828
0 0.174906 0.097498 0.048828 0.048828
0 0.113362 0.097498 0.048828 0.048828