0 0.043907 0.011573 0.048828 0.048828
0 0.006897 0.022405 0.048828 0.048828
0 0.019535 0.129822 0.048828 0.048828
0 0.380602 0.108158 0.048828 0.048828
0 0.506073 0.086494 0.048828 0.048828
0 0.399558 0.035042 0.048828 0.048828
0 0.432957 0.035945 0.048828 0.048828
0 0.471772 0.035945 0.048828 0.048828
0 0.517808 0.052193 0.048828 0.048828
0 0.557525 0.052193 0.048828 0.048828
0 0.590021 0.060317 0.048828 0.048828
0 0.560233 0.090105 0.048828 0.048828
0 0.626128 0.049485 0.048828 0.048828
0 0.563844 0.129822 0.048828 0.048828
0 0.568357 0.172248 0.048828 0.048828
0 0.601756 0.167734 0.048828 0.048828
0 0.638765 0.147876 0.048828 0.048828
0 0.123342 0.258904 0.048828 0.048828
0 0.079111 0.260709 0.048828 0.048828
0 0.048420 0.268833 0.048828 0.048828
0 0.166670 0.296816 0.048828 0.048828
0 0.166670 0.347365 0.048828 0.048828
0 0.083624 0.309453 0.048828 0.048828
0 0.005995 0.287789 0.048828 0.048828
0 0.024048 0.318480 0.048828 0.048828
0 0.043907 0.343755 0.048828 0.048828
0 0.068279 0.391596 0.048828 0.048828
0 0.042101 0.378056 0.048828 0.048828
0 0.103483 0.396109 0.048828 0.048828
0 0.128758 0.407844 0.048828 0.048828
0 0.145908 0.448464 0.048828 0.048828
0 0.122439 0.485474 0.048828 0.048828
0 0.061960 0.518872 0.048828 0.048828
0 0.014119 0.512554 0.048828 0.048828
0 0.005995 0.348268 0.048828 0.048828
0 0.114315 0.157805 0.048828 0.048828
0 0.299362 0.293205 0.048828 0.048828
0 0.336371 0.309453 0.048828 0.048828
0 0.376089 0.312161 0.048828 0.048828
0 0.407682 0.285984 0.048828 0.048828
0 0.443789 0.267028 0.048828 0.048828
0 0.475382 0.230018 0.048828 0.048828
0 0.502462 0.193912 0.048828 0.048828
0 0.370673 0.222797 0.048828 0.048828
0 0.344495 0.230921 0.048828 0.048828
0 0.307486 0.387985 0.048828 0.048828
0 0.349009 0.373543 0.048828 0.048828
0 0.370673 0.431314 0.048828 0.048828
0 0.357133 0.452075 0.048828 0.048828
0 0.373381 0.480960 0.048828 0.048828
0 0.426638 0.566714 0.048828 0.048828
0 0.425736 0.613653 0.048828 0.048828
0 0.421222 0.666007 0.048828 0.048828
0 0.316513 0.648857 0.048828 0.048828
0 0.273185 0.558590 0.048828 0.048828
0 0.217219 0.576643 0.048828 0.048828
0 0.157643 0.493598 0.048828 0.048828
0 0.207290 0.428606 0.048828 0.048828
0 0.146811 0.530607 0.048828 0.048828
0 0.677580 0.000741 0.048828 0.048828
0 0.726324 0.009767 0.048828 0.048828
0 0.771458 0.022405 0.048828 0.048828
0 0.803954 0.010670 0.048828 0.048828
0 0.840963 0.003449 0.048828 0.048828
0 0.958310 0.004351 0.048828 0.048828
0 0.996222 0.008865 0.048828 0.048828
0 0.903247 0.016989 0.048828 0.048828
0 0.955602 0.053095 0.048828 0.048828
0 0.905955 0.048582 0.048828 0.048828
0 0.866238 0.040458 0.048828 0.048828
0 0.812078 0.049485 0.048828 0.048828
0 0.773263 0.048582 0.048828 0.048828
0 0.693828 0.041361 0.048828 0.048828
0 0.650500 0.044069 0.048828 0.048828
0 0.659527 0.108158 0.048828 0.048828
0 0.674872 0.076565 0.048828 0.048828
0 0.706465 0.085592 0.048828 0.048828
0 0.764236 0.068441 0.048828 0.048828
0 0.773263 0.097326 0.048828 0.048828
0 0.798538 0.100034 0.048828 0.048828
0 0.843671 0.078370 0.048828 0.048828
0 0.886999 0.082884 0.048828 0.048828
0 0.924911 0.100937 0.048828 0.048828
0 0.969142 0.080176 0.048828 0.048828
0 0.979974 0.153292 0.048828 0.048828
0 0.938451 0.150584 0.048828 0.048828
0 0.889707 0.150584 0.048828 0.048828
0 0.868043 0.114477 0.048828 0.048828
0 0.854503 0.135238 0.048828 0.048828
0 0.826520 0.119893 0.048828 0.048828
0 0.784095 0.145168 0.048828 0.048828
0 0.755210 0.151486 0.048828 0.048828
0 0.761528 0.183080 0.048828 0.048828
0 0.723616 0.163221 0.048828 0.048828
0 0.719103 0.206549 0.048828 0.048828
0 0.735351 0.118088 0.048828 0.048828
0 0.673969 0.161416 0.048828 0.048828
0 0.665845 0.207452 0.048828 0.048828
0 0.669456 0.230921 0.048828 0.048828
0 0.609880 0.248975 0.048828 0.048828
0 0.644181 0.251683 0.048828 0.048828
0 0.694731 0.252585 0.048828 0.048828
0 0.745280 0.246267 0.048828 0.048828
0 0.783192 0.248975 0.048828 0.048828
0 0.775971 0.220089 0.048828 0.048828
0 0.808467 0.189398 0.048828 0.048828
0 0.832839 0.163221 0.048828 0.048828
0 0.844574 0.205646 0.048828 0.048828
0 0.874362 0.200230 0.048828 0.048828
0 0.878875 0.248072 0.048828 0.048828
0 0.915885 0.247169 0.048828 0.048828
0 0.934841 0.203841 0.048828 0.048828
0 0.970045 0.200230 0.048828 0.048828
0 0.970947 0.243559 0.048828 0.048828
0 0.998930 0.282373 0.048828 0.048828
0 0.956505 0.280568 0.048828 0.048828
0 0.911371 0.281471 0.048828 0.048828
0 0.867140 0.283276 0.048828 0.048828
0 0.970947 0.320285 0.048828 0.048828
0 0.937549 0.321188 0.048828 0.048828
0 0.887902 0.322993 0.048828 0.048828
0 0.821104 0.295913 0.048828 0.048828
0 0.858114 0.352781 0.048828 0.048828
0 0.823812 0.337436 0.048828 0.048828
0 0.806662 0.359100 0.048828 0.048828
0 0.780484 0.325701 0.048828 0.048828
0 0.762431 0.286887 0.048828 0.048828
0 0.717297 0.300427 0.048828 0.048828
0 0.676677 0.298621 0.048828 0.048828
0 0.628836 0.275152 0.048828 0.048828
0 0.618004 0.298621 0.048828 0.048828
0 0.651403 0.350073 0.048828 0.048828
0 0.693828 0.349171 0.048828 0.048828
0 0.742572 0.339241 0.048828 0.048828
0 0.727227 0.376251 0.048828 0.048828
0 0.679385 0.390693 0.048828 0.048828
0 0.638765 0.402428 0.048828 0.048828
0 0.624323 0.367224 0.048828 0.048828
0 0.588216 0.381667 0.048828 0.048828
0 0.590924 0.320285 0.048828 0.048828
0 0.559330 0.356392 0.048828 0.048828
0 0.541277 0.392499 0.048828 0.048828
0 0.509684 0.349171 0.048828 0.048828
0 0.533153 0.319383 0.048828 0.048828
0 0.557525 0.299524 0.048828 0.048828
0 0.558428 0.271541 0.048828 0.048828
0 0.593632 0.278763 0.048828 0.048828
0 0.502462 0.319383 0.048828 0.048828
0 0.505170 0.278763 0.048828 0.048828
0 0.519613 0.245364 0.048828 0.048828
0 0.546693 0.206549 0.048828 0.048828
0 0.471772 0.303135 0.048828 0.048828
0 0.444692 0.303135 0.048828 0.048828
0 0.465453 0.408747 0.048828 0.048828
0 0.424833 0.454783 0.048828 0.048828
0 0.528640 0.456588 0.048828 0.048828
0 0.571968 0.443951 0.048828 0.048828
0 0.618907 0.436730 0.048828 0.048828
0 0.663137 0.434924 0.048828 0.048828
0 0.720908 0.433119 0.048828 0.048828
0 0.749794 0.414163 0.048828 0.048828
0 0.796732 0.433119 0.048828 0.048828
0 0.831034 0.432216 0.048828 0.048828
0 0.815688 0.389791 0.048828 0.048828
0 0.848184 0.397915 0.048828 0.048828
0 0.878875 0.392499 0.048828 0.048828
0 0.893318 0.424995 0.048828 0.048828
0 0.946575 0.440340 0.048828 0.048828
0 0.996222 0.353684 0.048828 0.048828
0 0.970045 0.594697 0.048828 0.048828
0 0.964629 0.543244 0.048828 0.048828
0 0.939354 0.549563 0.048828 0.048828
0 0.896026 0.545050 0.048828 0.048828
0 0.888804 0.492695 0.048828 0.048828
0 0.929425 0.463810 0.048828 0.048828
0 0.873459 0.461102 0.048828 0.048828
0 0.835547 0.480960 0.048828 0.048828
0 0.851795 0.513456 0.048828 0.048828
0 0.798538 0.514359 0.048828 0.048828
0 0.777776 0.479155 0.048828 0.048828
0 0.753404 0.511651 0.048828 0.048828
0 0.724519 0.502624 0.048828 0.048828
0 0.730837 0.473739 0.048828 0.048828
0 0.743475 0.447562 0.048828 0.048828
0 0.688412 0.469226 0.048828 0.048828
0 0.700147 0.510748 0.048828 0.048828
0 0.761528 0.538731 0.048828 0.048828
0 0.718200 0.555882 0.048828 0.048828
0 0.674872 0.543244 0.048828 0.048828
0 0.641473 0.515262 0.048828 0.048828
0 0.642376 0.475544 0.048828 0.048828
0 0.607172 0.494500 0.048828 0.048828
0 0.553012 0.480960 0.048828 0.048828
0 0.587313 0.526094 0.048828 0.048828
0 0.553914 0.522483 0.048828 0.048828
0 0.507878 0.511651 0.048828 0.048828
0 0.487117 0.550466 0.048828 0.048828
0 0.520516 0.562200 0.048828 0.048828
0 0.597243 0.591989 0.048828 0.048828
0 0.627933 0.566714 0.048828 0.048828
0 0.651403 0.602821 0.048828 0.048828
0 0.686607 0.606431 0.048828 0.048828
0 0.677580 0.573935 0.048828 0.048828
0 0.733545 0.596502 0.048828 0.048828
0 0.757918 0.570324 0.048828 0.048828
0 0.807564 0.579351 0.048828 0.048828
0 0.793122 0.548660 0.048828 0.048828
0 0.822910 0.545050 0.048828 0.048828
0 0.840060 0.584767 0.048828 0.048828
0 0.894220 0.579351 0.048828 0.048828
0 0.898734 0.621777 0.048828 0.048828
0 0.870751 0.610042 0.048828 0.048828
0 0.859016 0.630803 0.048828 0.048828
0 0.832839 0.631706 0.048828 0.048828
0 0.795830 0.647954 0.048828 0.048828
0 0.775068 0.604626 0.048828 0.048828
0 0.757918 0.640733 0.048828 0.048828
0 0.721811 0.633511 0.048828 0.048828
0 0.684801 0.649759 0.048828 0.048828
0 0.747988 0.682255 0.048828 0.048828
0 0.731740 0.722875 0.048828 0.048828
0 0.762431 0.740026 0.048828 0.048828
0 0.944770 0.638927 0.048828 0.048828
0 0.958310 0.670521 0.048828 0.048828
0 0.929425 0.736415 0.048828 0.048828
0 0.960115 0.706627 0.048828 0.048828
0 0.728129 0.774328 0.048828 0.048828
0 0.781387 0.791478 0.048828 0.048828
0 0.872556 0.812240 0.048828 0.048828
0 0.410444 0.251071 0.048828 0.048828
0 0.348975 0.272233 0.048828 0.048828
0 0.905214 0.371993 0.048828 0.048828
0 0.114315 0.081078 0.048828 0.048828
0 0.213608 0.109061 0.048828 0.048828
0 0.171183 0.168637 0.048828 0.048828
0 0.396850 0.183982 0.048828 0.048828
0 0.447400 0.180372 0.048828 0.048828
0 0.476285 0.148778 0.048828 0.048828
0 0.158546 0.219186 0.048828 0.048828
0 0.117023 0.220089 0.048828 0.048828
0 0.236175 0.295913 0.048828 0.048828
0 0.241591 0.354587 0.048828 0.048828
0 0.219025 0.382569 0.048828 0.048828
0 0.178404 0.414163 0.048828 0.048828
0 0.030367 0.443048 0.048828 0.048828
0 0.066474 0.436730 0.048828 0.048828
0 0.003287 0.554979 0.048828 0.048828
0 0.046615 0.592891 0.048828 0.048828
0 0.094456 0.594697 0.048828 0.048828
0 0.056544 0.638025 0.048828 0.048828
0 0.572871 0.924170 0.048828 0.048828
0 0.590924 0.876329 0.048828 0.048828
0 0.625225 0.852860 0.048828 0.048828
0 0.506976 0.764398 0.048828 0.048828
0 0.617101 0.761690 0.048828 0.048828
0 0.507878 0.666007 0.048828 0.048828
0 0.503365 0.614555 0.048828 0.048828
0 0.643279 0.666910 0.048828 0.048828
0 0.814786 0.790576 0.048828 0.048828
0 0.792219 0.721070 0.048828 0.048828
0 0.784998 0.681353 0.048828 0.048828
0 0.822910 0.706627 0.048828 0.048828
0 0.849087 0.730999 0.048828 0.048828
0 0.843671 0.668715 0.048828 0.048828
0 0.886096 0.696698 0.048828 0.048828
0 0.924911 0.703017 0.048828 0.048828
0 0.682093 0.999995 0.048828 0.048828
0 0.742572 0.994579 0.048828 0.048828
0 0.701049 0.944932 0.048828 0.048828
0 0.746183 0.951251 0.048828 0.048828
0 0.718200 0.923268 0.048828 0.048828
0 0.679385 0.914241 0.048828 0.048828
0 0.658624 0.877232 0.048828 0.048828
0 0.743475 0.874524 0.048828 0.048828
0 0.794927 0.865497 0.048828 0.048828
0 0.835547 0.853762 0.048828 0.048828
0 0.910468 0.819461 0.048828 0.048828
0 0.936646 0.872718 0.048828 0.048828
0 0.885194 0.899798 0.048828 0.048828
0 0.858114 0.897090 0.048828 0.048828
0 0.841866 0.925073 0.048828 0.048828
0 0.887902 0.936808 0.048828 0.048828
0 0.930327 0.963888 0.048828 0.048828
0 0.823812 0.996384 0.048828 0.048828
0 0.927383 0.374008 0.048828 0.048828
0 0.950559 0.405246 0.048828 0.048828