0 0.072752 0.012435 0.048828 0.048828
0 0.035742 0.053958 0.048828 0.048828
0 0.110664 0.019656 0.048828 0.048828
0 0.136841 0.072914 0.048828 0.048828
0 0.085389 0.099994 0.048828 0.048828
0 0.058309 0.097286 0.048828 0.048828
0 0.042061 0.125268 0.048828 0.048828
0 0.088097 0.137003 0.048828 0.048828
0 0.130523 0.164083 0.048828 0.048828
0 0.072752 0.204703 0.048828 0.048828
0 0.024008 0.196579 0.048828 0.048828
0 0.009565 0.235394 0.048828 0.048828
0 0.209957 0.009727 0.048828 0.048828
0 0.202736 0.095480 0.048828 0.048828