0 0.760361 0.103345 0.048828 0.048828
0 0.718416 0.110057 0.048828 0.048828
0 0.606004 0.089923 0.048828 0.048828
0 0.470104 0.069790 0.048828 0.048828
0 0.480170 0.160390 0.048828 0.048828
0 0.517082 0.188913 0.048828 0.048828
0 0.587549 0.250991 0.048828 0.048828
0 0.621105 0.266091 0.048828 0.048828
0 0.663049 0.277835 0.048828 0.048828
0 0.735194 0.229180 0.048828 0.048828
0 0.765394 0.190590 0.048828 0.048828
0 0.809017 0.173813 0.048828 0.048828
0 0.451784 0.072334 0.048828 0.048828
0 0.438032 0.064313 0.048828 0.048828
0 0.883808 0.019621 0.048828 0.048828
0 0.660347 0.341633 0.048828 0.048828
0 0.682120 0.309546 0.048828 0.048828
0 0.707331 0.330173 0.048828 0.048828
0 0.711915 0.292357 0.048828 0.048828
0 0.726812 0.310692 0.048828 0.048828
0 0.744001 0.291211 0.048828 0.048828
0 0.766920 0.285481 0.048828 0.048828
0 0.769212 0.317568 0.048828 0.048828
0 0.802445 0.302671 0.048828 0.048828
0 0.810467 0.277460 0.048828 0.048828
0 0.845991 0.276314 0.048828 0.048828
0 0.889537 0.269438 0.048828 0.048828
0 0.929646 0.248811 0.048828 0.048828
0 0.944543 0.324444 0.048828 0.048828
0 0.981213 0.392055 0.048828 0.048828
0 0.867764 0.381741 0.048828 0.048828
0 0.840261 0.389763 0.048828 0.048828
0 0.793277 0.371428 0.048828 0.048828
0 0.692434 0.502066 0.048828 0.048828
0 0.725666 0.500920 0.048828 0.048828
0 0.663785 0.598326 0.048828 0.048828
0 0.692434 0.593742 0.048828 0.048828
0 0.761191 0.570823 0.048828 0.048828
0 0.915894 0.483731 0.048828 0.048828
0 0.960586 0.480293 0.048828 0.048828
0 0.734834 0.361114 0.048828 0.048828
0 0.631698 0.294649 0.048828 0.048828
0 0.573255 0.774803 0.048828 0.048828
0 0.616801 0.748446 0.048828 0.048828
0 0.576692 0.726673 0.048828 0.048828
0 0.629406 0.696878 0.048828 0.048828
0 0.606487 0.661354 0.048828 0.048828
0 0.638574 0.663645 0.048828 0.048828
0 0.585860 0.649894 0.048828 0.048828
0 0.566379 0.670521 0.048828 0.048828
0 0.543460 0.657916 0.048828 0.048828
0 0.533146 0.688856 0.048828 0.048828
0 0.495330 0.660208 0.048828 0.048828
0 0.462097 0.681981 0.048828 0.048828
0 0.055174 0.820905 0.048828 0.048828
0 0.064717 0.713538 0.048828 0.048828
0 0.052788 0.581120 0.048828 0.048828
0 0.016999 0.579927 0.048828 0.048828
0 0.077840 0.273336 0.048828 0.048828
0 0.179242 0.264986 0.048828 0.048828
0 0.180435 0.238741 0.048828 0.048828
0 0.204294 0.232776 0.048828 0.048828
0 0.226960 0.233969 0.048828 0.048828
0 0.365343 0.043095 0.048828 0.048828
0 0.329554 0.020429 0.048828 0.048828
0 0.315239 0.031166 0.048828 0.048828
0 0.322397 0.064569 0.048828 0.048828
0 0.298537 0.070533 0.048828 0.048828
0 0.278257 0.064569 0.048828 0.048828
0 0.393974 0.003728 0.048828 0.048828
0 0.018192 0.094393 0.048828 0.048828
0 0.068296 0.088428 0.048828 0.048828
0 0.551481 0.192659 0.048828 0.048828
0 0.926208 0.537591 0.048828 0.048828
0 0.875786 0.416120 0.048828 0.048828
0 0.772650 0.440185 0.048828 0.048828
0 0.621385 0.424141 0.048828 0.048828
0 0.692434 0.736986 0.048828 0.048828
0 0.835678 0.804597 0.048828 0.048828
0 0.954857 0.717505 0.048828 0.048828
0 0.386464 0.559364 0.048828 0.048828
0 0.491892 0.818349 0.048828 0.048828
0 0.336043 0.951279 0.048828 0.048828
0 0.293642 0.985658 0.048828 0.048828
0 0.369275 0.987950 0.048828 0.048828
0 0.007455 0.775572 0.048828 0.048828
0 0.081419 0.572769 0.048828 0.048828
0 0.121980 0.070533 0.048828 0.048828
0 0.256784 0.096779 0.048828 0.048828