0 0.002425 0.177745 0.048828 0.048828
0 0.034921 0.186771 0.048828 0.048828
0 0.086373 0.192187 0.048828 0.048828
0 0.014159 0.012556 0.048828 0.048828
0 0.036726 0.009848 0.048828 0.048828
0 0.068319 0.003530 0.048828 0.048828
0 0.072833 0.044150 0.048828 0.048828
0 0.104426 0.062203 0.048828 0.048828
0 0.081859 0.090186 0.048828 0.048828
0 0.052974 0.130806 0.048828 0.048828
0 0.072833 0.147957 0.048828 0.048828
0 0.099010 0.136222 0.048828 0.048828
0 0.120674 0.172329 0.048828 0.048828
0 0.161294 0.160594 0.048828 0.048828
0 0.166710 0.128098 0.048828 0.048828
0 0.148657 0.100115 0.048828 0.048828
0 0.125187 0.109142 0.048828 0.048828
0 0.151365 0.067619 0.048828 0.048828
0 0.169418 0.048663 0.048828 0.048828
0 0.171224 0.025194 0.048828 0.048828
0 0.117063 0.024291 0.048828 0.048828
0 0.145949 0.006238 0.048828 0.048828
0 0.239826 0.039636 0.048828 0.048828
0 0.301208 0.028804 0.048828 0.048828
0 0.349049 0.024291 0.048828 0.048828
0 0.412236 0.091991 0.048828 0.048828
0 0.335509 0.095602 0.048828 0.048828
0 0.303916 0.092894 0.048828 0.048828
0 0.263296 0.095602 0.048828 0.048828
0 0.227189 0.074840 0.048828 0.048828
0 0.215454 0.096505 0.048828 0.048828
0 0.212746 0.132611 0.048828 0.048828
0 0.247048 0.128098 0.048828 0.048828
0 0.277738 0.123585 0.048828 0.048828
0 0.296694 0.157886 0.048828 0.048828
0 0.226286 0.167815 0.048828 0.048828
0 0.637000 0.002627 0.048828 0.048828
0 0.682134 0.002627 0.048828 0.048828
0 0.683037 0.034220 0.048828 0.048828
0 0.644222 0.048663 0.048828 0.048828
0 0.663178 0.082965 0.048828 0.048828
0 0.732683 0.010751 0.048828 0.048828
0 0.770595 0.014362 0.048828 0.048828
0 0.809410 0.019778 0.048828 0.048828
0 0.734489 0.054079 0.048828 0.048828
0 0.785038 0.051371 0.048828 0.048828
0 0.810313 0.071230 0.048828 0.048828
0 0.755250 0.091089 0.048828 0.048828
0 0.782330 0.084770 0.048828 0.048828
0 0.778719 0.120877 0.048828 0.048828
0 0.812118 0.106434 0.048828 0.048828
0 0.842809 0.093797 0.048828 0.048828
0 0.841906 0.135319 0.048828 0.048828
0 0.872597 0.133514 0.048828 0.048828
0 0.893358 0.162399 0.048828 0.048828
0 0.937589 0.172329 0.048828 0.048828
0 0.922244 0.197603 0.048828 0.048828
0 0.884332 0.197603 0.048828 0.048828
0 0.848225 0.183161 0.048828 0.048828
0 0.811215 0.199409 0.048828 0.048828
0 0.756153 0.193090 0.048828 0.048828
0 0.720949 0.203019 0.048828 0.048828
0 0.750737 0.241834 0.048828 0.048828
0 0.794065 0.231002 0.048828 0.048828
0 0.836490 0.237321 0.048828 0.048828
0 0.902385 0.258082 0.048828 0.048828
0 0.934881 0.282454 0.048828 0.048828
0 0.720949 0.145249 0.048828 0.048828
0 0.695674 0.183161 0.048828 0.048828
0 0.670399 0.154275 0.048828 0.048828
0 0.630682 0.131709 0.048828 0.048828
0 0.609920 0.085673 0.048828 0.048828
0 0.590062 0.140735 0.048828 0.048828
0 0.518751 0.110045 0.048828 0.048828
0 0.453759 0.094699 0.048828 0.048828
0 0.522362 0.142541 0.048828 0.048828
0 0.488963 0.154275 0.048828 0.048828
0 0.469104 0.194895 0.048828 0.048828
0 0.483547 0.235515 0.048828 0.048828
0 0.527778 0.227391 0.048828 0.048828
0 0.534999 0.183161 0.048828 0.048828
0 0.568398 0.200311 0.048828 0.048828
0 0.598186 0.192187 0.048828 0.048828
0 0.643319 0.207533 0.048828 0.048828
0 0.579230 0.236418 0.048828 0.048828
0 0.615336 0.243639 0.048828 0.048828
0 0.605407 0.277941 0.048828 0.048828
0 0.539512 0.295092 0.048828 0.048828
0 0.509724 0.268914 0.048828 0.048828
0 0.451953 0.282454 0.048828 0.048828
0 0.488963 0.308632 0.048828 0.048828
0 0.425776 0.315853 0.048828 0.048828
0 0.476325 0.349252 0.048828 0.048828
0 0.513335 0.370916 0.048828 0.048828
0 0.545831 0.407925 0.048828 0.048828
0 0.603602 0.404314 0.048828 0.048828
0 0.610823 0.348349 0.048828 0.048828
0 0.652346 0.326685 0.048828 0.048828
0 0.664081 0.277038 0.048828 0.048828
0 0.695674 0.252666 0.048828 0.048828
0 0.794065 0.269817 0.048828 0.048828
0 0.868084 0.266206 0.048828 0.048828
0 0.935784 0.314048 0.048828 0.048828
0 0.892456 0.308632 0.048828 0.048828
0 0.837393 0.314048 0.048828 0.048828
0 0.779622 0.328490 0.048828 0.048828
0 0.805799 0.344738 0.048828 0.048828
0 0.742613 0.376332 0.048828 0.048828
0 0.783233 0.407022 0.048828 0.048828
0 0.715533 0.455767 0.048828 0.048828
0 0.762471 0.453059 0.048828 0.048828
0 0.806702 0.445837 0.048828 0.048828
0 0.840101 0.425076 0.048828 0.048828
0 0.872597 0.396190 0.048828 0.048828
0 0.831977 0.371818 0.048828 0.048828
0 0.891553 0.337517 0.048828 0.048828
0 0.934881 0.346544 0.048828 0.048828
0 0.933978 0.379040 0.048828 0.048828
0 0.950226 0.402509 0.048828 0.048828
0 0.913217 0.412438 0.048828 0.048828
0 0.937589 0.433200 0.048828 0.048828
0 0.915925 0.462085 0.048828 0.048828
0 0.653248 0.441324 0.048828 0.048828
0 0.578327 0.465696 0.048828 0.048828
0 0.521459 0.454864 0.048828 0.048828
0 0.488963 0.465696 0.048828 0.048828
0 0.464591 0.435908 0.048828 0.048828
0 0.432997 0.440421 0.048828 0.048828
0 0.395085 0.454864 0.048828 0.048828
0 0.365297 0.464793 0.048828 0.048828
0 0.423068 0.415146 0.048828 0.048828
0 0.371616 0.422368 0.048828 0.048828
0 0.342731 0.428687 0.048828 0.048828
0 0.309332 0.418757 0.048828 0.048828
0 0.309332 0.452156 0.048828 0.048828
0 0.279544 0.453059 0.048828 0.048828
0 0.272322 0.414244 0.048828 0.048828
0 0.293084 0.381748 0.048828 0.048828
0 0.326483 0.388066 0.048828 0.048828
0 0.364395 0.368208 0.048828 0.048828
0 0.335509 0.341128 0.048828 0.048828
0 0.368908 0.339322 0.048828 0.048828
0 0.374324 0.305021 0.048828 0.048828
0 0.431192 0.156983 0.048828 0.048828
0 0.418555 0.187674 0.048828 0.048828
0 0.422165 0.225586 0.048828 0.048828
0 0.393280 0.211143 0.048828 0.048828
0 0.366200 0.261693 0.048828 0.048828
0 0.319261 0.271622 0.048828 0.048828
0 0.333704 0.228294 0.048828 0.048828
0 0.287668 0.295994 0.048828 0.048828
0 0.284960 0.253569 0.048828 0.048828
0 0.284057 0.206630 0.048828 0.048828
0 0.307526 0.338420 0.048828 0.048828
0 0.281349 0.334809 0.048828 0.048828
0 0.259685 0.365500 0.048828 0.048828
0 0.218162 0.388969 0.048828 0.048828
0 0.233508 0.412438 0.048828 0.048828
0 0.171224 0.383553 0.048828 0.048828
0 0.195596 0.358278 0.048828 0.048828
0 0.219968 0.332101 0.048828 0.048828
0 0.184764 0.305021 0.048828 0.048828
0 0.218162 0.301410 0.048828 0.048828
0 0.157684 0.289676 0.048828 0.048828
0 0.201012 0.273428 0.048828 0.048828
0 0.245242 0.268012 0.048828 0.048828
0 0.195596 0.246347 0.048828 0.048828
0 0.232605 0.221975 0.048828 0.048828
0 0.248853 0.197603 0.048828 0.048828
0 0.211844 0.205727 0.048828 0.048828
0 0.154976 0.237321 0.048828 0.048828
0 0.116161 0.206630 0.048828 0.048828
0 0.105329 0.241834 0.048828 0.048828
0 0.046655 0.230099 0.048828 0.048828
0 0.027699 0.260790 0.048828 0.048828
0 0.068319 0.295994 0.048828 0.048828
0 0.131506 0.332101 0.048828 0.048828
0 0.092691 0.333004 0.048828 0.048828
0 0.024991 0.339322 0.048828 0.048828
0 0.024991 0.389872 0.048828 0.048828
0 0.079151 0.396190 0.048828 0.048828
0 0.126090 0.407925 0.048828 0.048828
0 0.132409 0.371818 0.048828 0.048828
0 0.164002 0.424173 0.048828 0.048828
0 0.204622 0.425076 0.048828 0.048828
0 0.219968 0.458475 0.048828 0.048828
0 0.182056 0.469307 0.048828 0.048828
0 0.146852 0.461183 0.048828 0.048828
0 0.087275 0.459377 0.048828 0.048828
0 0.053877 0.446740 0.048828 0.048828
0 0.016867 0.428687 0.048828 0.048828
0 0.025894 0.469307 0.048828 0.048828
0 0.026797 0.507219 0.048828 0.048828
0 0.070125 0.493679 0.048828 0.048828
0 0.011451 0.567697 0.048828 0.048828
0 0.040337 0.550547 0.048828 0.048828
0 0.096302 0.519856 0.048828 0.048828
0 0.122479 0.491873 0.048828 0.048828
0 0.149560 0.501803 0.048828 0.048828
0 0.140533 0.539715 0.048828 0.048828
0 0.175737 0.521661 0.048828 0.048828
0 0.218162 0.510829 0.048828 0.048828
0 0.244340 0.521661 0.048828 0.048828
0 0.253366 0.477431 0.048828 0.048828
0 0.283154 0.517148 0.048828 0.048828
0 0.307526 0.485555 0.048828 0.048828
0 0.328288 0.516245 0.048828 0.048828
0 0.369811 0.522564 0.048828 0.048828
0 0.395085 0.493679 0.048828 0.048828
0 0.442024 0.499997 0.048828 0.048828
0 0.472715 0.493679 0.048828 0.048828
0 0.483547 0.518051 0.048828 0.048828
0 0.507919 0.529785 0.048828 0.048828
0 0.553955 0.527077 0.048828 0.048828
0 0.587354 0.523467 0.048828 0.048828
0 0.599991 0.608318 0.048828 0.048828
0 0.572008 0.621858 0.048828 0.048828
0 0.564787 0.646230 0.048828 0.048828
0 0.533194 0.629079 0.048828 0.048828
0 0.500698 0.627274 0.048828 0.048828
0 0.484450 0.583043 0.048828 0.048828
0 0.449245 0.602902 0.048828 0.048828
0 0.447440 0.542423 0.048828 0.048828
0 0.420360 0.526175 0.048828 0.048828
0 0.405917 0.550547 0.048828 0.048828
0 0.437511 0.629079 0.048828 0.048828
0 0.420360 0.609220 0.048828 0.048828
0 0.397793 0.622760 0.048828 0.048828
0 0.355368 0.606512 0.048828 0.048828
0 0.350855 0.560476 0.048828 0.048828
0 0.284057 0.566795 0.048828 0.048828
0 0.309332 0.612831 0.048828 0.048828
0 0.339120 0.648938 0.048828 0.048828
0 0.287668 0.639008 0.048828 0.048828
0 0.247950 0.593875 0.048828 0.048828
0 0.224481 0.567697 0.048828 0.048828
0 0.175737 0.558671 0.048828 0.048828
0 0.229897 0.637203 0.048828 0.048828
0 0.217260 0.617344 0.048828 0.048828
0 0.188374 0.606512 0.048828 0.048828
0 0.171224 0.634495 0.048828 0.048828
0 0.128798 0.622760 0.048828 0.048828
0 0.143241 0.588459 0.048828 0.048828
0 0.103523 0.613734 0.048828 0.048828
0 0.116161 0.567697 0.048828 0.048828
0 0.079151 0.586653 0.048828 0.048828
0 0.092691 0.638106 0.048828 0.048828
0 0.026797 0.611928 0.048828 0.048828
0 0.006938 0.773506 0.048828 0.048828
0 0.001522 0.797878 0.048828 0.048828
0 0.027699 0.833985 0.048828 0.048828
0 0.045753 0.769895 0.048828 0.048828
0 0.021381 0.735594 0.048828 0.048828
0 0.018673 0.688655 0.048828 0.048828
0 0.043045 0.655256 0.048828 0.048828
0 0.039434 0.870994 0.048828 0.048828
0 0.069222 0.717540 0.048828 0.048828
0 0.106231 0.729275 0.048828 0.048828
0 0.122479 0.686850 0.048828 0.048828
0 0.117063 0.654354 0.048828 0.048828
0 0.216357 0.670602 0.048828 0.048828
0 0.164905 0.682336 0.048828 0.048828
0 0.214552 0.705806 0.048828 0.048828
0 0.173029 0.722054 0.048828 0.048828
0 0.161294 0.758160 0.048828 0.048828
0 0.193790 0.753647 0.048828 0.048828
0 0.214552 0.778922 0.048828 0.048828
0 0.192888 0.814126 0.048828 0.048828
0 0.155878 0.820445 0.048828 0.048828
0 0.116161 0.797878 0.048828 0.048828
0 0.057487 0.832179 0.048828 0.048828
0 0.099913 0.846622 0.048828 0.048828
0 0.151365 0.862870 0.048828 0.048828
0 0.200109 0.863773 0.048828 0.048828
0 0.213649 0.901685 0.048828 0.048828
0 0.188374 0.923349 0.048828 0.048828
0 0.122479 0.929667 0.048828 0.048828
0 0.125187 0.882729 0.048828 0.048828
0 0.078249 0.885437 0.048828 0.048828
0 0.115258 0.962164 0.048828 0.048828
0 0.073735 0.945013 0.048828 0.048828
0 0.043045 0.929667 0.048828 0.048828
0 0.011451 0.921543 0.048828 0.048828
0 0.021381 0.964872 0.048828 0.048828
0 0.077346 0.978412 0.048828 0.048828
0 0.143241 0.983828 0.048828 0.048828
0 0.174834 0.993757 0.048828 0.048828
0 0.186569 0.965774 0.048828 0.048828
0 0.214552 0.964872 0.048828 0.048828
0 0.253366 0.676920 0.048828 0.048828
0 0.300305 0.686850 0.048828 0.048828
0 0.330093 0.696779 0.048828 0.048828
0 0.354465 0.704000 0.048828 0.048828
0 0.387864 0.719346 0.048828 0.048828
0 0.377032 0.676018 0.048828 0.048828
0 0.414041 0.669699 0.048828 0.048828
0 0.429387 0.709416 0.048828 0.048828
0 0.456467 0.690460 0.048828 0.048828
0 0.465493 0.655256 0.048828 0.048828
0 0.512432 0.686850 0.048828 0.048828
0 0.546734 0.669699 0.048828 0.048828
0 0.529583 0.738302 0.048828 0.048828
0 0.463688 0.732886 0.048828 0.048828
0 0.275933 0.719346 0.048828 0.048828
0 0.310235 0.719346 0.048828 0.048828
0 0.355368 0.743718 0.048828 0.048828
0 0.266906 0.756355 0.048828 0.048828
0 0.363492 0.785241 0.048828 0.048828
0 0.328288 0.787949 0.048828 0.048828
0 0.293084 0.796975 0.048828 0.048828
0 0.241632 0.829471 0.048828 0.048828
0 0.232605 0.877313 0.048828 0.048828
0 0.300305 0.864675 0.048828 0.048828
0 0.316553 0.826763 0.048828 0.048828
0 0.384253 0.809613 0.048828 0.048828
0 0.377935 0.834887 0.048828 0.048828
0 0.385156 0.869189 0.048828 0.048828
0 0.348147 0.858357 0.048828 0.048828
0 0.289473 0.898074 0.048828 0.048828
0 0.241632 0.922446 0.048828 0.048828
0 0.285862 0.932375 0.048828 0.048828
0 0.330093 0.948624 0.048828 0.048828
0 0.312943 0.990146 0.048828 0.048828
0 0.272322 0.972996 0.048828 0.048828
0 0.405015 0.969385 0.048828 0.048828
0 0.450148 0.972093 0.048828 0.048828
0 0.433900 0.925154 0.048828 0.048828
0 0.487158 0.943207 0.048828 0.048828
0 0.530486 0.959456 0.048828 0.048828
0 0.536804 0.908003 0.048828 0.048828
0 0.478131 0.861967 0.048828 0.048828
0 0.518751 0.839401 0.048828 0.048828
0 0.567495 0.779825 0.048828 0.048828
0 0.595478 0.811418 0.048828 0.048828
0 0.645124 0.839401 0.048828 0.048828
0 0.674010 0.847525 0.048828 0.048828
0 0.721851 0.847525 0.048828 0.048828
0 0.761569 0.842109 0.048828 0.048828
0 0.713727 0.808710 0.048828 0.048828
0 0.651443 0.806002 0.048828 0.048828
0 0.627071 0.801489 0.048828 0.048828
0 0.674913 0.776214 0.048828 0.048828
0 0.674913 0.735594 0.048828 0.048828
0 0.629779 0.766284 0.048828 0.048828
0 0.596380 0.775311 0.048828 0.048828
0 0.597283 0.737399 0.048828 0.048828
0 0.577424 0.700390 0.048828 0.048828
0 0.618947 0.670602 0.048828 0.048828
0 0.636098 0.703098 0.048828 0.048828
0 0.680329 0.695876 0.048828 0.048828
0 0.642416 0.649840 0.048828 0.048828
0 0.683939 0.638106 0.048828 0.048828
0 0.655054 0.597485 0.048828 0.048828
0 0.639708 0.542423 0.048828 0.048828
0 0.688453 0.551449 0.048828 0.048828
0 0.650540 0.511732 0.048828 0.048828
0 0.685745 0.514440 0.048828 0.048828
0 0.793162 0.484652 0.048828 0.048828
0 0.803994 0.526175 0.048828 0.048828
0 0.831074 0.540617 0.048828 0.048828
0 0.820242 0.589361 0.048828 0.048828
0 0.768790 0.559573 0.048828 0.048828
0 0.770595 0.603804 0.048828 0.048828
0 0.711019 0.628176 0.048828 0.048828
0 0.769693 0.644424 0.048828 0.048828
0 0.719143 0.694974 0.048828 0.048828
0 0.750737 0.695876 0.048828 0.048828
0 0.794967 0.752744 0.048828 0.048828
0 0.866278 0.714832 0.048828 0.048828
0 0.783233 0.864675 0.048828 0.048828
0 0.784135 0.919738 0.048828 0.048828
0 0.835588 0.926057 0.048828 0.048828
0 0.871694 0.882729 0.048828 0.048828
0 0.906898 0.849330 0.048828 0.048828
0 0.943908 0.963066 0.048828 0.048828
0 0.940297 0.996465 0.048828 0.048828
0 0.973696 0.977509 0.048828 0.048828
0 0.970988 0.716638 0.048828 0.048828
0 0.965572 0.657062 0.048828 0.048828
0 0.970085 0.615539 0.048828 0.048828
0 0.943908 0.588459 0.048828 0.048828
0 0.899677 0.639008 0.048828 0.048828
0 0.878013 0.621858 0.048828 0.048828
0 0.890650 0.569503 0.048828 0.048828
0 0.953837 0.553255 0.048828 0.048828
0 0.986333 0.564087 0.048828 0.048828
0 0.964669 0.245445 0.048828 0.048828
0 0.981820 0.299605 0.048828 0.048828
0 0.980917 0.425979 0.048828 0.048828
0 0.971890 0.480139 0.048828 0.048828
0 0.994457 0.518953 0.048828 0.048828
0 0.920438 0.511732 0.048828 0.048828
0 0.581035 0.004432 0.048828 0.048828
0 0.460980 0.033318 0.048828 0.048828
0 0.404112 0.023388 0.048828 0.048828