0 0.466498 0.909928 0.048828 0.048828
0 0.324077 0.973115 0.048828 0.048828
0 0.415347 0.874825 0.048828 0.048828
0 0.457472 0.853762 0.048828 0.048828
0 0.499596 0.801608 0.048828 0.048828
0 0.545733 0.815650 0.048828 0.048828
0 0.540718 0.764498 0.048828 0.048828
0 0.608919 0.774528 0.048828 0.048828
0 0.553756 0.720368 0.048828 0.048828
0 0.526676 0.690279 0.048828 0.048828
0 0.573816 0.653169 0.048828 0.048828
0 0.489566 0.656178 0.048828 0.048828
0 0.450451 0.703318 0.048828 0.048828
0 0.384255 0.733407 0.048828 0.048828
0 0.358178 0.741430 0.048828 0.048828
0 0.372220 0.777537 0.048828 0.048828
0 0.412338 0.799602 0.048828 0.048828
0 0.479537 0.736415 0.048828 0.048828
0 0.551750 0.613051 0.048828 0.048828
0 0.497590 0.614054 0.048828 0.048828
0 0.991049 0.776534 0.048828 0.048828
0 0.966978 0.728392 0.048828 0.048828
0 0.953939 0.687270 0.048828 0.048828
0 0.956948 0.643140 0.048828 0.048828
0 0.890752 0.603021 0.048828 0.048828
0 0.990046 0.576944 0.048828 0.048828
0 0.379240 0.624083 0.048828 0.048828
0 0.438415 0.578950 0.048828 0.048828
0 0.674112 0.149681 0.048828 0.048828
0 0.779423 0.252986 0.048828 0.048828
0 0.820545 0.253989 0.048828 0.048828
0 0.816533 0.201835 0.048828 0.048828
0 0.883732 0.201835 0.048828 0.048828
0 0.937892 0.228915 0.048828 0.048828
0 0.997067 0.224903 0.048828 0.048828
0 0.999073 0.086494 0.048828 0.048828
0 0.983025 0.038352 0.048828 0.048828
0 0.829572 0.045373 0.048828 0.048828
0 0.858658 0.053396 0.048828 0.048828
0 0.880723 0.024310 0.048828 0.048828
0 0.912818 0.003248 0.048828 0.048828
0 0.954942 0.011272 0.048828 0.048828
0 0.984028 0.411455 0.048828 0.048828
0 0.943910 0.462606 0.048828 0.048828
0 0.900782 0.455585 0.048828 0.048828
0 0.907803 0.385378 0.048828 0.048828
0 0.876711 0.416470 0.048828 0.048828
0 0.863672 0.368327 0.048828 0.048828
0 0.817536 0.363313 0.048828 0.048828
0 0.830575 0.420482 0.048828 0.048828
0 0.793465 0.417473 0.048828 0.048828
0 0.770397 0.375348 0.048828 0.048828
0 0.890675 0.958525 0.048828 0.048828
0 0.854332 0.943987 0.048828 0.048828
0 0.851424 0.980331 0.048828 0.048828
0 0.810719 0.955617 0.048828 0.048828
0 0.687150 0.986146 0.048828 0.048828
0 0.706048 0.962886 0.048828 0.048828
0 0.739485 0.939626 0.048828 0.048828
0 0.764199 0.912005 0.048828 0.048828
0 0.796181 0.885837 0.048828 0.048828
0 0.844155 0.893106 0.048828 0.048828
0 0.883407 0.882929 0.048828 0.048828
0 0.931381 0.853854 0.048828 0.048828
0 0.759837 0.850947 0.048828 0.048828
0 0.778736 0.804427 0.048828 0.048828
0 0.809265 0.775351 0.048828 0.048828
0 0.794728 0.746276 0.048828 0.048828
0 0.828164 0.718655 0.048828 0.048828
0 0.865962 0.691034 0.048828 0.048828
0 0.791820 0.696849 0.048828 0.048828
0 0.723493 0.723016 0.048828 0.048828
0 0.767106 0.773898 0.048828 0.048828
0 0.722040 0.789889 0.048828 0.048828
0 0.687150 0.773898 0.048828 0.048828
0 0.655167 0.772444 0.048828 0.048828
0 0.628999 0.746276 0.048828 0.048828
0 0.624638 0.701210 0.048828 0.048828
0 0.668251 0.679404 0.048828 0.048828
0 0.631907 0.651782 0.048828 0.048828
0 0.759837 0.647421 0.048828 0.048828
0 0.735124 0.627068 0.048828 0.048828
0 0.828164 0.609623 0.048828 0.048828
0 0.640629 0.954164 0.048828 0.048828
0 0.583933 0.968701 0.048828 0.048828
0 0.544681 0.962886 0.048828 0.048828
0 0.588294 0.922181 0.048828 0.048828
0 0.646444 0.897467 0.048828 0.048828
0 0.681335 0.923635 0.048828 0.048828
0 0.707502 0.904736 0.048828 0.048828
0 0.713317 0.842224 0.048828 0.048828
0 0.652259 0.826233 0.048828 0.048828
0 0.617369 0.862577 0.048828 0.048828
0 0.448866 0.978229 0.048828 0.048828
0 0.320310 0.939782 0.048828 0.048828
0 0.365965 0.932573 0.048828 0.048828
0 0.367167 0.900134 0.048828 0.048828
0 0.398405 0.912149 0.048828 0.048828
0 0.968984 0.942023 0.048828 0.048828
0 0.959957 0.885857 0.048828 0.048828
0 0.888747 0.730398 0.048828 0.048828
0 0.913821 0.660190 0.048828 0.048828
0 0.859661 0.639128 0.048828 0.048828
0 0.942907 0.576944 0.048828 0.048828
0 0.889749 0.550867 0.048828 0.048828
0 0.845619 0.539834 0.048828 0.048828
0 0.724260 0.546855 0.048828 0.048828
0 0.697180 0.508742 0.048828 0.048828
0 0.653050 0.561900 0.048828 0.048828
0 0.617946 0.593994 0.048828 0.048828
0 0.562783 0.574938 0.048828 0.048828
0 0.322071 0.674232 0.048828 0.048828
0 0.441424 0.631104 0.048828 0.048828
0 0.427383 0.522784 0.048828 0.048828
0 0.338119 0.428505 0.048828 0.048828
0 0.539715 0.487680 0.048828 0.048828
0 0.586854 0.414464 0.048828 0.048828
0 0.604907 0.514760 0.048828 0.048828
0 0.655056 0.442547 0.048828 0.048828
0 0.619952 0.390393 0.048828 0.048828
0 0.656059 0.396410 0.048828 0.048828
0 0.708213 0.428505 0.048828 0.048828
0 0.766385 0.451573 0.048828 0.048828
0 0.800486 0.464612 0.048828 0.048828
0 0.844616 0.464612 0.048828 0.048828
0 0.890752 0.494701 0.048828 0.048828
0 0.927862 0.518772 0.048828 0.048828
0 0.996064 0.534820 0.048828 0.048828
0 0.564789 0.202838 0.048828 0.048828
0 0.592872 0.134637 0.048828 0.048828
0 0.634996 0.117586 0.048828 0.048828
0 0.686148 0.096524 0.048828 0.048828
0 0.698183 0.066435 0.048828 0.048828
0 0.733287 0.052393 0.048828 0.048828
0 0.786444 0.027319 0.048828 0.048828
0 0.724260 0.211865 0.048828 0.048828
0 0.756355 0.204844 0.048828 0.048828
0 0.783435 0.140654 0.048828 0.048828
0 0.760367 0.116583 0.048828 0.048828
0 0.771400 0.069444 0.048828 0.048828
0 0.845619 0.102542 0.048828 0.048828
0 0.874705 0.136642 0.048828 0.048828
0 0.904794 0.086494 0.048828 0.048828
0 0.920841 0.112571 0.048828 0.048828
0 0.949927 0.119592 0.048828 0.048828
0 0.949927 0.088500 0.048828 0.048828
0 0.981019 0.117586 0.048828 0.048828
0 0.702195 0.279063 0.048828 0.048828
0 0.726266 0.311158 0.048828 0.048828
0 0.770397 0.317176 0.048828 0.048828
0 0.818539 0.306144 0.048828 0.048828
0 0.864675 0.333224 0.048828 0.048828
0 0.873702 0.271040 0.048828 0.048828
0 0.900782 0.304138 0.048828 0.048828
0 0.905797 0.254992 0.048828 0.048828
0 0.955945 0.286084 0.048828 0.048828
0 0.962966 0.358298 0.048828 0.048828