0 0.016358 0.958677 0.048828 0.048828
0 0.022728 0.922051 0.048828 0.048828
0 0.060947 0.961862 0.048828 0.048828
0 0.083241 0.993711 0.048828 0.048828
0 0.000678 0.690279 0.048828 0.048828
0 0.042009 0.767504 0.048828 0.048828
0 0.086604 0.792520 0.048828 0.048828
0 0.122497 0.794695 0.048828 0.048828
0 0.162740 0.767504 0.048828 0.048828
0 0.107269 0.745750 0.048828 0.048828
0 0.071376 0.717471 0.048828 0.048828
0 0.123584 0.698981 0.048828 0.048828
0 0.170354 0.716383 0.048828 0.048828
0 0.175792 0.692455 0.048828 0.048828
0 0.219299 0.713120 0.048828 0.048828
0 0.230176 0.683753 0.048828 0.048828
0 0.249754 0.589126 0.048828 0.048828
0 0.224737 0.542356 0.048828 0.048828
0 0.175792 0.576074 0.048828 0.048828
0 0.158390 0.622844 0.048828 0.048828
0 0.111620 0.594564 0.048828 0.048828
0 0.102919 0.650036 0.048828 0.048828
0 0.071376 0.585863 0.048828 0.048828
0 0.038746 0.666351 0.048828 0.048828
0 0.024607 0.564110 0.048828 0.048828
0 0.005029 0.495587 0.048828 0.048828
0 0.052886 0.485798 0.048828 0.048828
0 0.087691 0.509726 0.048828 0.048828
0 0.118146 0.480359 0.048828 0.048828
0 0.078990 0.459694 0.048828 0.048828
0 0.039834 0.434677 0.048828 0.048828
0 0.032220 0.383557 0.048828 0.048828
0 0.076815 0.396609 0.048828 0.048828
0 0.124672 0.425976 0.048828 0.048828
0 0.150776 0.471658 0.048828 0.048828
0 0.162740 0.398784 0.048828 0.048828
0 0.184494 0.370505 0.048828 0.048828
0 0.205159 0.423801 0.048828 0.048828
0 0.127935 0.372680 0.048828 0.048828
0 0.088779 0.350927 0.048828 0.048828
0 0.122497 0.333524 0.048828 0.048828
0 0.173617 0.305245 0.048828 0.048828
0 0.081165 0.297631 0.048828 0.048828
0 0.189932 0.263914 0.048828 0.048828
0 0.211685 0.294368 0.048828 0.048828
0 0.225825 0.347664 0.048828 0.048828
0 0.256280 0.353102 0.048828 0.048828
0 0.311751 0.352015 0.048828 0.048828
0 0.317189 0.300894 0.048828 0.048828
0 0.357433 0.288930 0.048828 0.048828
0 0.390063 0.270440 0.048828 0.048828
0 0.461849 0.265001 0.048828 0.048828
0 0.481427 0.318297 0.048828 0.048828
0 0.489041 0.353102 0.048828 0.048828
0 0.458586 0.378119 0.048828 0.048828
0 0.359608 0.330261 0.048828 0.048828
0 0.377011 0.371593 0.048828 0.048828
0 0.363959 0.496674 0.048828 0.048828
0 0.304137 0.515165 0.048828 0.048828
0 0.264981 0.447729 0.048828 0.048828
0 0.050711 0.850166 0.048828 0.048828
0 0.117058 0.846903 0.048828 0.048828
0 0.170354 0.813186 0.048828 0.048828
0 0.197546 0.842553 0.048828 0.048828
0 0.228000 0.875183 0.048828 0.048828
0 0.173617 0.875183 0.048828 0.048828
0 0.206247 0.911076 0.048828 0.048828
0 0.196458 0.939355 0.048828 0.048828
0 0.233439 0.944793 0.048828 0.048828
0 0.213861 0.983949 0.048828 0.048828
0 0.237789 0.986125 0.048828 0.048828
0 0.167091 0.993738 0.048828 0.048828
0 0.101831 0.927391 0.048828 0.048828
0 0.271507 0.818624 0.048828 0.048828
0 0.256280 0.740312 0.048828 0.048828
0 0.303049 0.744663 0.048828 0.048828
0 0.368309 0.672877 0.048828 0.048828
0 0.330241 0.688104 0.048828 0.048828
0 0.406378 0.730523 0.048828 0.048828
0 0.423781 0.678315 0.048828 0.048828
0 0.424868 0.640246 0.048828 0.048828
0 0.459674 0.617405 0.048828 0.048828
0 0.523846 0.635896 0.048828 0.048828
0 0.531460 0.602178 0.048828 0.048828
0 0.578229 0.585863 0.048828 0.048828
0 0.607596 0.651123 0.048828 0.048828
0 0.651103 0.633720 0.048828 0.048828
0 0.714188 0.629370 0.048828 0.048828
0 0.744642 0.689192 0.048828 0.048828
0 0.714188 0.696805 0.048828 0.048828
0 0.655454 0.681578 0.048828 0.048828
0 0.744642 0.739224 0.048828 0.048828
0 0.712012 0.776205 0.048828 0.048828
0 0.635876 0.749013 0.048828 0.048828
0 0.747905 0.819712 0.048828 0.048828
0 0.685908 0.824062 0.048828 0.048828
0 0.668506 0.782731 0.048828 0.048828
0 0.578229 0.797958 0.048828 0.048828
0 0.532547 0.804484 0.048828 0.048828
0 0.543424 0.847991 0.048828 0.048828
0 0.660892 0.915426 0.048828 0.048828
0 0.725064 0.942618 0.048828 0.048828
0 0.627174 0.935004 0.048828 0.048828
0 0.501005 0.899111 0.048828 0.048828
0 0.509706 0.942618 0.048828 0.048828
0 0.465112 0.980686 0.048828 0.048828
0 0.466200 0.941530 0.048828 0.048828
0 0.421605 0.921952 0.048828 0.048828
0 0.396589 0.888235 0.048828 0.048828
0 0.492304 0.825150 0.048828 0.048828
0 0.432482 0.774030 0.048828 0.048828
0 0.458586 0.732698 0.048828 0.048828
0 0.387888 0.783819 0.048828 0.048828
0 0.418342 0.825150 0.048828 0.048828
0 0.360696 0.832764 0.048828 0.048828
0 0.310663 0.840377 0.048828 0.048828
0 0.357433 0.932829 0.048828 0.048828
0 0.309575 0.923040 0.048828 0.048828
0 0.285647 0.973073 0.048828 0.048828
0 0.348731 0.990475 0.048828 0.048828
0 0.272595 0.888235 0.048828 0.048828
0 0.572791 0.698981 0.048828 0.048828
0 0.816428 0.683753 0.048828 0.048828
0 0.842532 0.652211 0.048828 0.048828
0 0.803376 0.618493 0.048828 0.048828
0 0.759870 0.518428 0.048828 0.048828
0 0.821867 0.510814 0.048828 0.048828
0 0.812078 0.468395 0.048828 0.048828
0 0.890390 0.480359 0.048828 0.048828
0 0.870812 0.422713 0.048828 0.048828
0 0.920844 0.411836 0.048828 0.048828
0 0.955650 0.434677 0.048828 0.048828
0 0.954562 0.383557 0.048828 0.048828
0 0.921932 0.636983 0.048828 0.048828
0 0.764220 0.771854 0.048828 0.048828
0 0.675032 0.742487 0.048828 0.048828
0 0.821867 0.993738 0.048828 0.048828
0 0.887127 0.979599 0.048828 0.048828
0 0.805552 0.940443 0.048828 0.048828
0 0.829480 0.904550 0.048828 0.048828
0 0.864286 0.908900 0.048828 0.048828
0 0.821867 0.850166 0.048828 0.048828
0 0.879513 0.875183 0.048828 0.048828
0 0.884951 0.843640 0.048828 0.048828
0 0.950211 0.888235 0.048828 0.048828
0 0.906705 0.816449 0.048828 0.048828
0 0.973052 0.795783 0.048828 0.048828
0 0.980666 0.826238 0.048828 0.048828
0 0.971965 0.976336 0.048828 0.048828
0 0.403115 0.315034 0.048828 0.048828
0 0.436833 0.323735 0.048828 0.048828
0 0.524934 0.685929 0.048828 0.048828
0 0.888214 0.658737 0.048828 0.048828
0 0.825130 0.743575 0.048828 0.048828
0 0.582580 0.742487 0.048828 0.048828
0 0.519495 0.734874 0.048828 0.048828
0 0.555388 0.098588 0.048828 0.048828
0 0.520583 0.070309 0.048828 0.048828
0 0.564090 0.047468 0.048828 0.048828
0 0.591281 0.068134 0.048828 0.048828
0 0.607596 0.108377 0.048828 0.048828
0 0.517320 0.106202 0.048828 0.048828
0 0.468375 0.107290 0.048828 0.048828
0 0.420518 0.044205 0.048828 0.048828
0 0.083341 0.007224 0.048828 0.048828
0 0.123584 0.033328 0.048828 0.048828
0 0.070289 0.056169 0.048828 0.048828
0 0.026782 0.050731 0.048828 0.048828
0 0.051798 0.092062 0.048828 0.048828
0 0.023519 0.104027 0.048828 0.048828
0 0.011555 0.141007 0.048828 0.048828
0 0.172529 0.218232 0.048828 0.048828
0 0.288910 0.055082 0.048828 0.048828
0 0.014851 0.725463 0.048828 0.048828
0 0.016207 0.313656 0.048828 0.048828
0 0.003250 0.410116 0.048828 0.048828
0 0.001810 0.879459 0.048828 0.048828
0 0.006129 0.834828 0.048828 0.048828
0 0.026285 0.879459 0.048828 0.048828
0 0.273914 0.630390 0.048828 0.048828
0 0.317105 0.623192 0.048828 0.048828
0 0.322864 0.584320 0.048828 0.048828
0 0.304148 0.569923 0.048828 0.048828
0 0.357417 0.613114 0.048828 0.048828
0 0.390530 0.592958 0.048828 0.048828
0 0.376133 0.548327 0.048828 0.048828
0 0.415005 0.559845 0.048828 0.048828
0 0.446678 0.536810 0.048828 0.048828
0 0.494189 0.526732 0.048828 0.048828
0 0.455317 0.486420 0.048828 0.048828
0 0.488430 0.477782 0.048828 0.048828
0 0.475472 0.564164 0.048828 0.048828
0 0.433721 0.592958 0.048828 0.048828
0 0.265276 0.703815 0.048828 0.048828
0 0.874270 0.955763 0.048828 0.048828
0 0.849795 0.800275 0.048828 0.048828
0 0.921780 0.757084 0.048828 0.048828
0 0.972170 0.711014 0.048828 0.048828
0 0.964971 0.603036 0.048828 0.048828
0 0.895866 0.551207 0.048828 0.048828
0 0.977929 0.533930 0.048828 0.048828
0 0.738938 0.863622 0.048828 0.048828
0 0.702945 0.898175 0.048828 0.048828
0 0.786448 0.572802 0.048828 0.048828
0 0.747576 0.604476 0.048828 0.048828
0 0.708704 0.578561 0.048828 0.048828
0 0.724541 0.536810 0.048828 0.048828
0 0.692868 0.505136 0.048828 0.048828
0 0.695747 0.466264 0.048828 0.048828
0 0.664074 0.421633 0.048828 0.048828
0 0.772051 0.391400 0.048828 0.048828
0 0.825320 0.333811 0.048828 0.048828
0 0.849795 0.276223 0.048828 0.048828
0 0.743257 0.322294 0.048828 0.048828
0 0.681350 0.368364 0.048828 0.048828
0 0.646797 0.328053 0.048828 0.048828
0 0.603606 0.306457 0.048828 0.048828
0 0.629521 0.382761 0.048828 0.048828
0 0.607925 0.420194 0.048828 0.048828
0 0.602166 0.483541 0.048828 0.048828
0 0.642478 0.493618 0.048828 0.048828
0 0.664074 0.556965 0.048828 0.048828
0 0.616563 0.568483 0.048828 0.048828
0 0.593528 0.526732 0.048828 0.048828
0 0.566174 0.459066 0.048828 0.048828
0 0.531621 0.428832 0.048828 0.048828
0 0.574812 0.351088 0.048828 0.048828
0 0.548897 0.306457 0.048828 0.048828
0 0.521543 0.274784 0.048828 0.048828
0 0.036363 0.351088 0.048828 0.048828
0 0.049320 0.267585 0.048828 0.048828
0 0.019087 0.225834 0.048828 0.048828
0 0.050760 0.199919 0.048828 0.048828
0 0.014768 0.181203 0.048828 0.048828
0 0.053640 0.163927 0.048828 0.048828
0 0.065157 0.126494 0.048828 0.048828
0 0.104029 0.109218 0.048828 0.048828
0 0.127064 0.081863 0.048828 0.048828
0 0.088192 0.186962 0.048828 0.048828
0 0.085313 0.146650 0.048828 0.048828
0 0.141461 0.143771 0.048828 0.048828
0 0.184653 0.150969 0.048828 0.048828
0 0.233602 0.162487 0.048828 0.048828
0 0.079554 0.245990 0.048828 0.048828
0 0.125625 0.283422 0.048828 0.048828
0 0.328623 0.214316 0.048828 0.048828
0 0.265276 0.266145 0.048828 0.048828
0 0.212007 0.233032 0.048828 0.048828
0 0.129944 0.234472 0.048828 0.048828
0 0.318545 0.171125 0.048828 0.048828
0 0.387651 0.158168 0.048828 0.048828
0 0.435161 0.169685 0.048828 0.048828
0 0.404927 0.211437 0.048828 0.048828
0 0.499947 0.244550 0.048828 0.048828
0 0.508586 0.181203 0.048828 0.048828
0 0.379012 0.097700 0.048828 0.048828
0 0.350218 0.058828 0.048828 0.048828
0 0.367495 0.018517 0.048828 0.048828
0 0.285432 0.011318 0.048828 0.048828
0 0.245120 0.042992 0.048828 0.048828
0 0.194730 0.019956 0.048828 0.048828
0 0.194730 0.060268 0.048828 0.048828
0 0.230723 0.122175 0.048828 0.048828
0 0.295510 0.127934 0.048828 0.048828
0 0.335821 0.127934 0.048828 0.048828
0 0.327183 0.081863 0.048828 0.048828
0 0.003250 0.031474 0.048828 0.048828
0 0.033484 0.006999 0.048828 0.048828
0 0.491216 0.428151 0.048828 0.048828
0 0.487953 0.385732 0.048828 0.048828
0 0.527109 0.379206 0.048828 0.048828
0 0.735941 0.470570 0.048828 0.048828