0 0.555388 0.898393 0.048828 0.048828
0 0.520583 0.870114 0.048828 0.048828
0 0.564090 0.847273 0.048828 0.048828
0 0.591281 0.867938 0.048828 0.048828
0 0.607596 0.908182 0.048828 0.048828
0 0.517320 0.906007 0.048828 0.048828
0 0.468375 0.907094 0.048828 0.048828
0 0.420518 0.844010 0.048828 0.048828
0 0.386800 0.713489 0.048828 0.048828
0 0.412904 0.668895 0.048828 0.048828
0 0.455323 0.675421 0.048828 0.048828
0 0.499917 0.698262 0.048828 0.048828
0 0.539073 0.630827 0.048828 0.048828
0 0.491216 0.624301 0.048828 0.048828
0 0.434657 0.626476 0.048828 0.048828
0 0.386800 0.637353 0.048828 0.048828
0 0.342205 0.633002 0.048828 0.048828
0 0.338942 0.690648 0.048828 0.048828
0 0.307400 0.663457 0.048828 0.048828
0 0.318277 0.736330 0.048828 0.048828
0 0.278033 0.770048 0.048828 0.048828
0 0.267156 0.728717 0.048828 0.048828
0 0.245403 0.751558 0.048828 0.048828
0 0.175792 0.760259 0.048828 0.048828
0 0.136636 0.785276 0.048828 0.048828
0 0.083341 0.807029 0.048828 0.048828
0 0.123584 0.833133 0.048828 0.048828
0 0.070289 0.855974 0.048828 0.048828
0 0.026782 0.850536 0.048828 0.048828
0 0.051798 0.891867 0.048828 0.048828
0 0.023519 0.903831 0.048828 0.048828
0 0.011555 0.940812 0.048828 0.048828
0 0.288910 0.854886 0.048828 0.048828
0 0.247578 0.693911 0.048828 0.048828
0 0.284559 0.642791 0.048828 0.048828
0 0.239965 0.637353 0.048828 0.048828
0 0.219299 0.602547 0.048828 0.048828
0 0.206247 0.635177 0.048828 0.048828
0 0.212773 0.684122 0.048828 0.048828
0 0.175792 0.727629 0.048828 0.048828
0 0.177968 0.675421 0.048828 0.048828
0 0.147513 0.634090 0.048828 0.048828
0 0.262806 0.578619 0.048828 0.048828
0 0.297611 0.550339 0.048828 0.048828
0 0.118146 0.470940 0.048828 0.048828
0 0.118146 0.518797 0.048828 0.048828
0 0.207335 0.493781 0.048828 0.048828
0 0.234526 0.456800 0.048828 0.048828
0 0.182318 0.440485 0.048828 0.048828
0 0.229088 0.403504 0.048828 0.048828
0 0.269332 0.413293 0.048828 0.048828
0 0.291085 0.341507 0.048828 0.048828
0 0.347644 0.334981 0.048828 0.048828
0 0.399852 0.339332 0.048828 0.048828
0 0.433570 0.323017 0.048828 0.048828
0 0.357433 0.291475 0.048828 0.048828
0 0.087342 0.568166 0.048828 0.048828
0 0.164363 0.393736 0.048828 0.048828
0 0.001810 0.744896 0.048828 0.048828
0 0.029165 0.717542 0.048828 0.048828
0 0.021966 0.671472 0.048828 0.048828
0 0.050760 0.999724 0.048828 0.048828
0 0.014768 0.981008 0.048828 0.048828
0 0.053640 0.963731 0.048828 0.048828
0 0.065157 0.926299 0.048828 0.048828
0 0.104029 0.909023 0.048828 0.048828
0 0.127064 0.881668 0.048828 0.048828
0 0.088192 0.986766 0.048828 0.048828
0 0.085313 0.946455 0.048828 0.048828
0 0.141461 0.943575 0.048828 0.048828
0 0.184653 0.950774 0.048828 0.048828
0 0.233602 0.962292 0.048828 0.048828
0 0.318545 0.970930 0.048828 0.048828
0 0.387651 0.957972 0.048828 0.048828
0 0.435161 0.969490 0.048828 0.048828
0 0.508586 0.981008 0.048828 0.048828
0 0.379012 0.897505 0.048828 0.048828
0 0.350218 0.858633 0.048828 0.048828
0 0.367495 0.818321 0.048828 0.048828
0 0.285432 0.811123 0.048828 0.048828
0 0.243680 0.799605 0.048828 0.048828
0 0.245120 0.842796 0.048828 0.048828
0 0.194730 0.819761 0.048828 0.048828
0 0.194730 0.860073 0.048828 0.048828
0 0.230723 0.921980 0.048828 0.048828
0 0.295510 0.927739 0.048828 0.048828
0 0.335821 0.927739 0.048828 0.048828
0 0.327183 0.881668 0.048828 0.048828
0 0.003250 0.831279 0.048828 0.048828
0 0.033484 0.806804 0.048828 0.048828
0 0.052200 0.765052 0.048828 0.048828
0 0.082434 0.746336 0.048828 0.048828
0 0.128504 0.690188 0.048828 0.048828
0 0.080994 0.674351 0.048828 0.048828
0 0.098270 0.621082 0.048828 0.048828
0 0.062278 0.618203 0.048828 0.048828
0 0.027725 0.615323 0.048828 0.048828
0 0.016207 0.498707 0.048828 0.048828
0 0.007569 0.531820 0.048828 0.048828
0 0.006129 0.435360 0.048828 0.048828
0 0.538819 0.691627 0.048828 0.048828
0 0.567613 0.655635 0.048828 0.048828
0 0.417884 0.514544 0.048828 0.048828
0 0.452437 0.575012 0.048828 0.048828
0 0.420764 0.577891 0.048828 0.048828
0 0.376133 0.595167 0.048828 0.048828
0 0.335821 0.577891 0.048828 0.048828
0 0.354537 0.527501 0.048828 0.048828
0 0.305588 0.513104 0.048828 0.048828
0 0.269595 0.511665 0.048828 0.048828
0 0.176014 0.557735 0.048828 0.048828
0 0.135703 0.557735 0.048828 0.048828
0 0.068037 0.498707 0.048828 0.048828
0 0.106909 0.412325 0.048828 0.048828
0 0.072356 0.383531 0.048828 0.048828
0 0.050760 0.403687 0.048828 0.048828
0 0.046441 0.341780 0.048828 0.048828
0 0.101150 0.150299 0.048828 0.048828
0 0.183213 0.169015 0.048828 0.048828
0 0.171695 0.226603 0.048828 0.048828
0 0.092512 0.210767 0.048828 0.048828
0 0.141461 0.236681 0.048828 0.048828
0 0.127064 0.279872 0.048828 0.048828
0 0.154419 0.310106 0.048828 0.048828
0 0.190411 0.301468 0.048828 0.048828
0 0.141461 0.333141 0.048828 0.048828
0 0.170256 0.344659 0.048828 0.048828
0 0.206248 0.369134 0.048828 0.048828
0 0.247999 0.333141 0.048828 0.048828
0 0.072356 0.301468 0.048828 0.048828
0 0.036363 0.266915 0.048828 0.048828
0 0.078115 0.245320 0.048828 0.048828