0 0.944931 0.277599 0.048828 0.048828
0 0.980453 0.235499 0.048828 0.048828
0 0.934405 0.244708 0.048828 0.048828
0 0.898883 0.219711 0.048828 0.048828
0 0.904146 0.273652 0.048828 0.048828
0 0.843627 0.294702 0.048828 0.048828
0 0.846258 0.255233 0.048828 0.048828
0 0.821261 0.259180 0.048828 0.048828
0 0.844942 0.210502 0.048828 0.048828
0 0.802842 0.215764 0.048828 0.048828
0 0.760742 0.223658 0.048828 0.048828
0 0.727851 0.217080 0.048828 0.048828
0 0.721273 0.246024 0.048828 0.048828
0 0.766004 0.267074 0.048828 0.048828
0 0.796264 0.299965 0.048828 0.048828
0 0.733113 0.302596 0.048828 0.048828
0 0.676541 0.277599 0.048828 0.048828
0 0.680488 0.259180 0.048828 0.048828
0 0.681803 0.214449 0.048828 0.048828
0 0.626547 0.207870 0.048828 0.048828
0 0.613390 0.234183 0.048828 0.048828
0 0.631809 0.280230 0.048828 0.048828
0 0.644966 0.290755 0.048828 0.048828
0 0.608128 0.294702 0.048828 0.048828
0 0.544977 0.298649 0.048828 0.048828
0 0.556818 0.211817 0.048828 0.048828
0 0.562081 0.246024 0.048828 0.048828
0 0.506824 0.213133 0.048828 0.048828
0 0.472618 0.217080 0.048828 0.048828
0 0.476564 0.238130 0.048828 0.048828
0 0.530505 0.259180 0.048828 0.048828
0 0.469986 0.284177 0.048828 0.048828
0 0.417361 0.265758 0.048828 0.048828
0 0.417361 0.209186 0.048828 0.048828
0 0.323951 0.215764 0.048828 0.048828
0 0.394995 0.286808 0.048828 0.048828
0 0.380523 0.271021 0.048828 0.048828
0 0.352895 0.248655 0.048828 0.048828
0 0.352895 0.285493 0.048828 0.048828
0 0.291060 0.309174 0.048828 0.048828
0 0.277904 0.261811 0.048828 0.048828
0 0.027569 0.854023 0.048828 0.048828
0 0.066553 0.842237 0.048828 0.048828
0 0.023036 0.955562 0.048828 0.048828
0 0.080152 0.999079 0.048828 0.048828
0 0.241453 0.304677 0.048828 0.048828
0 0.269241 0.349337 0.048828 0.048828
0 0.307946 0.347352 0.048828 0.048828
0 0.280158 0.412853 0.048828 0.048828
0 0.333749 0.382087 0.048828 0.048828
0 0.373447 0.391019 0.048828 0.048828
0 0.360545 0.347352 0.048828 0.048828
0 0.414137 0.362238 0.048828 0.048828
0 0.368485 0.310632 0.048828 0.048828
0 0.424061 0.310632 0.048828 0.048828
0 0.454826 0.316586 0.048828 0.048828
0 0.503456 0.305670 0.048828 0.048828
0 0.491546 0.344375 0.048828 0.048828
0 0.292067 0.459497 0.048828 0.048828
0 0.322833 0.464459 0.048828 0.048828
0 0.331765 0.493240 0.048828 0.048828
0 0.367492 0.488278 0.048828 0.048828
0 0.384364 0.525990 0.048828 0.048828
0 0.371462 0.570650 0.048828 0.048828
0 0.321840 0.539884 0.048828 0.048828
0 0.337719 0.596453 0.048828 0.048828
0 0.295044 0.678825 0.048828 0.048828
0 0.327795 0.640120 0.048828 0.048828
0 0.379401 0.613324 0.048828 0.048828
0 0.421084 0.607370 0.048828 0.048828
0 0.428031 0.530952 0.048828 0.048828
0 0.432000 0.486293 0.048828 0.048828
0 0.397265 0.461482 0.048828 0.048828
0 0.373447 0.433694 0.048828 0.048828
0 0.410167 0.425754 0.048828 0.048828
0 0.412152 0.570650 0.048828 0.048828
0 0.430016 0.649052 0.048828 0.048828
0 0.505441 0.619279 0.048828 0.048828
0 0.529259 0.587521 0.048828 0.048828
0 0.420091 0.912047 0.048828 0.048828
0 0.399250 0.817766 0.048828 0.048828
0 0.383371 0.780053 0.048828 0.048828
0 0.464751 0.824713 0.048828 0.048828
0 0.464751 0.773106 0.048828 0.048828
0 0.451849 0.735394 0.048828 0.048828
0 0.428031 0.709590 0.048828 0.048828
0 0.391311 0.728447 0.048828 0.048828
0 0.475667 0.861433 0.048828 0.048828
0 0.483607 0.897160 0.048828 0.048828
0 0.513380 0.910062 0.048828 0.048828
0 0.556055 0.636150 0.048828 0.048828
0 0.511395 0.643097 0.048828 0.048828
0 0.491546 0.678825 0.048828 0.048828
0 0.532236 0.684780 0.048828 0.048828
0 0.581858 0.687757 0.048828 0.048828
0 0.636442 0.682795 0.048828 0.048828
0 0.593767 0.658976 0.048828 0.048828
0 0.626517 0.640120 0.048828 0.048828
0 0.603691 0.623249 0.048828 0.048828
0 0.596744 0.569657 0.048828 0.048828
0 0.644381 0.533930 0.048828 0.048828
0 0.617586 0.514081 0.048828 0.048828
0 0.643389 0.487285 0.048828 0.048828
0 0.680109 0.467436 0.048828 0.048828
0 0.564987 0.513088 0.048828 0.048828
0 0.520327 0.540877 0.048828 0.048828
0 0.511395 0.496217 0.048828 0.048828
0 0.553077 0.477361 0.048828 0.048828
0 0.602699 0.470414 0.048828 0.048828
0 0.502463 0.459497 0.048828 0.048828
0 0.493531 0.421784 0.048828 0.048828
0 0.549108 0.430716 0.048828 0.048828
0 0.605676 0.429724 0.048828 0.048828
0 0.649343 0.423769 0.048828 0.048828
0 0.697973 0.408883 0.048828 0.048828
0 0.746602 0.386057 0.048828 0.048828
0 0.765458 0.340405 0.048828 0.048828
0 0.717821 0.326511 0.048828 0.048828
0 0.667207 0.330481 0.048828 0.048828
0 0.617586 0.331473 0.048828 0.048828
0 0.654306 0.384072 0.048828 0.048828
0 0.612623 0.373155 0.048828 0.048828
0 0.567964 0.399951 0.048828 0.048828
0 0.516357 0.388042 0.048828 0.048828
0 0.539183 0.364223 0.048828 0.048828
0 0.559032 0.333458 0.048828 0.048828
0 0.499486 0.716537 0.048828 0.048828
0 0.500478 0.763182 0.048828 0.048828
0 0.550100 0.724477 0.048828 0.048828
0 0.591782 0.735394 0.048828 0.048828
0 0.554070 0.762189 0.048828 0.048828
0 0.582850 0.791962 0.048828 0.048828
0 0.573918 0.842577 0.048828 0.048828
0 0.537198 0.858455 0.048828 0.048828
0 0.525289 0.804864 0.048828 0.048828
0 0.475667 0.935865 0.048828 0.048828
0 0.508418 0.956706 0.048828 0.048828
0 0.435970 0.986479 0.048828 0.048828
0 0.498493 0.996404 0.048828 0.048828
0 0.628502 0.968616 0.048828 0.048828
0 0.618578 0.931896 0.048828 0.048828
0 0.630487 0.897160 0.048828 0.048828
0 0.663238 0.886244 0.048828 0.048828
0 0.575903 0.985487 0.048828 0.048828
0 0.546130 0.976555 0.048828 0.048828
0 0.567964 0.946782 0.048828 0.048828
0 0.566971 0.900138 0.048828 0.048828
0 0.599722 0.874334 0.048828 0.048828
0 0.650336 0.831660 0.048828 0.048828
0 0.622548 0.808834 0.048828 0.048828
0 0.686064 0.798909 0.048828 0.048828
0 0.689041 0.859448 0.048828 0.048828
0 0.746602 0.832652 0.048828 0.048828
0 0.711867 0.895176 0.048828 0.048828
0 0.698965 0.937850 0.048828 0.048828
0 0.736678 0.918002 0.048828 0.048828
0 0.771413 0.889221 0.048828 0.048828
0 0.826989 0.854486 0.048828 0.048828
0 0.792254 0.798909 0.048828 0.048828
0 0.749579 0.782038 0.048828 0.048828
0 0.764466 0.732416 0.048828 0.048828
0 0.723776 0.743333 0.048828 0.048828
0 0.640412 0.721500 0.048828 0.048828
0 0.667207 0.704628 0.048828 0.048828
0 0.712859 0.699666 0.048828 0.048828
0 0.762481 0.688749 0.048828 0.048828
0 0.687056 0.647067 0.048828 0.048828
0 0.728738 0.652029 0.048828 0.048828
0 0.685071 0.604392 0.048828 0.048828
0 0.717821 0.613324 0.048828 0.048828
0 0.762481 0.592483 0.048828 0.048828
0 0.732708 0.581566 0.048828 0.048828
0 0.771413 0.543854 0.048828 0.048828
0 0.729731 0.531945 0.048828 0.048828
0 0.691026 0.529960 0.048828 0.048828
0 0.716829 0.491255 0.048828 0.048828
0 0.758511 0.510111 0.048828 0.048828
0 0.813095 0.468429 0.048828 0.048828
0 0.755534 0.451558 0.048828 0.048828
0 0.809125 0.416822 0.048828 0.048828
0 0.797216 0.382087 0.048828 0.048828
0 0.825004 0.343382 0.048828 0.048828
0 0.883558 0.315594 0.048828 0.048828
0 0.914323 0.318571 0.048828 0.048828
0 0.942112 0.336435 0.048828 0.048828
0 0.897452 0.359261 0.048828 0.048828
0 0.853785 0.393004 0.048828 0.048828
0 0.882565 0.400943 0.048828 0.048828
0 0.860732 0.442626 0.048828 0.048828
0 0.814088 0.517058 0.048828 0.048828
0 0.838898 0.547824 0.048828 0.048828
0 0.798209 0.577597 0.048828 0.048828
0 0.877603 0.502172 0.048828 0.048828
0 0.910354 0.466444 0.048828 0.048828
0 0.908369 0.408883 0.048828 0.048828
0 0.942112 0.382087 0.048828 0.048828
0 0.982801 0.363231 0.048828 0.048828
0 0.997688 0.326511 0.048828 0.048828
0 0.877603 0.821735 0.048828 0.048828
0 0.861724 0.783030 0.048828 0.048828
0 0.839891 0.773106 0.048828 0.048828
0 0.855770 0.724477 0.048828 0.048828
0 0.810118 0.702643 0.048828 0.048828
0 0.792254 0.650044 0.048828 0.048828
0 0.846838 0.670885 0.048828 0.048828
0 0.855770 0.630196 0.048828 0.048828
0 0.825997 0.612332 0.048828 0.048828
0 0.854777 0.578589 0.048828 0.048828
0 0.902414 0.596453 0.048828 0.048828
0 0.892490 0.540877 0.048828 0.048828
0 0.941119 0.552786 0.048828 0.048828
0 0.905391 0.657984 0.048828 0.048828
0 0.951043 0.611339 0.048828 0.048828
0 0.979824 0.604392 0.048828 0.048828
0 0.995703 0.543854 0.048828 0.048828
0 0.967915 0.507134 0.048828 0.048828
0 0.938142 0.507134 0.048828 0.048828
0 0.958983 0.469421 0.048828 0.048828
0 0.994711 0.445603 0.048828 0.048828
0 0.979824 0.401936 0.048828 0.048828
0 0.971885 0.645082 0.048828 0.048828
0 0.937149 0.680810 0.048828 0.048828
0 0.889512 0.709590 0.048828 0.048828
0 0.934172 0.725469 0.048828 0.048828
0 0.890505 0.771121 0.048828 0.048828
0 0.907376 0.823720 0.048828 0.048828
0 0.912338 0.855478 0.048828 0.048828
0 0.865694 0.871357 0.048828 0.048828
0 0.832944 0.903115 0.048828 0.048828
0 0.791262 0.947775 0.048828 0.048828
0 0.741640 0.961669 0.048828 0.048828
0 0.682094 0.976555 0.048828 0.048828
0 0.956998 0.827690 0.048828 0.048828
0 0.938142 0.779061 0.048828 0.048828
0 0.973869 0.776083 0.048828 0.048828
0 0.982801 0.728447 0.048828 0.048828
0 0.987763 0.867387 0.048828 0.048828
0 0.989748 0.921971 0.048828 0.048828
0 0.949059 0.883266 0.048828 0.048828
0 0.916308 0.902123 0.048828 0.048828
0 0.878596 0.917009 0.048828 0.048828
0 0.879588 0.954722 0.048828 0.048828
0 0.937149 0.939835 0.048828 0.048828
0 0.829966 0.966631 0.048828 0.048828
0 0.771413 0.981517 0.048828 0.048828
0 0.863709 0.997396 0.048828 0.048828
0 0.913331 0.995411 0.048828 0.048828
0 0.956998 0.984495 0.048828 0.048828
0 0.110070 0.213052 0.048828 0.048828
0 0.059300 0.213959 0.048828 0.048828
0 0.025756 0.218492 0.048828 0.048828
0 0.002184 0.251130 0.048828 0.048828
0 0.026663 0.269262 0.048828 0.048828
0 0.080152 0.259289 0.048828 0.048828
0 0.125483 0.247503 0.048828 0.048828
0 0.139988 0.299180 0.048828 0.048828
0 0.078339 0.298273 0.048828 0.048828
0 0.110977 0.359922 0.048828 0.048828
0 0.051141 0.345417 0.048828 0.048828
0 0.034822 0.314592 0.048828 0.048828
0 0.079246 0.390747 0.048828 0.048828
0 0.038449 0.419758 0.048828 0.048828
0 0.120950 0.433358 0.048828 0.048828
0 0.089218 0.446050 0.048828 0.048828
0 0.044795 0.475061 0.048828 0.048828
0 0.083779 0.498633 0.048828 0.048828
0 0.038449 0.536711 0.048828 0.048828
0 0.037542 0.567535 0.048828 0.048828
0 0.101911 0.580228 0.048828 0.048828
0 0.172626 0.666355 0.048828 0.048828
0 0.117323 0.629184 0.048828 0.048828
0 0.055674 0.643690 0.048828 0.048828
0 0.041168 0.608332 0.048828 0.048828
0 0.034822 0.689020 0.048828 0.048828
0 0.075619 0.679048 0.048828 0.048828
0 0.119136 0.685394 0.048828 0.048828
0 0.139988 0.723471 0.048828 0.048828
0 0.090125 0.732537 0.048828 0.048828
0 0.144521 0.767895 0.048828 0.048828
0 0.072900 0.769708 0.048828 0.048828
0 0.017597 0.758829 0.048828 0.048828
0 0.016690 0.802346 0.048828 0.048828
0 0.098285 0.810505 0.048828 0.048828
0 0.139988 0.834077 0.048828 0.048828
0 0.178066 0.812319 0.048828 0.048828
0 0.215237 0.798720 0.048828 0.048828
0 0.249688 0.796906 0.048828 0.048828
0 0.211610 0.851303 0.048828 0.048828
0 0.248781 0.851303 0.048828 0.048828
0 0.272353 0.884847 0.048828 0.048828
0 0.228836 0.902073 0.048828 0.048828
0 0.178066 0.887567 0.048828 0.048828
0 0.130922 0.880314 0.048828 0.048828
0 0.110070 0.904792 0.048828 0.048828
0 0.038449 0.912045 0.048828 0.048828
0 0.153587 0.941963 0.048828 0.048828
0 0.199824 0.929271 0.048828 0.048828
0 0.248781 0.949216 0.048828 0.048828
0 0.304084 0.957376 0.048828 0.048828
0 0.203451 0.979134 0.048828 0.048828
0 0.166280 0.997266 0.048828 0.048828
0 0.123669 0.966442 0.048828 0.048828
0 0.238476 0.680810 0.048828 0.048828
0 0.242445 0.625233 0.048828 0.048828
0 0.215650 0.376133 0.048828 0.048828
0 0.330772 0.424762 0.048828 0.048828
0 0.355583 0.695696 0.048828 0.048828