0 0.904550 0.970548 0.048828 0.048828
0 0.859955 0.970548 0.048828 0.048828
0 0.621756 0.984688 0.048828 0.048828
0 0.667438 0.985776 0.048828 0.048828
0 0.710945 0.983600 0.048828 0.048828
0 0.756627 0.995565 0.048828 0.048828
0 0.787082 0.968373 0.048828 0.048828
0 0.836027 0.974899 0.048828 0.048828
0 0.807747 0.945532 0.048828 0.048828
0 0.857780 0.920516 0.048828 0.048828
0 0.563022 0.974899 0.048828 0.048828
0 0.519515 0.984688 0.048828 0.048828
0 0.499937 0.943357 0.048828 0.048828
0 0.539093 0.904201 0.048828 0.048828
0 0.567373 0.915077 0.048828 0.048828
0 0.608704 0.934655 0.048828 0.048828
0 0.659825 0.945532 0.048828 0.048828
0 0.720734 0.943357 0.048828 0.048828
0 0.760978 0.934655 0.048828 0.048828
0 0.808835 0.890061 0.048828 0.048828
0 0.856692 0.883535 0.048828 0.048828
0 0.896936 0.883535 0.048828 0.048828
0 0.900199 0.838941 0.048828 0.048828
0 0.859955 0.821538 0.048828 0.048828
0 0.816449 0.824801 0.048828 0.048828
0 0.774030 0.809573 0.048828 0.048828
0 0.796871 0.762804 0.048828 0.048828
0 0.819712 0.733437 0.048828 0.048828
0 0.854517 0.773680 0.048828 0.048828
0 0.849079 0.724735 0.048828 0.048828
0 0.905637 0.736700 0.048828 0.048828
0 0.886059 0.701894 0.048828 0.048828
0 0.869744 0.619232 0.048828 0.048828
0 0.822975 0.649686 0.048828 0.048828
0 0.788169 0.634459 0.048828 0.048828
0 0.808835 0.607267 0.048828 0.048828
0 0.805572 0.694281 0.048828 0.048828
0 0.753364 0.891149 0.048828 0.048828
0 0.731611 0.854168 0.048828 0.048828
0 0.726172 0.808486 0.048828 0.048828
0 0.747926 0.757365 0.048828 0.048828
0 0.733786 0.720385 0.048828 0.048828
0 0.723997 0.681229 0.048828 0.048828
0 0.733786 0.640985 0.048828 0.048828
0 0.695718 0.643160 0.048828 0.048828
0 0.696805 0.604004 0.048828 0.048828
0 0.758802 0.575725 0.048828 0.048828
0 0.804484 0.549621 0.048828 0.048828
0 0.690279 0.910727 0.048828 0.048828
0 0.655474 0.899850 0.048828 0.048828
0 0.671789 0.862869 0.048828 0.048828
0 0.616318 0.891149 0.048828 0.048828
0 0.635896 0.845467 0.048828 0.048828
0 0.559759 0.870483 0.048828 0.048828
0 0.515165 0.859606 0.048828 0.048828
0 0.524954 0.819362 0.048828 0.048828
0 0.571723 0.829152 0.048828 0.048828
0 0.563022 0.783469 0.048828 0.048828
0 0.618493 0.808486 0.048828 0.048828
0 0.615230 0.763891 0.048828 0.048828
0 0.658737 0.763891 0.048828 0.048828
0 0.704419 0.766067 0.048828 0.048828
0 0.679403 0.811749 0.048828 0.048828
0 0.671789 0.714946 0.048828 0.048828
0 0.625019 0.721472 0.048828 0.048828
0 0.574986 0.731261 0.048828 0.048828
0 0.584775 0.682316 0.048828 0.048828
0 0.633720 0.682316 0.048828 0.048828
0 0.618493 0.630108 0.048828 0.048828
0 0.578249 0.629021 0.048828 0.048828
0 0.569548 0.598566 0.048828 0.048828
0 0.611967 0.582251 0.048828 0.048828
0 0.667438 0.580076 0.048828 0.048828
0 0.536918 0.620319 0.048828 0.048828
0 0.492324 0.648599 0.048828 0.048828
0 0.551058 0.706245 0.048828 0.048828
0 0.533655 0.673615 0.048828 0.048828
0 0.499937 0.705157 0.048828 0.048828
0 0.510814 0.748664 0.048828 0.048828
0 0.512989 0.786732 0.048828 0.048828
0 0.483622 0.771505 0.048828 0.048828
0 0.466220 0.796521 0.048828 0.048828
0 0.476009 0.840028 0.048828 0.048828
0 0.474921 0.894412 0.048828 0.048828
0 0.450992 0.865045 0.048828 0.048828
0 0.428151 0.817187 0.048828 0.048828
0 0.458606 0.750839 0.048828 0.048828
0 0.458606 0.697544 0.048828 0.048828
0 0.416187 0.713859 0.048828 0.048828
0 0.396609 0.734524 0.048828 0.048828
0 0.371593 0.787820 0.048828 0.048828
0 0.352015 0.731261 0.048828 0.048828
0 0.323735 0.725823 0.048828 0.048828
0 0.331349 0.768242 0.048828 0.048828
0 0.412924 0.848730 0.048828 0.048828
0 0.379206 0.834590 0.048828 0.048828
0 0.309596 0.820450 0.048828 0.048828
0 0.373768 0.879184 0.048828 0.048828
0 0.417275 0.892236 0.048828 0.048828
0 0.449905 0.934655 0.048828 0.048828
0 0.407486 0.960759 0.048828 0.048828
0 0.372680 0.913990 0.048828 0.048828
0 0.350927 0.937918 0.048828 0.048828
0 0.458606 0.972724 0.048828 0.048828
0 0.285667 0.980337 0.048828 0.048828
0 0.325911 0.903113 0.048828 0.048828
0 0.300894 0.885710 0.048828 0.048828
0 0.245423 0.916165 0.048828 0.048828
0 0.241073 0.878097 0.048828 0.048828
0 0.233459 0.840028 0.048828 0.048828
0 0.229108 0.784557 0.048828 0.048828
0 0.188865 0.821538 0.048828 0.048828
0 0.199741 0.861782 0.048828 0.048828
0 0.173637 0.897675 0.048828 0.048828
0 0.175813 0.920516 0.048828 0.048828
0 0.196478 0.947707 0.048828 0.048828
0 0.220407 0.946620 0.048828 0.048828
0 0.241073 0.977074 0.048828 0.048828
0 0.209530 0.975987 0.048828 0.048828
0 0.174725 0.982513 0.048828 0.048828
0 0.143183 0.973811 0.048828 0.048828
0 0.148621 0.937918 0.048828 0.048828
0 0.119254 0.927042 0.048828 0.048828
0 0.101851 0.948795 0.048828 0.048828
0 0.085536 0.995565 0.048828 0.048828
0 0.046380 0.967285 0.048828 0.048828
0 0.033328 0.924866 0.048828 0.048828
0 0.074660 0.919428 0.048828 0.048828
0 0.101851 0.891149 0.048828 0.048828
0 0.139920 0.886798 0.048828 0.048828
0 0.042030 0.883535 0.048828 0.048828
0 0.065958 0.878097 0.048828 0.048828
0 0.086624 0.859606 0.048828 0.048828
0 0.101851 0.834590 0.048828 0.048828
0 0.144270 0.838941 0.048828 0.048828
0 0.144270 0.799784 0.048828 0.048828
0 0.081186 0.801960 0.048828 0.048828
0 0.055082 0.829152 0.048828 0.048828
0 0.177988 0.773680 0.048828 0.048828
0 0.159498 0.733437 0.048828 0.048828
0 0.126868 0.710596 0.048828 0.048828
0 0.115991 0.672527 0.048828 0.048828
0 0.082273 0.692105 0.048828 0.048828
0 0.203004 0.730174 0.048828 0.048828
0 0.243248 0.735612 0.048828 0.048828
0 0.282404 0.709508 0.048828 0.048828
0 0.211706 0.691018 0.048828 0.048828
0 0.260651 0.662738 0.048828 0.048828
0 0.228021 0.637722 0.048828 0.048828
0 0.194303 0.624670 0.048828 0.048828
0 0.047468 0.663826 0.048828 0.048828
0 0.002874 0.757365 0.048828 0.048828
0 0.031153 0.586602 0.048828 0.048828
0 0.060520 0.617056 0.048828 0.048828
0 0.045293 0.534394 0.048828 0.048828
0 0.012663 0.490887 0.048828 0.048828
0 0.118166 0.555059 0.048828 0.048828
0 0.152972 0.445205 0.048828 0.048828
0 0.109465 0.447380 0.048828 0.048828
0 0.232371 0.573550 0.048828 0.048828
0 0.272615 0.584426 0.048828 0.048828
0 0.326998 0.582251 0.048828 0.048828
0 0.323735 0.625758 0.048828 0.048828
0 0.352015 0.623582 0.048828 0.048828
0 0.418362 0.631196 0.048828 0.048828
0 0.467307 0.612706 0.048828 0.048828
0 0.445554 0.575725 0.048828 0.048828
0 0.403135 0.569199 0.048828 0.048828
0 0.331349 0.527868 0.048828 0.048828
0 0.378119 0.536569 0.048828 0.048828
0 0.346576 0.481098 0.048828 0.048828
0 0.396609 0.497413 0.048828 0.048828
0 0.321560 0.439767 0.048828 0.048828
0 0.301982 0.398435 0.048828 0.048828
0 0.285667 0.496325 0.048828 0.048828
0 0.281316 0.454994 0.048828 0.048828
0 0.228021 0.422364 0.048828 0.048828
0 0.328086 0.399523 0.048828 0.048828
0 0.380294 0.384296 0.048828 0.048828
0 0.425976 0.360367 0.048828 0.048828
0 0.357453 0.352753 0.048828 0.048828
0 0.385732 0.325562 0.048828 0.048828
0 0.310683 0.338614 0.048828 0.048828
0 0.329174 0.304896 0.048828 0.048828
0 0.360716 0.267915 0.048828 0.048828
0 0.375943 0.230935 0.048828 0.048828
0 0.425976 0.249425 0.048828 0.048828
0 0.418362 0.193954 0.048828 0.048828
0 0.467307 0.221146 0.048828 0.048828
0 0.516252 0.225496 0.048828 0.048828
0 0.544532 0.259214 0.048828 0.048828
0 0.487973 0.280967 0.048828 0.048828
0 0.450992 0.315773 0.048828 0.048828
0 0.511902 0.340789 0.048828 0.048828
0 0.521691 0.294019 0.048828 0.048828
0 0.568460 0.305984 0.048828 0.048828
0 0.603266 0.284230 0.048828 0.048828
0 0.596740 0.245074 0.048828 0.048828
0 0.635896 0.276617 0.048828 0.048828
0 0.652211 0.252688 0.048828 0.048828
0 0.684841 0.249425 0.048828 0.048828
0 0.726172 0.252688 0.048828 0.048828
0 0.778380 0.223321 0.048828 0.048828
0 0.374856 0.438679 0.048828 0.048828
0 0.406398 0.471309 0.048828 0.048828
0 0.427064 0.440854 0.048828 0.048828
0 0.403135 0.411487 0.048828 0.048828
0 0.435765 0.399523 0.048828 0.048828
0 0.480359 0.382120 0.048828 0.048828
0 0.428151 0.522429 0.048828 0.048828
0 0.487973 0.494150 0.048828 0.048828
0 0.479272 0.550709 0.048828 0.048828
0 0.515165 0.568111 0.048828 0.048828
0 0.548882 0.567024 0.048828 0.048828
0 0.532567 0.533306 0.048828 0.048828
0 0.516252 0.452819 0.048828 0.048828
0 0.547795 0.481098 0.048828 0.048828
0 0.579337 0.536569 0.048828 0.048828
0 0.683753 0.551796 0.048828 0.048828
0 0.656562 0.532218 0.048828 0.048828
0 0.630457 0.521342 0.048828 0.048828
0 0.604353 0.500676 0.048828 0.048828
0 0.683753 0.499588 0.048828 0.048828
0 0.644597 0.478923 0.048828 0.048828
0 0.654386 0.439767 0.048828 0.048828
0 0.617405 0.448468 0.048828 0.048828
0 0.561934 0.445205 0.048828 0.048828
0 0.540181 0.400611 0.048828 0.048828
0 0.581512 0.410400 0.048828 0.048828
0 0.617405 0.410400 0.048828 0.048828
0 0.571723 0.354929 0.048828 0.048828
0 0.604353 0.361455 0.048828 0.048828
0 0.643509 0.369068 0.048828 0.048828
0 0.619581 0.331000 0.048828 0.048828
0 0.655474 0.299458 0.048828 0.048828
0 0.705507 0.286406 0.048828 0.048828
0 0.743575 0.506114 0.048828 0.048828
0 0.795783 0.499588 0.048828 0.048828
0 0.791432 0.468046 0.048828 0.048828
0 0.743575 0.452819 0.048828 0.048828
0 0.777293 0.421276 0.048828 0.048828
0 0.737049 0.397348 0.048828 0.048828
0 0.722909 0.360367 0.048828 0.048828
0 0.771854 0.374507 0.048828 0.048828
0 0.774030 0.337526 0.048828 0.048828
0 0.804484 0.323386 0.048828 0.048828
0 0.759890 0.285318 0.048828 0.048828
0 0.733786 0.315773 0.048828 0.048828
0 0.687016 0.334263 0.048828 0.048828
0 0.854517 0.449556 0.048828 0.048828
0 0.862131 0.158061 0.048828 0.048828
0 0.765328 0.154798 0.048828 0.048828
0 0.731611 0.190691 0.048828 0.048828
0 0.714208 0.147184 0.048828 0.048828
0 0.691367 0.172201 0.048828 0.048828
0 0.683753 0.213532 0.048828 0.048828
0 0.663088 0.179814 0.048828 0.048828
0 0.645685 0.116729 0.048828 0.048828
0 0.633720 0.216795 0.048828 0.048828
0 0.628282 0.164587 0.048828 0.048828
0 0.597827 0.185253 0.048828 0.048828
0 0.563022 0.227672 0.048828 0.048828
0 0.560847 0.184165 0.048828 0.048828
0 0.579337 0.139570 0.048828 0.048828
0 0.593477 0.078661 0.048828 0.048828
0 0.600003 0.035154 0.048828 0.048828
0 0.593477 0.005787 0.048828 0.048828
0 0.557584 0.059083 0.048828 0.048828
0 0.552145 0.103677 0.048828 0.048828
0 0.523866 0.146096 0.048828 0.048828
0 0.497762 0.170025 0.048828 0.048828
0 0.460781 0.174376 0.048828 0.048828
0 0.420538 0.155885 0.048828 0.048828
0 0.430327 0.111291 0.048828 0.048828
0 0.391171 0.098239 0.048828 0.048828
0 0.425976 0.078661 0.048828 0.048828
0 0.471658 0.074310 0.048828 0.048828
0 0.433590 0.044943 0.048828 0.048828
0 0.458606 0.037330 0.048828 0.048828
0 0.519515 0.025365 0.048828 0.048828
0 0.121429 0.002524 0.048828 0.048828
0 0.159498 0.002524 0.048828 0.048828
0 0.258475 0.038417 0.048828 0.048828
0 0.203004 0.027541 0.048828 0.048828
0 0.145358 0.043856 0.048828 0.048828
0 0.180163 0.059083 0.048828 0.048828
0 0.233459 0.078661 0.048828 0.048828
0 0.284579 0.073223 0.048828 0.048828
0 0.320472 0.079749 0.048828 0.048828
0 0.356365 0.151535 0.048828 0.048828
0 0.321560 0.135220 0.048828 0.048828
0 0.274790 0.126518 0.048828 0.048828
0 0.223670 0.111291 0.048828 0.048828
0 0.161673 0.089538 0.048828 0.048828
0 0.346576 0.192866 0.048828 0.048828
0 0.295456 0.166762 0.048828 0.048828
0 0.224758 0.159149 0.048828 0.048828
0 0.160585 0.137395 0.048828 0.048828
0 0.173637 0.180902 0.048828 0.048828
0 0.231284 0.208094 0.048828 0.048828
0 0.278053 0.212444 0.048828 0.048828
0 0.325911 0.234198 0.048828 0.048828
0 0.287842 0.259214 0.048828 0.048828
0 0.280229 0.295107 0.048828 0.048828
0 0.238897 0.247250 0.048828 0.048828
0 0.209530 0.265740 0.048828 0.048828
0 0.187777 0.339701 0.048828 0.048828
0 0.177988 0.299458 0.048828 0.048828
0 0.160585 0.271178 0.048828 0.048828
0 0.183426 0.234198 0.048828 0.048828
0 0.156235 0.217883 0.048828 0.048828
0 0.115991 0.248337 0.048828 0.048828
0 0.124692 0.312510 0.048828 0.048828
0 0.098588 0.207006 0.048828 0.048828
0 0.126868 0.172201 0.048828 0.048828
0 0.118166 0.126518 0.048828 0.048828
0 0.109465 0.073223 0.048828 0.048828
0 0.073572 0.115642 0.048828 0.048828
0 0.047468 0.081924 0.048828 0.048828
0 0.019189 0.102590 0.048828 0.048828
0 0.012663 0.025365 0.048828 0.048828
0 0.040942 0.174376 0.048828 0.048828
0 0.048556 0.253776 0.048828 0.048828
0 0.947534 0.943247 0.048828 0.048828
0 0.989691 0.943247 0.048828 0.048828
0 0.978194 0.889592 0.048828 0.048828
0 0.972445 0.853183 0.048828 0.048828
0 0.959031 0.799528 0.048828 0.048828
0 0.959031 0.743957 0.048828 0.048828
0 0.999272 0.719046 0.048828 0.048828
0 0.945617 0.699884 0.048828 0.048828
0 0.937952 0.648145 0.048828 0.048828
0 0.913041 0.617485 0.048828 0.048828
0 0.978194 0.607904 0.048828 0.048828
0 0.939869 0.571495 0.048828 0.048828
0 0.918790 0.537003 0.048828 0.048828
0 0.903460 0.445023 0.048828 0.048828
0 0.934120 0.446939 0.048828 0.048828
0 0.962864 0.494845 0.048828 0.048828
0 0.960082 0.984657 0.048828 0.048828
0 0.948564 0.405896 0.048828 0.048828
0 0.902494 0.365585 0.048828 0.048828
0 0.837707 0.310876 0.048828 0.048828
0 0.860743 0.286401 0.048828 0.048828
0 0.896735 0.238891 0.048828 0.048828
0 0.811793 0.236011 0.048828 0.048828
0 0.842026 0.212976 0.048828 0.048828
0 0.906813 0.166906 0.048828 0.048828
0 0.941366 0.269125 0.048828 0.048828
0 0.971600 0.346869 0.048828 0.048828
0 0.988876 0.297919 0.048828 0.048828
0 0.739808 0.080524 0.048828 0.048828
0 0.258947 0.346869 0.048828 0.048828
0 0.231593 0.367024 0.048828 0.048828
0 0.178324 0.388620 0.048828 0.048828
0 0.145210 0.415974 0.048828 0.048828
0 0.127934 0.346869 0.048828 0.048828
0 0.063147 0.341110 0.048828 0.048828
0 0.001240 0.325273 0.048828 0.048828
0 0.074665 0.431811 0.048828 0.048828
0 0.070346 0.467804 0.048828 0.048828
0 0.006999 0.385741 0.048828 0.048828
0 0.005559 0.898275 0.048828 0.048828
0 0.052906 0.776943 0.048828 0.048828
0 0.080098 0.760628 0.048828 0.048828
0 0.032241 0.724735 0.048828 0.048828
0 0.105114 0.732349 0.048828 0.048828
0 0.125780 0.767154 0.048828 0.048828
0 0.176900 0.704070 0.048828 0.048828
0 0.169287 0.661651 0.048828 0.048828
0 0.131218 0.642073 0.048828 0.048828
0 0.092062 0.639897 0.048828 0.048828
0 0.011575 0.640985 0.048828 0.048828
0 0.072484 0.534394 0.048828 0.048828
0 0.092062 0.580076 0.048828 0.048828
0 0.164936 0.569199 0.048828 0.048828
0 0.159498 0.512640 0.048828 0.048828
0 0.309596 0.029716 0.048828 0.048828