0 0.970060 0.521408 0.048828 0.048828
0 0.922684 0.525052 0.048828 0.048828
0 0.878951 0.525052 0.048828 0.048828
0 0.831575 0.526874 0.048828 0.048828
0 0.789664 0.528696 0.048828 0.048828
0 0.549137 0.474031 0.048828 0.048828
0 0.286743 0.610694 0.048828 0.048828
0 0.769621 0.716381 0.048828 0.048828
0 0.115458 0.359234 0.048828 0.048828
0 0.148257 0.371989 0.048828 0.048828
0 0.184701 0.359234 0.048828 0.048828
0 0.745932 0.805668 0.048828 0.048828
0 0.700378 0.811134 0.048828 0.048828
0 0.716777 0.840289 0.048828 0.048828
0 0.744110 0.913176 0.048828 0.048828
0 0.705844 0.913176 0.048828 0.048828
0 0.541848 0.874910 0.048828 0.048828
0 0.496294 0.869444 0.048828 0.048828
0 0.352341 0.911354 0.048828 0.048828
0 0.350519 0.951442 0.048828 0.048828
0 0.385141 0.951442 0.048828 0.048828
0 0.343230 0.581540 0.048828 0.048828
0 0.397896 0.561496 0.048828 0.048828
0 0.902640 0.947798 0.048828 0.048828
0 0.880773 0.869444 0.048828 0.048828
0 0.798775 0.822067 0.048828 0.048828
0 0.753221 0.843933 0.048828 0.048828
0 0.519982 0.798379 0.048828 0.048828
0 0.614735 0.730958 0.048828 0.048828
0 0.445273 0.874910 0.048828 0.048828
0 0.594691 0.947798 0.048828 0.048828
0 0.421584 0.909532 0.048828 0.048828
0 0.317720 0.935042 0.048828 0.048828
0 0.040749 0.361056 0.048828 0.048828
0 0.201100 0.317324 0.048828 0.048828
0 0.598336 0.847578 0.048828 0.048828