0 0.973555 0.008322 0.048828 0.048828
0 0.710864 0.025324 0.048828 0.048828
0 0.754221 0.033826 0.048828 0.048828
0 0.664957 0.018523 0.048828 0.048828
0 0.761022 0.077182 0.048828 0.048828
0 0.710014 0.055079 0.048828 0.048828
0 0.709164 0.079733 0.048828 0.048828
0 0.675159 0.061030 0.048828 0.048828
0 0.630102 0.056779 0.048828 0.048828
0 0.670058 0.109487 0.048828 0.048828
0 0.341908 0.038926 0.048828 0.048828
0 0.369112 0.051678 0.048828 0.048828
0 0.344458 0.091634 0.048828 0.048828
0 0.359761 0.117138 0.048828 0.048828
0 0.336807 0.140942 0.048828 0.048828
0 0.363161 0.147743 0.048828 0.048828
0 0.379314 0.182598 0.048828 0.048828
0 0.411619 0.161345 0.048828 0.048828
0 0.390365 0.113738 0.048828 0.048828
0 0.439673 0.116288 0.048828 0.048828
0 0.490681 0.112038 0.048828 0.048828
0 0.481329 0.139242 0.048828 0.048828
0 0.483880 0.174097 0.048828 0.048828
0 0.536588 0.156244 0.048828 0.048828
0 0.566342 0.083983 0.048828 0.048828
0 0.511934 0.085684 0.048828 0.048828
0 0.588446 0.147743 0.048828 0.048828
0 0.545089 0.200451 0.048828 0.048828
0 0.468577 0.232756 0.048828 0.048828
0 0.422670 0.216604 0.048828 0.048828
0 0.377613 0.245508 0.048828 0.048828
0 0.528086 0.246358 0.048828 0.048828
0 0.519585 0.280363 0.048828 0.048828
0 0.552740 0.274412 0.048828 0.048828
0 0.576544 0.238707 0.048828 0.048828
0 0.497482 0.334772 0.048828 0.048828
0 0.542539 0.342423 0.048828 0.048828
0 0.600347 0.317769 0.048828 0.048828
0 0.637753 0.272712 0.048828 0.048828
0 0.654756 0.236157 0.048828 0.048828
0 0.684510 0.241257 0.048828 0.048828
0 0.725317 0.265061 0.048828 0.048828
0 0.671758 0.288014 0.048828 0.048828
0 0.783125 0.251459 0.048828 0.048828
0 0.751671 0.301617 0.048828 0.048828
0 0.727017 0.315219 0.048828 0.048828
0 0.698112 0.313518 0.048828 0.048828
0 0.728717 0.352624 0.048828 0.048828
0 0.767823 0.378128 0.048828 0.048828
0 0.678559 0.358575 0.048828 0.048828
0 0.636903 0.374728 0.048828 0.048828
0 0.590996 0.367077 0.048828 0.048828
0 0.537438 0.384929 0.048828 0.048828
0 0.494081 0.397681 0.048828 0.048828
0 0.613950 0.189399 0.048828 0.048828
0 0.647105 0.159645 0.048828 0.048828
0 0.688761 0.153694 0.048828 0.048828
0 0.722766 0.117988 0.048828 0.048828
0 0.754221 0.120539 0.048828 0.048828
0 0.786526 0.119689 0.048828 0.048828
0 0.817131 0.106937 0.048828 0.048828
0 0.809479 0.065280 0.048828 0.048828
0 0.817131 0.027025 0.048828 0.048828
0 0.861337 0.034676 0.048828 0.048828
0 0.842634 0.087384 0.048828 0.048828
0 0.882591 0.095035 0.048828 0.048828
0 0.885991 0.059330 0.048828 0.048828
0 0.896193 0.025324 0.048828 0.048828
0 0.940399 0.066981 0.048828 0.048828
0 0.975255 0.066131 0.048828 0.048828
0 0.995658 0.120539 0.048828 0.048828
0 0.979505 0.147743 0.048828 0.048828
0 0.946350 0.167296 0.048828 0.048828
0 0.948901 0.188549 0.048828 0.048828
0 0.904694 0.147743 0.048828 0.048828
0 0.834983 0.153694 0.048828 0.048828
0 0.855386 0.231906 0.048828 0.048828
0 0.934449 0.234456 0.048828 0.048828
0 0.936149 0.272712 0.048828 0.048828
0 0.951451 0.294816 0.048828 0.048828
0 0.987157 0.299916 0.048828 0.048828
0 0.910645 0.293965 0.048828 0.048828
0 0.911495 0.328821 0.048828 0.048828
0 0.868138 0.333071 0.048828 0.048828
0 0.846885 0.297366 0.048828 0.048828
0 0.797578 0.294816 0.048828 0.048828
0 0.826482 0.261660 0.048828 0.048828
0 0.815430 0.192800 0.048828 0.048828
0 0.792477 0.176647 0.048828 0.048828
0 0.763572 0.196200 0.048828 0.048828
0 0.760172 0.162195 0.048828 0.048828
0 0.718516 0.151144 0.048828 0.048828
0 0.619050 0.403632 0.048828 0.048828
0 0.451575 0.448689 0.048828 0.048828
0 0.475378 0.456340 0.048828 0.048828
0 0.512784 0.435087 0.048828 0.048828
0 0.559541 0.424035 0.048828 0.048828
0 0.466877 0.537103 0.048828 0.048828
0 0.512784 0.493746 0.048828 0.048828
0 0.573143 0.473343 0.048828 0.048828
0 0.624151 0.469942 0.048828 0.048828
0 0.671758 0.480144 0.048828 0.048828
0 0.679410 0.428286 0.048828 0.048828
0 0.735518 0.437637 0.048828 0.048828
0 0.741469 0.480144 0.048828 0.048828
0 0.792477 0.408733 0.048828 0.048828
0 0.821381 0.454640 0.048828 0.048828
0 0.697262 0.538803 0.048828 0.048828
0 0.661557 0.542203 0.048828 0.048828
0 0.629252 0.523500 0.048828 0.048828
0 0.565492 0.537953 0.048828 0.048828
0 0.508533 0.560056 0.048828 0.048828
0 0.463477 0.576209 0.048828 0.048828
0 0.439673 0.615315 0.048828 0.048828
0 0.415869 0.570258 0.048828 0.048828
0 0.405668 0.612764 0.048828 0.048828
0 0.352960 0.618715 0.048828 0.048828
0 0.422670 0.667172 0.048828 0.048828
0 0.423520 0.711379 0.048828 0.048828
0 0.447324 0.686725 0.048828 0.048828
0 0.489831 0.643369 0.048828 0.048828
0 0.465177 0.724131 0.048828 0.048828
0 0.500882 0.724131 0.048828 0.048828
0 0.471978 0.755586 0.048828 0.048828
0 0.467727 0.825297 0.048828 0.048828
0 0.548490 0.713079 0.048828 0.048828
0 0.524686 0.696927 0.048828 0.048828
0 0.511084 0.673123 0.048828 0.048828
0 0.556991 0.655271 0.048828 0.048828
0 0.526386 0.635718 0.048828 0.048828
0 0.539988 0.595762 0.048828 0.048828
0 0.568042 0.576209 0.048828 0.048828
0 0.609699 0.628066 0.048828 0.048828
0 0.643704 0.605963 0.048828 0.048828
0 0.701513 0.579609 0.048828 0.048828
0 0.708314 0.632317 0.048828 0.048828
0 0.676859 0.654420 0.048828 0.048828
0 0.596097 0.674824 0.048828 0.048828
0 0.590996 0.710529 0.048828 0.048828
0 0.650505 0.711379 0.048828 0.048828
0 0.686211 0.711379 0.048828 0.048828
0 0.721066 0.666322 0.048828 0.048828
0 0.778025 0.664622 0.048828 0.048828
0 0.782275 0.606813 0.048828 0.048828
0 0.809479 0.572808 0.048828 0.048828
0 0.881740 0.570258 0.048828 0.048828
0 0.934449 0.532002 0.048828 0.048828
0 0.992257 0.509898 0.048828 0.048828
0 0.997358 0.569407 0.048828 0.048828
0 0.994808 0.600012 0.048828 0.048828
0 0.932748 0.607663 0.048828 0.048828
0 0.893642 0.617015 0.048828 0.048828
0 0.873239 0.656121 0.048828 0.048828
0 0.840084 0.617865 0.048828 0.048828
0 0.823932 0.692676 0.048828 0.048828
0 0.749970 0.712229 0.048828 0.048828
0 0.564642 0.744534 0.048828 0.048828
0 0.611399 0.745384 0.048828 0.048828
0 0.664107 0.750485 0.048828 0.048828
0 0.655606 0.778539 0.048828 0.048828
0 0.637753 0.811695 0.048828 0.048828
0 0.604598 0.807444 0.048828 0.048828
0 0.590146 0.772589 0.048828 0.048828
0 0.519585 0.768338 0.048828 0.048828
0 0.521285 0.809144 0.048828 0.048828
0 0.548490 0.821896 0.048828 0.048828
0 0.532337 0.861852 0.048828 0.048828
0 0.500882 0.870354 0.048828 0.048828
0 0.469427 0.872904 0.048828 0.048828
0 0.440523 0.870354 0.048828 0.048828
0 0.442223 0.910310 0.048828 0.048828
0 0.493231 0.905209 0.048828 0.048828
0 0.449024 0.954516 0.048828 0.048828
0 0.494081 0.946865 0.048828 0.048828
0 0.472828 0.995323 0.048828 0.048828
0 0.571443 0.980020 0.048828 0.048828
0 0.539138 0.901808 0.048828 0.048828
0 0.566342 0.885656 0.048828 0.048828
0 0.607999 0.857602 0.048828 0.048828
0 0.585895 0.920511 0.048828 0.048828
0 0.619050 0.912010 0.048828 0.048828
0 0.677709 0.935814 0.048828 0.048828
0 0.695562 0.969819 0.048828 0.048828
0 0.732968 0.999573 0.048828 0.048828
0 0.750820 0.968118 0.048828 0.048828
0 0.786526 0.970669 0.048828 0.048828
0 0.804379 0.958767 0.048828 0.048828
0 0.829032 0.948565 0.048828 0.048828
0 0.851986 0.915410 0.048828 0.048828
0 0.823932 0.890757 0.048828 0.048828
0 0.812030 0.872054 0.048828 0.048828
0 0.789926 0.926462 0.048828 0.048828
0 0.761022 0.878005 0.048828 0.048828
0 0.735518 0.872054 0.048828 0.048828
0 0.757621 0.838049 0.048828 0.048828
0 0.768673 0.796392 0.048828 0.048828
0 0.737218 0.798943 0.048828 0.048828
0 0.766123 0.756436 0.048828 0.048828
0 0.727867 0.770038 0.048828 0.048828
0 0.688761 0.791291 0.048828 0.048828
0 0.721066 0.839749 0.048828 0.048828
0 0.648805 0.871204 0.048828 0.048828
0 0.689611 0.897558 0.048828 0.048828
0 0.734668 0.917961 0.048828 0.048828
0 0.879190 0.998723 0.048828 0.048828
0 0.863888 0.952816 0.048828 0.048828
0 0.902994 0.943465 0.048828 0.048828
0 0.908094 0.915410 0.048828 0.048828
0 0.996508 0.900108 0.048828 0.048828
0 0.969304 0.868653 0.048828 0.048828
0 0.987157 0.707979 0.048828 0.048828
0 0.954852 0.702878 0.048828 0.048828
0 0.915746 0.689276 0.048828 0.048828
0 0.879190 0.718180 0.048828 0.048828
0 0.885141 0.747085 0.048828 0.048828
0 0.853686 0.775989 0.048828 0.048828
0 0.883441 0.794692 0.048828 0.048828
0 0.922547 0.785341 0.048828 0.048828
0 0.967604 0.785341 0.048828 0.048828
0 0.868989 0.826997 0.048828 0.048828
0 0.867288 0.855051 0.048828 0.048828
0 0.807779 0.823596 0.048828 0.048828
0 0.806079 0.773439 0.048828 0.048828
0 0.813730 0.737733 0.048828 0.048828
0 0.975168 0.739795 0.048828 0.048828
0 0.339565 0.960237 0.048828 0.048828
0 0.335458 0.752128 0.048828 0.048828
0 0.306706 0.650811 0.048828 0.048828
0 0.972109 0.437225 0.048828 0.048828
0 0.948834 0.357814 0.048828 0.048828
0 0.910498 0.390674 0.048828 0.048828
0 0.844779 0.357814 0.048828 0.048828
0 0.844779 0.408473 0.048828 0.048828
0 0.879007 0.435856 0.048828 0.048828
0 0.880376 0.533065 0.048828 0.048828
0 0.850255 0.501574 0.048828 0.048828
0 0.814658 0.508420 0.048828 0.048828
0 0.991277 0.194886 0.048828 0.048828
0 0.294054 0.060596 0.048828 0.048828
0 0.279653 0.119230 0.048828 0.048828
0 0.286854 0.350678 0.048828 0.048828
0 0.304341 0.396967 0.048828 0.048828
0 0.345487 0.408282 0.048828 0.048828
0 0.398977 0.335248 0.048828 0.048828
0 0.350630 0.672647 0.048828 0.048828
0 0.326971 0.904095 0.048828 0.048828
0 0.357831 0.908210 0.048828 0.048828
0 0.394863 0.903067 0.048828 0.048828
0 0.394863 0.961700 0.048828 0.048828
0 0.979198 0.988692 0.048828 0.048828