0 0.490341 0.964278 0.048828 0.048828
0 0.472452 0.929877 0.048828 0.048828
0 0.539878 0.940885 0.048828 0.048828
0 0.502566 0.843482 0.048828 0.048828
0 0.477547 0.885559 0.048828 0.048828
0 0.452528 0.843482 0.048828 0.048828
0 0.415000 0.863952 0.048828 0.048828
0 0.411588 0.818463 0.048828 0.048828
0 0.436607 0.799130 0.048828 0.048828
0 0.401353 0.769562 0.048828 0.048828
0 0.434333 0.749092 0.048828 0.048828
0 0.474135 0.693368 0.048828 0.048828
0 0.503703 0.671761 0.048828 0.048828
0 0.491194 0.636507 0.048828 0.048828
0 0.515075 0.617175 0.048828 0.048828
0 0.445705 0.617175 0.048828 0.048828
0 0.554878 0.639919 0.048828 0.048828
0 0.584446 0.620586 0.048828 0.048828
0 0.548055 0.589881 0.048828 0.048828
0 0.577623 0.570548 0.048828 0.048828
0 0.566250 0.546667 0.048828 0.048828
0 0.530996 0.552353 0.048828 0.048828
0 0.435470 0.666075 0.048828 0.048828
0 0.429784 0.711564 0.048828 0.048828
0 0.391118 0.732034 0.048828 0.048828
0 0.358139 0.701329 0.048828 0.048828
0 0.370648 0.667212 0.048828 0.048828
0 0.333120 0.655840 0.048828 0.048828
0 0.391118 0.628547 0.048828 0.048828
0 0.350178 0.605802 0.048828 0.048828
0 0.388844 0.587607 0.048828 0.048828
0 0.447979 0.583058 0.048828 0.048828
0 0.495743 0.576235 0.048828 0.048828
0 0.452528 0.548941 0.048828 0.048828
0 0.417274 0.554627 0.048828 0.048828
0 0.349041 0.576235 0.048828 0.048828
0 0.338806 0.538706 0.048828 0.048828
0 0.312650 0.567137 0.048828 0.048828
0 0.284219 0.531883 0.048828 0.048828
0 0.289905 0.619449 0.048828 0.048828
0 0.268298 0.571686 0.048828 0.048828
0 0.228495 0.578509 0.048828 0.048828
0 0.230770 0.631958 0.048828 0.048828
0 0.196653 0.601253 0.048828 0.048828
0 0.278533 0.649017 0.048828 0.048828
0 0.314924 0.711564 0.048828 0.048828
0 0.336531 0.744543 0.048828 0.048828
0 0.351315 0.812777 0.048828 0.048828
0 0.388844 0.846893 0.048828 0.048828
0 0.354727 0.868501 0.048828 0.048828
0 0.374060 0.896931 0.048828 0.048828
0 0.426372 0.896931 0.048828 0.048828
0 0.420686 0.950381 0.048828 0.048828
0 0.383158 0.921950 0.048828 0.048828
0 0.402490 0.975400 0.048828 0.048828
0 0.355864 0.956067 0.048828 0.048828
0 0.336531 0.992458 0.048828 0.048828
0 0.186418 0.981086 0.048828 0.048828
0 0.221672 0.983360 0.048828 0.048828
0 0.286494 0.979949 0.048828 0.048828
0 0.247828 0.950381 0.048828 0.048828
0 0.316061 0.954930 0.048828 0.048828
0 0.278533 0.931048 0.048828 0.048828
0 0.336531 0.915127 0.048828 0.048828
0 0.305826 0.861677 0.048828 0.048828
0 0.276259 0.873050 0.048828 0.048828
0 0.247828 0.899206 0.048828 0.048828
0 0.203476 0.945832 0.048828 0.048828
0 0.183006 0.902617 0.048828 0.048828
0 0.152301 0.960616 0.048828 0.048828
0 0.152301 0.870775 0.048828 0.048828
0 0.201202 0.870775 0.048828 0.048828
0 0.233044 0.858266 0.048828 0.048828
0 0.214849 0.828698 0.048828 0.048828
0 0.252377 0.826423 0.048828 0.048828
0 0.297866 0.826423 0.048828 0.048828
0 0.304689 0.788895 0.048828 0.048828
0 0.264886 0.788895 0.048828 0.048828
0 0.277396 0.749092 0.048828 0.048828
0 0.245554 0.749092 0.048828 0.048828
0 0.254651 0.697917 0.048828 0.048828
0 0.226221 0.661526 0.048828 0.048828
0 0.222809 0.702466 0.048828 0.048828
0 0.209162 0.775248 0.048828 0.048828
0 0.181869 0.741132 0.048828 0.048828
0 0.192104 0.689957 0.048828 0.048828
0 0.170497 0.649017 0.048828 0.048828
0 0.132969 0.645605 0.048828 0.048828
0 0.120459 0.679722 0.048828 0.048828
0 0.152301 0.701329 0.048828 0.048828
0 0.131831 0.727485 0.048828 0.048828
0 0.147752 0.779797 0.048828 0.048828
0 0.157987 0.819600 0.048828 0.048828
0 0.112499 0.811640 0.048828 0.048828
0 0.110224 0.762739 0.048828 0.048828
0 0.076107 0.725211 0.048828 0.048828
0 0.063598 0.669487 0.048828 0.048828
0 0.079519 0.639919 0.048828 0.048828
0 0.123871 0.589881 0.048828 0.048828
0 0.168222 0.562588 0.048828 0.048828
0 0.192104 0.542118 0.048828 0.048828
0 0.237593 0.526197 0.048828 0.048828
0 0.177320 0.500041 0.048828 0.048828
0 0.142066 0.515962 0.048828 0.048828
0 0.111361 0.547804 0.048828 0.048828
0 0.074970 0.570548 0.048828 0.048828
0 0.061324 0.608077 0.048828 0.048828
0 0.021521 0.609214 0.048828 0.048828
0 0.020384 0.643331 0.048828 0.048828
0 0.006737 0.674036 0.048828 0.048828
0 0.007874 0.716113 0.048828 0.048828
0 0.044265 0.763876 0.048828 0.048828
0 0.002188 0.768425 0.048828 0.048828
0 0.062461 0.803679 0.048828 0.048828
0 0.094303 0.843482 0.048828 0.048828
0 0.114773 0.886696 0.048828 0.048828
0 0.118185 0.940146 0.048828 0.048828
0 0.109087 0.969714 0.048828 0.048828
0 0.074970 0.934460 0.048828 0.048828
0 0.067010 0.887834 0.048828 0.048828
0 0.039716 0.853717 0.048828 0.048828
0 0.021521 0.811640 0.048828 0.048828
0 0.015835 0.891245 0.048828 0.048828
0 0.020384 0.939009 0.048828 0.048828
0 0.012423 0.993595 0.048828 0.048828
0 0.054500 0.969714 0.048828 0.048828
0 0.067010 0.998144 0.048828 0.048828
0 0.009001 0.374913 0.048828 0.048828
0 0.033899 0.338698 0.048828 0.048828
0 0.042953 0.287771 0.048828 0.048828
0 0.018055 0.244766 0.048828 0.048828
0 0.027109 0.188180 0.048828 0.048828
0 0.063323 0.197234 0.048828 0.048828
0 0.062192 0.240239 0.048828 0.048828
0 0.101802 0.236844 0.048828 0.048828
0 0.095011 0.287771 0.048828 0.048828
0 0.116514 0.312668 0.048828 0.048828
0 0.093880 0.356805 0.048828 0.048828
0 0.096143 0.391888 0.048828 0.048828
0 0.050875 0.424708 0.048828 0.048828
0 0.102933 0.421313 0.048828 0.048828
0 0.114250 0.459791 0.048828 0.048828
0 0.151597 0.466581 0.048828 0.048828
0 0.104065 0.496006 0.048828 0.048828
0 0.073509 0.523167 0.048828 0.048828
0 0.061060 0.488084 0.048828 0.048828
0 0.010133 0.439420 0.048828 0.048828
0 0.050875 0.554855 0.048828 0.048828
0 0.012396 0.562777 0.048828 0.048828
0 0.002211 0.519772 0.048828 0.048828
0 0.140280 0.363595 0.048828 0.048828
0 0.175363 0.387361 0.048828 0.048828
0 0.142543 0.412259 0.048828 0.048828
0 0.164046 0.436025 0.048828 0.048828
0 0.204787 0.437157 0.048828 0.048828
0 0.221763 0.481294 0.048828 0.048828
0 0.253451 0.488084 0.048828 0.048828
0 0.262505 0.451869 0.048828 0.048828
0 0.236475 0.406601 0.048828 0.048828
0 0.286271 0.425840 0.048828 0.048828
0 0.307773 0.449606 0.048828 0.048828
0 0.323617 0.489216 0.048828 0.048828
0 0.356437 0.502796 0.048828 0.048828
0 0.403969 0.512981 0.048828 0.048828
0 0.382466 0.473372 0.048828 0.048828
0 0.446974 0.515245 0.048828 0.048828
0 0.354173 0.426971 0.048828 0.048828
0 0.304378 0.398679 0.048828 0.048828
0 0.269295 0.373781 0.048828 0.048828
0 0.281744 0.337566 0.048828 0.048828
0 0.225158 0.372649 0.048828 0.048828
0 0.217236 0.338698 0.048828 0.048828
0 0.181022 0.343225 0.048828 0.048828
0 0.225158 0.297956 0.048828 0.048828
0 0.185548 0.261741 0.048828 0.048828
0 0.152729 0.301351 0.048828 0.048828
0 0.151597 0.267400 0.048828 0.048828
0 0.169704 0.211946 0.048828 0.048828
0 0.213841 0.218736 0.048828 0.048828
0 0.239871 0.208551 0.048828 0.048828
0 0.259110 0.247029 0.048828 0.048828
0 0.281744 0.282112 0.048828 0.048828
0 0.216105 0.170073 0.048828 0.048828
0 0.185548 0.133858 0.048828 0.048828
0 0.140280 0.125936 0.048828 0.048828
0 0.162914 0.103302 0.048828 0.048828
0 0.116514 0.199497 0.048828 0.048828
0 0.093880 0.150834 0.048828 0.048828
0 0.044084 0.149702 0.048828 0.048828
0 0.097275 0.102170 0.048828 0.048828
0 0.048611 0.097643 0.048828 0.048828
0 0.039557 0.041057 0.048828 0.048828
0 0.082563 0.048979 0.048828 0.048828
0 0.127831 0.059165 0.048828 0.048828
0 0.179890 0.059165 0.048828 0.048828
0 0.217236 0.112355 0.048828 0.048828
0 0.264768 0.113487 0.048828 0.048828
0 0.238739 0.067087 0.048828 0.048828
0 0.202524 0.021818 0.048828 0.048828
0 0.161782 0.017292 0.048828 0.048828
0 0.048611 0.003711 0.048828 0.048828
0 0.253451 0.017292 0.048828 0.048828
0 0.296456 0.001448 0.048828 0.048828
0 0.304378 0.053506 0.048828 0.048828
0 0.364359 0.030872 0.048828 0.048828
0 0.411891 0.021818 0.048828 0.048828
0 0.437920 0.060297 0.048828 0.048828
0 0.397179 0.068219 0.048828 0.048828
0 0.362095 0.072745 0.048828 0.048828
0 0.330408 0.081799 0.048828 0.048828
0 0.306642 0.101038 0.048828 0.048828
0 0.299851 0.142912 0.048828 0.048828
0 0.340593 0.145175 0.048828 0.048828
0 0.364359 0.112355 0.048828 0.048828
0 0.390388 0.147438 0.048828 0.048828
0 0.428866 0.131594 0.048828 0.048828
0 0.445842 0.093116 0.048828 0.048828
0 0.477530 0.101038 0.048828 0.048828
0 0.513745 0.122541 0.048828 0.048828
0 0.536379 0.158756 0.048828 0.048828
0 0.491111 0.164414 0.048828 0.048828
0 0.485452 0.200629 0.048828 0.048828
0 0.450369 0.204024 0.048828 0.048828
0 0.431130 0.162151 0.048828 0.048828
0 0.400574 0.215341 0.048828 0.048828
0 0.374544 0.187048 0.048828 0.048828
0 0.340593 0.194970 0.048828 0.048828
0 0.295324 0.185917 0.048828 0.048828
0 0.299851 0.233449 0.048828 0.048828
0 0.339461 0.234580 0.048828 0.048828
0 0.329276 0.273059 0.048828 0.048828
0 0.327012 0.319459 0.048828 0.048828
0 0.339461 0.364727 0.048828 0.048828
0 0.375676 0.398679 0.048828 0.048828
0 0.406232 0.441684 0.048828 0.048828
0 0.439052 0.463186 0.048828 0.048828
0 0.476398 0.494874 0.048828 0.048828
0 0.562409 0.510718 0.048828 0.048828
0 0.527325 0.509586 0.048828 0.048828
0 0.540906 0.474503 0.048828 0.048828
0 0.502428 0.467713 0.048828 0.048828
0 0.467345 0.438288 0.048828 0.048828
0 0.496769 0.421313 0.048828 0.048828
0 0.519403 0.395283 0.048828 0.048828
0 0.493374 0.363595 0.048828 0.048828
0 0.450369 0.368122 0.048828 0.048828
0 0.442447 0.414523 0.048828 0.048828
0 0.408496 0.371517 0.048828 0.048828
0 0.426603 0.337566 0.048828 0.048828
0 0.379071 0.342093 0.048828 0.048828
0 0.402837 0.307010 0.048828 0.048828
0 0.366622 0.301351 0.048828 0.048828
0 0.383598 0.269663 0.048828 0.048828
0 0.431130 0.286639 0.048828 0.048828
0 0.462818 0.247029 0.048828 0.048828
0 0.473003 0.286639 0.048828 0.048828
0 0.531852 0.262873 0.048828 0.048828
0 0.505823 0.277585 0.048828 0.048828
0 0.525062 0.305878 0.048828 0.048828
0 0.471872 0.335303 0.048828 0.048828
0 0.528457 0.339830 0.048828 0.048828
0 0.556750 0.357937 0.048828 0.048828
0 0.623521 0.503928 0.048828 0.048828
0 0.588438 0.484689 0.048828 0.048828
0 0.559013 0.426971 0.048828 0.048828
0 0.587306 0.413391 0.048828 0.048828
0 0.616731 0.448474 0.048828 0.048828
0 0.651814 0.432630 0.048828 0.048828
0 0.740087 0.463186 0.048828 0.048828
0 0.749141 0.413391 0.048828 0.048828
0 0.681238 0.398679 0.048828 0.048828
0 0.703873 0.376044 0.048828 0.048828
0 0.736692 0.369254 0.048828 0.048828
0 0.787619 0.391888 0.048828 0.048828
0 0.626916 0.381703 0.048828 0.048828
0 0.603150 0.327381 0.048828 0.048828
0 0.578253 0.290034 0.048828 0.048828
0 0.574343 0.233140 0.048828 0.048828
0 0.558911 0.200217 0.048828 0.048828
0 0.569199 0.163180 0.048828 0.048828
0 0.589775 0.149805 0.048828 0.048828
0 0.613438 0.206390 0.048828 0.048828
0 0.650476 0.235198 0.048828 0.048828
0 0.638130 0.171410 0.048828 0.048828
0 0.677226 0.202275 0.048828 0.048828
0 0.672082 0.161122 0.048828 0.048828
0 0.628871 0.133343 0.048828 0.048828
0 0.542449 0.106594 0.048828 0.048828
0 0.543478 0.072643 0.048828 0.048828
0 0.506440 0.067498 0.048828 0.048828
0 0.580516 0.071614 0.048828 0.048828
0 0.556853 0.027374 0.048828 0.048828
0 0.605208 0.042807 0.048828 0.048828
0 0.589775 0.107623 0.048828 0.048828
0 0.624756 0.088075 0.048828 0.048828
0 0.661793 0.110709 0.048828 0.048828
0 0.707062 0.129228 0.048828 0.048828
0 0.718379 0.175525 0.048828 0.048828
0 0.755417 0.210506 0.048828 0.048828
0 0.786282 0.219765 0.048828 0.048828
0 0.813031 0.186843 0.048828 0.048828
0 0.846983 0.220794 0.048828 0.048828
0 0.885049 0.219765 0.048828 0.048828
0 0.766734 0.172439 0.048828 0.048828
0 0.791426 0.143632 0.048828 0.048828
0 0.754388 0.104536 0.048828 0.048828
0 0.728667 0.087046 0.048828 0.048828
0 0.718379 0.040749 0.048828 0.048828
0 0.694716 0.064412 0.048828 0.048828
0 0.653563 0.044864 0.048828 0.048828
0 0.492037 0.022230 0.048828 0.048828
0 0.454999 0.016057 0.048828 0.048828
0 0.710148 0.002682 0.048828 0.048828
0 0.771878 0.040749 0.048828 0.048828
0 0.774965 0.000625 0.048828 0.048828
0 0.818175 0.042807 0.048828 0.048828
0 0.798628 0.075729 0.048828 0.048828
0 0.812003 0.118940 0.048828 0.048828
0 0.843896 0.114825 0.048828 0.048828
0 0.845954 0.160093 0.048828 0.048828
0 0.879905 0.127171 0.048828 0.048828
0 0.886078 0.195073 0.048828 0.048828
0 0.904597 0.150834 0.048828 0.048828
0 0.916943 0.191987 0.048828 0.048828
0 0.951923 0.128199 0.048828 0.048828
0 0.934433 0.101450 0.048828 0.048828
0 0.903568 0.106594 0.048828 0.048828
0 0.915914 0.066470 0.048828 0.048828
0 0.879905 0.091161 0.048828 0.048828
0 0.882992 0.058239 0.048828 0.048828
0 0.866530 0.028403 0.048828 0.048828
0 0.857271 0.066470 0.048828 0.048828
0 0.839781 0.009884 0.048828 0.048828
0 0.892251 0.012970 0.048828 0.048828
0 0.922087 0.031489 0.048828 0.048828
0 0.960154 0.077787 0.048828 0.048828
0 0.936491 0.004740 0.048828 0.048828
0 0.984846 0.114825 0.048828 0.048828
0 0.994105 0.068527 0.048828 0.048828
0 0.981759 0.031489 0.048828 0.048828
0 0.976615 0.002682 0.048828 0.048828