0 0.817997 0.894197 0.048828 0.048828
0 0.868101 0.888233 0.048828 0.048828
0 0.442215 0.279823 0.048828 0.048828
0 0.483968 0.260736 0.048828 0.048828
0 0.530494 0.238070 0.048828 0.048828
0 0.518564 0.374067 0.048828 0.048828
0 0.485161 0.368102 0.048828 0.048828
0 0.600878 0.444452 0.048828 0.048828
0 0.578212 0.499328 0.048828 0.048828
0 0.640246 0.464732 0.048828 0.048828
0 0.680806 0.456381 0.048828 0.048828
0 0.610422 0.564941 0.048828 0.048828
0 0.628316 0.562555 0.048828 0.048828
0 0.650982 0.575677 0.048828 0.048828
0 0.730911 0.488591 0.048828 0.048828
0 0.778629 0.496942 0.048828 0.048828
0 0.909855 0.488591 0.048828 0.048828
0 0.959959 0.444452 0.048828 0.048828
0 0.803681 0.585221 0.048828 0.048828
0 0.922977 0.436101 0.048828 0.048828
0 0.921784 0.870338 0.048828 0.048828
0 0.937293 0.475469 0.048828 0.048828
0 0.934907 0.459960 0.048828 0.048828
0 0.728525 0.288174 0.048828 0.048828
0 0.831119 0.578063 0.048828 0.048828