0 0.988018 0.202526 0.048828 0.048828
0 0.825844 0.124173 0.048828 0.048828
0 0.517895 0.264480 0.048828 0.048828
0 0.576205 0.273591 0.048828 0.048828
0 0.621760 0.288169 0.048828 0.048828
0 0.712869 0.286346 0.048828 0.048828
0 0.663670 0.284524 0.048828 0.048828
0 0.854999 0.333723 0.048828 0.048828
0 0.776645 0.306390 0.048828 0.048828
0 0.322922 0.760113 0.048828 0.048828
0 0.333855 0.783802 0.048828 0.048828
0 0.364832 0.771046 0.048828 0.048828
0 0.388521 0.785624 0.048828 0.048828
0 0.414031 0.785624 0.048828 0.048828
0 0.448653 0.805668 0.048828 0.048828
0 0.479630 0.809312 0.048828 0.048828
0 0.501496 0.825712 0.048828 0.048828
0 0.532473 0.820245 0.048828 0.048828
0 0.514251 0.865800 0.048828 0.048828
0 0.552517 0.865800 0.048828 0.048828
0 0.570739 0.833000 0.048828 0.048828
0 0.601716 0.845756 0.048828 0.048828
0 0.698291 0.729136 0.048828 0.048828
0 0.732913 0.723670 0.048828 0.048828
0 0.822199 0.736425 0.048828 0.048828
0 0.818555 0.803845 0.048828 0.048828
0 0.756601 0.796557 0.048828 0.048828
0 0.721980 0.769224 0.048828 0.048828
0 0.873220 0.811134 0.048828 0.048828
0 0.885976 0.849400 0.048828 0.048828
0 0.995306 0.889488 0.048828 0.048828
0 0.308345 0.177016 0.048828 0.048828
0 0.277368 0.166083 0.048828 0.048828
0 0.233635 0.065863 0.048828 0.048828
0 0.479630 0.435765 0.048828 0.048828
0 0.414031 0.576073 0.048828 0.048828
0 0.769356 0.736425 0.048828 0.048828
0 0.794867 0.740069 0.048828 0.048828
0 0.978907 0.136928 0.048828 0.048828
0 0.995306 0.348301 0.048828 0.048828
0 0.971618 0.474031 0.048828 0.048828
0 0.687358 0.217104 0.048828 0.048828
0 0.785756 0.242614 0.048828 0.048828
0 0.592605 0.707270 0.048828 0.048828
0 0.505140 0.650782 0.048828 0.048828
0 0.854999 0.669004 0.048828 0.048828
0 0.661848 0.656249 0.048828 0.048828
0 0.326567 0.599761 0.048828 0.048828
0 0.355721 0.812956 0.048828 0.048828
0 0.550695 0.898599 0.048828 0.048828
0 0.353899 0.477675 0.048828 0.048828
0 0.938819 0.118706 0.048828 0.048828
0 0.871398 0.118706 0.048828 0.048828
0 0.670959 0.433943 0.048828 0.048828