0 0.580449 0.402325 0.048828 0.048828
0 0.611466 0.399939 0.048828 0.048828
0 0.648448 0.392781 0.048828 0.048828
0 0.663956 0.368922 0.048828 0.048828
0 0.690201 0.379659 0.048828 0.048828
0 0.754621 0.355800 0.048828 0.048828
0 0.649641 0.322397 0.048828 0.048828
0 0.569712 0.360571 0.048828 0.048828
0 0.538695 0.370115 0.048828 0.048828
0 0.524380 0.290187 0.048828 0.048828
0 0.624589 0.281836 0.048828 0.048828
0 0.594765 0.260363 0.048828 0.048828
0 0.609080 0.151803 0.048828 0.048828
0 0.351401 0.008648 0.048828 0.048828
0 0.315612 0.006262 0.048828 0.048828
0 0.279823 0.043244 0.048828 0.048828
0 0.221368 0.000298 0.048828 0.048828
0 0.001864 0.021771 0.048828 0.048828
0 0.408280 0.634763 0.048828 0.048828
0 0.448502 0.621835 0.048828 0.048828