0 0.418362 0.993759 0.048828 0.048828
0 0.862131 0.957866 0.048828 0.048828
0 0.765328 0.954603 0.048828 0.048828
0 0.731611 0.990496 0.048828 0.048828
0 0.714208 0.946989 0.048828 0.048828
0 0.691367 0.972005 0.048828 0.048828
0 0.663088 0.979619 0.048828 0.048828
0 0.645685 0.916534 0.048828 0.048828
0 0.628282 0.964392 0.048828 0.048828
0 0.597827 0.985057 0.048828 0.048828
0 0.560847 0.983970 0.048828 0.048828
0 0.579337 0.939375 0.048828 0.048828
0 0.593477 0.878466 0.048828 0.048828
0 0.600003 0.834959 0.048828 0.048828
0 0.593477 0.805592 0.048828 0.048828
0 0.591301 0.753384 0.048828 0.048828
0 0.592389 0.688124 0.048828 0.048828
0 0.547795 0.667458 0.048828 0.048828
0 0.559759 0.613075 0.048828 0.048828
0 0.492324 0.627215 0.048828 0.048828
0 0.482535 0.579357 0.048828 0.048828
0 0.484710 0.513010 0.048828 0.048828
0 0.505376 0.465152 0.048828 0.048828
0 0.431414 0.358561 0.048828 0.048828
0 0.496674 0.672897 0.048828 0.048828
0 0.524954 0.708790 0.048828 0.048828
0 0.547795 0.769699 0.048828 0.048828
0 0.507551 0.753384 0.048828 0.048828
0 0.557584 0.858888 0.048828 0.048828
0 0.552145 0.903482 0.048828 0.048828
0 0.523866 0.945901 0.048828 0.048828
0 0.497762 0.969830 0.048828 0.048828
0 0.460781 0.974181 0.048828 0.048828
0 0.420538 0.955690 0.048828 0.048828
0 0.430327 0.911096 0.048828 0.048828
0 0.391171 0.898044 0.048828 0.048828
0 0.425976 0.878466 0.048828 0.048828
0 0.471658 0.874115 0.048828 0.048828
0 0.433590 0.844748 0.048828 0.048828
0 0.458606 0.837134 0.048828 0.048828
0 0.519515 0.825170 0.048828 0.048828
0 0.487973 0.791452 0.048828 0.048828
0 0.455343 0.766436 0.048828 0.048828
0 0.393346 0.794715 0.048828 0.048828
0 0.415099 0.731631 0.048828 0.048828
0 0.008312 0.771874 0.048828 0.048828
0 0.059432 0.784926 0.048828 0.048828
0 0.104027 0.758822 0.048828 0.048828
0 0.145358 0.740332 0.048828 0.048828
0 0.121429 0.802329 0.048828 0.048828
0 0.159498 0.802329 0.048828 0.048828
0 0.208443 0.797978 0.048828 0.048828
0 0.270440 0.792540 0.048828 0.048828
0 0.258475 0.838222 0.048828 0.048828
0 0.203004 0.827345 0.048828 0.048828
0 0.145358 0.843660 0.048828 0.048828
0 0.180163 0.858888 0.048828 0.048828
0 0.233459 0.878466 0.048828 0.048828
0 0.284579 0.873027 0.048828 0.048828
0 0.320472 0.879553 0.048828 0.048828
0 0.356365 0.951340 0.048828 0.048828
0 0.321560 0.935025 0.048828 0.048828
0 0.274790 0.926323 0.048828 0.048828
0 0.223670 0.911096 0.048828 0.048828
0 0.161673 0.889342 0.048828 0.048828
0 0.346576 0.992671 0.048828 0.048828
0 0.295456 0.966567 0.048828 0.048828
0 0.224758 0.958953 0.048828 0.048828
0 0.160585 0.937200 0.048828 0.048828
0 0.173637 0.980707 0.048828 0.048828
0 0.126868 0.972005 0.048828 0.048828
0 0.118166 0.926323 0.048828 0.048828
0 0.109465 0.873027 0.048828 0.048828
0 0.073572 0.915447 0.048828 0.048828
0 0.047468 0.881729 0.048828 0.048828
0 0.019189 0.902394 0.048828 0.048828
0 0.012663 0.825170 0.048828 0.048828
0 0.040942 0.974181 0.048828 0.048828
0 0.906813 0.966710 0.048828 0.048828
0 0.739808 0.880328 0.048828 0.048828
0 0.672142 0.776670 0.048828 0.048828
0 0.578561 0.570792 0.048828 0.048828
0 0.434591 0.567913 0.048828 0.048828
0 0.289181 0.622621 0.048828 0.048828
0 0.428832 0.422503 0.048828 0.048828
0 0.025715 0.598147 0.048828 0.048828
0 0.074665 0.585189 0.048828 0.048828
0 0.320854 0.703245 0.048828 0.048828
0 0.251748 0.681649 0.048828 0.048828
0 0.123615 0.707564 0.048828 0.048828
0 0.054509 0.697486 0.048828 0.048828
0 0.449905 0.699001 0.048828 0.048828
0 0.460781 0.428172 0.048828 0.048828
0 0.312859 0.758822 0.048828 0.048828
0 0.200829 0.727280 0.048828 0.048828
0 0.309596 0.829521 0.048828 0.048828