0 0.108708 0.018043 0.048828 0.048828
0 0.191022 0.171935 0.048828 0.048828
0 0.217267 0.165970 0.048828 0.048828
0 0.261407 0.170742 0.048828 0.048828
0 0.169549 0.266179 0.048828 0.048828
0 0.168356 0.374738 0.048828 0.048828
0 0.187443 0.365194 0.048828 0.048828
0 0.226811 0.353265 0.048828 0.048828
0 0.275722 0.318669 0.048828 0.048828
0 0.260214 0.276915 0.048828 0.048828
0 0.264986 0.545331 0.048828 0.048828
0 0.338949 0.531016 0.048828 0.048828
0 0.210110 0.645540 0.048828 0.048828
0 0.242320 0.626452 0.048828 0.048828
0 0.282880 0.615716 0.048828 0.048828
0 0.349686 0.601400 0.048828 0.048828
0 0.330599 0.643154 0.048828 0.048828
0 0.279301 0.671785 0.048828 0.048828
0 0.752906 0.556068 0.048828 0.048828
0 0.776765 0.678943 0.048828 0.048828
0 0.723082 0.667013 0.048828 0.048828
0 0.690872 0.667013 0.048828 0.048828
0 0.652697 0.678943 0.048828 0.048828
0 0.639575 0.706381 0.048828 0.048828
0 0.615716 0.705188 0.048828 0.048828
0 0.455859 0.783923 0.048828 0.048828
0 0.408141 0.785116 0.048828 0.048828
0 0.909184 0.777958 0.048828 0.048828
0 0.583506 0.825677 0.048828 0.048828
0 0.440351 0.797046 0.048828 0.048828
0 0.421263 0.797046 0.048828 0.048828
0 0.330599 0.925885 0.048828 0.048828
0 0.300775 0.929464 0.048828 0.048828
0 0.279301 0.958095 0.048828 0.048828
0 0.261407 0.941394 0.048828 0.048828
0 0.844764 0.996270 0.048828 0.048828
0 0.857886 0.792274 0.048828 0.048828
0 0.848343 0.743362 0.048828 0.048828
0 0.175514 0.977182 0.048828 0.048828
0 0.205338 0.964060 0.048828 0.048828
0 0.228004 0.200566 0.048828 0.048828
0 0.220846 0.281687 0.048828 0.048828
0 0.142111 0.406948 0.048828 0.048828
0 0.310318 0.285266 0.048828 0.048828
0 0.446316 0.418878 0.048828 0.048828
0 0.696837 0.270951 0.048828 0.048828
0 0.421263 0.843571 0.048828 0.048828
0 0.443930 0.863851 0.048828 0.048828
0 0.801817 0.811361 0.048828 0.048828
0 0.776765 0.712345 0.048828 0.048828
0 0.703995 0.751713 0.048828 0.048828
0 0.693258 0.906798 0.048828 0.048828
0 0.785116 0.900833 0.048828 0.048828
0 0.949744 0.750520 0.048828 0.048828
0 0.597821 0.967639 0.048828 0.048828
0 0.240425 0.913069 0.048828 0.048828
0 0.169897 0.994123 0.048828 0.048828