0 0.523305 0.003530 0.048828 0.048828
0 0.522402 0.042344 0.048828 0.048828
0 0.520597 0.085673 0.048828 0.048828
0 0.549482 0.087478 0.048828 0.048828
0 0.591908 0.100115 0.048828 0.048828
0 0.562119 0.123585 0.048828 0.048828
0 0.507959 0.124487 0.048828 0.048828
0 0.540455 0.163302 0.048828 0.048828
0 0.593713 0.155178 0.048828 0.048828
0 0.634333 0.139833 0.048828 0.048828
0 0.649678 0.109142 0.048828 0.048828
0 0.679466 0.097407 0.048828 0.048828
0 0.665926 0.051371 0.048828 0.048828
0 0.611766 0.065814 0.048828 0.048828
0 0.557606 0.049566 0.048828 0.048828
0 0.581978 0.024291 0.048828 0.048828
0 0.629820 0.022486 0.048828 0.048828
0 0.666829 0.002627 0.048828 0.048828
0 0.704741 0.036026 0.048828 0.048828
0 0.743556 0.028804 0.048828 0.048828
0 0.730918 0.072132 0.048828 0.048828
0 0.704741 0.090186 0.048828 0.048828
0 0.716476 0.118169 0.048828 0.048828
0 0.671342 0.149762 0.048828 0.048828
0 0.704741 0.158789 0.048828 0.048828
0 0.741750 0.169621 0.048828 0.048828
0 0.775149 0.188577 0.048828 0.048828
0 0.802229 0.177745 0.048828 0.048828
0 0.834725 0.186771 0.048828 0.048828
0 0.886177 0.192187 0.048828 0.048828
0 0.785981 0.138930 0.048828 0.048828
0 0.798619 0.101921 0.048828 0.048828
0 0.796813 0.043247 0.048828 0.048828
0 0.813964 0.012556 0.048828 0.048828
0 0.836531 0.009848 0.048828 0.048828
0 0.868124 0.003530 0.048828 0.048828
0 0.872637 0.044150 0.048828 0.048828
0 0.904231 0.062203 0.048828 0.048828
0 0.881664 0.090186 0.048828 0.048828
0 0.852779 0.130806 0.048828 0.048828
0 0.872637 0.147957 0.048828 0.048828
0 0.898815 0.136222 0.048828 0.048828
0 0.920479 0.172329 0.048828 0.048828
0 0.961099 0.160594 0.048828 0.048828
0 0.966515 0.128098 0.048828 0.048828
0 0.948462 0.100115 0.048828 0.048828
0 0.924992 0.109142 0.048828 0.048828
0 0.951170 0.067619 0.048828 0.048828
0 0.969223 0.048663 0.048828 0.048828
0 0.971028 0.025194 0.048828 0.048828
0 0.916868 0.024291 0.048828 0.048828
0 0.945754 0.006238 0.048828 0.048828
0 0.486295 0.031512 0.048828 0.048828
0 0.475463 0.081159 0.048828 0.048828
0 0.433038 0.113655 0.048828 0.048828
0 0.393320 0.113655 0.048828 0.048828
0 0.378878 0.160594 0.048828 0.048828
0 0.301248 0.129903 0.048828 0.048828
0 0.338258 0.090186 0.048828 0.048828
0 0.403250 0.066716 0.048828 0.048828
0 0.423109 0.019778 0.048828 0.048828
0 0.385196 0.036928 0.048828 0.048828
0 0.362630 0.026999 0.048828 0.048828
0 0.343674 0.222878 0.048828 0.048828
0 0.380683 0.247250 0.048828 0.048828
0 0.411374 0.239126 0.048828 0.048828
0 0.333744 0.414244 0.048828 0.048828
0 0.367143 0.483749 0.048828 0.048828
0 0.306664 0.521661 0.048828 0.048828
0 0.360824 0.522564 0.048828 0.048828
0 0.401444 0.522564 0.048828 0.048828
0 0.460118 0.525272 0.048828 0.048828
0 0.545871 0.438616 0.048828 0.048828
0 0.582881 0.458475 0.048828 0.048828
0 0.566633 0.414244 0.048828 0.048828
0 0.612669 0.421465 0.048828 0.048828
0 0.599129 0.368208 0.048828 0.048828
0 0.644262 0.378137 0.048828 0.048828
0 0.632528 0.338420 0.048828 0.048828
0 0.626209 0.308632 0.048828 0.048828
0 0.565730 0.314950 0.048828 0.048828
0 0.544066 0.285162 0.048828 0.048828
0 0.581978 0.254472 0.048828 0.048828
0 0.565730 0.202117 0.048828 0.048828
0 0.613572 0.228294 0.048828 0.048828
0 0.637041 0.248153 0.048828 0.048828
0 0.667732 0.287870 0.048828 0.048828
0 0.614474 0.178647 0.048828 0.048828
0 0.633430 0.197603 0.048828 0.048828
0 0.658705 0.186771 0.048828 0.048828
0 0.686688 0.200311 0.048828 0.048828
0 0.674050 0.234613 0.048828 0.048828
0 0.707449 0.249055 0.048828 0.048828
0 0.726405 0.291481 0.048828 0.048828
0 0.759804 0.213851 0.048828 0.048828
0 0.757096 0.234613 0.048828 0.048828
0 0.783273 0.257180 0.048828 0.048828
0 0.756193 0.281552 0.048828 0.048828
0 0.751680 0.319464 0.048828 0.048828
0 0.783273 0.305021 0.048828 0.048828
0 0.783273 0.351057 0.048828 0.048828
0 0.739945 0.356473 0.048828 0.048828
0 0.694812 0.386261 0.048828 0.048828
0 0.746264 0.413341 0.048828 0.048828
0 0.705644 0.427784 0.048828 0.048828
0 0.662316 0.452156 0.048828 0.048828
0 0.680369 0.499997 0.048828 0.048828
0 0.713768 0.481944 0.048828 0.048828
0 0.759804 0.498192 0.048828 0.048828
0 0.770636 0.451253 0.048828 0.048828
0 0.794105 0.475625 0.048828 0.048828
0 0.971028 0.383553 0.048828 0.048828
0 0.995400 0.358278 0.048828 0.048828
0 0.984568 0.305021 0.048828 0.048828
0 0.957488 0.289676 0.048828 0.048828
0 0.995400 0.246347 0.048828 0.048828
0 0.954780 0.237321 0.048828 0.048828
0 0.915965 0.206630 0.048828 0.048828
0 0.905133 0.241834 0.048828 0.048828
0 0.846460 0.230099 0.048828 0.048828
0 0.827504 0.260790 0.048828 0.048828
0 0.868124 0.295994 0.048828 0.048828
0 0.931311 0.332101 0.048828 0.048828
0 0.892496 0.333004 0.048828 0.048828
0 0.824796 0.339322 0.048828 0.048828
0 0.824796 0.389872 0.048828 0.048828
0 0.878956 0.396190 0.048828 0.048828
0 0.925895 0.407925 0.048828 0.048828
0 0.932214 0.371818 0.048828 0.048828
0 0.963807 0.424173 0.048828 0.048828
0 0.981860 0.469307 0.048828 0.048828
0 0.946656 0.461183 0.048828 0.048828
0 0.887080 0.459377 0.048828 0.048828
0 0.853681 0.446740 0.048828 0.048828
0 0.816672 0.428687 0.048828 0.048828
0 0.825699 0.469307 0.048828 0.048828
0 0.690298 0.561379 0.048828 0.048828
0 0.712865 0.533396 0.048828 0.048828
0 0.730918 0.632690 0.048828 0.048828
0 0.674953 0.598388 0.048828 0.048828
0 0.671342 0.643522 0.048828 0.048828
0 0.641554 0.641716 0.048828 0.048828
0 0.757096 0.598388 0.048828 0.048828
0 0.744458 0.578529 0.048828 0.048828
0 0.757096 0.539715 0.048828 0.048828
0 0.791397 0.534299 0.048828 0.048828
0 0.826601 0.507219 0.048828 0.048828
0 0.869929 0.493679 0.048828 0.048828
0 0.811256 0.567697 0.048828 0.048828
0 0.840141 0.550547 0.048828 0.048828
0 0.896107 0.519856 0.048828 0.048828
0 0.922284 0.491873 0.048828 0.048828
0 0.949364 0.501803 0.048828 0.048828
0 0.940338 0.539715 0.048828 0.048828
0 0.975542 0.521661 0.048828 0.048828
0 0.975542 0.558671 0.048828 0.048828
0 0.988179 0.606512 0.048828 0.048828
0 0.971028 0.634495 0.048828 0.048828
0 0.928603 0.622760 0.048828 0.048828
0 0.943046 0.588459 0.048828 0.048828
0 0.903328 0.613734 0.048828 0.048828
0 0.915965 0.567697 0.048828 0.048828
0 0.878956 0.586653 0.048828 0.048828
0 0.892496 0.638106 0.048828 0.048828
0 0.826601 0.611928 0.048828 0.048828
0 0.779663 0.618247 0.048828 0.048828
0 0.519694 0.550547 0.048828 0.048828
0 0.605448 0.555963 0.048828 0.048828
0 0.349992 0.563184 0.048828 0.048828
0 0.286806 0.650743 0.048828 0.048828
0 0.357214 0.654354 0.048828 0.048828
0 0.434843 0.667894 0.048828 0.048828
0 0.516083 0.636300 0.048828 0.048828
0 0.558509 0.639911 0.048828 0.048828
0 0.290416 0.821347 0.048828 0.048828
0 0.358116 0.757258 0.048828 0.048828
0 0.426719 0.722054 0.048828 0.048828
0 0.466437 0.699487 0.048828 0.048828
0 0.518791 0.673310 0.048828 0.048828
0 0.505251 0.721151 0.048828 0.048828
0 0.535039 0.731080 0.048828 0.048828
0 0.501641 0.753647 0.048828 0.048828
0 0.526013 0.778019 0.048828 0.048828
0 0.486295 0.793365 0.048828 0.048828
0 0.507057 0.833082 0.048828 0.048828
0 0.558509 0.806905 0.048828 0.048828
0 0.592810 0.795170 0.048828 0.048828
0 0.578368 0.749134 0.048828 0.048828
0 0.587394 0.708514 0.048828 0.048828
0 0.591005 0.656159 0.048828 0.048828
0 0.629820 0.699487 0.048828 0.048828
0 0.648776 0.668796 0.048828 0.048828
0 0.687590 0.686850 0.048828 0.048828
0 0.730918 0.699487 0.048828 0.048828
0 0.670440 0.722054 0.048828 0.048828
0 0.694812 0.748231 0.048828 0.048828
0 0.734529 0.740107 0.048828 0.048828
0 0.734529 0.773506 0.048828 0.048828
0 0.782371 0.755452 0.048828 0.048828
0 0.806743 0.773506 0.048828 0.048828
0 0.801327 0.797878 0.048828 0.048828
0 0.799521 0.835790 0.048828 0.048828
0 0.827504 0.833985 0.048828 0.048828
0 0.845557 0.769895 0.048828 0.048828
0 0.821185 0.735594 0.048828 0.048828
0 0.768831 0.717540 0.048828 0.048828
0 0.788689 0.693168 0.048828 0.048828
0 0.818477 0.688655 0.048828 0.048828
0 0.842849 0.655256 0.048828 0.048828
0 0.799521 0.650743 0.048828 0.048828
0 0.764317 0.650743 0.048828 0.048828
0 0.696617 0.800586 0.048828 0.048828
0 0.739945 0.838498 0.048828 0.048828
0 0.683077 0.843011 0.048828 0.048828
0 0.663218 0.824958 0.048828 0.048828
0 0.627112 0.810515 0.048828 0.048828
0 0.580173 0.842109 0.048828 0.048828
0 0.646970 0.784338 0.048828 0.048828
0 0.628917 0.742815 0.048828 0.048828
0 0.291319 0.874605 0.048828 0.048828
0 0.330134 0.875507 0.048828 0.048828
0 0.389710 0.902587 0.048828 0.048828
0 0.368948 0.955845 0.048828 0.048828
0 0.437551 0.973898 0.048828 0.048828
0 0.537747 0.958553 0.048828 0.048828
0 0.535039 0.914322 0.048828 0.048828
0 0.537747 0.873702 0.048828 0.048828
0 0.602740 0.880923 0.048828 0.048828
0 0.644262 0.852941 0.048828 0.048828
0 0.682174 0.866481 0.048828 0.048828
0 0.574757 0.939597 0.048828 0.048828
0 0.608156 0.938694 0.048828 0.048828
0 0.642457 0.932375 0.048828 0.048828
0 0.602740 0.972093 0.048828 0.048828
0 0.644262 0.959456 0.048828 0.048828
0 0.687590 0.993757 0.048828 0.048828
0 0.668634 0.969385 0.048828 0.048828
0 0.633430 0.996465 0.048828 0.048828
0 0.728210 0.992854 0.048828 0.048828
0 0.719184 0.936889 0.048828 0.048828
0 0.688493 0.916127 0.048828 0.048828
0 0.717378 0.902587 0.048828 0.048828
0 0.754388 0.891755 0.048828 0.048828
0 0.795911 0.881826 0.048828 0.048828
0 0.839239 0.870994 0.048828 0.048828
0 0.869027 0.717540 0.048828 0.048828
0 0.906036 0.729275 0.048828 0.048828
0 0.922284 0.686850 0.048828 0.048828
0 0.916868 0.654354 0.048828 0.048828
0 0.964710 0.682336 0.048828 0.048828
0 0.972834 0.722054 0.048828 0.048828
0 0.961099 0.758160 0.048828 0.048828
0 0.993595 0.753647 0.048828 0.048828
0 0.992692 0.814126 0.048828 0.048828
0 0.955683 0.820445 0.048828 0.048828
0 0.915965 0.797878 0.048828 0.048828
0 0.857292 0.832179 0.048828 0.048828
0 0.899717 0.846622 0.048828 0.048828
0 0.951170 0.862870 0.048828 0.048828
0 0.999914 0.863773 0.048828 0.048828
0 0.988179 0.923349 0.048828 0.048828
0 0.922284 0.929667 0.048828 0.048828
0 0.924992 0.882729 0.048828 0.048828
0 0.878053 0.885437 0.048828 0.048828
0 0.915063 0.962164 0.048828 0.048828
0 0.873540 0.945013 0.048828 0.048828
0 0.842849 0.929667 0.048828 0.048828
0 0.811256 0.921543 0.048828 0.048828
0 0.770636 0.950429 0.048828 0.048828
0 0.821185 0.964872 0.048828 0.048828
0 0.877151 0.978412 0.048828 0.048828
0 0.943046 0.983828 0.048828 0.048828
0 0.974639 0.993757 0.048828 0.048828
0 0.986374 0.965774 0.048828 0.048828
0 0.771539 0.989244 0.048828 0.048828
0 0.293124 0.016167 0.048828 0.048828
0 0.285903 0.102823 0.048828 0.048828
0 0.293124 0.240931 0.048828 0.048828
0 0.307567 0.468404 0.048828 0.048828