0 0.694250 0.008712 0.048828 0.048828
0 0.659016 0.020456 0.048828 0.048828
0 0.613716 0.025490 0.048828 0.048828
0 0.534860 0.027168 0.048828 0.048828
0 0.491238 0.032201 0.048828 0.048828
0 0.445937 0.040590 0.048828 0.048828
0 0.494593 0.094279 0.048828 0.048828
0 0.565060 0.095957 0.048828 0.048828
0 0.590227 0.097635 0.048828 0.048828
0 0.612038 0.107701 0.048828 0.048828
0 0.645594 0.109379 0.048828 0.048828
0 0.521438 0.169780 0.048828 0.048828
0 0.085213 0.453326 0.048828 0.048828
0 0.055013 0.505337 0.048828 0.048828
0 0.093602 0.530504 0.048828 0.048828
0 0.132191 0.488559 0.048828 0.048828
0 0.148969 0.473459 0.048828 0.048828
0 0.571771 0.007034 0.048828 0.048828
0 0.155680 0.562382 0.048828 0.048828
0 0.046624 0.661371 0.048828 0.048828