0 0.854978 0.021100 0.048828 0.048828
0 0.044959 0.196465 0.048828 0.048828
0 0.006785 0.214359 0.048828 0.048828
0 0.231061 0.028258 0.048828 0.048828
0 0.169027 0.577019 0.048828 0.048828
0 0.253727 0.548388 0.048828 0.048828
0 0.289516 0.531687 0.048828 0.048828
0 0.190500 0.717788 0.048828 0.048828
0 0.138010 0.726139 0.048828 0.048828
0 0.307410 0.788173 0.048828 0.048828
0 0.072397 0.839470 0.048828 0.048828
0 0.257306 0.791752 0.048828 0.048828
0 0.002013 0.011556 0.048828 0.048828
0 0.203623 0.035416 0.048828 0.048828
0 0.025872 0.871680 0.048828 0.048828
0 0.203792 0.574325 0.048828 0.048828