0 0.872556 0.012435 0.048828 0.048828
0 0.572871 0.124366 0.048828 0.048828
0 0.590924 0.076524 0.048828 0.048828
0 0.625225 0.053055 0.048828 0.048828
0 0.599951 0.462866 0.048828 0.048828
0 0.639668 0.414122 0.048828 0.048828
0 0.613491 0.401485 0.048828 0.048828
0 0.574676 0.389750 0.048828 0.048828
0 0.620712 0.373502 0.048828 0.048828
0 0.658624 0.363573 0.048828 0.048828
0 0.599951 0.331980 0.048828 0.048828
0 0.550304 0.314829 0.048828 0.048828
0 0.581897 0.302191 0.048828 0.048828
0 0.625225 0.308510 0.048828 0.048828
0 0.706465 0.333785 0.048828 0.048828
0 0.687509 0.299483 0.048828 0.048828
0 0.677580 0.274209 0.048828 0.048828
0 0.637863 0.244421 0.048828 0.048828
0 0.660429 0.229075 0.048828 0.048828
0 0.682093 0.200190 0.048828 0.048828
0 0.714589 0.238102 0.048828 0.048828
0 0.728129 0.282333 0.048828 0.048828
0 0.760626 0.326564 0.048828 0.048828
0 0.775971 0.273306 0.048828 0.048828
0 0.778679 0.227270 0.048828 0.048828
0 0.742572 0.194774 0.048828 0.048828
0 0.701049 0.145127 0.048828 0.048828
0 0.746183 0.151446 0.048828 0.048828
0 0.718200 0.123463 0.048828 0.048828
0 0.679385 0.114436 0.048828 0.048828
0 0.658624 0.077427 0.048828 0.048828
0 0.743475 0.074719 0.048828 0.048828
0 0.794927 0.065692 0.048828 0.048828
0 0.835547 0.053958 0.048828 0.048828
0 0.910468 0.019656 0.048828 0.048828
0 0.936646 0.072914 0.048828 0.048828
0 0.885194 0.099994 0.048828 0.048828
0 0.858114 0.097286 0.048828 0.048828
0 0.841866 0.125268 0.048828 0.048828
0 0.887902 0.137003 0.048828 0.048828
0 0.930327 0.164083 0.048828 0.048828
0 0.872556 0.204703 0.048828 0.048828
0 0.823812 0.196579 0.048828 0.048828
0 0.809370 0.235394 0.048828 0.048828