0 0.854978 0.820905 0.048828 0.048828
0 0.864522 0.713538 0.048828 0.048828
0 0.744033 0.736205 0.048828 0.048828
0 0.852593 0.581120 0.048828 0.048828
0 0.816804 0.579927 0.048828 0.048828
0 0.698701 0.590664 0.048828 0.048828
0 0.666491 0.604979 0.048828 0.048828
0 0.877645 0.273336 0.048828 0.048828
0 0.979046 0.264986 0.048828 0.048828
0 0.980239 0.238741 0.048828 0.048828
0 0.817997 0.094393 0.048828 0.048828
0 0.868101 0.088428 0.048828 0.048828
0 0.109379 0.777958 0.048828 0.048828
0 0.044959 0.996270 0.048828 0.048828
0 0.231061 0.828062 0.048828 0.048828
0 0.058082 0.792274 0.048828 0.048828
0 0.048538 0.743362 0.048828 0.048828
0 0.807260 0.775572 0.048828 0.048828
0 0.881224 0.572769 0.048828 0.048828
0 0.921784 0.070533 0.048828 0.048828
0 0.246569 0.745748 0.048828 0.048828
0 0.002013 0.811361 0.048828 0.048828
0 0.149940 0.750520 0.048828 0.048828
0 0.203623 0.835220 0.048828 0.048828