0 0.982073 0.242077 0.048828 0.048828
0 0.993914 0.206555 0.048828 0.048828
0 0.941288 0.218395 0.048828 0.048828
0 0.945235 0.249971 0.048828 0.048828
0 0.913660 0.231552 0.048828 0.048828
0 0.914975 0.207870 0.048828 0.048828
0 0.883400 0.206555 0.048828 0.048828
0 0.858403 0.260496 0.048828 0.048828
0 0.801831 0.246024 0.048828 0.048828
0 0.833406 0.211817 0.048828 0.048828
0 0.776834 0.202608 0.048828 0.048828
0 0.747890 0.234183 0.048828 0.048828
0 0.695264 0.242077 0.048828 0.048828
0 0.657111 0.211817 0.048828 0.048828
0 0.617642 0.221027 0.048828 0.048828
0 0.657111 0.255233 0.048828 0.048828
0 0.711052 0.271021 0.048828 0.048828
0 0.628167 0.277599 0.048828 0.048828
0 0.595276 0.281546 0.048828 0.048828
0 0.572910 0.232867 0.048828 0.048828
0 0.538704 0.210502 0.048828 0.048828
0 0.496603 0.210502 0.048828 0.048828
0 0.529494 0.247339 0.048828 0.048828
0 0.484763 0.249971 0.048828 0.048828
0 0.411087 0.273652 0.048828 0.048828
0 0.424243 0.222342 0.048828 0.048828
0 0.458450 0.201292 0.048828 0.048828
0 0.375565 0.235499 0.048828 0.048828
0 0.318993 0.226289 0.048828 0.048828
0 0.262420 0.222342 0.048828 0.048828
0 0.209795 0.214449 0.048828 0.048828
0 0.301889 0.255233 0.048828 0.048828
0 0.257158 0.260496 0.048828 0.048828
0 0.196639 0.244708 0.048828 0.048828
0 0.149276 0.260496 0.048828 0.048828
0 0.150591 0.221027 0.048828 0.048828
0 0.121647 0.217080 0.048828 0.048828
0 0.097966 0.213133 0.048828 0.048828
0 0.049287 0.219711 0.048828 0.048828
0 0.000609 0.219711 0.048828 0.048828
0 0.103229 0.253918 0.048828 0.048828
0 0.067706 0.292071 0.048828 0.048828
0 0.025606 0.265758 0.048828 0.048828
0 0.474473 0.993932 0.048828 0.048828
0 0.438081 0.992795 0.048828 0.048828
0 0.394867 0.980286 0.048828 0.048828
0 0.369848 0.995070 0.048828 0.048828
0 0.332320 0.976874 0.048828 0.048828
0 0.239068 0.974600 0.048828 0.048828
0 0.284556 0.955267 0.048828 0.048828
0 0.206088 0.940483 0.048828 0.048828
0 0.168560 0.946169 0.048828 0.048828
0 0.104875 0.971188 0.048828 0.048828
0 0.078719 0.997344 0.048828 0.048828
0 0.053700 0.960953 0.048828 0.048828
0 0.084405 0.939346 0.048828 0.048828
0 0.120796 0.924562 0.048828 0.048828
0 0.010486 0.975737 0.048828 0.048828
0 0.009349 0.915464 0.048828 0.048828
0 0.021134 0.843126 0.048828 0.048828
0 0.040373 0.882736 0.048828 0.048828
0 0.094696 0.886131 0.048828 0.048828
0 0.150149 0.901975 0.048828 0.048828
0 0.193154 0.901975 0.048828 0.048828
0 0.184101 0.848784 0.048828 0.048828
0 0.152413 0.865760 0.048828 0.048828
0 0.153545 0.809174 0.048828 0.048828
0 0.116198 0.827282 0.048828 0.048828
0 0.073193 0.837467 0.048828 0.048828
0 0.041505 0.798989 0.048828 0.048828
0 0.081115 0.780881 0.048828 0.048828
0 0.127515 0.767301 0.048828 0.048828
0 0.110540 0.727691 0.048828 0.048828
0 0.034715 0.725428 0.048828 0.048828
0 0.001895 0.705057 0.048828 0.048828
0 0.033583 0.671105 0.048828 0.048828
0 0.061876 0.693740 0.048828 0.048828
0 0.109408 0.691476 0.048828 0.048828
0 0.076588 0.643944 0.048828 0.048828
0 0.117330 0.632627 0.048828 0.048828
0 0.143359 0.664315 0.048828 0.048828
0 0.155808 0.706188 0.048828 0.048828
0 0.192023 0.779750 0.048828 0.048828
0 0.220316 0.823886 0.048828 0.048828
0 0.224842 0.860101 0.048828 0.048828
0 0.242950 0.904238 0.048828 0.048828
0 0.287087 0.911028 0.048828 0.048828
0 0.261057 0.827282 0.048828 0.048828
0 0.275769 0.864628 0.048828 0.048828
0 0.292745 0.831808 0.048828 0.048828
0 0.313116 0.856706 0.048828 0.048828
0 0.348199 0.905370 0.048828 0.048828
0 0.348199 0.878209 0.048828 0.048828
0 0.391204 0.877077 0.048828 0.048828
0 0.354989 0.846521 0.048828 0.048828
0 0.399126 0.841994 0.048828 0.048828
0 0.347067 0.946111 0.048828 0.048828
0 0.379887 0.930267 0.048828 0.048828
0 0.414970 0.942716 0.048828 0.048828
0 0.414970 0.906501 0.048828 0.048828
0 0.362911 0.810306 0.048828 0.048828
0 0.326697 0.793330 0.048828 0.048828
0 0.281428 0.774091 0.048828 0.048828
0 0.247477 0.755984 0.048828 0.048828
0 0.306326 0.739008 0.048828 0.048828
0 0.351594 0.736745 0.048828 0.048828
0 0.375360 0.774091 0.048828 0.048828
0 0.410443 0.791067 0.048828 0.048828
0 0.404785 0.757115 0.048828 0.048828
0 0.387809 0.726559 0.048828 0.048828
0 0.383282 0.694871 0.048828 0.048828
0 0.409312 0.679027 0.048828 0.048828
0 0.335750 0.692608 0.048828 0.048828
0 0.298404 0.684686 0.048828 0.048828
0 0.272374 0.663183 0.048828 0.048828
0 0.261057 0.706188 0.048828 0.048828
0 0.218052 0.722032 0.048828 0.048828
0 0.210130 0.660920 0.048828 0.048828
0 0.175047 0.669974 0.048828 0.048828
0 0.159203 0.631495 0.048828 0.048828
0 0.141096 0.589622 0.048828 0.048828
0 0.026793 0.611125 0.048828 0.048828
0 0.129779 0.552276 0.048828 0.048828
0 0.083378 0.565856 0.048828 0.048828
0 0.024529 0.566988 0.048828 0.048828
0 0.094696 0.522851 0.048828 0.048828
0 0.044900 0.533036 0.048828 0.048828
0 0.041505 0.487768 0.048828 0.048828
0 0.067534 0.473056 0.048828 0.048828
0 0.124120 0.476451 0.048828 0.048828
0 0.158071 0.486636 0.048828 0.048828
0 0.185233 0.528510 0.048828 0.048828
0 0.216920 0.500217 0.048828 0.048828
0 0.242950 0.531905 0.048828 0.048828
0 0.211262 0.576042 0.048828 0.048828
0 0.235028 0.628100 0.048828 0.048828
0 0.270111 0.613388 0.048828 0.048828
0 0.310853 0.659788 0.048828 0.048828
0 0.322170 0.626969 0.048828 0.048828
0 0.357253 0.643944 0.048828 0.048828
0 0.401390 0.628100 0.048828 0.048828
0 0.362911 0.576042 0.048828 0.048828
0 0.327828 0.595281 0.048828 0.048828
0 0.284823 0.560198 0.048828 0.048828
0 0.325565 0.543222 0.048828 0.048828
0 0.371965 0.538695 0.048828 0.048828
0 0.361780 0.497953 0.048828 0.048828
0 0.322170 0.502480 0.048828 0.048828
0 0.274638 0.509271 0.048828 0.048828
0 0.038110 0.323670 0.048828 0.048828
0 0.073193 0.357621 0.048828 0.048828
0 0.104881 0.318011 0.048828 0.048828
0 0.057349 0.414207 0.048828 0.048828
0 0.094696 0.391572 0.048828 0.048828
0 0.142227 0.417602 0.048828 0.048828
0 0.126383 0.363280 0.048828 0.048828
0 0.193154 0.282928 0.048828 0.048828
0 0.161467 0.316879 0.048828 0.048828
0 0.172784 0.367806 0.048828 0.048828
0 0.181837 0.435709 0.048828 0.048828
0 0.214657 0.456080 0.048828 0.048828
0 0.213525 0.416470 0.048828 0.048828
0 0.267848 0.445895 0.048828 0.048828
0 0.295009 0.423260 0.048828 0.048828
0 0.323301 0.457212 0.048828 0.048828
0 0.368570 0.461739 0.048828 0.048828
0 0.422892 0.483241 0.048828 0.048828
0 0.429682 0.586227 0.048828 0.048828
0 0.419497 0.398363 0.048828 0.048828
0 0.417234 0.432314 0.048828 0.048828
0 0.369702 0.416470 0.048828 0.048828
0 0.371965 0.384782 0.048828 0.048828
0 0.332355 0.377992 0.048828 0.048828
0 0.232764 0.396099 0.048828 0.048828
0 0.282560 0.366675 0.048828 0.048828
0 0.235028 0.363280 0.048828 0.048828
0 0.255399 0.332723 0.048828 0.048828
0 0.215789 0.318011 0.048828 0.048828
0 0.254267 0.301035 0.048828 0.048828
0 0.289350 0.315748 0.048828 0.048828
0 0.316511 0.280665 0.048828 0.048828
0 0.324433 0.323670 0.048828 0.048828
0 0.351594 0.333855 0.048828 0.048828
0 0.392336 0.329328 0.048828 0.048828
0 0.347067 0.268216 0.048828 0.048828
0 0.377624 0.295377 0.048828 0.048828
0 0.420629 0.297640 0.048828 0.048828
0 0.427419 0.530773 0.048828 0.048828
0 0.450053 0.341777 0.048828 0.048828
0 0.470424 0.299904 0.048828 0.048828
0 0.554171 0.290850 0.048828 0.048828
0 0.516824 0.321406 0.048828 0.048828
0 0.491927 0.351963 0.048828 0.048828
0 0.459107 0.370070 0.048828 0.048828
0 0.453448 0.416470 0.048828 0.048828
0 0.455712 0.465134 0.048828 0.048828
0 0.495322 0.423260 0.048828 0.048828
0 0.522483 0.374597 0.048828 0.048828
0 0.556434 0.382519 0.048828 0.048828
0 0.592649 0.376860 0.048828 0.048828
0 0.563224 0.337250 0.048828 0.048828
0 0.598307 0.336119 0.048828 0.048828
0 0.649235 0.315748 0.048828 0.048828
0 0.687713 0.299904 0.048828 0.048828
0 0.739771 0.287455 0.048828 0.048828
0 0.778250 0.303299 0.048828 0.048828
0 0.817860 0.282928 0.048828 0.048828
0 0.830308 0.323670 0.048828 0.048828
0 0.795225 0.339514 0.048828 0.048828
0 0.755615 0.345172 0.048828 0.048828
0 0.703557 0.349699 0.048828 0.048828
0 0.663947 0.367806 0.048828 0.048828
0 0.778250 0.383650 0.048828 0.048828
0 0.739771 0.405153 0.048828 0.048828
0 0.828045 0.381387 0.048828 0.048828
0 0.871050 0.422129 0.048828 0.048828
0 0.832572 0.435709 0.048828 0.048828
0 0.790699 0.444763 0.048828 0.048828
0 0.822386 0.486636 0.048828 0.048828
0 0.769196 0.477583 0.048828 0.048828
0 0.729586 0.477583 0.048828 0.048828
0 0.691108 0.411943 0.048828 0.048828
0 0.645839 0.409680 0.048828 0.048828
0 0.609625 0.416470 0.048828 0.048828
0 0.626600 0.449290 0.048828 0.048828
0 0.668474 0.458343 0.048828 0.048828
0 0.608493 0.480978 0.048828 0.048828
0 0.654893 0.496822 0.048828 0.048828
0 0.695635 0.516061 0.048828 0.048828
0 0.743167 0.516061 0.048828 0.048828
0 0.798621 0.511534 0.048828 0.048828
0 0.783908 0.547749 0.048828 0.048828
0 0.732981 0.550012 0.048828 0.048828
0 0.661683 0.540958 0.048828 0.048828
0 0.609625 0.514929 0.048828 0.048828
0 0.573410 0.527378 0.048828 0.048828
0 0.568883 0.491163 0.048828 0.048828
0 0.543985 0.427787 0.048828 0.048828
0 0.519088 0.453817 0.048828 0.048828
0 0.510034 0.504744 0.048828 0.048828
0 0.525878 0.552276 0.048828 0.048828
0 0.553039 0.578305 0.048828 0.048828
0 0.484005 0.531905 0.048828 0.048828
0 0.469292 0.563593 0.048828 0.048828
0 0.442131 0.626969 0.048828 0.048828
0 0.482873 0.612256 0.048828 0.048828
0 0.517956 0.593017 0.048828 0.048828
0 0.496453 0.650735 0.048828 0.048828
0 0.524746 0.634891 0.048828 0.048828
0 0.572278 0.619047 0.048828 0.048828
0 0.618678 0.560198 0.048828 0.048828
0 0.615283 0.624705 0.048828 0.048828
0 0.646971 0.599807 0.048828 0.048828
0 0.673000 0.565856 0.048828 0.048828
0 0.704688 0.588490 0.048828 0.048828
0 0.752220 0.583964 0.048828 0.048828
0 0.745430 0.633759 0.048828 0.048828
0 0.696766 0.637154 0.048828 0.048828
0 0.651498 0.656393 0.048828 0.048828
0 0.624337 0.677896 0.048828 0.048828
0 0.592649 0.692608 0.048828 0.048828
0 0.558698 0.660920 0.048828 0.048828
0 0.543985 0.706188 0.048828 0.048828
0 0.503244 0.684686 0.048828 0.048828
0 0.487400 0.714110 0.048828 0.048828
0 0.460239 0.679027 0.048828 0.048828
0 0.440999 0.710715 0.048828 0.048828
0 0.444395 0.752589 0.048828 0.048828
0 0.503244 0.750325 0.048828 0.048828
0 0.549644 0.759379 0.048828 0.048828
0 0.607361 0.740140 0.048828 0.048828
0 0.653761 0.708452 0.048828 0.048828
0 0.689976 0.693740 0.048828 0.048828
0 0.743167 0.677896 0.048828 0.048828
0 0.452317 0.817096 0.048828 0.048828
0 0.437604 0.854443 0.048828 0.048828
0 0.451185 0.900843 0.048828 0.048828
0 0.486268 0.889526 0.048828 0.048828
0 0.534932 0.892921 0.048828 0.048828
0 0.498717 0.840862 0.048828 0.048828
0 0.488531 0.794462 0.048828 0.048828
0 0.527010 0.795594 0.048828 0.048828
0 0.554171 0.847652 0.048828 0.048828
0 0.579068 0.793330 0.048828 0.048828
0 0.586990 0.878209 0.048828 0.048828
0 0.610756 0.829545 0.048828 0.048828
0 0.652630 0.844257 0.048828 0.048828
0 0.624337 0.782013 0.048828 0.048828
0 0.644708 0.761642 0.048828 0.048828
0 0.679791 0.760511 0.048828 0.048828
0 0.685449 0.797857 0.048828 0.048828
0 0.726191 0.794462 0.048828 0.048828
0 0.735245 0.767301 0.048828 0.048828
0 0.701293 0.729954 0.048828 0.048828
0 0.752220 0.723164 0.048828 0.048828
0 0.772591 0.753720 0.048828 0.048828
0 0.742035 0.841994 0.048828 0.048828
0 0.704688 0.835204 0.048828 0.048828
0 0.699030 0.873682 0.048828 0.048828
0 0.740903 0.881604 0.048828 0.048828
0 0.728454 0.917819 0.048828 0.048828
0 0.662815 0.895184 0.048828 0.048828
0 0.660552 0.948375 0.048828 0.048828
0 0.709215 0.950638 0.048828 0.048828
0 0.718269 0.989116 0.048828 0.048828
0 0.677527 0.978931 0.048828 0.048828
0 0.631127 0.973273 0.048828 0.048828
0 0.577937 0.982326 0.048828 0.048828
0 0.523614 0.981194 0.048828 0.048828
0 0.478346 0.950638 0.048828 0.048828
0 0.546249 0.935926 0.048828 0.048828
0 0.597176 0.935926 0.048828 0.048828
0 0.782777 0.963087 0.048828 0.048828
0 0.783908 0.845389 0.048828 0.048828
0 0.795225 0.798989 0.048828 0.048828
0 0.791830 0.878209 0.048828 0.048828
0 0.798621 0.930267 0.048828 0.048828
0 0.826913 0.987985 0.048828 0.048828
0 0.863128 0.997038 0.048828 0.048828
0 0.985353 0.933663 0.048828 0.048828
0 0.940085 0.925741 0.048828 0.048828
0 0.962719 0.903106 0.048828 0.048828
0 0.916319 0.999302 0.048828 0.048828
0 0.893684 0.950638 0.048828 0.048828
0 0.843889 0.949507 0.048828 0.048828
0 0.897079 0.901975 0.048828 0.048828
0 0.848416 0.897448 0.048828 0.048828
0 0.839362 0.840862 0.048828 0.048828
0 0.882367 0.848784 0.048828 0.048828
0 0.927636 0.858970 0.048828 0.048828
0 0.979694 0.858970 0.048828 0.048828
0 0.961587 0.817096 0.048828 0.048828
0 0.897079 0.797857 0.048828 0.048828
0 0.848416 0.803516 0.048828 0.048828
0 0.847284 0.769564 0.048828 0.048828
0 0.820123 0.743535 0.048828 0.048828
0 0.789567 0.706188 0.048828 0.048828
0 0.823518 0.682422 0.048828 0.048828
0 0.850679 0.720901 0.048828 0.048828
0 0.797489 0.657525 0.048828 0.048828
0 0.838230 0.642813 0.048828 0.048828
0 0.807674 0.613388 0.048828 0.048828
0 0.816728 0.565856 0.048828 0.048828
0 0.865392 0.589622 0.048828 0.048828
0 0.892553 0.571515 0.048828 0.048828
0 0.850679 0.538695 0.048828 0.048828
0 0.861996 0.496822 0.048828 0.048828
0 0.883499 0.525114 0.048828 0.048828
0 0.925372 0.523983 0.048828 0.048828
0 0.936689 0.564724 0.048828 0.048828
0 0.981958 0.568120 0.048828 0.048828
0 0.964982 0.609993 0.048828 0.048828
0 0.924241 0.608861 0.048828 0.048828
0 0.936689 0.641681 0.048828 0.048828
0 0.897079 0.636022 0.048828 0.048828
0 0.864260 0.672237 0.048828 0.048828
0 0.903870 0.682422 0.048828 0.048828
0 0.946875 0.683554 0.048828 0.048828
0 0.895948 0.716374 0.048828 0.048828
0 0.942348 0.728823 0.048828 0.048828
0 0.899343 0.758247 0.048828 0.048828
0 0.936689 0.772959 0.048828 0.048828
0 0.985353 0.759379 0.048828 0.048828
0 0.989365 0.700633 0.048828 0.048828
0 0.992452 0.441368 0.048828 0.048828
0 0.984221 0.479434 0.048828 0.048828
0 0.982164 0.516472 0.048828 0.048828
0 0.950270 0.482521 0.048828 0.048828
0 0.903973 0.489723 0.048828 0.048828
0 0.918376 0.452685 0.048828 0.048828
0 0.948212 0.430051 0.048828 0.048828
0 0.982164 0.659480 0.048828 0.048828
0 0.873108 0.382724 0.048828 0.048828
0 0.857675 0.352888 0.048828 0.048828
0 0.921463 0.395070 0.048828 0.048828
0 0.907059 0.352888 0.048828 0.048828
0 0.901915 0.270582 0.048828 0.048828
0 0.932780 0.310706 0.048828 0.048828
0 0.966731 0.304533 0.048828 0.048828
0 0.983193 0.398157 0.048828 0.048828
0 0.945126 0.366263 0.048828 0.048828