0 0.006975 0.379427 0.048828 0.048828
0 0.112703 0.379427 0.048828 0.048828
0 0.145743 0.378105 0.048828 0.048828
0 0.178783 0.372819 0.048828 0.048828
0 0.260722 0.383392 0.048828 0.048828
0 0.349269 0.370176 0.048828 0.048828
0 0.408741 0.391321 0.048828 0.048828
0 0.470856 0.384713 0.048828 0.048828
0 0.646628 0.387356 0.048828 0.048828
0 0.761607 0.386035 0.048828 0.048828
0 0.809184 0.387356 0.048828 0.048828
0 0.840903 0.374140 0.048828 0.048828
0 0.900375 0.375462 0.048828 0.048828
0 0.983635 0.374140 0.048828 0.048828
0 0.988982 0.301379 0.048828 0.048828
0 0.950258 0.310315 0.048828 0.048828
0 0.925434 0.354998 0.048828 0.048828
0 0.875787 0.338118 0.048828 0.048828
0 0.832098 0.329181 0.048828 0.048828
0 0.866851 0.290457 0.048828 0.048828
0 0.908554 0.277549 0.048828 0.048828
0 0.949265 0.250739 0.048828 0.048828
0 0.984017 0.254711 0.048828 0.048828
0 0.969123 0.194142 0.048828 0.048828
0 0.917491 0.199107 0.048828 0.048828
0 0.874795 0.194142 0.048828 0.048828
0 0.845006 0.245775 0.048828 0.048828
0 0.808268 0.283506 0.048828 0.048828
0 0.794367 0.308330 0.048828 0.048828
0 0.807275 0.329181 0.048828 0.048828
0 0.789402 0.350033 0.048828 0.048828
0 0.751671 0.354998 0.048828 0.048828
0 0.750678 0.314287 0.048828 0.048828
0 0.731812 0.295421 0.048828 0.048828
0 0.760607 0.264640 0.048828 0.048828
0 0.799331 0.239817 0.048828 0.048828
0 0.813233 0.209036 0.048828 0.048828
0 0.764579 0.195135 0.048828 0.048828
0 0.706988 0.206057 0.048828 0.048828
0 0.674222 0.229888 0.048828 0.048828
0 0.715925 0.241803 0.048828 0.048828
0 0.690109 0.269605 0.048828 0.048828
0 0.704010 0.337125 0.048828 0.048828
0 0.687130 0.359962 0.048828 0.048828
0 0.619610 0.360955 0.048828 0.048828
0 0.637483 0.329181 0.048828 0.048828
0 0.620603 0.299393 0.048828 0.048828
0 0.633511 0.258683 0.048828 0.048828
0 0.579893 0.310315 0.048828 0.048828
0 0.543154 0.359962 0.048828 0.048828
0 0.505423 0.342089 0.048828 0.048828
0 0.431945 0.355991 0.048828 0.048828
0 0.453790 0.329181 0.048828 0.048828
0 0.506416 0.309323 0.048828 0.048828
0 0.539182 0.289464 0.048828 0.048828
0 0.587836 0.250739 0.048828 0.048828
0 0.576914 0.200100 0.048828 0.048828
0 0.532232 0.226909 0.048828 0.048828
0 0.493507 0.255704 0.048828 0.048828
0 0.456769 0.282513 0.048828 0.048828
0 0.410101 0.317266 0.048828 0.048828
0 0.429960 0.252725 0.048828 0.048828
0 0.409108 0.266626 0.048828 0.048828
0 0.386270 0.240810 0.048828 0.048828
0 0.316765 0.281520 0.048828 0.048828
0 0.346553 0.312301 0.048828 0.048828
0 0.315772 0.326202 0.048828 0.048828
0 0.289956 0.346061 0.048828 0.048828
0 0.254210 0.320245 0.048828 0.048828
0 0.215486 0.358969 0.048828 0.048828
0 0.152931 0.332160 0.048828 0.048828
0 0.158888 0.305351 0.048828 0.048828
0 0.208535 0.283506 0.048828 0.048828
0 0.242295 0.268612 0.048828 0.048828
0 0.266125 0.258683 0.048828 0.048828
0 0.094347 0.362941 0.048828 0.048828
0 0.056616 0.362941 0.048828 0.048828
0 0.056616 0.344075 0.048828 0.048828
0 0.089383 0.324217 0.048828 0.048828
0 0.106263 0.287478 0.048828 0.048828
0 0.083425 0.286485 0.048828 0.048828
0 0.049665 0.293436 0.048828 0.048828
0 0.023849 0.326202 0.048828 0.048828
0 0.037750 0.256697 0.048828 0.048828
0 0.094518 0.242515 0.048828 0.048828
0 0.028322 0.214432 0.048828 0.048828
0 0.061420 0.217441 0.048828 0.048828
0 0.029325 0.155257 0.048828 0.048828
0 0.086494 0.180331 0.048828 0.048828
0 0.085491 0.121156 0.048828 0.048828
0 0.118589 0.137204 0.048828 0.048828
0 0.155699 0.114136 0.048828 0.048828
0 0.154696 0.184343 0.048828 0.048828
0 0.193811 0.164284 0.048828 0.048828
0 0.172749 0.240509 0.048828 0.048828
0 0.194814 0.223459 0.048828 0.048828
0 0.238945 0.219447 0.048828 0.048828
0 0.262013 0.192367 0.048828 0.048828
0 0.299123 0.206408 0.048828 0.048828
0 0.318179 0.228474 0.048828 0.048828
0 0.463622 0.209893 0.048828 0.048828
0 0.432255 0.218447 0.048828 0.048828
0 0.398036 0.198486 0.048828 0.048828
0 0.409442 0.164268 0.048828 0.048828
0 0.390907 0.132900 0.048828 0.048828
0 0.346708 0.121494 0.048828 0.048828
0 0.345282 0.164268 0.048828 0.048828
0 0.305360 0.131475 0.048828 0.048828
0 0.252606 0.150010 0.048828 0.048828
0 0.226942 0.107236 0.048828 0.048828
0 0.262586 0.102959 0.048828 0.048828
0 0.292528 0.080146 0.048828 0.048828
0 0.341004 0.085849 0.048828 0.048828
0 0.378075 0.087275 0.048828 0.048828
0 0.372372 0.043076 0.048828 0.048828
0 0.426551 0.035947 0.048828 0.048828
0 0.446512 0.120068 0.048828 0.048828
0 0.506395 0.172822 0.048828 0.048828
0 0.522079 0.132900 0.048828 0.048828
0 0.560846 0.153427 0.048828 0.048828
0 0.602088 0.159319 0.048828 0.048828
0 0.663361 0.175815 0.048828 0.048828
0 0.665718 0.122790 0.048828 0.048828
0 0.702246 0.162854 0.048828 0.048828
0 0.741131 0.162854 0.048828 0.048828
0 0.712851 0.116899 0.048828 0.048828
0 0.757628 0.131039 0.048828 0.048828
0 0.802405 0.145179 0.048828 0.048828
0 0.866035 0.144000 0.048828 0.048828
0 0.864856 0.100402 0.048828 0.048828
0 0.797691 0.102759 0.048828 0.048828
0 0.754093 0.089797 0.048828 0.048828
0 0.681036 0.082727 0.048828 0.048828
0 0.697533 0.036772 0.048828 0.048828
0 0.738775 0.016740 0.048828 0.048828
0 0.782373 0.048555 0.048828 0.048828
0 0.824793 0.057982 0.048828 0.048828
0 0.810653 0.021453 0.048828 0.048828
0 0.861321 0.033237 0.048828 0.048828
0 0.903742 0.067408 0.048828 0.048828
0 0.903742 0.007313 0.048828 0.048828
0 0.638616 0.040307 0.048828 0.048828
0 0.600910 0.046198 0.048828 0.048828
0 0.630368 0.079192 0.048828 0.048828
0 0.576165 0.093332 0.048828 0.048828
0 0.529031 0.094510 0.048828 0.048828
0 0.483076 0.055625 0.048828 0.048828
0 0.478363 0.106294 0.048828 0.048828
0 0.453618 0.082727 0.048828 0.048828
0 0.534923 0.001422 0.048828 0.048828
0 0.364064 0.000243 0.048828 0.048828
0 0.321644 0.027345 0.048828 0.048828
0 0.261549 0.006135 0.048828 0.048828
0 0.249766 0.048555 0.048828 0.048828
0 0.225021 0.080370 0.048828 0.048828
0 0.190849 0.049733 0.048828 0.048828
0 0.149608 0.057982 0.048828 0.048828
0 0.094226 0.063873 0.048828 0.048828
0 0.029417 0.057982 0.048828 0.048828
0 0.093047 0.007313 0.048828 0.048828
0 0.135468 0.007313 0.048828 0.048828
0 0.173174 0.007313 0.048828 0.048828
0 0.992651 0.164567 0.048828 0.048828
0 0.948056 0.158041 0.048828 0.048828
0 0.965459 0.125411 0.048828 0.048828
0 0.925215 0.110183 0.048828 0.048828
0 0.941530 0.054712 0.048828 0.048828
0 0.986125 0.003592 0.048828 0.048828