0 0.896510 0.959980 0.048828 0.048828
0 0.943141 0.956094 0.048828 0.048828
0 0.895215 0.921121 0.048828 0.048828
0 0.952208 0.897806 0.048828 0.048828
0 0.987181 0.879672 0.048828 0.048828
0 0.961275 0.829155 0.048828 0.048828
0 0.985886 0.801954 0.048828 0.048828
0 0.970342 0.764390 0.048828 0.048828
0 0.943141 0.730712 0.048828 0.048828
0 0.961275 0.676310 0.048828 0.048828
0 0.957389 0.641337 0.048828 0.048828
0 0.918530 0.671129 0.048828 0.048828
0 0.912054 0.709988 0.048828 0.048828
0 0.870604 0.703511 0.048828 0.048828
0 0.849880 0.763095 0.048828 0.048828
0 0.829155 0.823974 0.048828 0.048828
0 0.882262 0.834336 0.048828 0.048828
0 0.915940 0.786410 0.048828 0.048828