0 0.004149 0.010670 0.048828 0.048828
0 0.041158 0.003449 0.048828 0.048828
0 0.158505 0.004351 0.048828 0.048828
0 0.196417 0.008865 0.048828 0.048828
0 0.103442 0.016989 0.048828 0.048828
0 0.239745 0.035945 0.048828 0.048828
0 0.228011 0.078370 0.048828 0.048828
0 0.155797 0.053095 0.048828 0.048828
0 0.106150 0.048582 0.048828 0.048828
0 0.066433 0.040458 0.048828 0.048828
0 0.012273 0.049485 0.048828 0.048828
0 0.043866 0.078370 0.048828 0.048828
0 0.087194 0.082884 0.048828 0.048828
0 0.125107 0.100937 0.048828 0.048828
0 0.169337 0.080176 0.048828 0.048828
0 0.209957 0.110866 0.048828 0.048828
0 0.215373 0.146973 0.048828 0.048828
0 0.180169 0.153292 0.048828 0.048828
0 0.138647 0.150584 0.048828 0.048828
0 0.089902 0.150584 0.048828 0.048828
0 0.068238 0.114477 0.048828 0.048828
0 0.054698 0.135238 0.048828 0.048828
0 0.026716 0.119893 0.048828 0.048828
0 0.008662 0.189398 0.048828 0.048828
0 0.033034 0.163221 0.048828 0.048828
0 0.044769 0.205646 0.048828 0.048828
0 0.074557 0.200230 0.048828 0.048828
0 0.079070 0.248072 0.048828 0.048828
0 0.116080 0.247169 0.048828 0.048828
0 0.135036 0.203841 0.048828 0.048828
0 0.170240 0.200230 0.048828 0.048828
0 0.203639 0.199328 0.048828 0.048828
0 0.205444 0.248975 0.048828 0.048828
0 0.171143 0.243559 0.048828 0.048828
0 0.199125 0.282373 0.048828 0.048828
0 0.156700 0.280568 0.048828 0.048828
0 0.111566 0.281471 0.048828 0.048828
0 0.067336 0.283276 0.048828 0.048828
0 0.204541 0.317577 0.048828 0.048828
0 0.171143 0.320285 0.048828 0.048828
0 0.137744 0.321188 0.048828 0.048828
0 0.088097 0.322993 0.048828 0.048828
0 0.021300 0.295913 0.048828 0.048828
0 0.058309 0.352781 0.048828 0.048828
0 0.024008 0.337436 0.048828 0.048828
0 0.006857 0.359100 0.048828 0.048828
0 0.031229 0.432216 0.048828 0.048828
0 0.015884 0.389791 0.048828 0.048828
0 0.048380 0.397915 0.048828 0.048828
0 0.079070 0.392499 0.048828 0.048828
0 0.093513 0.424995 0.048828 0.048828
0 0.146771 0.440340 0.048828 0.048828
0 0.196417 0.353684 0.048828 0.048828
0 0.214471 0.412357 0.048828 0.048828
0 0.211763 0.460199 0.048828 0.048828
0 0.274949 0.464712 0.048828 0.048828
0 0.220789 0.496306 0.048828 0.048828
0 0.231621 0.546855 0.048828 0.048828
0 0.206347 0.579351 0.048828 0.048828
0 0.207249 0.609139 0.048828 0.048828
0 0.170240 0.594697 0.048828 0.048828
0 0.164824 0.543244 0.048828 0.048828
0 0.139549 0.549563 0.048828 0.048828
0 0.096221 0.545050 0.048828 0.048828
0 0.089000 0.492695 0.048828 0.048828
0 0.129620 0.463810 0.048828 0.048828
0 0.073654 0.461102 0.048828 0.048828
0 0.035742 0.480960 0.048828 0.048828
0 0.051990 0.513456 0.048828 0.048828
0 0.007760 0.579351 0.048828 0.048828
0 0.023105 0.545050 0.048828 0.048828
0 0.040256 0.584767 0.048828 0.048828
0 0.094416 0.579351 0.048828 0.048828
0 0.098929 0.621777 0.048828 0.048828
0 0.070946 0.610042 0.048828 0.048828
0 0.059212 0.630803 0.048828 0.048828
0 0.033034 0.631706 0.048828 0.048828
0 0.208152 0.638025 0.048828 0.048828
0 0.144965 0.638927 0.048828 0.048828
0 0.158505 0.670521 0.048828 0.048828
0 0.129620 0.736415 0.048828 0.048828
0 0.160311 0.706627 0.048828 0.048828
0 0.072752 0.812240 0.048828 0.048828
0 0.105409 0.371993 0.048828 0.048828
0 0.014981 0.790576 0.048828 0.048828
0 0.023105 0.706627 0.048828 0.048828
0 0.049282 0.730999 0.048828 0.048828
0 0.043866 0.668715 0.048828 0.048828
0 0.086292 0.696698 0.048828 0.048828
0 0.125107 0.703017 0.048828 0.048828
0 0.035742 0.853762 0.048828 0.048828
0 0.110664 0.819461 0.048828 0.048828
0 0.136841 0.872718 0.048828 0.048828
0 0.085389 0.899798 0.048828 0.048828
0 0.058309 0.897090 0.048828 0.048828
0 0.042061 0.925073 0.048828 0.048828
0 0.088097 0.936808 0.048828 0.048828
0 0.130523 0.963888 0.048828 0.048828
0 0.024008 0.996384 0.048828 0.048828
0 0.209957 0.809532 0.048828 0.048828
0 0.202736 0.895285 0.048828 0.048828
0 0.127578 0.374008 0.048828 0.048828
0 0.150755 0.405246 0.048828 0.048828