0 0.169319 0.993947 0.048828 0.048828
0 0.117686 0.998911 0.048828 0.048828
0 0.074990 0.993947 0.048828 0.048828
0 0.002600 0.944983 0.048828 0.048828
0 0.066230 0.943805 0.048828 0.048828
0 0.065052 0.900207 0.048828 0.048828
0 0.024988 0.857786 0.048828 0.048828
0 0.010848 0.821258 0.048828 0.048828
0 0.061517 0.833041 0.048828 0.048828
0 0.103937 0.867213 0.048828 0.048828
0 0.103937 0.807118 0.048828 0.048828
0 0.013205 0.763520 0.048828 0.048828
0 0.066230 0.752915 0.048828 0.048828
0 0.107472 0.749380 0.048828 0.048828
0 0.094510 0.691641 0.048828 0.048828
0 0.102759 0.633903 0.048828 0.048828
0 0.054447 0.656291 0.048828 0.048828
0 0.108650 0.586770 0.048828 0.048828
0 0.054447 0.600910 0.048828 0.048828
0 0.009670 0.605623 0.048828 0.048828
0 0.039128 0.554955 0.048828 0.048828
0 0.080370 0.563203 0.048828 0.048828
0 0.079192 0.530210 0.048828 0.048828
0 0.121612 0.538458 0.048828 0.048828
0 0.111007 0.486611 0.048828 0.048828
0 0.052090 0.473649 0.048828 0.048828
0 0.069765 0.434764 0.048828 0.048828
0 0.050912 0.391166 0.048828 0.048828
0 0.026167 0.414733 0.048828 0.048828
0 0.007313 0.375848 0.048828 0.048828
0 0.015562 0.505465 0.048828 0.048828
0 0.659455 0.997001 0.048828 0.048828
0 0.676858 0.973073 0.048828 0.048828
0 0.721452 0.986125 0.048828 0.048828
0 0.738855 0.954582 0.048828 0.048828
0 0.704050 0.926303 0.048828 0.048828
0 0.734504 0.904550 0.048828 0.048828
0 0.785625 0.927391 0.048828 0.048828
0 0.786712 0.971985 0.048828 0.048828
0 0.834570 0.983949 0.048828 0.048828
0 0.831307 0.917602 0.048828 0.048828
0 0.875901 0.941530 0.048828 0.048828
0 0.896567 0.916514 0.048828 0.048828
0 0.884602 0.997001 0.048828 0.048828
0 0.917232 0.977423 0.048828 0.048828
0 0.965090 0.962196 0.048828 0.048828
0 0.987931 0.851254 0.048828 0.048828
0 0.972703 0.907813 0.048828 0.048828
0 0.946599 0.840377 0.048828 0.048828
0 0.921583 0.882796 0.048828 0.048828
0 0.900917 0.846903 0.048828 0.048828
0 0.905268 0.799046 0.048828 0.048828
0 0.876989 0.873007 0.048828 0.048828
0 0.806290 0.889322 0.048828 0.048828
0 0.746469 0.864306 0.048828 0.048828
0 0.698611 0.875183 0.048828 0.048828
0 0.693173 0.830588 0.048828 0.048828
0 0.750819 0.801221 0.048828 0.048828
0 0.723628 0.772942 0.048828 0.048828
0 0.783449 0.836027 0.048828 0.048828
0 0.824781 0.846903 0.048828 0.048828
0 0.842183 0.811010 0.048828 0.048828
0 0.803027 0.781643 0.048828 0.048828
0 0.850885 0.772942 0.048828 0.048828
0 0.950950 0.754452 0.048828 0.048828
0 0.903093 0.744663 0.048828 0.048828
0 0.818255 0.720734 0.048828 0.048828
0 0.776923 0.685929 0.048828 0.048828
0 0.764959 0.726172 0.048828 0.048828
0 0.726891 0.691367 0.048828 0.048828
0 0.707313 0.725085 0.048828 0.048828
0 0.659455 0.729435 0.048828 0.048828
0 0.657280 0.780556 0.048828 0.048828
0 0.639877 0.862131 0.048828 0.048828
0 0.642053 0.920865 0.048828 0.048828
0 0.615949 0.963284 0.048828 0.048828
0 0.593108 0.995914 0.048828 0.048828
0 0.543075 0.990475 0.048828 0.048828
0 0.574617 0.936092 0.048828 0.048828
0 0.585494 0.894761 0.048828 0.048828
0 0.606160 0.853429 0.048828 0.048828
0 0.627913 0.800134 0.048828 0.048828
0 0.617036 0.738137 0.048828 0.048828
0 0.606160 0.767504 0.048828 0.048828
0 0.581143 0.808835 0.048828 0.048828
0 0.553951 0.861043 0.048828 0.048828
0 0.536549 0.905637 0.048828 0.048828
0 0.526760 0.942618 0.048828 0.048828
0 0.479990 0.965459 0.048828 0.048828
0 0.494130 0.912163 0.048828 0.048828
0 0.520234 0.863218 0.048828 0.048828
0 0.436483 0.958933 0.048828 0.048828
0 0.403853 0.995914 0.048828 0.048828
0 0.374486 0.956758 0.048828 0.048828
0 0.339681 0.965459 0.048828 0.048828
0 0.289648 0.973073 0.048828 0.048828
0 0.291824 0.924128 0.048828 0.048828
0 0.335330 0.916514 0.048828 0.048828
0 0.402766 0.927391 0.048828 0.048828
0 0.437571 0.903462 0.048828 0.048828
0 0.462587 0.862131 0.048828 0.048828
0 0.527847 0.818624 0.048828 0.048828
0 0.481078 0.815361 0.048828 0.048828
0 0.422344 0.828413 0.048828 0.048828
0 0.390801 0.871920 0.048828 0.048828
0 0.367960 0.809923 0.048828 0.048828
0 0.346207 0.845816 0.048828 0.048828
0 0.313577 0.881709 0.048828 0.048828
0 0.308139 0.820799 0.048828 0.048828
0 0.246142 0.954582 0.048828 0.048828
0 0.192846 0.964371 0.048828 0.048828
0 0.148252 0.957845 0.048828 0.048828
0 0.165654 0.925215 0.048828 0.048828
0 0.125411 0.909988 0.048828 0.048828
0 0.141726 0.854517 0.048828 0.048828
0 0.226564 0.895848 0.048828 0.048828
0 0.257018 0.876270 0.048828 0.048828
0 0.218950 0.846903 0.048828 0.048828
0 0.267895 0.847991 0.048828 0.048828
0 0.255931 0.802309 0.048828 0.048828
0 0.186320 0.803397 0.048828 0.048828
0 0.153690 0.775117 0.048828 0.048828
0 0.185232 0.749013 0.048828 0.048828
0 0.154778 0.691367 0.048828 0.048828
0 0.150427 0.645685 0.048828 0.048828
0 0.192846 0.631545 0.048828 0.048828
0 0.161304 0.584775 0.048828 0.048828
0 0.202635 0.576074 0.048828 0.048828
0 0.252668 0.574986 0.048828 0.048828
0 0.242879 0.629370 0.048828 0.048828
0 0.214599 0.680490 0.048828 0.048828
0 0.261369 0.696805 0.048828 0.048828
0 0.257018 0.765328 0.048828 0.048828
0 0.316840 0.769679 0.048828 0.048828
0 0.321191 0.727260 0.048828 0.048828
0 0.288561 0.628282 0.048828 0.048828
0 0.327717 0.645685 0.048828 0.048828
0 0.346207 0.684841 0.048828 0.048828
0 0.376662 0.743575 0.048828 0.048828
0 0.414730 0.779468 0.048828 0.048828
0 0.462587 0.778380 0.048828 0.048828
0 0.555039 0.759890 0.048828 0.048828
0 0.577880 0.714208 0.048828 0.048828
0 0.654017 0.685929 0.048828 0.048828
0 0.689910 0.652211 0.048828 0.048828
0 0.609423 0.669614 0.048828 0.048828
0 0.637702 0.634808 0.048828 0.048828
0 0.585494 0.623931 0.048828 0.048828
0 0.564828 0.662000 0.048828 0.048828
0 0.518058 0.682666 0.048828 0.048828
0 0.521321 0.725085 0.048828 0.048828
0 0.484341 0.726172 0.048828 0.048828
0 0.414730 0.739224 0.048828 0.048828
0 0.483253 0.663088 0.048828 0.048828
0 0.449535 0.682666 0.048828 0.048828
0 0.408204 0.681578 0.048828 0.048828
0 0.445185 0.635896 0.048828 0.048828
0 0.362522 0.648948 0.048828 0.048828
0 0.339681 0.604353 0.048828 0.048828
0 0.310314 0.571723 0.048828 0.048828
0 0.351645 0.560847 0.048828 0.048828
0 0.399503 0.588038 0.048828 0.048828
0 0.436483 0.583688 0.048828 0.048828
0 0.488691 0.576074 0.048828 0.048828
0 0.540899 0.578249 0.048828 0.048828
0 0.485428 0.611967 0.048828 0.048828
0 0.534373 0.615230 0.048828 0.048828
0 0.601809 0.589126 0.048828 0.048828
0 0.659455 0.591301 0.048828 0.048828
0 0.698611 0.608704 0.048828 0.048828
0 0.744293 0.643509 0.048828 0.048828
0 0.824781 0.658737 0.048828 0.048828
0 0.799764 0.617405 0.048828 0.048828
0 0.826956 0.588038 0.048828 0.048828
0 0.788888 0.560847 0.048828 0.048828
0 0.749732 0.572811 0.048828 0.048828
0 0.757345 0.532567 0.048828 0.048828
0 0.692085 0.545619 0.048828 0.048828
0 0.652929 0.535830 0.048828 0.048828
0 0.664894 0.489061 0.048828 0.048828
0 0.595283 0.541269 0.048828 0.048828
0 0.558302 0.530392 0.048828 0.048828
0 0.513708 0.527129 0.048828 0.048828
0 0.470201 0.530392 0.048828 0.048828
0 0.416905 0.538006 0.048828 0.048828
0 0.387538 0.518428 0.048828 0.048828
0 0.342944 0.509726 0.048828 0.048828
0 0.297262 0.518428 0.048828 0.048828
0 0.258106 0.526041 0.048828 0.048828
0 0.222213 0.526041 0.048828 0.048828
0 0.180882 0.535830 0.048828 0.048828
0 0.158041 0.490148 0.048828 0.048828
0 0.143901 0.449905 0.048828 0.048828
0 0.198284 0.472746 0.048828 0.048828
0 0.257018 0.474921 0.048828 0.048828
0 0.310314 0.473833 0.048828 0.048828
0 0.339681 0.480359 0.048828 0.048828
0 0.376662 0.469483 0.048828 0.048828
0 0.470201 0.474921 0.048828 0.048828
0 0.520234 0.476009 0.048828 0.048828
0 0.571354 0.486885 0.048828 0.048828
0 0.613773 0.490148 0.048828 0.048828
0 0.754082 0.480359 0.048828 0.048828
0 0.783449 0.508639 0.048828 0.048828
0 0.822605 0.510814 0.048828 0.048828
0 0.841096 0.462957 0.048828 0.048828
0 0.806290 0.465132 0.048828 0.048828
0 0.768222 0.440116 0.048828 0.048828
0 0.727978 0.460781 0.048828 0.048828
0 0.695348 0.447729 0.048828 0.048828
0 0.639877 0.447729 0.048828 0.048828
0 0.594195 0.445554 0.048828 0.048828
0 0.511532 0.434677 0.048828 0.048828
0 0.460412 0.439028 0.048828 0.048828
0 0.409292 0.436853 0.048828 0.048828
0 0.309226 0.428151 0.048828 0.048828
0 0.267895 0.433590 0.048828 0.048828
0 0.218950 0.440116 0.048828 0.048828
0 0.868287 0.706594 0.048828 0.048828
0 0.899830 0.706594 0.048828 0.048828
0 0.938986 0.707682 0.048828 0.048828
0 0.984668 0.725085 0.048828 0.048828
0 0.986843 0.692455 0.048828 0.048828
0 0.935723 0.665263 0.048828 0.048828
0 0.898742 0.658737 0.048828 0.048828
0 0.854148 0.643509 0.048828 0.048828
0 0.873726 0.590214 0.048828 0.048828
0 0.842183 0.553233 0.048828 0.048828
0 0.881339 0.499937 0.048828 0.048828
0 0.900917 0.548882 0.048828 0.048828
0 0.941161 0.533655 0.048828 0.048828
0 0.925934 0.611967 0.048828 0.048828
0 0.965090 0.621756 0.048828 0.048828
0 0.981405 0.544532 0.048828 0.048828
0 0.960739 0.574986 0.048828 0.048828
0 0.934635 0.480359 0.048828 0.048828
0 0.991194 0.493411 0.048828 0.048828
0 0.999895 0.367242 0.048828 0.048828
0 0.987931 0.405310 0.048828 0.048828
0 0.977054 0.446642 0.048828 0.048828
0 0.922671 0.445554 0.048828 0.048828
0 0.879164 0.450992 0.048828 0.048828
0 0.812816 0.416187 0.048828 0.048828
0 0.857411 0.412924 0.048828 0.048828
0 0.885690 0.416187 0.048828 0.048828
0 0.844359 0.368330 0.048828 0.048828
0 0.884602 0.374856 0.048828 0.048828
0 0.933547 0.402047 0.048828 0.048828
0 0.964002 0.367242 0.048828 0.048828
0 0.981405 0.262826 0.048828 0.048828
0 0.949862 0.232371 0.048828 0.048828
0 0.944424 0.284579 0.048828 0.048828
0 0.903093 0.271527 0.048828 0.048828
0 0.883515 0.243248 0.048828 0.048828
0 0.918320 0.181251 0.048828 0.048828
0 0.953125 0.184514 0.048828 0.048828
0 0.881339 0.184514 0.048828 0.048828
0 0.833482 0.187777 0.048828 0.048828
0 0.844359 0.222582 0.048828 0.048828
0 0.851972 0.262826 0.048828 0.048828
0 0.812816 0.258475 0.048828 0.048828
0 0.812816 0.297631 0.048828 0.048828
0 0.780186 0.325911 0.048828 0.048828
0 0.748644 0.337875 0.048828 0.048828
0 0.712751 0.316122 0.048828 0.048828
0 0.749732 0.275878 0.048828 0.048828
0 0.778011 0.233459 0.048828 0.048828
0 0.780186 0.193215 0.048828 0.048828
0 0.748644 0.188865 0.048828 0.048828
0 0.723628 0.253037 0.048828 0.048828
0 0.689910 0.209530 0.048828 0.048828
0 0.689910 0.268264 0.048828 0.048828
0 0.651842 0.328086 0.048828 0.048828
0 0.688822 0.356365 0.048828 0.048828
0 0.706225 0.399872 0.048828 0.048828
0 0.663806 0.410749 0.048828 0.048828
0 0.619212 0.397697 0.048828 0.048828
0 0.614861 0.340050 0.048828 0.048828
0 0.590932 0.385732 0.048828 0.048828
0 0.546338 0.414012 0.048828 0.048828
0 0.534373 0.363979 0.048828 0.048828
0 0.465850 0.380294 0.048828 0.048828
0 0.493042 0.328086 0.048828 0.048828
0 0.561565 0.322648 0.048828 0.048828
0 0.595283 0.297631 0.048828 0.048828
0 0.645316 0.275878 0.048828 0.048828
0 0.472376 0.303070 0.048828 0.048828
0 0.496305 0.272615 0.048828 0.048828
0 0.524584 0.292193 0.048828 0.048828
0 0.536549 0.245423 0.048828 0.048828
0 0.570267 0.275878 0.048828 0.048828
0 0.594195 0.235634 0.048828 0.048828
0 0.647491 0.220407 0.048828 0.048828
0 0.458237 0.221495 0.048828 0.048828
0 0.495217 0.189952 0.048828 0.048828
0 0.540899 0.187777 0.048828 0.048828
0 0.599634 0.173637 0.048828 0.048828
0 0.639877 0.158410 0.048828 0.048828
0 0.713839 0.160585 0.048828 0.048828
0 0.754082 0.150796 0.048828 0.048828
0 0.801940 0.156235 0.048828 0.048828
0 0.845446 0.157322 0.048828 0.048828
0 0.903093 0.152972 0.048828 0.048828
0 0.971616 0.024627 0.048828 0.048828
0 0.930284 0.051819 0.048828 0.048828
0 0.890041 0.039854 0.048828 0.048828
0 0.866112 0.058345 0.048828 0.048828
0 0.826956 0.082273 0.048828 0.048828
0 0.801940 0.107290 0.048828 0.048828
0 0.783449 0.131218 0.048828 0.048828
0 0.685559 0.125780 0.048828 0.048828
0 0.718189 0.110553 0.048828 0.048828
0 0.766047 0.079010 0.048828 0.048828
0 0.781274 0.033328 0.048828 0.048828
0 0.826956 0.021364 0.048828 0.048828
0 0.743206 0.018101 0.048828 0.048828
0 0.732329 0.047468 0.048828 0.048828
0 0.869375 0.113816 0.048828 0.048828
0 0.899830 0.095325 0.048828 0.048828
0 0.936810 0.113816 0.048828 0.048828
0 0.984668 0.113816 0.048828 0.048828
0 0.987931 0.063783 0.048828 0.048828
0 0.702962 0.011575 0.048828 0.048828
0 0.651842 0.013750 0.048828 0.048828
0 0.617036 0.027890 0.048828 0.048828
0 0.572442 0.026802 0.048828 0.048828
0 0.532198 0.049643 0.048828 0.048828
0 0.512620 0.008312 0.048828 0.048828
0 0.384275 0.005049 0.048828 0.048828
0 0.428870 0.021364 0.048828 0.048828
0 0.481078 0.043117 0.048828 0.048828
0 0.439746 0.073572 0.048828 0.048828
0 0.401678 0.076835 0.048828 0.048828
0 0.354908 0.087712 0.048828 0.048828
0 0.383188 0.127955 0.048828 0.048828
0 0.425607 0.117079 0.048828 0.048828
0 0.436483 0.171462 0.048828 0.048828
0 0.482165 0.154059 0.048828 0.048828
0 0.471289 0.104027 0.048828 0.048828
0 0.508269 0.093150 0.048828 0.048828
0 0.578968 0.080098 0.048828 0.048828
0 0.524584 0.151884 0.048828 0.048828
0 0.558302 0.131218 0.048828 0.048828
0 0.609423 0.118166 0.048828 0.048828
0 0.650754 0.084449 0.048828 0.048828
0 0.680121 0.055082 0.048828 0.048828
0 0.372311 0.412924 0.048828 0.048828
0 0.406029 0.398784 0.048828 0.048828
0 0.341856 0.365067 0.048828 0.048828
0 0.377749 0.361804 0.048828 0.048828
0 0.412555 0.329174 0.048828 0.048828
0 0.415818 0.291105 0.048828 0.048828
0 0.413642 0.236722 0.048828 0.048828
0 0.384275 0.182339 0.048828 0.048828
0 0.367960 0.295456 0.048828 0.048828
0 0.359259 0.236722 0.048828 0.048828
0 0.336418 0.191040 0.048828 0.048828
0 0.332067 0.132306 0.048828 0.048828
0 0.308139 0.077923 0.048828 0.048828
0 0.376662 0.040942 0.048828 0.048828
0 0.326629 0.035504 0.048828 0.048828
0 0.298350 0.012663 0.048828 0.048828
0 0.272246 0.028978 0.048828 0.048828
0 0.264632 0.094238 0.048828 0.048828
0 0.280947 0.135569 0.048828 0.048828
0 0.240703 0.156235 0.048828 0.048828
0 0.275509 0.176900 0.048828 0.048828
0 0.310314 0.229108 0.048828 0.048828
0 0.258106 0.221495 0.048828 0.048828
0 0.280947 0.269352 0.048828 0.048828
0 0.295087 0.319385 0.048828 0.048828
0 0.285298 0.381382 0.048828 0.048828
0 0.202635 0.406398 0.048828 0.048828
0 0.223301 0.373768 0.048828 0.048828
0 0.228739 0.331349 0.048828 0.048828
0 0.221125 0.285667 0.048828 0.048828
0 0.218950 0.238897 0.048828 0.048828
0 0.224388 0.194303 0.048828 0.048828
0 0.153690 0.388995 0.048828 0.048828
0 0.175443 0.367242 0.048828 0.048828
0 0.177619 0.325911 0.048828 0.048828
0 0.136287 0.332437 0.048828 0.048828
0 0.106920 0.375943 0.048828 0.048828
0 0.080816 0.317209 0.048828 0.048828
0 0.041660 0.336787 0.048828 0.048828
0 0.002504 0.095325 0.048828 0.048828
0 0.028608 0.134481 0.048828 0.048828
0 0.082992 0.129043 0.048828 0.048828
0 0.055800 0.177988 0.048828 0.048828
0 0.104745 0.181251 0.048828 0.048828
0 0.158041 0.171462 0.048828 0.048828
0 0.177619 0.221495 0.048828 0.048828
0 0.133024 0.219319 0.048828 0.048828
0 0.059063 0.223670 0.048828 0.048828
0 0.022082 0.238897 0.048828 0.048828
0 0.027521 0.290018 0.048828 0.048828
0 0.087342 0.261738 0.048828 0.048828
0 0.124323 0.286755 0.048828 0.048828
0 0.168917 0.273703 0.048828 0.048828
0 0.205898 0.135569 0.048828 0.048828
0 0.199372 0.085536 0.048828 0.048828
0 0.230914 0.034416 0.048828 0.048828
0 0.196109 0.032241 0.048828 0.048828
0 0.122148 0.019189 0.048828 0.048828
0 0.161304 0.003961 0.048828 0.048828
0 0.163479 0.130131 0.048828 0.048828
0 0.122148 0.111640 0.048828 0.048828
0 0.160216 0.076835 0.048828 0.048828
0 0.086255 0.081186 0.048828 0.048828
0 0.029696 0.039854 0.048828 0.048828
0 0.053625 0.005049 0.048828 0.048828
0 0.971024 0.805802 0.048828 0.048828
0 0.992281 0.149709 0.048828 0.048828
0 0.927021 0.316122 0.048828 0.048828
0 0.917232 0.350927 0.048828 0.048828
0 0.868287 0.337875 0.048828 0.048828
0 0.871550 0.292193 0.048828 0.048828
0 0.784537 0.363979 0.048828 0.048828
0 0.749732 0.393346 0.048828 0.048828
0 0.973791 0.312859 0.048828 0.048828