0 0.801146 0.252534 0.048828 0.048828
0 0.834549 0.256113 0.048828 0.048828
0 0.871531 0.237026 0.048828 0.048828
0 0.872724 0.207202 0.048828 0.048828
0 0.922828 0.209588 0.048828 0.048828
0 0.975319 0.177378 0.048828 0.048828
0 0.958617 0.235833 0.048828 0.048828
0 0.969354 0.359900 0.048828 0.048828
0 0.887040 0.396882 0.048828 0.048828
0 0.978897 0.441022 0.048828 0.048828
0 0.974126 0.573440 0.048828 0.048828
0 0.933565 0.593720 0.048828 0.048828
0 0.894197 0.612808 0.048828 0.048828
0 0.920442 0.523336 0.048828 0.048828
0 0.858409 0.557932 0.048828 0.048828
0 0.609080 0.951608 0.048828 0.048828
0 0.351401 0.808453 0.048828 0.048828
0 0.315612 0.806067 0.048828 0.048828
0 0.279823 0.843049 0.048828 0.048828
0 0.221368 0.800102 0.048828 0.048828
0 0.406277 0.741647 0.048828 0.048828
0 0.380032 0.671263 0.048828 0.048828
0 0.323963 0.645018 0.048828 0.048828
0 0.277437 0.695122 0.048828 0.048828
0 0.001864 0.821576 0.048828 0.048828
0 0.036460 0.798909 0.048828 0.048828
0 0.103265 0.781015 0.048828 0.048828
0 0.029302 0.764314 0.048828 0.048828
0 0.009022 0.775050 0.048828 0.048828
0 0.018565 0.569861 0.048828 0.048828
0 0.059126 0.568668 0.048828 0.048828
0 0.074634 0.525722 0.048828 0.048828
0 0.050775 0.480389 0.048828 0.048828
0 0.125932 0.473232 0.048828 0.048828
0 0.032881 0.463688 0.048828 0.048828
0 0.026916 0.479196 0.048828 0.048828
0 0.006636 0.476810 0.048828 0.048828
0 0.047196 0.160676 0.048828 0.048828
0 0.071055 0.143975 0.048828 0.048828
0 0.084178 0.217938 0.048828 0.048828
0 0.232105 0.248955 0.048828 0.048828
0 0.296525 0.383760 0.048828 0.048828
0 0.270280 0.061661 0.048828 0.048828
0 0.229719 0.085520 0.048828 0.048828
0 0.173650 0.109379 0.048828 0.048828
0 0.354980 0.029451 0.048828 0.048828
0 0.376453 0.090292 0.048828 0.048828
0 0.791603 0.677228 0.048828 0.048828
0 0.808304 0.524529 0.048828 0.048828
0 0.056740 0.609229 0.048828 0.048828
0 0.022144 0.089099 0.048828 0.048828
0 0.094915 0.340813 0.048828 0.048828
0 0.053161 0.245376 0.048828 0.048828
0 0.223754 0.369444 0.048828 0.048828
0 0.254771 0.407619 0.048828 0.048828
0 0.969702 0.194318 0.048828 0.048828