0 0.062326 0.957866 0.048828 0.048828
0 0.107008 0.966710 0.048828 0.048828
0 0.213546 0.998384 0.048828 0.048828
0 0.238021 0.937916 0.048828 0.048828
0 0.281212 0.965271 0.048828 0.048828
0 0.628181 0.971030 0.048828 0.048828
0 0.350318 0.966710 0.048828 0.048828
0 0.381992 0.937916 0.048828 0.048828
0 0.343120 0.919200 0.048828 0.048828
0 0.430941 0.913441 0.048828 0.048828
0 0.510125 0.983987 0.048828 0.048828
0 0.495728 0.873130 0.048828 0.048828
0 0.556196 0.831378 0.048828 0.048828
0 0.517324 0.713323 0.048828 0.048828
0 0.580671 0.721961 0.048828 0.048828
0 0.754697 0.968804 0.048828 0.048828
0 0.787968 0.919936 0.048828 0.048828
0 0.688153 0.862750 0.048828 0.048828
0 0.654881 0.906419 0.048828 0.048828
0 0.627848 0.841955 0.048828 0.048828
0 0.653841 0.813882 0.048828 0.048828
0 0.622649 0.785808 0.048828 0.048828
0 0.647603 0.735901 0.048828 0.048828
0 0.747418 0.777490 0.048828 0.048828
0 0.856592 0.785808 0.048828 0.048828
0 0.849313 0.749417 0.048828 0.048828
0 0.808763 0.709907 0.048828 0.048828
0 0.763015 0.706788 0.048828 0.048828
0 0.936652 0.758775 0.048828 0.048828
0 0.846194 0.971923 0.048828 0.048828
0 0.909619 0.941770 0.048828 0.048828
0 0.959527 0.913697 0.048828 0.048828
0 0.997997 0.967764 0.048828 0.048828
0 0.929374 0.985440 0.048828 0.048828
0 0.658520 0.669247 0.048828 0.048828
0 0.601470 0.629629 0.048828 0.048828
0 0.626825 0.620120 0.048828 0.048828
0 0.661690 0.602688 0.048828 0.048828
0 0.626825 0.586841 0.048828 0.048828
0 0.747265 0.597934 0.048828 0.048828
0 0.780545 0.643891 0.048828 0.048828
0 0.801147 0.664493 0.048828 0.048828
0 0.831257 0.659739 0.048828 0.048828
0 0.866121 0.700942 0.048828 0.048828
0 0.883553 0.666078 0.048828 0.048828
0 0.866121 0.640722 0.048828 0.048828
0 0.845519 0.604273 0.048828 0.048828
0 0.880383 0.597934 0.048828 0.048828
0 0.950112 0.635968 0.048828 0.048828
0 0.910493 0.658154 0.048828 0.048828
0 0.997654 0.704111 0.048828 0.048828
0 0.940603 0.697772 0.048828 0.048828
0 0.899400 0.715204 0.048828 0.048828
0 0.809070 0.555146 0.048828 0.048828
0 0.774206 0.567824 0.048828 0.048828
0 0.723494 0.548807 0.048828 0.048828
0 0.720325 0.452138 0.048828 0.048828
0 0.771036 0.450553 0.048828 0.048828
0 0.763113 0.374486 0.048828 0.048828
0 0.593546 0.515527 0.048828 0.048828
0 0.604639 0.453723 0.048828 0.048828
0 0.622071 0.409350 0.048828 0.048828
0 0.560266 0.472740 0.048828 0.048828
0 0.549173 0.436291 0.048828 0.048828
0 0.565021 0.396672 0.048828 0.048828
0 0.476275 0.471155 0.048828 0.048828
0 0.455674 0.420443 0.048828 0.048828
0 0.528572 0.379240 0.048828 0.048828
0 0.447750 0.334867 0.048828 0.048828
0 0.414471 0.349130 0.048828 0.048828
0 0.365344 0.369732 0.048828 0.048828
0 0.324141 0.360223 0.048828 0.048828
0 0.390699 0.242953 0.048828 0.048828
0 0.477860 0.219182 0.048828 0.048828
0 0.530156 0.238198 0.048828 0.048828
0 0.514309 0.296834 0.048828 0.048828
0 0.572944 0.339622 0.048828 0.048828
0 0.672783 0.300003 0.048828 0.048828
0 0.647427 0.252461 0.048828 0.048828
0 0.783714 0.277817 0.048828 0.048828