0 0.908513 0.018043 0.048828 0.048828
0 0.990827 0.171935 0.048828 0.048828
0 0.969354 0.266179 0.048828 0.048828
0 0.968161 0.374738 0.048828 0.048828
0 0.987248 0.365194 0.048828 0.048828
0 0.975319 0.977182 0.048828 0.048828
0 0.047196 0.960481 0.048828 0.048828
0 0.071055 0.943780 0.048828 0.048828
0 0.270280 0.861465 0.048828 0.048828
0 0.229719 0.885325 0.048828 0.048828
0 0.173650 0.909184 0.048828 0.048828
0 0.333507 0.646733 0.048828 0.048828
0 0.307261 0.620488 0.048828 0.048828
0 0.344243 0.619295 0.048828 0.048828
0 0.372874 0.526244 0.048828 0.048828
0 0.424171 0.477332 0.048828 0.048828
0 0.354980 0.829255 0.048828 0.048828
0 0.376453 0.890096 0.048828 0.048828
0 0.941916 0.406948 0.048828 0.048828
0 0.022144 0.888903 0.048828 0.048828
0 0.969702 0.994123 0.048828 0.048828