0 0.676908 0.881265 0.048828 0.048828
0 0.709347 0.895322 0.048828 0.048828
0 0.728811 0.881265 0.048828 0.048828
0 0.733136 0.915867 0.048828 0.048828
0 0.684477 0.908297 0.048828 0.048828
0 0.707184 0.936411 0.048828 0.048828
0 0.673664 0.989395 0.048828 0.048828
0 0.667176 0.958038 0.048828 0.048828
0 0.846460 0.999254 0.048828 0.048828
0 0.887080 0.978493 0.048828 0.048828
0 0.971931 0.947802 0.048828 0.048828
0 0.980055 0.889128 0.048828 0.048828
0 0.822088 0.905376 0.048828 0.048828
0 0.785079 0.917111 0.048828 0.048828
0 0.778760 0.751020 0.048828 0.048828
0 0.889788 0.870172 0.048828 0.048828