0 0.941361 0.834708 0.048828 0.048828
0 0.921914 0.832661 0.048828 0.048828
0 0.916797 0.809121 0.048828 0.048828
0 0.885069 0.815262 0.048828 0.048828
0 0.887116 0.830614 0.048828 0.048828
0 0.836965 0.825497 0.048828 0.048828
0 0.811377 0.834708 0.048828 0.048828
0 0.792955 0.836755 0.048828 0.048828
0 0.808307 0.805027 0.048828 0.048828
0 0.803189 0.723148 0.048828 0.048828
0 0.768391 0.734406 0.048828 0.048828
0 0.744851 0.739524 0.048828 0.048828
0 0.749968 0.710866 0.048828 0.048828
0 0.735639 0.686302 0.048828 0.048828
0 0.708005 0.683232 0.048828 0.048828
0 0.709028 0.665832 0.048828 0.048828
0 0.674230 0.674020 0.048828 0.048828
0 0.704934 0.753852 0.048828 0.048828
0 0.821612 0.861319 0.048828 0.048828
0 0.988441 0.339339 0.048828 0.048828
0 0.968995 0.350598 0.048828 0.048828
0 0.954666 0.330128 0.048828 0.048828
0 0.572904 0.503097 0.048828 0.048828
0 0.529918 0.493886 0.048828 0.048828
0 0.496143 0.503097 0.048828 0.048828
0 0.453156 0.516403 0.048828 0.048828
0 0.407099 0.531755 0.048828 0.048828
0 0.379465 0.535849 0.048828 0.048828
0 0.470555 0.381302 0.048828 0.048828
0 0.292468 0.384373 0.048828 0.048828
0 0.945454 0.086537 0.048828 0.048828
0 0.993558 0.004658 0.048828 0.048828
0 0.991512 0.029222 0.048828 0.048828
0 0.936243 0.187863 0.048828 0.048828
0 0.895303 0.184792 0.048828 0.048828
0 0.936243 0.164322 0.048828 0.048828
0 0.887116 0.173534 0.048828 0.048828
0 0.911679 0.162275 0.048828 0.048828
0 0.876881 0.159205 0.048828 0.048828
0 0.904515 0.145900 0.048828 0.048828
0 0.897350 0.096772 0.048828 0.048828
0 0.858458 0.110078 0.048828 0.048828
0 0.935220 0.031269 0.048828 0.048828
0 0.961830 0.029222 0.048828 0.048828
0 0.825706 0.079373 0.048828 0.048828
0 0.851293 0.042527 0.048828 0.048828
0 0.916797 0.037410 0.048828 0.048828
0 0.793978 0.000564 0.048828 0.048828
0 0.681394 0.516403 0.048828 0.048828
0 0.460320 0.016940 0.048828 0.048828
0 0.436780 0.017963 0.048828 0.048828
0 0.421428 0.014893 0.048828 0.048828
0 0.422451 0.032292 0.048828 0.048828
0 0.405052 0.022057 0.048828 0.048828
0 0.371277 0.012846 0.048828 0.048828
0 0.340572 0.017963 0.048828 0.048828
0 0.352854 0.030245 0.048828 0.048828
0 0.314985 0.026151 0.048828 0.048828
0 0.320102 0.043551 0.048828 0.048828
0 0.301680 0.047645 0.048828 0.048828
0 0.279163 0.056856 0.048828 0.048828
0 0.346713 0.170463 0.048828 0.048828
0 0.306797 0.178651 0.048828 0.048828
0 0.252552 0.177628 0.048828 0.048828
0 0.201378 0.082443 0.048828 0.048828
0 0.113357 0.121336 0.048828 0.048828
0 0.164532 0.113148 0.048828 0.048828
0 0.189096 0.587024 0.048828 0.048828
0 0.650456 0.534236 0.048828 0.048828
0 0.760365 0.765147 0.048828 0.048828
0 0.971405 0.010493 0.048828 0.048828