0 0.619256 0.998588 0.048828 0.048828
0 0.608171 0.957575 0.048828 0.048828
0 0.632557 0.903262 0.048828 0.048828
0 0.577135 0.915455 0.048828 0.048828
0 0.566050 0.969768 0.048828 0.048828
0 0.542773 0.932081 0.048828 0.048828
0 0.513953 0.985287 0.048828 0.048828
0 0.500652 0.919888 0.048828 0.048828
0 0.441904 0.942057 0.048828 0.048828
0 0.420844 0.999696 0.048828 0.048828
0 0.375398 0.956467 0.048828 0.048828
0 0.321084 0.970877 0.048828 0.048828
0 0.236842 0.996371 0.048828 0.048828
0 0.090527 0.953142 0.048828 0.048828
0 0.147058 0.987504 0.048828 0.048828
0 0.191396 0.962009 0.048828 0.048828
0 0.063924 0.823454 0.048828 0.048828
0 0.110479 0.874442 0.048828 0.048828
0 0.153708 0.917671 0.048828 0.048828
0 0.160359 0.876659 0.048828 0.048828
0 0.203589 0.903262 0.048828 0.048828
0 0.274529 0.906587 0.048828 0.048828
0 0.255686 0.957575 0.048828 0.048828
0 0.324409 0.915455 0.048828 0.048828
0 0.380940 0.908804 0.048828 0.048828
0 0.455206 0.887743 0.048828 0.048828
0 0.532797 0.876659 0.048828 0.048828
0 0.566050 0.845622 0.048828 0.048828
0 0.609280 0.838972 0.048828 0.048828
0 0.602629 0.749188 0.048828 0.048828
0 0.571593 0.800176 0.048828 0.048828
0 0.543881 0.755838 0.048828 0.048828
0 0.502869 0.763597 0.048828 0.048828
0 0.512845 0.803502 0.048828 0.048828
0 0.503977 0.851165 0.048828 0.048828
0 0.465182 0.813478 0.048828 0.048828
0 0.445230 0.770248 0.048828 0.048828
0 0.395350 0.769140 0.048828 0.048828
0 0.424169 0.816803 0.048828 0.048828
0 0.404217 0.864466 0.048828 0.048828
0 0.373181 0.817911 0.048828 0.048828
0 0.339927 0.770248 0.048828 0.048828
0 0.318867 0.813478 0.048828 0.048828
0 0.339927 0.867791 0.048828 0.048828
0 0.282288 0.856707 0.048828 0.048828
0 0.231300 0.865574 0.048828 0.048828
0 0.209131 0.814586 0.048828 0.048828
0 0.253469 0.779116 0.048828 0.048828
0 0.175877 0.780224 0.048828 0.048828
0 0.547207 0.714826 0.048828 0.048828
0 0.546098 0.657187 0.048828 0.048828
0 0.541665 0.599547 0.048828 0.048828
0 0.521713 0.526390 0.048828 0.048828
0 0.495110 0.569619 0.048828 0.048828
0 0.500652 0.612849 0.048828 0.048828
0 0.490676 0.681572 0.048828 0.048828
0 0.497327 0.730344 0.048828 0.048828
0 0.439688 0.723693 0.048828 0.048828
0 0.458531 0.652753 0.048828 0.048828
0 0.433037 0.611740 0.048828 0.048828
0 0.446338 0.558535 0.048828 0.048828
0 0.446338 0.515306 0.048828 0.048828
0 0.390916 0.543017 0.048828 0.048828
0 0.388699 0.497570 0.048828 0.048828
0 0.342144 0.526390 0.048828 0.048828
0 0.485134 0.463209 0.048828 0.048828
0 0.450772 0.474293 0.048828 0.048828
0 0.445230 0.431064 0.048828 0.048828
0 0.455206 0.381184 0.048828 0.048828
0 0.403109 0.394485 0.048828 0.048828
0 0.419736 0.475401 0.048828 0.048828
0 0.359879 0.429955 0.048828 0.048828
0 0.357663 0.475401 0.048828 0.048828
0 0.298915 0.457666 0.048828 0.048828
0 0.246818 0.487594 0.048828 0.048828
0 0.189179 0.467642 0.048828 0.048828
0 0.210239 0.530824 0.048828 0.048828
0 0.158142 0.587355 0.048828 0.048828
0 0.117130 0.596222 0.048828 0.048828
0 0.081660 0.537474 0.048828 0.048828
0 0.055057 0.492028 0.048828 0.048828
0 0.066141 0.448799 0.048828 0.048828
0 0.140407 0.647211 0.048828 0.048828
0 0.091636 0.648319 0.048828 0.048828
0 0.091636 0.702633 0.048828 0.048828
0 0.121564 0.695982 0.048828 0.048828
0 0.055057 0.743645 0.048828 0.048828
0 0.042864 0.786875 0.048828 0.048828
0 0.019587 0.831213 0.048828 0.048828
0 0.038430 0.878876 0.048828 0.048828
0 0.005177 0.918780 0.048828 0.048828
0 0.011827 0.689332 0.048828 0.048828
0 0.037322 0.648319 0.048828 0.048828
0 0.052840 0.566294 0.048828 0.048828
0 0.000743 0.546342 0.048828 0.048828
0 0.001851 0.470968 0.048828 0.048828
0 0.036213 0.350147 0.048828 0.048828
0 0.081660 0.344605 0.048828 0.048828
0 0.125997 0.387834 0.048828 0.048828
0 0.111588 0.755838 0.048828 0.048828
0 0.135973 0.820128 0.048828 0.048828
0 0.151492 0.723693 0.048828 0.048828
0 0.216890 0.750296 0.048828 0.048828
0 0.223541 0.709284 0.048828 0.048828
0 0.193613 0.680464 0.048828 0.048828
0 0.249035 0.671596 0.048828 0.048828
0 0.278963 0.728127 0.048828 0.048828
0 0.321084 0.723693 0.048828 0.048828
0 0.382048 0.728127 0.048828 0.048828
0 0.390916 0.663837 0.048828 0.048828
0 0.344361 0.659404 0.048828 0.048828
0 0.351012 0.592897 0.048828 0.048828
0 0.303349 0.578487 0.048828 0.048828
0 0.250143 0.579595 0.048828 0.048828
0 0.217998 0.603981 0.048828 0.048828
0 0.292264 0.635018 0.048828 0.048828
0 0.210239 0.380075 0.048828 0.048828
0 0.245710 0.335737 0.048828 0.048828
0 0.266770 0.311351 0.048828 0.048828
0 0.293373 0.340171 0.048828 0.048828
0 0.343253 0.291399 0.048828 0.048828
0 0.397567 0.271447 0.048828 0.048828
0 0.400892 0.189422 0.048828 0.048828
0 0.367639 0.232652 0.048828 0.048828
0 0.383157 0.098530 0.048828 0.048828
0 0.334385 0.114048 0.048828 0.048828
0 0.304457 0.148410 0.048828 0.048828
0 0.337711 0.181663 0.048828 0.048828
0 0.321084 0.224893 0.048828 0.048828
0 0.282288 0.273664 0.048828 0.048828
0 0.251252 0.227110 0.048828 0.048828
0 0.281180 0.182772 0.048828 0.048828
0 0.233517 0.269231 0.048828 0.048828
0 0.200263 0.311351 0.048828 0.048828
0 0.148166 0.322436 0.048828 0.048828
0 0.002960 0.294725 0.048828 0.048828
0 0.051731 0.290291 0.048828 0.048828
0 0.113804 0.312460 0.048828 0.048828
0 0.107154 0.264797 0.048828 0.048828
0 0.150383 0.264797 0.048828 0.048828
0 0.191396 0.237086 0.048828 0.048828
0 0.216890 0.189422 0.048828 0.048828
0 0.244601 0.151735 0.048828 0.048828
0 0.281180 0.111831 0.048828 0.048828
0 0.315542 0.079686 0.048828 0.048828
0 0.268987 0.063060 0.048828 0.048828
0 0.305566 0.030915 0.048828 0.048828
0 0.345470 0.008746 0.048828 0.048828
0 0.253469 0.023156 0.048828 0.048828
0 0.194721 0.033132 0.048828 0.048828
0 0.169227 0.074144 0.048828 0.048828
0 0.230191 0.089662 0.048828 0.048828
0 0.201372 0.145085 0.048828 0.048828
0 0.163685 0.135109 0.048828 0.048828
0 0.133756 0.100747 0.048828 0.048828
0 0.152600 0.029806 0.048828 0.048828
0 0.117130 0.054192 0.048828 0.048828
0 0.087202 0.134000 0.048828 0.048828
0 0.128214 0.187206 0.048828 0.048828
0 0.082768 0.192748 0.048828 0.048828
0 0.039539 0.171687 0.048828 0.048828
0 0.033996 0.222676 0.048828 0.048828
0 0.019587 0.126241 0.048828 0.048828
0 0.018478 0.077469 0.048828 0.048828