0 0.851435 0.879350 0.048828 0.048828
0 0.593522 0.876386 0.048828 0.048828
0 0.234814 0.885279 0.048828 0.048828
0 0.045085 0.879350 0.048828 0.048828
0 0.008279 0.832919 0.048828 0.048828
0 0.017482 0.726157 0.048828 0.048828
0 0.039571 0.766653 0.048828 0.048828
0 0.000916 0.685660 0.048828 0.048828
0 0.006874 0.634605 0.048828 0.048828
0 0.026711 0.594933 0.048828 0.048828
0 0.067328 0.596822 0.048828 0.048828
0 0.094721 0.636495 0.048828 0.048828
0 0.134394 0.610046 0.048828 0.048828
0 0.180679 0.636495 0.048828 0.048828
0 0.204293 0.668611 0.048828 0.048828
0 0.156119 0.683724 0.048828 0.048828
0 0.098499 0.689392 0.048828 0.048828
0 0.204293 0.736621 0.048828 0.048828
0 0.251523 0.702616 0.048828 0.048828
0 0.165565 0.765903 0.048828 0.048828
0 0.114557 0.747011 0.048828 0.048828
0 0.166510 0.833914 0.048828 0.048828
0 0.205238 0.813133 0.048828 0.048828
0 0.256246 0.753624 0.048828 0.048828
0 0.267581 0.784795 0.048828 0.048828
0 0.264747 0.849972 0.048828 0.048828
0 0.109834 0.816911 0.048828 0.048828
0 0.021043 0.491972 0.048828 0.048828
0 0.015376 0.450411 0.048828 0.048828
0 0.023877 0.411682 0.048828 0.048828
0 0.001207 0.366342 0.048828 0.048828
0 0.010653 0.321946 0.048828 0.048828
0 0.044658 0.345561 0.048828 0.048828
0 0.049381 0.303999 0.048828 0.048828
0 0.074885 0.323836 0.048828 0.048828
0 0.093776 0.285108 0.048828 0.048828
0 0.169344 0.272828 0.048828 0.048828
0 0.134394 0.323836 0.048828 0.048828
0 0.166510 0.326669 0.048828 0.048828
0 0.182568 0.372954 0.048828 0.048828
0 0.117391 0.382400 0.048828 0.048828
0 0.084331 0.421128 0.048828 0.048828
0 0.120225 0.430574 0.048828 0.048828
0 0.144784 0.446632 0.048828 0.048828
0 0.173122 0.452300 0.048828 0.048828
0 0.064494 0.463635 0.048828 0.048828
0 0.101333 0.482527 0.048828 0.048828
0 0.162731 0.518421 0.048828 0.048828
0 0.122114 0.513698 0.048828 0.048828
0 0.192014 0.543925 0.048828 0.048828
0 0.141950 0.563761 0.048828 0.048828
0 0.123059 0.216153 0.048828 0.048828
0 0.132505 0.193482 0.048828 0.048828
0 0.161787 0.196316 0.048828 0.048828
0 0.161787 0.136807 0.048828 0.048828
0 0.153285 0.090522 0.048828 0.048828
0 0.335591 0.860362 0.048828 0.048828
0 0.382821 0.860362 0.048828 0.048828
0 0.443274 0.859418 0.048828 0.048828
0 0.494282 0.849972 0.048828 0.048828
0 0.665253 0.867919 0.048828 0.048828
0 0.703036 0.866974 0.048828 0.048828
0 0.753099 0.879254 0.048828 0.048828
0 0.809775 0.878309 0.048828 0.048828
0 0.799384 0.834858 0.048828 0.048828
0 0.837168 0.818800 0.048828 0.048828
0 0.896677 0.825412 0.048828 0.048828
0 0.931627 0.872642 0.048828 0.048828
0 0.986413 0.876420 0.048828 0.048828
0 0.964687 0.828246 0.048828 0.048828
0 0.710593 0.845249 0.048828 0.048828
0 0.739875 0.807465 0.048828 0.048828
0 0.648250 0.815022 0.048828 0.048828
0 0.601021 0.798964 0.048828 0.048828
0 0.552847 0.800853 0.048828 0.048828
0 0.485781 0.809354 0.048828 0.048828
0 0.389433 0.803687 0.048828 0.048828
0 0.349760 0.809354 0.048828 0.048828
0 0.941073 0.778183 0.048828 0.048828
0 0.870228 0.783850 0.048828 0.048828
0 0.796551 0.784795 0.048828 0.048828
0 0.620857 0.731898 0.048828 0.048828
0 0.665253 0.760236 0.048828 0.048828
0 0.687923 0.706394 0.048828 0.048828
0 0.724762 0.732843 0.048828 0.048828
0 0.757822 0.752679 0.048828 0.048828
0 0.813553 0.726231 0.048828 0.048828
0 0.870228 0.727175 0.048828 0.048828
0 0.907067 0.736621 0.048828 0.048828
0 0.973189 0.728120 0.048828 0.048828
0 0.958075 0.654442 0.048828 0.048828
0 0.903289 0.679946 0.048828 0.048828
0 0.870228 0.648774 0.048828 0.048828
0 0.821110 0.657276 0.048828 0.048828
0 0.753099 0.633661 0.048828 0.048828
0 0.691701 0.638384 0.048828 0.048828
0 0.635026 0.636495 0.048828 0.048828
0 0.676588 0.602489 0.048828 0.048828
0 0.822999 0.613824 0.048828 0.048828
0 0.914624 0.624215 0.048828 0.048828
0 0.965632 0.488194 0.048828 0.048828
0 0.983579 0.535424 0.048828 0.048828
0 0.927848 0.511809 0.048828 0.048828
0 0.937294 0.567540 0.048828 0.048828
0 0.516952 0.744178 0.048828 0.048828
0 0.567960 0.723397 0.048828 0.048828
0 0.531121 0.688447 0.048828 0.048828
0 0.581184 0.660109 0.048828 0.048828
0 0.549068 0.588321 0.048828 0.048828
0 0.516952 0.539202 0.048828 0.048828
0 0.504673 0.508975 0.048828 0.048828
0 0.493337 0.459856 0.048828 0.048828
0 0.553791 0.440965 0.048828 0.048828
0 0.584018 0.462690 0.048828 0.048828
0 0.616134 0.474025 0.048828 0.048828
0 0.610467 0.429630 0.048828 0.048828
0 0.662419 0.436242 0.048828 0.048828
0 0.712482 0.413572 0.048828 0.048828
0 0.714371 0.446632 0.048828 0.048828
0 0.599131 0.549592 0.048828 0.048828
0 0.631247 0.533534 0.048828 0.048828
0 0.652973 0.562817 0.048828 0.048828
0 0.671865 0.504252 0.048828 0.048828
0 0.692646 0.569429 0.048828 0.048828
0 0.753099 0.540147 0.048828 0.048828
0 0.779548 0.571318 0.048828 0.048828
0 0.797495 0.535424 0.048828 0.048828
0 0.758767 0.497640 0.048828 0.048828
0 0.790883 0.478748 0.048828 0.048828
0 0.795606 0.417350 0.048828 0.048828
0 0.754044 0.389957 0.048828 0.048828
0 0.828667 0.457023 0.048828 0.048828
0 0.856060 0.491028 0.048828 0.048828
0 0.879674 0.532590 0.048828 0.048828
0 0.955241 0.441909 0.048828 0.048828
0 0.889120 0.438131 0.048828 0.048828
0 0.959964 0.391846 0.048828 0.048828
0 0.973189 0.295498 0.048828 0.048828
0 0.927848 0.304944 0.048828 0.048828
0 0.911790 0.349340 0.048828 0.048828
0 0.898566 0.396569 0.048828 0.048828
0 0.858893 0.398458 0.048828 0.048828
0 0.856060 0.356896 0.048828 0.048828
0 0.799384 0.368231 0.048828 0.048828
0 0.826777 0.321002 0.048828 0.048828
0 0.872118 0.312501 0.048828 0.048828
0 0.950519 0.259604 0.048828 0.048828
0 0.960909 0.219931 0.048828 0.048828
0 0.919347 0.257714 0.048828 0.048828
0 0.879674 0.252992 0.048828 0.048828
0 0.907067 0.217097 0.048828 0.048828
0 0.884397 0.160422 0.048828 0.048828
0 0.940128 0.160422 0.048828 0.048828
0 0.995859 0.136807 0.048828 0.048828
0 0.993025 0.050849 0.048828 0.048828
0 0.984524 0.020623 0.048828 0.048828
0 0.938239 0.038570 0.048828 0.048828
0 0.919347 0.009288 0.048828 0.048828
0 0.846614 0.013066 0.048828 0.048828
0 0.878730 0.041404 0.048828 0.048828
0 0.826777 0.064074 0.048828 0.048828
0 0.835279 0.101857 0.048828 0.048828
0 0.908957 0.125472 0.048828 0.048828
0 0.784271 0.084855 0.048828 0.048828
0 0.807886 0.140585 0.048828 0.048828
0 0.832445 0.171757 0.048828 0.048828
0 0.797495 0.201039 0.048828 0.048828
0 0.741764 0.208596 0.048828 0.048828
0 0.738931 0.150031 0.048828 0.048828
0 0.724762 0.091467 0.048828 0.048828
0 0.740820 0.027235 0.048828 0.048828
0 0.685089 0.039514 0.048828 0.048828
0 0.638804 0.066907 0.048828 0.048828
0 0.676588 0.115082 0.048828 0.048828
0 0.685089 0.200095 0.048828 0.048828
0 0.646361 0.162311 0.048828 0.048828
0 0.600076 0.134918 0.048828 0.048828
0 0.587796 0.083910 0.048828 0.048828
0 0.611411 0.022512 0.048828 0.048828
0 0.532066 0.065963 0.048828 0.048828
0 0.519786 0.129250 0.048828 0.048828
0 0.521675 0.187815 0.048828 0.048828
0 0.571738 0.191593 0.048828 0.048828
0 0.615189 0.210485 0.048828 0.048828
0 0.666197 0.235044 0.048828 0.048828
0 0.758767 0.261493 0.048828 0.048828
0 0.825833 0.232211 0.048828 0.048828
0 0.810719 0.273772 0.048828 0.048828
0 0.788994 0.301166 0.048828 0.048828
0 0.715316 0.282274 0.048828 0.048828
0 0.705870 0.344617 0.048828 0.048828
0 0.667142 0.322891 0.048828 0.048828
0 0.650139 0.276606 0.048828 0.048828
0 0.594408 0.271883 0.048828 0.048828
0 0.538678 0.292664 0.048828 0.048828
0 0.547179 0.232211 0.048828 0.048828
0 0.503728 0.258659 0.048828 0.048828
0 0.515063 0.351229 0.048828 0.048828
0 0.547179 0.342727 0.048828 0.048828
0 0.602910 0.334226 0.048828 0.048828
0 0.533010 0.404126 0.048828 0.048828
0 0.571738 0.389012 0.048828 0.048828
0 0.608577 0.381456 0.048828 0.048828
0 0.407380 0.747011 0.048828 0.048828
0 0.423438 0.700727 0.048828 0.048828
0 0.473501 0.680890 0.048828 0.048828
0 0.468778 0.602489 0.048828 0.048828
0 0.430995 0.643107 0.048828 0.048828
0 0.452720 0.549592 0.048828 0.048828
0 0.409269 0.568484 0.048828 0.048828
0 0.410214 0.529756 0.048828 0.048828
0 0.449886 0.476859 0.048828 0.048828
0 0.362984 0.730953 0.048828 0.048828
0 0.318589 0.699782 0.048828 0.048828
0 0.349760 0.657276 0.048828 0.048828
0 0.299697 0.629882 0.048828 0.048828
0 0.237354 0.623270 0.048828 0.048828
0 0.235465 0.591154 0.048828 0.048828
0 0.250578 0.546759 0.048828 0.048828
0 0.296863 0.562817 0.048828 0.048828
0 0.318589 0.511809 0.048828 0.048828
0 0.291195 0.485360 0.048828 0.048828
0 0.293085 0.438131 0.048828 0.048828
0 0.244911 0.467413 0.048828 0.048828
0 0.238298 0.419239 0.048828 0.048828
0 0.271359 0.374843 0.048828 0.048828
0 0.350705 0.381456 0.048828 0.048828
0 0.402657 0.384289 0.048828 0.048828
0 0.433828 0.428685 0.048828 0.048828
0 0.473501 0.411682 0.048828 0.048828
0 0.446108 0.367287 0.048828 0.048828
0 0.481058 0.309667 0.048828 0.048828
0 0.436662 0.303999 0.048828 0.048828
0 0.350705 0.314390 0.048828 0.048828
0 0.261913 0.303055 0.048828 0.048828
0 0.277971 0.254881 0.048828 0.048828
0 0.387544 0.245435 0.048828 0.048828
0 0.444219 0.245435 0.048828 0.048828
0 0.479169 0.208596 0.048828 0.048828
0 0.474446 0.123583 0.048828 0.048828
0 0.435718 0.163256 0.048828 0.048828
0 0.398879 0.188759 0.048828 0.048828
0 0.363929 0.150031 0.048828 0.048828
0 0.387544 0.121694 0.048828 0.048828
0 0.428161 0.103746 0.048828 0.048828
0 0.478224 0.085799 0.048828 0.048828
0 0.396989 0.077298 0.048828 0.048828
0 0.343148 0.079187 0.048828 0.048828
0 0.313866 0.112248 0.048828 0.048828
0 0.301586 0.183092 0.048828 0.048828
0 0.270415 0.126417 0.048828 0.048828
0 0.236409 0.165145 0.048828 0.048828
0 0.240188 0.234100 0.048828 0.048828
0 0.198626 0.227488 0.048828 0.048828
0 0.079608 0.797075 0.048828 0.048828
0 0.187291 0.038570 0.048828 0.048828
0 0.260969 0.017789 0.048828 0.048828
0 0.301586 0.039514 0.048828 0.048828
0 0.364873 0.039514 0.048828 0.048828
0 0.473501 0.034791 0.048828 0.048828
0 0.418715 0.008343 0.048828 0.048828