0 0.793309 0.239037 0.048828 0.048828
0 0.776933 0.233920 0.048828 0.048828
0 0.757487 0.233920 0.048828 0.048828
0 0.716547 0.227779 0.048828 0.048828
0 0.705289 0.241084 0.048828 0.048828
0 0.673561 0.231873 0.048828 0.048828
0 0.639786 0.236990 0.048828 0.048828
0 0.589635 0.229826 0.048828 0.048828
0 0.542554 0.222661 0.048828 0.048828
0 0.458628 0.225732 0.048828 0.048828
0 0.435088 0.206286 0.048828 0.048828
0 0.439182 0.214473 0.048828 0.048828
0 0.443276 0.236990 0.048828 0.048828
0 0.437135 0.257460 0.048828 0.048828
0 0.409501 0.248249 0.048828 0.048828
0 0.412571 0.222661 0.048828 0.048828
0 0.402336 0.205262 0.048828 0.048828
0 0.371631 0.211403 0.048828 0.048828
0 0.375725 0.242108 0.048828 0.048828
0 0.351162 0.242108 0.048828 0.048828
0 0.320457 0.250296 0.048828 0.048828
0 0.309199 0.308634 0.048828 0.048828
0 0.350138 0.313752 0.048828 0.048828
0 0.202756 0.265648 0.048828 0.048828
0 0.051279 0.334222 0.048828 0.048828
0 0.104501 0.334222 0.048828 0.048828
0 0.166003 0.827664 0.048828 0.048828
0 0.248687 0.788339 0.048828 0.048828
0 0.327338 0.781280 0.048828 0.048828
0 0.348513 0.748005 0.048828 0.048828
0 0.406997 0.838756 0.048828 0.048828
0 0.395905 0.809514 0.048828 0.048828
0 0.410022 0.776239 0.048828 0.048828
0 0.426156 0.775230 0.048828 0.048828
0 0.445314 0.771197 0.048828 0.048828
0 0.471531 0.788339 0.048828 0.048828
0 0.445314 0.825648 0.048828 0.048828
0 0.532032 0.772205 0.048828 0.048828
0 0.573374 0.772205 0.048828 0.048828
0 0.588499 0.767163 0.048828 0.048828
0 0.622783 0.763130 0.048828 0.048828
0 0.665134 0.752038 0.048828 0.048828
0 0.684292 0.760105 0.048828 0.048828
0 0.723618 0.749013 0.048828 0.048828
0 0.741768 0.727838 0.048828 0.048828
0 0.773026 0.705654 0.048828 0.048828
0 0.792185 0.722796 0.048828 0.048828
0 0.762943 0.734896 0.048828 0.048828
0 0.653033 0.769180 0.048828 0.048828
0 0.694376 0.738930 0.048828 0.048828
0 0.511865 0.918415 0.048828 0.048828
0 0.537074 0.913374 0.048828 0.048828
0 0.574383 0.911357 0.048828 0.048828
0 0.603625 0.907323 0.048828 0.048828
0 0.641942 0.901273 0.048828 0.048828
0 0.680259 0.995049 0.048828 0.048828
0 0.752860 0.975891 0.048828 0.048828
0 0.437451 0.342081 0.048828 0.048828