0 0.009391 0.827722 0.048828 0.048828
0 0.080236 0.818276 0.048828 0.048828
0 0.051898 0.793717 0.048828 0.048828
0 0.005613 0.770102 0.048828 0.048828
0 0.065122 0.849447 0.048828 0.048828
0 0.084958 0.865506 0.048828 0.048828
0 0.081180 0.914624 0.048828 0.048828
0 0.040563 0.896677 0.048828 0.048828
0 0.028283 0.939183 0.048828 0.048828
0 0.042452 0.977912 0.048828 0.048828
0 0.118964 0.853226 0.048828 0.048828
0 0.130299 0.761601 0.048828 0.048828
0 0.123687 0.728540 0.048828 0.048828
0 0.141634 0.693590 0.048828 0.048828
0 0.173750 0.691701 0.048828 0.048828
0 0.225702 0.664308 0.048828 0.048828
0 0.198309 0.640693 0.048828 0.048828
0 0.186974 0.588741 0.048828 0.048828
0 0.170916 0.621802 0.048828 0.048828
0 0.119908 0.593464 0.048828 0.048828
0 0.134077 0.653918 0.048828 0.048828
0 0.086848 0.604799 0.048828 0.048828
0 0.100072 0.651084 0.048828 0.048828
0 0.109518 0.683200 0.048828 0.048828
0 0.076457 0.673754 0.048828 0.048828
0 0.092515 0.720039 0.048828 0.048828
0 0.095349 0.769157 0.048828 0.048828
0 0.037729 0.737041 0.048828 0.048828
0 0.044341 0.706815 0.048828 0.048828
0 0.015059 0.668086 0.048828 0.048828
0 0.028283 0.590630 0.048828 0.048828
0 0.007502 0.296863 0.048828 0.048828
0 0.017893 0.362040 0.048828 0.048828
0 0.026394 0.327090 0.048828 0.048828
0 0.058510 0.354483 0.048828 0.048828
0 0.072679 0.396989 0.048828 0.048828
0 0.022616 0.396989 0.048828 0.048828
0 0.009391 0.441385 0.048828 0.048828
0 0.028283 0.478224 0.048828 0.048828
0 0.057565 0.464055 0.048828 0.048828
0 0.080236 0.433828 0.048828 0.048828
0 0.136911 0.536789 0.048828 0.048828
0 0.109518 0.510340 0.048828 0.048828
0 0.058510 0.520731 0.048828 0.048828
0 0.092515 0.550013 0.048828 0.048828
0 0.033951 0.551902 0.048828 0.048828