0 0.992042 0.957919 0.048828 0.048828
0 0.999972 0.828403 0.048828 0.048828
0 0.971827 0.925033 0.048828 0.048828
0 0.927724 0.964343 0.048828 0.048828
0 0.888414 0.828197 0.048828 0.048828
0 0.917177 0.795598 0.048828 0.048828
0 0.876909 0.778340 0.048828 0.048828
0 0.848145 0.725608 0.048828 0.048828
0 0.902795 0.744783 0.048828 0.048828
0 0.927724 0.739030 0.048828 0.048828
0 0.972786 0.739030 0.048828 0.048828
0 0.993879 0.562616 0.048828 0.048828
0 0.963198 0.504130 0.048828 0.048828
0 0.919095 0.524265 0.048828 0.048828
0 0.942105 0.570286 0.048828 0.048828
0 0.967033 0.629730 0.048828 0.048828
0 0.966075 0.684380 0.048828 0.048828
0 0.908548 0.687257 0.048828 0.048828
0 0.898002 0.646029 0.048828 0.048828
0 0.901837 0.590420 0.048828 0.048828
0 0.852939 0.587544 0.048828 0.048828
0 0.872115 0.544399 0.048828 0.048828
0 0.877867 0.499337 0.048828 0.048828
0 0.822258 0.483996 0.048828 0.048828
0 0.798289 0.527141 0.048828 0.048828
0 0.751309 0.494543 0.048828 0.048828
0 0.775278 0.600967 0.048828 0.048828
0 0.794454 0.648906 0.048828 0.048828
0 0.839516 0.666164 0.048828 0.048828
0 0.805000 0.696844 0.048828 0.048828
0 0.800206 0.767794 0.048828 0.048828
0 0.962240 0.223209 0.048828 0.048828
0 0.998673 0.380448 0.048828 0.048828
0 0.954569 0.414964 0.048828 0.048828
0 0.975662 0.459068 0.048828 0.048828
0 0.931559 0.479202 0.048828 0.048828
0 0.901837 0.426470 0.048828 0.048828
0 0.827052 0.423593 0.048828 0.048828
0 0.758979 0.419758 0.048828 0.048828
0 0.695700 0.410170 0.048828 0.048828
0 0.703370 0.347850 0.048828 0.048828
0 0.749391 0.352644 0.048828 0.048828
0 0.794454 0.346891 0.048828 0.048828
0 0.822258 0.363190 0.048828 0.048828
0 0.848145 0.321004 0.048828 0.048828
0 0.893208 0.363190 0.048828 0.048828
0 0.944023 0.323881 0.048828 0.048828
0 0.944982 0.277859 0.048828 0.048828
0 0.888414 0.283612 0.048828 0.048828
0 0.903754 0.248137 0.048828 0.048828
0 0.848145 0.218415 0.048828 0.048828
0 0.787742 0.221292 0.048828 0.048828
0 0.734051 0.237591 0.048828 0.048828
0 0.755144 0.287447 0.048828 0.048828
0 0.827052 0.292241 0.048828 0.048828
0 0.682277 0.245261 0.048828 0.048828
0 0.662143 0.288406 0.048828 0.048828
0 0.614204 0.250055 0.048828 0.048828
0 0.621874 0.273065 0.048828 0.048828
0 0.612286 0.316210 0.048828 0.048828
0 0.559554 0.305664 0.048828 0.048828
0 0.578729 0.274983 0.048828 0.048828
0 0.988127 0.143631 0.048828 0.048828
0 0.926765 0.009402 0.048828 0.048828
0 0.953611 0.103362 0.048828 0.048828
0 0.923889 0.086104 0.048828 0.048828
0 0.885538 0.129249 0.048828 0.048828
0 0.941147 0.145548 0.048828 0.048828
0 0.898960 0.186776 0.048828 0.048828
0 0.836640 0.179105 0.048828 0.048828
0 0.829929 0.120620 0.048828 0.048828
0 0.780072 0.138837 0.048828 0.048828
0 0.741721 0.181023 0.048828 0.048828
0 0.699535 0.143631 0.048828 0.048828
0 0.686112 0.108156 0.048828 0.048828
0 0.744597 0.111032 0.048828 0.048828
0 0.706246 0.063094 0.048828 0.048828
0 0.703370 0.014196 0.048828 0.048828
0 0.758020 0.060217 0.048828 0.048828
0 0.828970 0.052547 0.048828 0.048828
0 0.861568 0.066929 0.048828 0.048828
0 0.856774 0.018990 0.048828 0.048828
0 0.885538 0.018990 0.048828 0.048828
0 0.732133 0.626854 0.048828 0.048828
0 0.699535 0.618225 0.048828 0.048828
0 0.658308 0.532894 0.048828 0.048828
0 0.593111 0.419758 0.048828 0.048828
0 0.589276 0.371819 0.048828 0.048828
0 0.528873 0.336345 0.048828 0.048828
0 0.456965 0.213621 0.048828 0.048828
0 0.521203 0.223209 0.048828 0.048828
0 0.578729 0.225127 0.048828 0.048828
0 0.529832 0.185817 0.048828 0.048828
0 0.612286 0.184858 0.048828 0.048828
0 0.589276 0.148425 0.048828 0.048828
0 0.665978 0.070764 0.048828 0.048828
0 0.632421 0.102403 0.048828 0.048828
0 0.593111 0.070764 0.048828 0.048828
0 0.552842 0.100486 0.048828 0.048828
0 0.513533 0.114867 0.048828 0.048828
0 0.465594 0.089939 0.048828 0.048828
0 0.466553 0.156095 0.048828 0.048828
0 0.515450 0.069805 0.048828 0.048828
0 0.544213 0.039124 0.048828 0.048828
0 0.637215 0.011320 0.048828 0.048828
0 0.395603 0.044877 0.048828 0.048828
0 0.477099 0.021866 0.048828 0.048828
0 0.525038 0.015155 0.048828 0.048828
0 0.333283 0.025701 0.048828 0.048828
0 0.295890 0.005567 0.048828 0.048828