0 0.967251 0.995474 0.048828 0.048828
0 0.914610 0.977554 0.048828 0.048828
0 0.986291 0.918193 0.048828 0.048828
0 0.987411 0.837551 0.048828 0.048828
0 0.929170 0.855472 0.048828 0.048828
0 0.894450 0.880112 0.048828 0.048828
0 0.886609 0.805071 0.048828 0.048828
0 0.940370 0.802831 0.048828 0.048828
0 0.929170 0.746830 0.048828 0.048828
0 0.977331 0.768110 0.048828 0.048828
0 0.977331 0.706509 0.048828 0.048828
0 0.883249 0.690829 0.048828 0.048828
0 0.857489 0.658348 0.048828 0.048828
0 0.839569 0.582187 0.048828 0.048828
0 0.839569 0.525066 0.048828 0.048828
0 0.892210 0.555307 0.048828 0.048828
0 0.903410 0.601227 0.048828 0.048828
0 0.949330 0.601227 0.048828 0.048828
0 0.950450 0.666188 0.048828 0.048828
0 0.998611 0.643788 0.048828 0.048828
0 0.942610 0.545226 0.048828 0.048828
0 0.995251 0.531786 0.048828 0.048828
0 0.962771 0.484745 0.048828 0.048828
0 0.914610 0.481385 0.048828 0.048828
0 0.856369 0.498186 0.048828 0.048828
0 0.800368 0.475785 0.048828 0.048828
0 0.799248 0.541866 0.048828 0.048828
0 0.727567 0.491466 0.048828 0.048828
0 0.689486 0.491466 0.048828 0.048828
0 0.745487 0.559787 0.048828 0.048828
0 0.687246 0.547466 0.048828 0.048828
0 0.779088 0.600107 0.048828 0.048828
0 0.802608 0.656108 0.048828 0.048828
0 0.820528 0.715469 0.048828 0.048828
0 0.836209 0.772590 0.048828 0.048828
0 0.783568 0.763630 0.048828 0.048828
0 0.799248 0.803951 0.048828 0.048828
0 0.826128 0.838671 0.048828 0.048828
0 0.839569 0.893552 0.048828 0.048828
0 0.864209 0.940593 0.048828 0.048828
0 0.846289 0.996594 0.048828 0.048828
0 0.819408 0.951793 0.048828 0.048828
0 0.789168 0.908112 0.048828 0.048828
0 0.772368 0.856592 0.048828 0.048828
0 0.726447 0.840911 0.048828 0.048828
0 0.727567 0.781550 0.048828 0.048828
0 0.665966 0.817391 0.048828 0.048828
0 0.665966 0.898032 0.048828 0.048828
0 0.721967 0.898032 0.048828 0.048828
0 0.698446 0.947313 0.048828 0.048828
0 0.738767 0.951793 0.048828 0.048828
0 0.713007 0.992114 0.048828 0.048828
0 0.611085 0.936113 0.048828 0.048828
0 0.606605 0.970834 0.048828 0.048828
0 0.558444 0.993234 0.048828 0.048828
0 0.478923 0.957393 0.048828 0.048828
0 0.518123 0.962993 0.048828 0.048828
0 0.551724 0.937233 0.048828 0.048828
0 0.500203 0.893552 0.048828 0.048828
0 0.558444 0.876752 0.048828 0.048828
0 0.622285 0.885712 0.048828 0.048828
0 0.993011 0.428744 0.048828 0.048828
0 0.901170 0.429864 0.048828 0.048828
0 0.847409 0.432105 0.048828 0.048828
0 0.805968 0.411944 0.048828 0.048828
0 0.795888 0.377224 0.048828 0.048828
0 0.845169 0.349223 0.048828 0.048828
0 0.909010 0.374984 0.048828 0.048828
0 0.966131 0.361543 0.048828 0.048828
0 0.923570 0.324583 0.048828 0.048828
0 0.968371 0.316743 0.048828 0.048828
0 0.658126 0.462345 0.048828 0.048828
0 0.710766 0.425384 0.048828 0.048828
0 0.753327 0.429864 0.048828 0.048828
0 0.627885 0.553067 0.048828 0.048828
0 0.698446 0.609067 0.048828 0.048828
0 0.755567 0.638188 0.048828 0.048828
0 0.705166 0.666188 0.048828 0.048828
0 0.749967 0.693069 0.048828 0.048828
0 0.710766 0.727789 0.048828 0.048828
0 0.674926 0.706509 0.048828 0.048828
0 0.607725 0.723309 0.048828 0.048828
0 0.629005 0.777070 0.048828 0.048828
0 0.606605 0.819631 0.048828 0.048828
0 0.571884 0.774830 0.048828 0.048828
0 0.531563 0.830831 0.048828 0.048828
0 0.467722 0.838671 0.048828 0.048828
0 0.510283 0.770350 0.048828 0.048828
0 0.462122 0.792751 0.048828 0.048828
0 0.487883 0.753550 0.048828 0.048828
0 0.536044 0.703149 0.048828 0.048828
0 0.485643 0.690829 0.048828 0.048828
0 0.606605 0.674029 0.048828 0.048828
0 0.644685 0.650508 0.048828 0.048828
0 0.584204 0.647148 0.048828 0.048828
0 0.499083 0.623628 0.048828 0.048828
0 0.545004 0.613548 0.048828 0.048828
0 0.594285 0.598987 0.048828 0.048828
0 0.551724 0.573227 0.048828 0.048828
0 0.484523 0.583307 0.048828 0.048828
0 0.463242 0.531786 0.048828 0.048828
0 0.502443 0.499306 0.048828 0.048828
0 0.458762 0.452265 0.048828 0.048828
0 0.430762 0.491466 0.048828 0.048828
0 0.539404 0.538506 0.048828 0.048828
0 0.617805 0.514986 0.048828 0.048828
0 0.577484 0.488105 0.048828 0.048828
0 0.534924 0.439945 0.048828 0.048828
0 0.585324 0.441065 0.048828 0.048828
0 0.660366 0.407464 0.048828 0.048828
0 0.597645 0.382824 0.048828 0.048828
0 0.541644 0.377224 0.048828 0.048828
0 0.487883 0.350343 0.048828 0.048828
0 0.445322 0.315623 0.048828 0.048828
0 0.482283 0.287622 0.048828 0.048828
0 0.541644 0.331303 0.048828 0.048828
0 0.629005 0.342503 0.048828 0.048828
0 0.695086 0.369383 0.048828 0.048828
0 0.755567 0.353703 0.048828 0.048828
0 0.801488 0.324583 0.048828 0.048828
0 0.832849 0.294342 0.048828 0.048828
0 0.802608 0.255142 0.048828 0.048828
0 0.845169 0.236101 0.048828 0.048828
0 0.903410 0.259622 0.048828 0.048828
0 0.961651 0.269702 0.048828 0.048828
0 0.989651 0.217061 0.048828 0.048828
0 0.986291 0.166660 0.048828 0.048828
0 0.926930 0.186820 0.048828 0.048828
0 0.941490 0.092739 0.048828 0.048828
0 0.986291 0.101699 0.048828 0.048828
0 0.986291 0.049058 0.048828 0.048828
0 0.978451 0.000897 0.048828 0.048828
0 0.935493 0.024148 0.048828 0.048828
0 0.909521 0.059470 0.048828 0.048828
0 0.852383 0.012721 0.048828 0.048828
0 0.845111 0.078169 0.048828 0.048828
0 0.875239 0.111413 0.048828 0.048828
0 0.816023 0.125958 0.048828 0.048828
0 0.773429 0.145696 0.048828 0.048828
0 0.770313 0.085442 0.048828 0.048828
0 0.799401 0.078169 0.048828 0.048828
0 0.799401 0.013759 0.048828 0.048828
0 0.338142 0.001293 0.048828 0.048828
0 0.288276 0.024148 0.048828 0.048828
0 0.329831 0.054275 0.048828 0.048828
0 0.256071 0.064664 0.048828 0.048828
0 0.197894 0.060509 0.048828 0.048828
0 0.224905 0.097908 0.048828 0.048828
0 0.177116 0.107258 0.048828 0.048828
0 0.175039 0.009604 0.048828 0.048828
0 0.133484 0.050120 0.048828 0.048828
0 0.133484 0.088558 0.048828 0.048828
0 0.136600 0.149852 0.048828 0.048828
0 0.125173 0.196601 0.048828 0.048828
0 0.074268 0.206990 0.048828 0.048828
0 0.083618 0.167513 0.048828 0.048828
0 0.087773 0.098947 0.048828 0.048828
0 0.097123 0.050120 0.048828 0.048828
0 0.077385 0.026226 0.048828 0.048828
0 0.291392 0.089597 0.048828 0.048828
0 0.291392 0.148813 0.048828 0.048828
0 0.240488 0.156085 0.048828 0.048828
0 0.189583 0.177901 0.048828 0.048828
0 0.135562 0.258933 0.048828 0.048828
0 0.223866 0.227767 0.048828 0.048828
0 0.261265 0.209067 0.048828 0.048828
0 0.353725 0.133230 0.048828 0.048828
0 0.374502 0.085442 0.048828 0.048828
0 0.418135 0.116608 0.048828 0.048828
0 0.455534 0.175824 0.048828 0.048828
0 0.460729 0.114530 0.048828 0.048828
0 0.449301 0.061548 0.048828 0.048828
0 0.413979 0.032459 0.048828 0.048828
0 0.602015 0.047003 0.048828 0.048828
0 0.637337 0.060509 0.048828 0.048828
0 0.733952 0.006487 0.048828 0.048828
0 0.707980 0.077131 0.048828 0.048828
0 0.701747 0.143618 0.048828 0.048828
0 0.644609 0.130113 0.048828 0.048828
0 0.595782 0.095830 0.048828 0.048828
0 0.546955 0.070897 0.048828 0.048828
0 0.505400 0.036615 0.048828 0.048828
0 0.499167 0.087519 0.048828 0.048828
0 0.518905 0.125958 0.048828 0.048828
0 0.564616 0.162318 0.048828 0.048828
0 0.622793 0.167513 0.048828 0.048828
0 0.727719 0.178940 0.048828 0.048828
0 0.811867 0.193484 0.048828 0.048828
0 0.851345 0.168551 0.048828 0.048828
0 0.771351 0.216340 0.048828 0.048828
0 0.727719 0.239195 0.048828 0.048828
0 0.742263 0.286983 0.048828 0.048828
0 0.697591 0.259972 0.048828 0.048828
0 0.668503 0.212184 0.048828 0.048828
0 0.623832 0.256856 0.048828 0.048828
0 0.578121 0.220495 0.048828 0.048828
0 0.549033 0.281788 0.048828 0.048828
0 0.510594 0.230884 0.048828 0.048828
0 0.505400 0.187251 0.048828 0.048828
0 0.451379 0.247506 0.048828 0.048828
0 0.406707 0.220495 0.048828 0.048828
0 0.401513 0.276594 0.048828 0.048828
0 0.689281 0.312955 0.048828 0.048828
0 0.629026 0.302566 0.048828 0.048828
0 0.329831 0.183096 0.048828 0.048828
0 0.343336 0.222573 0.048828 0.048828
0 0.297626 0.243350 0.048828 0.048828
0 0.343336 0.270361 0.048828 0.048828
0 0.271654 0.280750 0.048828 0.048828
0 0.289315 0.330615 0.048828 0.048828
0 0.190622 0.347237 0.048828 0.048828
0 0.226982 0.362821 0.048828 0.048828
0 0.150106 0.400220 0.048828 0.048828
0 0.101279 0.398142 0.048828 0.048828
0 0.187505 0.411648 0.048828 0.048828
0 0.174000 0.461513 0.048828 0.048828
0 0.155300 0.500991 0.048828 0.048828
0 0.097123 0.466708 0.048828 0.048828
0 0.171922 0.565401 0.048828 0.048828
0 0.215555 0.530079 0.048828 0.048828
0 0.281004 0.503068 0.048828 0.048828
0 0.248799 0.485407 0.048828 0.048828
0 0.253993 0.456319 0.048828 0.048828
0 0.302820 0.399181 0.048828 0.048828
0 0.341258 0.352432 0.048828 0.048828
0 0.386969 0.326460 0.048828 0.048828
0 0.408785 0.346199 0.048828 0.048828
0 0.363075 0.402298 0.048828 0.048828
0 0.425407 0.417881 0.048828 0.048828
0 0.386969 0.449047 0.048828 0.048828
0 0.347492 0.439697 0.048828 0.048828
0 0.359958 0.486446 0.048828 0.048828
0 0.401513 0.531118 0.048828 0.048828
0 0.345414 0.525923 0.048828 0.048828
0 0.283081 0.549818 0.048828 0.048828
0 0.360997 0.571634 0.048828 0.048828
0 0.407746 0.573712 0.048828 0.048828
0 0.385930 0.602800 0.048828 0.048828
0 0.433718 0.620461 0.048828 0.048828
0 0.432679 0.662016 0.048828 0.048828
0 0.380735 0.652666 0.048828 0.048828
0 0.335025 0.637083 0.048828 0.048828
0 0.394241 0.709804 0.048828 0.048828
0 0.331908 0.694221 0.048828 0.048828
0 0.292431 0.680715 0.048828 0.048828
0 0.195816 0.594489 0.048828 0.048828
0 0.269576 0.604878 0.048828 0.048828
0 0.191661 0.656821 0.048828 0.048828
0 0.149067 0.630850 0.048828 0.048828
0 0.106473 0.630850 0.048828 0.048828
0 0.102318 0.677599 0.048828 0.048828
0 0.095046 0.732659 0.048828 0.048828
0 0.149067 0.730581 0.048828 0.048828
0 0.196855 0.727465 0.048828 0.048828
0 0.247760 0.722270 0.048828 0.048828
0 0.356841 0.745126 0.048828 0.048828
0 0.415018 0.755514 0.048828 0.048828
0 0.394241 0.799147 0.048828 0.048828
0 0.332947 0.789797 0.048828 0.048828
0 0.341258 0.851091 0.048828 0.048828
0 0.409824 0.834469 0.048828 0.048828
0 0.430601 0.906151 0.048828 0.048828
0 0.390085 0.899918 0.048828 0.048828
0 0.353725 0.946667 0.048828 0.048828
0 0.424368 0.993416 0.048828 0.048828
0 0.397357 0.942511 0.048828 0.048828
0 0.311131 0.970561 0.048828 0.048828
0 0.211399 0.980950 0.048828 0.048828
0 0.270615 0.927967 0.048828 0.048828
0 0.223866 0.912384 0.048828 0.048828
0 0.231138 0.876023 0.048828 0.048828
0 0.285159 0.849013 0.048828 0.048828
0 0.291392 0.805380 0.048828 0.048828
0 0.225943 0.817847 0.048828 0.048828
0 0.225943 0.772136 0.048828 0.048828
0 0.295548 0.753437 0.048828 0.048828
0 0.164650 0.802264 0.048828 0.048828
0 0.177116 0.845896 0.048828 0.048828
0 0.113745 0.887451 0.048828 0.048828
0 0.128289 0.945628 0.048828 0.048828
0 0.078424 0.911345 0.048828 0.048828
0 0.095046 0.972639 0.048828 0.048828
0 0.035830 0.963289 0.048828 0.048828
0 0.030635 0.869790 0.048828 0.048828
0 0.084657 0.854207 0.048828 0.048828
0 0.087773 0.789797 0.048828 0.048828
0 0.034791 0.818885 0.048828 0.048828
0 0.009858 0.743048 0.048828 0.048828
0 0.046219 0.695260 0.048828 0.048828
0 0.024402 0.635005 0.048828 0.048828
0 0.089851 0.597606 0.048828 0.048828
0 0.039985 0.605917 0.048828 0.048828
0 0.004664 0.550856 0.048828 0.048828
0 0.036869 0.512418 0.048828 0.048828
0 0.059724 0.551895 0.048828 0.048828
0 0.090890 0.531118 0.048828 0.048828
0 0.028558 0.460475 0.048828 0.048828
0 0.047257 0.374248 0.048828 0.048828
0 0.141795 0.308799 0.048828 0.048828
0 0.097123 0.336849 0.048828 0.048828
0 0.045180 0.326460 0.048828 0.048828
0 0.031674 0.274516 0.048828 0.048828
0 0.212438 0.280750 0.048828 0.048828
0 0.018169 0.220495 0.048828 0.048828
0 0.022324 0.169590 0.048828 0.048828
0 0.034791 0.130113 0.048828 0.048828
0 0.017130 0.091675 0.048828 0.048828
0 0.030635 0.042848 0.048828 0.048828