0 0.994526 0.832936 0.048828 0.048828
0 0.969031 0.873949 0.048828 0.048828
0 0.963489 0.934913 0.048828 0.048828
0 0.933561 0.900551 0.048828 0.048828
0 0.952405 0.829611 0.048828 0.048828
0 0.916934 0.853997 0.048828 0.048828
0 0.887006 0.933805 0.048828 0.048828
0 0.928019 0.987010 0.048828 0.048828
0 0.882573 0.992552 0.048828 0.048828
0 0.839343 0.971492 0.048828 0.048828
0 0.782813 0.969275 0.048828 0.048828
0 0.742908 0.931588 0.048828 0.048828
0 0.819391 0.926046 0.048828 0.048828
0 0.818283 0.877274 0.048828 0.048828
0 0.762860 0.867298 0.048828 0.048828
0 0.776162 0.815201 0.048828 0.048828
0 0.748451 0.775297 0.048828 0.048828
0 0.762860 0.723200 0.048828 0.048828
0 0.831584 0.773080 0.048828 0.048828
0 0.906958 0.789707 0.048828 0.048828
0 0.816066 0.691055 0.048828 0.048828
0 0.833801 0.729851 0.048828 0.048828
0 0.890332 0.738718 0.048828 0.048828
0 0.932453 0.760887 0.048828 0.048828
0 0.980116 0.787490 0.048828 0.048828
0 0.963489 0.752020 0.048828 0.048828
0 0.920260 0.712116 0.048828 0.048828
0 0.896982 0.665561 0.048828 0.048828
0 0.945754 0.665561 0.048828 0.048828
0 0.804981 0.621223 0.048828 0.048828
0 0.816066 0.551391 0.048828 0.048828
0 0.847102 0.577994 0.048828 0.048828
0 0.910284 0.611247 0.048828 0.048828
0 0.963489 0.612355 0.048828 0.048828
0 0.977899 0.539198 0.048828 0.048828
0 0.934670 0.556933 0.048828 0.048828
0 0.851536 0.489318 0.048828 0.048828
0 0.912501 0.514812 0.048828 0.048828
0 0.971248 0.501511 0.048828 0.048828
0 0.950188 0.460498 0.048828 0.048828
0 0.902525 0.456065 0.048828 0.048828
0 0.845994 0.413944 0.048828 0.048828
0 0.904742 0.415052 0.048828 0.048828
0 0.979007 0.415052 0.048828 0.048828
0 0.984550 0.361847 0.048828 0.048828
0 0.923585 0.372931 0.048828 0.048828
0 0.882573 0.384016 0.048828 0.048828
0 0.891440 0.348545 0.048828 0.048828
0 0.863729 0.323051 0.048828 0.048828
0 0.875922 0.279822 0.048828 0.048828
0 0.926910 0.276496 0.048828 0.048828
0 0.928019 0.327485 0.048828 0.048828
0 0.969031 0.307533 0.048828 0.048828
0 0.973465 0.233267 0.048828 0.048828
0 0.922477 0.228833 0.048828 0.048828
0 0.967923 0.146808 0.048828 0.048828
0 0.930236 0.167869 0.048828 0.048828
0 0.871488 0.167869 0.048828 0.048828
0 0.823825 0.187821 0.048828 0.048828
0 0.788355 0.134615 0.048828 0.048828
0 0.831584 0.131290 0.048828 0.048828
0 0.912501 0.130181 0.048828 0.048828
0 0.898091 0.080301 0.048828 0.048828
0 0.951296 0.088061 0.048828 0.048828
0 0.991200 0.091386 0.048828 0.048828
0 0.972357 0.050373 0.048828 0.048828
0 0.919151 0.006036 0.048828 0.048828
0 0.223447 0.987745 0.048828 0.048828
0 0.186486 0.966465 0.048828 0.048828
0 0.127125 0.986625 0.048828 0.048828
0 0.141686 0.892544 0.048828 0.048828
0 0.186486 0.901504 0.048828 0.048828
0 0.186486 0.848863 0.048828 0.048828
0 0.232407 0.847743 0.048828 0.048828
0 0.268248 0.867903 0.048828 0.048828
0 0.235767 0.947424 0.048828 0.048828
0 0.272728 0.958625 0.048828 0.048828
0 0.334329 0.994465 0.048828 0.048828
0 0.316409 0.955265 0.048828 0.048828
0 0.311928 0.925024 0.048828 0.048828
0 0.356729 0.862303 0.048828 0.048828
0 0.355609 0.930624 0.048828 0.048828
0 0.382490 0.910464 0.048828 0.048828
0 0.385850 0.965345 0.048828 0.048828
0 0.418330 0.977665 0.048828 0.048828
0 0.462011 0.996705 0.048828 0.048828
0 0.673695 0.939584 0.048828 0.048828
0 0.681535 0.884703 0.048828 0.048828
0 0.690495 0.842143 0.048828 0.048828
0 0.703935 0.797342 0.048828 0.048828
0 0.688255 0.752541 0.048828 0.048828
0 0.659134 0.718941 0.048828 0.048828
0 0.728575 0.670780 0.048828 0.048828
0 0.662494 0.652860 0.048828 0.048828
0 0.622174 0.687580 0.048828 0.048828
0 0.616574 0.752541 0.048828 0.048828
0 0.567293 0.749181 0.048828 0.048828
0 0.567293 0.680860 0.048828 0.048828
0 0.627774 0.813022 0.048828 0.048828
0 0.597533 0.861183 0.048828 0.048828
0 0.606493 0.926144 0.048828 0.048828
0 0.521372 0.967585 0.048828 0.048828
0 0.474331 0.932864 0.048828 0.048828
0 0.439611 0.879103 0.048828 0.048828
0 0.510172 0.888063 0.048828 0.048828
0 0.548252 0.927264 0.048828 0.048828
0 0.531452 0.851103 0.048828 0.048828
0 0.531452 0.799582 0.048828 0.048828
0 0.485531 0.841023 0.048828 0.048828
0 0.488891 0.770462 0.048828 0.048828
0 0.423930 0.776062 0.048828 0.048828
0 0.435131 0.828702 0.048828 0.048828
0 0.378010 0.792862 0.048828 0.048828
0 0.315289 0.824222 0.048828 0.048828
0 0.314169 0.789502 0.048828 0.048828
0 0.264888 0.800702 0.048828 0.048828
0 0.225687 0.787262 0.048828 0.048828
0 0.178646 0.800702 0.048828 0.048828
0 0.173046 0.739101 0.048828 0.048828
0 0.205527 0.716701 0.048828 0.048828
0 0.246967 0.708860 0.048828 0.048828
0 0.245847 0.761501 0.048828 0.048828
0 0.308568 0.752541 0.048828 0.048828
0 0.360089 0.742461 0.048828 0.048828
0 0.378010 0.705500 0.048828 0.048828
0 0.425050 0.723421 0.048828 0.048828
0 0.490011 0.718941 0.048828 0.048828
0 0.488891 0.661820 0.048828 0.048828
0 0.447451 0.667420 0.048828 0.048828
0 0.383610 0.648379 0.048828 0.048828
0 0.392570 0.679740 0.048828 0.048828
0 0.318649 0.702140 0.048828 0.048828
0 0.315289 0.650620 0.048828 0.048828
0 0.240247 0.650620 0.048828 0.048828
0 0.185366 0.652860 0.048828 0.048828
0 0.231287 0.603579 0.048828 0.048828
0 0.278328 0.622619 0.048828 0.048828
0 0.243607 0.543098 0.048828 0.048828
0 0.271608 0.546458 0.048828 0.048828
0 0.302968 0.565498 0.048828 0.048828
0 0.330969 0.533018 0.048828 0.048828
0 0.366809 0.503897 0.048828 0.048828
0 0.287288 0.481497 0.048828 0.048828
0 0.324249 0.451256 0.048828 0.048828
0 0.300728 0.412056 0.048828 0.048828
0 0.322009 0.360535 0.048828 0.048828
0 0.388090 0.397495 0.048828 0.048828
0 0.378010 0.357175 0.048828 0.048828
0 0.434011 0.375095 0.048828 0.048828
0 0.360089 0.307894 0.048828 0.048828
0 0.317529 0.264213 0.048828 0.048828
0 0.339929 0.241813 0.048828 0.048828
0 0.382490 0.249653 0.048828 0.048828
0 0.413850 0.283253 0.048828 0.048828
0 0.402650 0.219412 0.048828 0.048828
0 0.447451 0.213812 0.048828 0.048828
0 0.464251 0.265333 0.048828 0.048828
0 0.500092 0.297814 0.048828 0.048828
0 0.546012 0.297814 0.048828 0.048828
0 0.448571 0.340374 0.048828 0.048828
0 0.490011 0.349334 0.048828 0.048828
0 0.540412 0.372855 0.048828 0.048828
0 0.482171 0.410936 0.048828 0.048828
0 0.457531 0.449016 0.048828 0.048828
0 0.381370 0.452376 0.048828 0.048828
0 0.437371 0.509497 0.048828 0.048828
0 0.410490 0.557658 0.048828 0.048828
0 0.378010 0.587898 0.048828 0.048828
0 0.428410 0.621499 0.048828 0.048828
0 0.491131 0.586778 0.048828 0.048828
0 0.540412 0.576698 0.048828 0.048828
0 0.543772 0.627099 0.048828 0.048828
0 0.600893 0.628219 0.048828 0.048828
0 0.646814 0.620379 0.048828 0.048828
0 0.652414 0.576698 0.048828 0.048828
0 0.702815 0.605819 0.048828 0.048828
0 0.755456 0.585658 0.048828 0.048828
0 0.781216 0.474777 0.048828 0.048828
0 0.717375 0.498297 0.048828 0.048828
0 0.745376 0.444536 0.048828 0.048828
0 0.668094 0.527417 0.048828 0.048828
0 0.608733 0.546458 0.048828 0.048828
0 0.497852 0.536378 0.048828 0.048828
0 0.507932 0.483737 0.048828 0.048828
0 0.537052 0.429976 0.048828 0.048828
0 0.578493 0.453496 0.048828 0.048828
0 0.566173 0.503897 0.048828 0.048828
0 0.614334 0.500537 0.048828 0.048828
0 0.687135 0.455736 0.048828 0.048828
0 0.635614 0.450136 0.048828 0.048828
0 0.607613 0.412056 0.048828 0.048828
0 0.588573 0.334774 0.048828 0.048828
0 0.641214 0.363895 0.048828 0.048828
0 0.681535 0.410936 0.048828 0.048828
0 0.702815 0.389655 0.048828 0.048828
0 0.795777 0.381815 0.048828 0.048828
0 0.726335 0.358295 0.048828 0.048828
0 0.696095 0.335894 0.048828 0.048828
0 0.643454 0.307894 0.048828 0.048828
0 0.599773 0.283253 0.048828 0.048828
0 0.550492 0.253013 0.048828 0.048828
0 0.615454 0.238453 0.048828 0.048828
0 0.696095 0.270933 0.048828 0.048828
0 0.743136 0.291094 0.048828 0.048828
0 0.810337 0.304534 0.048828 0.048828
0 0.804737 0.256373 0.048828 0.048828
0 0.744256 0.242933 0.048828 0.048828
0 0.744256 0.188052 0.048828 0.048828
0 0.694975 0.198132 0.048828 0.048828
0 0.624414 0.176852 0.048828 0.048828
0 0.638974 0.212692 0.048828 0.048828
0 0.562813 0.190292 0.048828 0.048828
0 0.502332 0.201492 0.048828 0.048828
0 0.484411 0.160051 0.048828 0.048828
0 0.410490 0.151091 0.048828 0.048828
0 0.353369 0.151091 0.048828 0.048828
0 0.402650 0.108530 0.048828 0.048828
0 0.444091 0.121971 0.048828 0.048828
0 0.399290 0.064850 0.048828 0.048828
0 0.422810 0.021169 0.048828 0.048828
0 0.462011 0.073810 0.048828 0.048828
0 0.495612 0.030129 0.048828 0.048828
0 0.532572 0.029009 0.048828 0.048828
0 0.515772 0.072690 0.048828 0.048828
0 0.565053 0.074930 0.048828 0.048828
0 0.516892 0.123091 0.048828 0.048828
0 0.570653 0.136531 0.048828 0.048828
0 0.636734 0.109650 0.048828 0.048828
0 0.682655 0.129811 0.048828 0.048828
0 0.730815 0.133171 0.048828 0.048828
0 0.701695 0.087250 0.048828 0.048828
0 0.766656 0.069330 0.048828 0.048828
0 0.828257 0.029009 0.048828 0.048828
0 0.791296 0.032369 0.048828 0.048828
0 0.767776 0.006609 0.048828 0.048828
0 0.731935 0.044689 0.048828 0.048828
0 0.680415 0.044689 0.048828 0.048828
0 0.651294 0.006609 0.048828 0.048828
0 0.613214 0.031249 0.048828 0.048828
0 0.110325 0.005489 0.048828 0.048828
0 0.138326 0.032369 0.048828 0.048828
0 0.160726 0.068210 0.048828 0.048828
0 0.113685 0.070450 0.048828 0.048828
0 0.055444 0.052530 0.048828 0.048828
0 0.068884 0.104050 0.048828 0.048828
0 0.134966 0.117491 0.048828 0.048828
0 0.183126 0.123091 0.048828 0.048828
0 0.118165 0.147731 0.048828 0.048828
0 0.094645 0.183572 0.048828 0.048828
0 0.171926 0.177972 0.048828 0.048828
0 0.148406 0.216052 0.048828 0.048828
0 0.095765 0.239573 0.048828 0.048828
0 0.052084 0.344854 0.048828 0.048828
0 0.096885 0.347094 0.048828 0.048828
0 0.096885 0.315734 0.048828 0.048828
0 0.146166 0.350455 0.048828 0.048828
0 0.147286 0.288853 0.048828 0.048828
0 0.189846 0.247413 0.048828 0.048828
0 0.242487 0.247413 0.048828 0.048828
0 0.243607 0.199252 0.048828 0.048828
0 0.282808 0.212692 0.048828 0.048828
0 0.253688 0.134291 0.048828 0.048828
0 0.301848 0.137651 0.048828 0.048828
0 0.267128 0.315734 0.048828 0.048828
0 0.223447 0.287733 0.048828 0.048828
0 0.189846 0.321334 0.048828 0.048828
0 0.223447 0.345974 0.048828 0.048828
0 0.249207 0.400855 0.048828 0.048828
0 0.236887 0.445656 0.048828 0.048828
0 0.193207 0.401975 0.048828 0.048828
0 0.161846 0.460216 0.048828 0.048828
0 0.140566 0.395255 0.048828 0.048828
0 0.083445 0.395255 0.048828 0.048828
0 0.086805 0.446776 0.048828 0.048828
0 0.115950 0.495669 0.048828 0.048828
0 0.155427 0.502941 0.048828 0.048828
0 0.204254 0.499825 0.048828 0.048828
0 0.187632 0.545535 0.048828 0.048828
0 0.188671 0.583973 0.048828 0.048828
0 0.161660 0.600595 0.048828 0.048828
0 0.112833 0.637995 0.048828 0.048828
0 0.092056 0.582934 0.048828 0.048828
0 0.114911 0.561118 0.048828 0.048828
0 0.086862 0.527874 0.048828 0.048828
0 0.056734 0.544496 0.048828 0.048828
0 0.060890 0.652539 0.048828 0.048828
0 0.024529 0.612023 0.048828 0.048828
0 0.007907 0.546574 0.048828 0.048828
0 0.001674 0.639034 0.048828 0.048828
0 0.002713 0.685783 0.048828 0.048828
0 0.026607 0.724221 0.048828 0.048828
0 0.082706 0.723182 0.048828 0.048828
0 0.134650 0.706560 0.048828 0.048828
0 0.132572 0.758504 0.048828 0.048828
0 0.101406 0.799020 0.048828 0.048828
0 0.135689 0.823953 0.048828 0.048828
0 0.109717 0.859274 0.048828 0.048828
0 0.052579 0.812525 0.048828 0.048828
0 0.045307 0.877974 0.048828 0.048828
0 0.075434 0.911218 0.048828 0.048828
0 0.016218 0.925762 0.048828 0.048828
0 0.044268 0.760582 0.048828 0.048828
0 0.022451 0.459309 0.048828 0.048828
0 0.048423 0.497747 0.048828 0.048828
0 0.055695 0.413598 0.048828 0.048828
0 0.015179 0.363732 0.048828 0.048828
0 0.005830 0.311789 0.048828 0.048828
0 0.041151 0.273350 0.048828 0.048828
0 0.021413 0.214135 0.048828 0.048828
0 0.024529 0.162191 0.048828 0.048828
0 0.025568 0.112325 0.048828 0.048828
0 0.005830 0.065576 0.048828 0.048828
0 0.003752 0.012594 0.048828 0.048828
0 0.344502 0.088431 0.048828 0.048828
0 0.364241 0.049993 0.048828 0.048828
0 0.270742 0.012594 0.048828 0.048828
0 0.288403 0.044799 0.048828 0.048828
0 0.284247 0.090509 0.048828 0.048828
0 0.218798 0.071809 0.048828 0.048828
0 0.185554 0.036488 0.048828 0.048828
0 0.212565 0.009477 0.048828 0.048828
0 0.012063 0.993289 0.048828 0.048828
0 0.051540 0.968356 0.048828 0.048828