0 0.037237 0.209786 0.048828 0.048828
0 0.077506 0.195405 0.048828 0.048828
0 0.138867 0.172394 0.048828 0.048828
0 0.047784 0.152260 0.048828 0.048828
0 0.047784 0.109115 0.048828 0.048828
0 0.014226 0.129249 0.048828 0.048828
0 0.102434 0.086104 0.048828 0.048828
0 0.113939 0.031454 0.048828 0.048828
0 0.037237 0.052547 0.048828 0.048828
0 0.441840 0.031454 0.048828 0.048828
0 0.426500 0.083228 0.048828 0.048828
0 0.410201 0.114867 0.048828 0.048828
0 0.348839 0.115826 0.048828 0.048828
0 0.360345 0.054465 0.048828 0.048828
0 0.302818 0.066929 0.048828 0.048828
0 0.261591 0.051588 0.048828 0.048828
0 0.281725 0.008443 0.048828 0.048828
0 0.222281 0.005567 0.048828 0.048828
0 0.182012 0.000773 0.048828 0.048828
0 0.159960 0.098568 0.048828 0.048828
0 0.267343 0.112950 0.048828 0.048828
0 0.359386 0.176229 0.048828 0.048828
0 0.433211 0.160889 0.048828 0.048828
0 0.420747 0.219374 0.048828 0.048828
0 0.378561 0.251014 0.048828 0.048828
0 0.395819 0.288406 0.048828 0.048828
0 0.456222 0.292241 0.048828 0.048828
0 0.471563 0.246220 0.048828 0.048828
0 0.507037 0.250055 0.048828 0.048828
0 0.496491 0.198281 0.048828 0.048828
0 0.544429 0.190611 0.048828 0.048828
0 0.548265 0.139796 0.048828 0.048828
0 0.482109 0.135961 0.048828 0.048828
0 0.502243 0.074599 0.048828 0.048828
0 0.545388 0.076516 0.048828 0.048828
0 0.547306 0.024743 0.048828 0.048828
0 0.506078 0.004608 0.048828 0.048828
0 0.296107 0.169518 0.048828 0.048828
0 0.312406 0.275942 0.048828 0.048828
0 0.259673 0.247178 0.048828 0.048828
0 0.220363 0.204034 0.048828 0.048828
0 0.159002 0.220333 0.048828 0.048828
0 0.121609 0.257725 0.048828 0.048828
0 0.228033 0.301829 0.048828 0.048828
0 0.274055 0.316210 0.048828 0.048828
0 0.351716 0.316210 0.048828 0.048828
0 0.399654 0.345932 0.048828 0.048828
0 0.481150 0.340180 0.048828 0.048828
0 0.526213 0.350726 0.048828 0.048828
0 0.552100 0.298952 0.048828 0.048828
0 0.558811 0.439892 0.048828 0.048828
0 0.507037 0.410170 0.048828 0.048828
0 0.455263 0.398665 0.048828 0.048828
0 0.553058 0.503172 0.048828 0.048828
0 0.503202 0.468656 0.048828 0.048828
0 0.488820 0.524265 0.048828 0.048828
0 0.443758 0.471532 0.048828 0.048828
0 0.411160 0.530976 0.048828 0.048828
0 0.350757 0.524265 0.048828 0.048828
0 0.359386 0.469614 0.048828 0.048828
0 0.391025 0.431263 0.048828 0.048828
0 0.367056 0.384283 0.048828 0.048828
0 0.330622 0.418799 0.048828 0.048828
0 0.317200 0.340180 0.048828 0.048828
0 0.286519 0.386201 0.048828 0.048828
0 0.257756 0.341139 0.048828 0.048828
0 0.228033 0.403459 0.048828 0.048828
0 0.190641 0.360314 0.048828 0.048828
0 0.144620 0.322922 0.048828 0.048828
0 0.167631 0.396748 0.048828 0.048828
0 0.129280 0.380448 0.048828 0.048828
0 0.089011 0.396748 0.048828 0.048828
0 0.051619 0.390036 0.048828 0.048828
0 0.008474 0.390036 0.048828 0.048828
0 0.072712 0.343056 0.048828 0.048828
0 0.017103 0.346891 0.048828 0.048828
0 0.022855 0.486872 0.048828 0.048828
0 0.071753 0.439892 0.048828 0.048828
0 0.062165 0.491666 0.048828 0.048828
0 0.089970 0.491666 0.048828 0.048828
0 0.129280 0.447563 0.048828 0.048828
0 0.162837 0.450439 0.048828 0.048828
0 0.194476 0.452357 0.048828 0.048828
0 0.256797 0.455233 0.048828 0.048828
0 0.293230 0.490708 0.048828 0.048828
0 0.270220 0.550152 0.048828 0.048828
0 0.237621 0.504130 0.048828 0.048828
0 0.162837 0.496460 0.048828 0.048828
0 0.135032 0.519471 0.048828 0.048828
0 0.140785 0.557822 0.048828 0.048828
0 0.093805 0.545358 0.048828 0.048828
0 0.041072 0.547275 0.048828 0.048828
0 0.010391 0.653699 0.048828 0.048828
0 0.034361 0.606719 0.048828 0.048828
0 0.072712 0.644112 0.048828 0.048828
0 0.088052 0.587544 0.048828 0.048828
0 0.153249 0.622060 0.048828 0.048828
0 0.183930 0.619184 0.048828 0.048828
0 0.199270 0.660411 0.048828 0.048828
0 0.174342 0.693009 0.048828 0.048828
0 0.217487 0.718896 0.048828 0.048828
0 0.199270 0.781217 0.048828 0.048828
0 0.266384 0.756288 0.048828 0.048828
0 0.310488 0.718896 0.048828 0.048828
0 0.272137 0.693009 0.048828 0.048828
0 0.327746 0.654658 0.048828 0.048828
0 0.300900 0.596173 0.048828 0.048828
0 0.256797 0.614390 0.048828 0.048828
0 0.208858 0.563575 0.048828 0.048828
0 0.106269 0.712185 0.048828 0.048828
0 0.062165 0.697803 0.048828 0.048828
0 0.019020 0.707391 0.048828 0.048828
0 0.066000 0.743824 0.048828 0.048828
0 0.046825 0.781217 0.048828 0.048828
0 0.062165 0.848331 0.048828 0.048828
0 0.053536 0.919280 0.048828 0.048828
0 0.030526 0.879012 0.048828 0.048828
0 0.001762 0.808062 0.048828 0.048828
0 0.036278 0.969137 0.048828 0.048828
0 0.960538 0.963384 0.048828 0.048828
0 0.973002 0.910651 0.048828 0.048828
0 0.946157 0.877094 0.048828 0.048828
0 0.914517 0.923115 0.048828 0.048828
0 0.893424 0.972972 0.048828 0.048828
0 0.853155 0.935580 0.048828 0.048828
0 0.862743 0.863671 0.048828 0.048828
0 0.817681 0.886682 0.048828 0.048828
0 0.809052 0.934621 0.048828 0.048828
0 0.774536 0.902022 0.048828 0.048828
0 0.743855 0.949002 0.048828 0.048828
0 0.728514 0.899146 0.048828 0.048828
0 0.658524 0.968178 0.048828 0.048828
0 0.670988 0.911610 0.048828 0.048828
0 0.612503 0.886682 0.048828 0.048828
0 0.619214 0.936538 0.048828 0.048828
0 0.600038 0.997900 0.048828 0.048828
0 0.547306 0.953796 0.048828 0.048828
0 0.558811 0.925033 0.048828 0.048828
0 0.550182 0.878053 0.048828 0.048828
0 0.489779 0.914486 0.048828 0.048828
0 0.426500 0.900105 0.048828 0.048828
0 0.377602 0.879971 0.048828 0.048828
0 0.312406 0.873259 0.048828 0.048828
0 0.243374 0.893393 0.048828 0.048828
0 0.249127 0.971054 0.048828 0.048828
0 0.325829 0.939415 0.048828 0.048828
0 0.377602 0.971054 0.048828 0.048828
0 0.411160 0.952837 0.048828 0.048828
0 0.484985 0.971054 0.048828 0.048828
0 0.427459 0.996941 0.048828 0.048828
0 0.192559 0.957631 0.048828 0.048828
0 0.187765 0.860795 0.048828 0.048828
0 0.249127 0.826279 0.048828 0.048828
0 0.296107 0.793681 0.048828 0.048828
0 0.356509 0.822444 0.048828 0.048828
0 0.414036 0.842578 0.048828 0.048828
0 0.347880 0.763959 0.048828 0.048828
0 0.381438 0.767794 0.048828 0.048828
0 0.365138 0.720814 0.048828 0.048828
0 0.426500 0.720814 0.048828 0.048828
0 0.480191 0.716020 0.048828 0.048828
0 0.444717 0.786011 0.048828 0.048828
0 0.509914 0.764917 0.048828 0.048828
0 0.499367 0.835867 0.048828 0.048828
0 0.554017 0.821485 0.048828 0.048828
0 0.595245 0.850248 0.048828 0.048828
0 0.617296 0.821485 0.048828 0.048828
0 0.704545 0.844496 0.048828 0.048828
0 0.755360 0.848331 0.048828 0.048828
0 0.817681 0.829155 0.048828 0.048828
0 0.928899 0.833949 0.048828 0.048828
0 0.990260 0.757247 0.048828 0.048828
0 0.959579 0.795598 0.048828 0.048828
0 0.908764 0.784093 0.048828 0.048828
0 0.854114 0.790804 0.048828 0.048828
0 0.804258 0.768753 0.048828 0.048828
0 0.770701 0.782175 0.048828 0.048828
0 0.711256 0.795598 0.048828 0.048828
0 0.661400 0.791763 0.048828 0.048828
0 0.610585 0.765876 0.048828 0.048828
0 0.557852 0.732319 0.048828 0.048828
0 0.532924 0.697803 0.048828 0.048828
0 0.496491 0.671916 0.048828 0.048828
0 0.464851 0.654658 0.048828 0.048828
0 0.399654 0.653699 0.048828 0.048828
0 0.358427 0.593297 0.048828 0.048828
0 0.419789 0.600008 0.048828 0.048828
0 0.504161 0.604802 0.048828 0.048828
0 0.544429 0.646029 0.048828 0.048828
0 0.553058 0.578915 0.048828 0.048828
0 0.605791 0.620142 0.048828 0.048828
0 0.609626 0.677669 0.048828 0.048828
0 0.647977 0.716020 0.048828 0.048828
0 0.693999 0.751495 0.048828 0.048828
0 0.775494 0.727525 0.048828 0.048828
0 0.706463 0.683421 0.048828 0.048828
0 0.665235 0.646988 0.048828 0.048828
0 0.724679 0.634524 0.048828 0.048828
0 0.753443 0.664246 0.048828 0.048828
0 0.809052 0.676710 0.048828 0.048828
0 0.836856 0.731360 0.048828 0.048828
0 0.889589 0.711226 0.048828 0.048828
0 0.921228 0.678628 0.048828 0.048828
0 0.949033 0.712185 0.048828 0.048828
0 0.998889 0.705473 0.048828 0.048828
0 0.997930 0.586585 0.048828 0.048828
0 0.970126 0.632606 0.048828 0.048828
0 0.913558 0.619184 0.048828 0.048828
0 0.851238 0.647947 0.048828 0.048828
0 0.801381 0.611513 0.048828 0.048828
0 0.854114 0.593297 0.048828 0.048828
0 0.938486 0.565492 0.048828 0.048828
0 0.968208 0.525223 0.048828 0.048828
0 0.976837 0.477285 0.048828 0.048828
0 0.943280 0.452357 0.048828 0.048828
0 0.957662 0.410170 0.048828 0.048828
0 0.942321 0.497419 0.048828 0.048828
0 0.910682 0.526182 0.048828 0.048828
0 0.854114 0.497419 0.048828 0.048828
0 0.897259 0.444686 0.048828 0.048828
0 0.857949 0.454274 0.048828 0.048828
0 0.807134 0.450439 0.048828 0.048828
0 0.801381 0.504130 0.048828 0.048828
0 0.835897 0.533852 0.048828 0.048828
0 0.772618 0.555904 0.048828 0.048828
0 0.689205 0.586585 0.048828 0.048828
0 0.716050 0.526182 0.048828 0.048828
0 0.738102 0.470573 0.048828 0.048828
0 0.674823 0.465779 0.048828 0.048828
0 0.658524 0.522347 0.048828 0.048828
0 0.622090 0.558781 0.048828 0.048828
0 0.612503 0.492625 0.048828 0.048828
0 0.622090 0.414964 0.048828 0.048828
0 0.589492 0.046794 0.048828 0.048828
0 0.630719 0.013237 0.048828 0.048828
0 0.629761 0.064052 0.048828 0.048828
0 0.673864 0.046794 0.048828 0.048828
0 0.683452 0.004608 0.048828 0.048828
0 0.717968 0.026660 0.048828 0.048828
0 0.747690 0.103362 0.048828 0.048828
0 0.669070 0.088022 0.048828 0.048828
0 0.626884 0.162806 0.048828 0.048828
0 0.604832 0.113909 0.048828 0.048828
0 0.605791 0.200198 0.048828 0.048828
0 0.576069 0.239508 0.048828 0.048828
0 0.590451 0.302787 0.048828 0.048828
0 0.600997 0.362232 0.048828 0.048828
0 0.640307 0.367025 0.048828 0.048828
0 0.709339 0.436057 0.048828 0.048828
0 0.714133 0.380448 0.048828 0.048828
0 0.766865 0.414964 0.048828 0.048828
0 0.821516 0.403459 0.048828 0.048828
0 0.813845 0.002691 0.048828 0.048828
0 0.890548 0.016114 0.048828 0.048828
0 0.835897 0.042000 0.048828 0.048828
0 0.789876 0.039124 0.048828 0.048828
0 0.883836 0.063094 0.048828 0.048828
0 0.938486 0.000773 0.048828 0.048828
0 0.944239 0.054465 0.048828 0.048828
0 0.932734 0.095692 0.048828 0.048828
0 0.944239 0.148425 0.048828 0.048828
0 0.975879 0.211704 0.048828 0.048828
0 0.991219 0.382366 0.048828 0.048828
0 0.939445 0.372778 0.048828 0.048828
0 0.932734 0.323881 0.048828 0.048828
0 0.979714 0.337303 0.048828 0.048828
0 0.977796 0.293200 0.048828 0.048828
0 0.951909 0.256766 0.048828 0.048828
0 0.893424 0.280736 0.048828 0.048828
0 0.913558 0.224168 0.048828 0.048828
0 0.904929 0.180064 0.048828 0.048828
0 0.901094 0.133084 0.048828 0.048828
0 0.861784 0.112950 0.048828 0.048828
0 0.804258 0.094733 0.048828 0.048828
0 0.801381 0.141713 0.048828 0.048828
0 0.844526 0.167600 0.048828 0.048828
0 0.849320 0.228962 0.048828 0.048828
0 0.816722 0.208827 0.048828 0.048828
0 0.751525 0.159930 0.048828 0.048828
0 0.712215 0.153218 0.048828 0.048828
0 0.664276 0.214580 0.048828 0.048828
0 0.714133 0.213621 0.048828 0.048828
0 0.651812 0.252931 0.048828 0.048828
0 0.694957 0.266354 0.048828 0.048828
0 0.649895 0.314293 0.048828 0.048828
0 0.702627 0.329633 0.048828 0.048828
0 0.747690 0.305664 0.048828 0.048828
0 0.764948 0.251014 0.048828 0.048828
0 0.795629 0.277859 0.048828 0.048828
0 0.858908 0.307581 0.048828 0.048828
0 0.886712 0.348809 0.048828 0.048828
0 0.902053 0.383325 0.048828 0.048828
0 0.828227 0.363190 0.048828 0.048828
0 0.798505 0.337303 0.048828 0.048828
0 0.763030 0.361273 0.048828 0.048828