0 0.044722 0.465965 0.048828 0.048828
0 0.084990 0.485141 0.048828 0.048828
0 0.129094 0.488976 0.048828 0.048828
0 0.203878 0.483223 0.048828 0.048828
0 0.250858 0.506234 0.048828 0.048828
0 0.294003 0.474594 0.048828 0.048828
0 0.352489 0.483223 0.048828 0.048828
0 0.387005 0.511986 0.048828 0.048828
0 0.439737 0.528285 0.048828 0.048828
0 0.438778 0.481305 0.048828 0.048828
0 0.477130 0.497605 0.048828 0.048828
0 0.430149 0.561843 0.048828 0.048828
0 0.376458 0.549379 0.048828 0.048828
0 0.345777 0.550337 0.048828 0.048828
0 0.304550 0.519656 0.048828 0.048828
0 0.411933 0.606905 0.048828 0.048828
0 0.387963 0.595400 0.048828 0.048828
0 0.334272 0.604029 0.048828 0.048828
0 0.298797 0.581018 0.048828 0.048828
0 0.230724 0.551296 0.048828 0.048828
0 0.187579 0.544585 0.048828 0.048828
0 0.113753 0.542667 0.048828 0.048828
0 0.044722 0.542667 0.048828 0.048828
0 0.011164 0.592523 0.048828 0.048828
0 0.086908 0.590606 0.048828 0.048828
0 0.131970 0.593482 0.048828 0.048828
0 0.188538 0.602111 0.048828 0.048828
0 0.252776 0.609781 0.048828 0.048828
0 0.421521 0.659638 0.048828 0.048828
0 0.370705 0.657720 0.048828 0.048828
0 0.303591 0.646215 0.048828 0.048828
0 0.236477 0.678813 0.048828 0.048828
0 0.160733 0.663473 0.048828 0.048828
0 0.101289 0.651968 0.048828 0.048828
0 0.026505 0.658679 0.048828 0.048828
0 0.003494 0.679772 0.048828 0.048828
0 0.412892 0.705659 0.048828 0.048828
0 0.444531 0.724835 0.048828 0.048828
0 0.416727 0.744969 0.048828 0.048828
0 0.440696 0.794825 0.048828 0.048828
0 0.458913 0.843723 0.048828 0.048828
0 0.424397 0.822630 0.048828 0.048828
0 0.492470 0.877280 0.048828 0.048828
0 0.493429 0.911796 0.048828 0.048828
0 0.433985 0.995209 0.048828 0.048828
0 0.451243 0.943435 0.048828 0.048828
0 0.449325 0.895497 0.048828 0.048828
0 0.416727 0.860981 0.048828 0.048828
0 0.376458 0.815918 0.048828 0.048828
0 0.385087 0.778526 0.048828 0.048828
0 0.361118 0.734422 0.048828 0.048828
0 0.339066 0.704700 0.048828 0.048828
0 0.206755 0.706618 0.048828 0.048828
0 0.289209 0.720041 0.048828 0.048828
0 0.157857 0.744969 0.048828 0.048828
0 0.100331 0.726752 0.048828 0.048828
0 0.048557 0.716206 0.048828 0.048828
0 0.005412 0.745928 0.048828 0.048828
0 0.014041 0.802495 0.048828 0.048828
0 0.054309 0.777567 0.048828 0.048828
0 0.090743 0.815918 0.048828 0.048828
0 0.036093 0.841805 0.048828 0.048828
0 0.084031 0.862898 0.048828 0.048828
0 0.138682 0.800578 0.048828 0.048828
0 0.144434 0.854269 0.048828 0.048828
0 0.205796 0.836053 0.048828 0.048828
0 0.214425 0.780444 0.048828 0.048828
0 0.260446 0.769897 0.048828 0.048828
0 0.327560 0.772773 0.048828 0.048828
0 0.259487 0.836053 0.048828 0.048828
0 0.332354 0.840846 0.048828 0.048828
0 0.410974 0.918507 0.048828 0.048828
0 0.361118 0.911796 0.048828 0.048828
0 0.319890 0.895497 0.048828 0.048828
0 0.395634 0.973157 0.048828 0.048828
0 0.348654 0.968364 0.048828 0.048828
0 0.288251 0.963570 0.048828 0.048828
0 0.228807 0.967405 0.048828 0.048828
0 0.240312 0.887826 0.048828 0.048828
0 0.201002 0.925219 0.048828 0.048828
0 0.132929 0.895497 0.048828 0.048828
0 0.144434 0.948229 0.048828 0.048828
0 0.105124 0.979869 0.048828 0.048828
0 0.101289 0.932889 0.048828 0.048828
0 0.061980 0.912755 0.048828 0.048828
0 0.004453 0.894538 0.048828 0.048828
0 0.001577 0.941518 0.048828 0.048828
0 0.044722 0.967405 0.048828 0.048828