0 0.022297 0.511243 0.048828 0.048828
0 0.045574 0.460255 0.048828 0.048828
0 0.074394 0.495725 0.048828 0.048828
0 0.122057 0.486857 0.048828 0.048828
0 0.151985 0.456929 0.048828 0.048828
0 0.107647 0.428110 0.048828 0.048828
0 0.078827 0.400399 0.048828 0.048828
0 0.028947 0.405941 0.048828 0.048828
0 0.038923 0.369362 0.048828 0.048828
0 0.038923 0.336109 0.048828 0.048828
0 0.126491 0.382664 0.048828 0.048828
0 0.163069 0.397073 0.048828 0.048828
0 0.184130 0.436977 0.048828 0.048828
0 0.137575 0.343868 0.048828 0.048828
0 0.145334 0.282903 0.048828 0.048828
0 0.104322 0.299530 0.048828 0.048828
0 0.160852 0.224156 0.048828 0.048828
0 0.100996 0.250758 0.048828 0.048828
0 0.041140 0.277361 0.048828 0.048828
0 0.031164 0.220830 0.048828 0.048828
0 0.087695 0.214180 0.048828 0.048828
0 0.139792 0.178709 0.048828 0.048828
0 0.179696 0.139914 0.048828 0.048828
0 0.137575 0.113311 0.048828 0.048828
0 0.175262 0.070082 0.048828 0.048828
0 0.110972 0.031286 0.048828 0.048828
0 0.083261 0.061214 0.048828 0.048828
0 0.046683 0.103335 0.048828 0.048828
0 0.082153 0.153215 0.048828 0.048828
0 0.020080 0.162083 0.048828 0.048828
0 0.037815 0.066756 0.048828 0.048828
0 0.051116 0.024635 0.048828 0.048828
0 0.225142 0.372687 0.048828 0.048828
0 0.283890 0.348302 0.048828 0.048828
0 0.246203 0.325024 0.048828 0.048828
0 0.198540 0.316157 0.048828 0.048828
0 0.195214 0.272927 0.048828 0.048828
0 0.196323 0.241891 0.048828 0.048828
0 0.245094 0.277361 0.048828 0.048828
0 0.292758 0.316157 0.048828 0.048828
0 0.302734 0.289554 0.048828 0.048828
0 0.337095 0.316157 0.048828 0.048828
0 0.401385 0.316157 0.048828 0.048828
0 0.422446 0.269602 0.048828 0.048828
0 0.380325 0.281795 0.048828 0.048828
0 0.345963 0.254084 0.048828 0.048828
0 0.400277 0.233023 0.048828 0.048828
0 0.475651 0.215288 0.048828 0.048828
0 0.487844 0.170950 0.048828 0.048828
0 0.432422 0.188685 0.048828 0.048828
0 0.381433 0.180926 0.048828 0.048828
0 0.339312 0.159866 0.048828 0.048828
0 0.299408 0.197553 0.048828 0.048828
0 0.240661 0.229698 0.048828 0.048828
0 0.201865 0.190902 0.048828 0.048828
0 0.239552 0.178709 0.048828 0.048828
0 0.225142 0.097793 0.048828 0.048828
0 0.271697 0.138805 0.048828 0.048828
0 0.253962 0.033503 0.048828 0.048828
0 0.267263 0.085600 0.048828 0.048828
0 0.314926 0.054563 0.048828 0.048828
0 0.396951 0.020202 0.048828 0.048828
0 0.383650 0.084492 0.048828 0.048828
0 0.318252 0.122179 0.048828 0.048828
0 0.376999 0.127721 0.048828 0.048828
0 0.431313 0.131046 0.048828 0.048828
0 0.493386 0.139914 0.048828 0.048828
0 0.525531 0.119962 0.048828 0.048828
0 0.506688 0.068973 0.048828 0.048828
0 0.474543 0.096684 0.048828 0.048828
0 0.437964 0.056780 0.048828 0.048828
0 0.477868 0.040154 0.048828 0.048828
0 0.496712 0.006900 0.048828 0.048828