0 0.019029 0.244959 0.048828 0.048828
0 0.057643 0.246165 0.048828 0.048828
0 0.140905 0.243752 0.048828 0.048828
0 0.119185 0.275126 0.048828 0.048828
0 0.159005 0.296846 0.048828 0.048828
0 0.146939 0.347527 0.048828 0.048828
0 0.102291 0.330634 0.048828 0.048828
0 0.050403 0.298053 0.048828 0.048828
0 0.022649 0.345114 0.048828 0.048828
0 0.037130 0.377695 0.048828 0.048828
0 0.080570 0.398208 0.048828 0.048828
0 0.105911 0.377695 0.048828 0.048828
0 0.213307 0.369248 0.048828 0.048828
0 0.195206 0.313740 0.048828 0.048828
0 0.190379 0.247372 0.048828 0.048828
0 0.226580 0.259439 0.048828 0.048828
0 0.267608 0.263059 0.048828 0.048828
0 0.247094 0.320980 0.048828 0.048828
0 0.309842 0.307706 0.048828 0.048828
0 0.329149 0.375281 0.048828 0.048828
0 0.371383 0.359594 0.048828 0.048828
0 0.384657 0.308913 0.048828 0.048828
0 0.342423 0.248579 0.048828 0.048828
0 0.417238 0.259439 0.048828 0.048828
0 0.458265 0.261852 0.048828 0.048828
0 0.446198 0.304086 0.048828 0.048828
0 0.424478 0.360801 0.048828 0.048828
0 0.471539 0.354767 0.048828 0.048828
0 0.523426 0.349941 0.048828 0.048828
0 0.517393 0.294433 0.048828 0.048828
0 0.529460 0.242545 0.048828 0.048828
0 0.581348 0.261852 0.048828 0.048828
0 0.634442 0.287193 0.048828 0.048828
0 0.588588 0.310120 0.048828 0.048828
0 0.592208 0.364421 0.048828 0.048828
0 0.628409 0.362008 0.048828 0.048828
0 0.667023 0.363214 0.048828 0.048828
0 0.686330 0.306500 0.048828 0.048828
0 0.729771 0.343907 0.048828 0.048828
0 0.784072 0.335460 0.048828 0.048828
0 0.814239 0.327014 0.048828 0.048828
0 0.790105 0.263059 0.048828 0.048828
0 0.765972 0.238925 0.048828 0.048828
0 0.699604 0.249785 0.048828 0.048828
0 0.740631 0.296846 0.048828 0.048828
0 0.014202 0.459750 0.048828 0.048828
0 0.109531 0.452510 0.048828 0.048828
0 0.166246 0.452510 0.048828 0.048828
0 0.178313 0.410275 0.048828 0.048828
0 0.226580 0.423549 0.048828 0.048828
0 0.317082 0.429582 0.048828 0.048828
0 0.359316 0.444063 0.048828 0.048828
0 0.389484 0.406655 0.048828 0.048828
0 0.458265 0.440443 0.048828 0.048828
0 0.454645 0.394588 0.048828 0.048828
0 0.476365 0.401828 0.048828 0.048828
0 0.522220 0.404242 0.048828 0.048828
0 0.534287 0.452510 0.048828 0.048828
0 0.570487 0.435616 0.048828 0.048828
0 0.565661 0.388555 0.048828 0.048828
0 0.646509 0.410275 0.048828 0.048828
0 0.695983 0.388555 0.048828 0.048828
0 0.756318 0.405449 0.048828 0.048828
0 0.835960 0.243752 0.048828 0.048828
0 0.873367 0.257025 0.048828 0.048828
0 0.838373 0.275126 0.048828 0.048828
0 0.889054 0.324600 0.048828 0.048828
0 0.919221 0.271506 0.048828 0.048828
0 0.954216 0.307706 0.048828 0.048828
0 0.986796 0.342701 0.048828 0.048828
0 0.997656 0.264266 0.048828 0.048828
0 0.810448 0.433447 0.048828 0.048828
0 0.849649 0.383046 0.048828 0.048828
0 0.906770 0.378566 0.048828 0.048828
0 0.942610 0.364006 0.048828 0.048828
0 0.917970 0.424487 0.048828 0.048828
0 0.968371 0.435687 0.048828 0.048828
0 0.930290 0.456968 0.048828 0.048828
0 0.878769 0.465928 0.048828 0.048828
0 0.961651 0.500648 0.048828 0.048828
0 0.891089 0.497288 0.048828 0.048828
0 0.860849 0.524169 0.048828 0.048828
0 0.808208 0.549929 0.048828 0.048828
0 0.810448 0.594730 0.048828 0.048828
0 0.818288 0.649611 0.048828 0.048828
0 0.823888 0.693292 0.048828 0.048828
0 0.869809 0.667531 0.048828 0.048828
0 0.837329 0.772813 0.048828 0.048828
0 0.861969 0.733612 0.048828 0.048828
0 0.896690 0.764973 0.048828 0.048828
0 0.910130 0.805293 0.048828 0.048828
0 0.938130 0.832174 0.048828 0.048828
0 0.960531 0.868014 0.048828 0.048828
0 0.913490 0.870255 0.048828 0.048828
0 0.855249 0.852334 0.048828 0.048828
0 0.868689 0.903855 0.048828 0.048828
0 0.934770 0.917295 0.048828 0.048828
0 0.982931 0.922895 0.048828 0.048828
0 0.917970 0.947536 0.048828 0.048828
0 0.894450 0.983376 0.048828 0.048828
0 0.971731 0.977776 0.048828 0.048828
0 0.774468 0.961996 0.048828 0.048828
0 0.824334 0.961996 0.048828 0.048828
0 0.620715 0.980696 0.048828 0.048828
0 0.670581 0.968229 0.048828 0.048828
0 0.714213 0.947452 0.048828 0.048828
0 0.684086 0.910052 0.048828 0.048828
0 0.746419 0.917324 0.048828 0.048828
0 0.825373 0.912130 0.048828 0.048828
0 0.805634 0.865381 0.048828 0.048828
0 0.760963 0.865381 0.048828 0.048828
0 0.702786 0.865381 0.048828 0.048828
0 0.686164 0.811359 0.048828 0.048828
0 0.744341 0.814476 0.048828 0.048828
0 0.803556 0.812398 0.048828 0.048828
0 0.712136 0.776038 0.048828 0.048828
0 0.985359 0.836292 0.048828 0.048828
0 0.946921 0.752144 0.048828 0.048828
0 0.911599 0.712666 0.048828 0.048828
0 0.967698 0.693967 0.048828 0.048828
0 0.989515 0.715783 0.048828 0.048828
0 0.981204 0.531903 0.048828 0.048828
0 0.994709 0.583846 0.048828 0.048828
0 0.974970 0.667995 0.048828 0.048828
0 0.926143 0.664878 0.048828 0.048828
0 0.946921 0.629557 0.048828 0.048828
0 0.896016 0.635790 0.048828 0.048828
0 0.899133 0.590080 0.048828 0.048828
0 0.926143 0.555797 0.048828 0.048828
0 0.768235 0.447754 0.048828 0.048828
0 0.713175 0.432171 0.048828 0.048828
0 0.667464 0.464376 0.048828 0.048828
0 0.712136 0.477881 0.048828 0.048828
0 0.773429 0.512164 0.048828 0.048828
0 0.733952 0.550602 0.048828 0.048828
0 0.768235 0.606701 0.048828 0.048828
0 0.717330 0.623323 0.048828 0.048828
0 0.739146 0.685656 0.048828 0.048828
0 0.773429 0.712666 0.048828 0.048828
0 0.774468 0.764610 0.048828 0.048828
0 0.713175 0.732405 0.048828 0.048828
0 0.696553 0.676306 0.048828 0.048828
0 0.662270 0.648256 0.048828 0.048828
0 0.645648 0.709550 0.048828 0.048828
0 0.658114 0.591118 0.048828 0.048828
0 0.685125 0.520475 0.048828 0.048828
0 0.636298 0.510086 0.048828 0.048828
0 0.584354 0.487231 0.048828 0.048828
0 0.590588 0.552680 0.048828 0.048828
0 0.613443 0.611896 0.048828 0.048828
0 0.559421 0.595274 0.048828 0.048828
0 0.532411 0.562030 0.048828 0.048828
0 0.529294 0.502814 0.048828 0.048828
0 0.468001 0.495542 0.048828 0.048828
0 0.465923 0.550602 0.048828 0.048828
0 0.443068 0.593196 0.048828 0.048828
0 0.497089 0.613974 0.048828 0.048828
0 0.542800 0.647217 0.048828 0.048828
0 0.592665 0.674228 0.048828 0.048828
0 0.553188 0.723055 0.048828 0.048828
0 0.523061 0.704355 0.048828 0.048828
0 0.486700 0.661762 0.048828 0.048828
0 0.471117 0.724094 0.048828 0.048828
0 0.444107 0.690850 0.048828 0.048828
0 0.440990 0.628518 0.048828 0.048828
0 0.396319 0.715783 0.048828 0.048828
0 0.393202 0.657606 0.048828 0.048828
0 0.346453 0.686695 0.048828 0.048828
0 0.346453 0.635790 0.048828 0.048828
0 0.353725 0.592157 0.048828 0.048828
0 0.405668 0.535019 0.048828 0.048828
0 0.344375 0.518397 0.048828 0.048828
0 0.406707 0.475804 0.048828 0.048828
0 0.316325 0.475804 0.048828 0.048828
0 0.284120 0.506970 0.048828 0.048828
0 0.245682 0.472687 0.048828 0.048828
0 0.163611 0.484115 0.048828 0.048828
0 0.115823 0.496581 0.048828 0.048828
0 0.106473 0.542291 0.048828 0.048828
0 0.066996 0.523592 0.048828 0.048828
0 0.052452 0.475804 0.048828 0.048828
0 0.022324 0.505931 0.048828 0.048828
0 0.157378 0.525669 0.048828 0.048828
0 0.159456 0.570341 0.048828 0.048828
0 0.225943 0.601507 0.048828 0.048828
0 0.303859 0.604624 0.048828 0.048828
0 0.263343 0.635790 0.048828 0.048828
0 0.292431 0.687734 0.048828 0.048828
0 0.274770 0.732405 0.048828 0.048828
0 0.232177 0.743833 0.048828 0.048828
0 0.233216 0.681500 0.048828 0.048828
0 0.185427 0.629557 0.048828 0.048828
0 0.174000 0.684617 0.048828 0.048828
0 0.112706 0.736561 0.048828 0.048828
0 0.083618 0.707472 0.048828 0.048828
0 0.052452 0.672150 0.048828 0.048828
0 0.114784 0.673189 0.048828 0.048828
0 0.092968 0.637868 0.048828 0.048828
0 0.136600 0.617090 0.048828 0.048828
0 0.108551 0.589041 0.048828 0.048828
0 0.053491 0.610857 0.048828 0.048828
0 0.026480 0.639945 0.048828 0.048828
0 0.006741 0.688772 0.048828 0.048828
0 0.031674 0.744871 0.048828 0.048828
0 0.044141 0.804087 0.048828 0.048828
0 0.085696 0.782271 0.048828 0.048828
0 0.102318 0.820709 0.048828 0.048828
0 0.060763 0.852914 0.048828 0.048828
0 0.146989 0.773960 0.048828 0.048828
0 0.185427 0.789543 0.048828 0.048828
0 0.223866 0.790582 0.048828 0.048828
0 0.305937 0.798893 0.048828 0.048828
0 0.326714 0.741755 0.048828 0.048828
0 0.370347 0.786426 0.048828 0.048828
0 0.439951 0.780193 0.048828 0.048828
0 0.495011 0.773960 0.048828 0.048828
0 0.553188 0.784349 0.048828 0.048828
0 0.594743 0.739677 0.048828 0.048828
0 0.624870 0.758377 0.048828 0.048828
0 0.605132 0.810320 0.048828 0.048828
0 0.612404 0.871614 0.048828 0.048828
0 0.576043 0.836292 0.048828 0.048828
0 0.551110 0.876808 0.048828 0.048828
0 0.513711 0.829020 0.048828 0.048828
0 0.470078 0.819670 0.048828 0.048828
0 0.470078 0.874731 0.048828 0.048828
0 0.511633 0.916285 0.048828 0.048828
0 0.556305 0.928752 0.048828 0.048828
0 0.606171 0.938102 0.048828 0.048828
0 0.565655 0.983812 0.048828 0.048828
0 0.529294 0.963035 0.048828 0.048828
0 0.484623 0.961996 0.048828 0.048828
0 0.462806 0.921480 0.048828 0.048828
0 0.413979 0.921480 0.048828 0.048828
0 0.410863 0.879925 0.048828 0.048828
0 0.404629 0.824865 0.048828 0.048828
0 0.349569 0.839409 0.048828 0.048828
0 0.353725 0.894469 0.048828 0.048828
0 0.297626 0.864342 0.048828 0.048828
0 0.244643 0.846681 0.048828 0.048828
0 0.190622 0.842525 0.048828 0.048828
0 0.178155 0.889275 0.048828 0.048828
0 0.251915 0.897586 0.048828 0.048828
0 0.301781 0.932907 0.048828 0.048828
0 0.353725 0.965112 0.048828 0.048828
0 0.312170 0.992123 0.048828 0.048828
0 0.259187 0.971346 0.048828 0.048828
0 0.221788 0.924596 0.048828 0.048828
0 0.211399 0.972385 0.048828 0.048828
0 0.157378 0.952646 0.048828 0.048828
0 0.113745 0.984851 0.048828 0.048828
0 0.422290 0.979657 0.048828 0.048828
0 0.079462 0.946413 0.048828 0.048828
0 0.117901 0.923558 0.048828 0.048828
0 0.140756 0.887197 0.048828 0.048828
0 0.143873 0.837331 0.048828 0.048828
0 0.095046 0.869536 0.048828 0.048828
0 0.039985 0.907974 0.048828 0.048828
0 0.034791 0.565147 0.048828 0.048828