0 0.053177 0.620869 0.048828 0.048828
0 0.160319 0.592085 0.048828 0.048828
0 0.113944 0.576094 0.048828 0.048828
0 0.051578 0.563301 0.048828 0.048828
0 0.006803 0.571296 0.048828 0.048828
0 0.115544 0.497736 0.048828 0.048828
0 0.075565 0.513727 0.048828 0.048828
0 0.016397 0.518525 0.048828 0.048828
0 0.088358 0.427374 0.048828 0.048828
0 0.008402 0.486542 0.048828 0.048828
0 0.035587 0.424176 0.048828 0.048828
0 0.056376 0.366607 0.048828 0.048828
0 0.011600 0.304241 0.048828 0.048828
0 0.072816 0.133610 0.048828 0.048828
0 0.123037 0.140218 0.048828 0.048828
0 0.181187 0.142861 0.048828 0.048828
0 0.239337 0.134931 0.048828 0.048828
0 0.232730 0.185152 0.048828 0.048828
0 0.203654 0.080746 0.048828 0.048828
0 0.183830 0.113786 0.048828 0.048828
0 0.157398 0.096605 0.048828 0.048828
0 0.101891 0.092640 0.048828 0.048828
0 0.047706 0.075459 0.048828 0.048828
0 0.129645 0.049028 0.048828 0.048828
0 0.191760 0.018631 0.048828 0.048828
0 0.111143 0.009380 0.048828 0.048828