0 0.972348 0.916775 0.048828 0.048828
0 0.943066 0.979118 0.048828 0.048828
0 0.868443 0.987620 0.048828 0.048828
0 0.858997 0.940390 0.048828 0.048828
0 0.902448 0.940390 0.048828 0.048828
0 0.895836 0.888438 0.048828 0.048828
0 0.954401 0.869546 0.048828 0.048828
0 0.993129 0.866712 0.048828 0.048828
0 0.944955 0.811926 0.048828 0.048828
0 0.907171 0.849710 0.048828 0.048828
0 0.859942 0.845931 0.048828 0.048828
0 0.867498 0.799646 0.048828 0.048828
0 0.899614 0.765641 0.048828 0.048828
0 0.847662 0.749583 0.048828 0.048828
0 0.963847 0.725024 0.048828 0.048828
0 0.983683 0.779810 0.048828 0.048828
0 0.997852 0.758084 0.048828 0.048828
0 0.872221 0.704243 0.048828 0.048828
0 0.901504 0.688185 0.048828 0.048828
0 0.946844 0.673071 0.048828 0.048828
0 0.550117 0.999899 0.048828 0.048828
0 0.759815 0.971562 0.048828 0.048828
0 0.707863 0.943224 0.048828 0.048828
0 0.749425 0.922443 0.048828 0.048828
0 0.825937 0.990453 0.048828 0.048828
0 0.825937 0.958337 0.048828 0.048828
0 0.799488 0.929055 0.048828 0.048828
0 0.808934 0.886549 0.048828 0.048828
0 0.253516 0.976284 0.048828 0.048828
0 0.283743 0.957393 0.048828 0.048828
0 0.353642 0.979118 0.048828 0.048828
0 0.323415 0.935667 0.048828 0.048828
0 0.379146 0.955504 0.048828 0.048828
0 0.426375 0.961171 0.048828 0.048828
0 0.475494 0.957393 0.048828 0.048828
0 0.514222 0.942279 0.048828 0.048828
0 0.567119 0.943224 0.048828 0.048828
0 0.625684 0.968728 0.048828 0.048828
0 0.648354 0.927166 0.048828 0.048828
0 0.706918 0.899773 0.048828 0.048828
0 0.404650 0.906385 0.048828 0.048828
0 0.446212 0.872380 0.048828 0.048828
0 0.475494 0.898828 0.048828 0.048828
0 0.480217 0.831762 0.048828 0.048828
0 0.535003 0.851599 0.048828 0.048828
0 0.564285 0.886549 0.048828 0.048828
0 0.622850 0.877103 0.048828 0.048828
0 0.672913 0.862934 0.048828 0.048828
0 0.706918 0.849710 0.048828 0.048828
0 0.682359 0.814760 0.048828 0.048828
0 0.663467 0.776032 0.048828 0.048828
0 0.641742 0.819483 0.048828 0.048828
0 0.601124 0.837430 0.048828 0.048828
0 0.560507 0.812871 0.048828 0.048828
0 0.632296 0.758084 0.048828 0.048828
0 0.573731 0.748639 0.048828 0.048828
0 0.515167 0.751472 0.048828 0.048828
0 0.482106 0.776976 0.048828 0.048828
0 0.445267 0.793034 0.048828 0.048828
0 0.398982 0.828929 0.048828 0.048828
0 0.348919 0.839319 0.048828 0.048828
0 0.347030 0.891271 0.048828 0.048828
0 0.295078 0.889382 0.048828 0.048828
0 0.242181 0.922443 0.048828 0.048828
0 0.201563 0.924332 0.048828 0.048828
0 0.228956 0.869546 0.048828 0.048828
0 0.174170 0.885604 0.048828 0.048828
0 0.289410 0.847820 0.048828 0.048828
0 0.229901 0.822317 0.048828 0.048828
0 0.245959 0.792090 0.048828 0.048828
0 0.165669 0.813815 0.048828 0.048828
0 0.171336 0.779810 0.048828 0.048828
0 0.214788 0.760918 0.048828 0.048828
0 0.259183 0.759029 0.048828 0.048828
0 0.320581 0.780755 0.048828 0.048828
0 0.383869 0.779810 0.048828 0.048828
0 0.366866 0.745805 0.048828 0.048828
0 0.125052 0.948891 0.048828 0.048828
0 0.075933 0.951725 0.048828 0.048828
0 0.051374 0.977229 0.048828 0.048828
0 0.007923 0.942279 0.048828 0.048828
0 0.101437 0.871435 0.048828 0.048828
0 0.045706 0.888438 0.048828 0.048828
0 0.059875 0.856322 0.048828 0.048828
0 0.112772 0.823261 0.048828 0.048828
0 0.056097 0.806258 0.048828 0.048828
0 0.104271 0.767530 0.048828 0.048828
0 0.025870 0.766586 0.048828 0.048828
0 0.057041 0.719356 0.048828 0.048828
0 0.051374 0.635288 0.048828 0.048828
0 0.012646 0.590892 0.048828 0.048828
0 0.004144 0.502101 0.048828 0.048828
0 0.047595 0.565388 0.048828 0.048828
0 0.054207 0.515325 0.048828 0.048828
0 0.040983 0.452982 0.048828 0.048828
0 0.032482 0.400085 0.048828 0.048828
0 0.000366 0.379304 0.048828 0.048828
0 0.030593 0.284845 0.048828 0.048828
0 0.042872 0.220613 0.048828 0.048828
0 0.049484 0.013748 0.048828 0.048828
0 0.021147 0.077980 0.048828 0.048828
0 0.049484 0.119542 0.048828 0.048828
0 0.079711 0.295236 0.048828 0.048828
0 0.117495 0.282956 0.048828 0.048828
0 0.085379 0.248006 0.048828 0.048828
0 0.101437 0.207389 0.048828 0.048828
0 0.096714 0.160160 0.048828 0.048828
0 0.147722 0.191331 0.048828 0.048828
0 0.163780 0.153548 0.048828 0.048828
0 0.216677 0.106318 0.048828 0.048828
0 0.227067 0.058144 0.048828 0.048828
0 0.272407 0.047754 0.048828 0.048828
0 0.239347 0.001469 0.048828 0.048828
0 0.201563 0.023194 0.048828 0.048828
0 0.155278 0.067590 0.048828 0.048828
0 0.128830 0.019416 0.048828 0.048828
0 0.086323 0.043031 0.048828 0.048828
0 0.101437 0.104429 0.048828 0.048828
0 0.093880 0.347188 0.048828 0.048828
0 0.146777 0.319795 0.048828 0.048828
0 0.177004 0.282956 0.048828 0.048828
0 0.201563 0.312239 0.048828 0.048828
0 0.191173 0.244228 0.048828 0.048828
0 0.252571 0.275400 0.048828 0.048828
0 0.114661 0.375526 0.048828 0.048828
0 0.157168 0.365135 0.048828 0.048828
0 0.201563 0.375526 0.048828 0.048828
0 0.273352 0.365135 0.048828 0.048828
0 0.293188 0.312239 0.048828 0.048828
0 0.304523 0.412365 0.048828 0.048828
0 0.236513 0.410476 0.048828 0.048828
0 0.161891 0.411420 0.048828 0.048828
0 0.333806 0.451093 0.048828 0.048828
0 0.270518 0.452982 0.048828 0.048828
0 0.202508 0.447315 0.048828 0.048828
0 0.146777 0.455816 0.048828 0.048828
0 0.074044 0.433146 0.048828 0.048828
0 0.081601 0.473763 0.048828 0.048828
0 0.113717 0.540829 0.048828 0.048828
0 0.152445 0.529494 0.048828 0.048828
0 0.221400 0.502101 0.048828 0.048828
0 0.104271 0.601283 0.048828 0.048828
0 0.152445 0.567278 0.048828 0.048828
0 0.239347 0.557832 0.048828 0.048828
0 0.296967 0.518159 0.048828 0.048828
0 0.359310 0.525716 0.048828 0.048828
0 0.379146 0.464317 0.048828 0.048828
0 0.397093 0.405753 0.048828 0.048828
0 0.384814 0.351911 0.048828 0.048828
0 0.329083 0.368914 0.048828 0.048828
0 0.339473 0.322629 0.048828 0.048828
0 0.399927 0.271621 0.048828 0.048828
0 0.381980 0.234782 0.048828 0.048828
0 0.398038 0.178107 0.048828 0.048828
0 0.347975 0.162993 0.048828 0.048828
0 0.306413 0.181885 0.048828 0.048828
0 0.287521 0.224392 0.048828 0.048828
0 0.307357 0.268787 0.048828 0.048828
0 0.239347 0.196999 0.048828 0.048828
0 0.242181 0.171495 0.048828 0.048828
0 0.264851 0.123321 0.048828 0.048828
0 0.329083 0.105374 0.048828 0.048828
0 0.377257 0.079870 0.048828 0.048828
0 0.320581 0.045864 0.048828 0.048828
0 0.375368 0.015638 0.048828 0.048828
0 0.427320 0.027917 0.048828 0.048828
0 0.442433 0.145991 0.048828 0.048828
0 0.440544 0.226281 0.048828 0.048828
0 0.440544 0.295236 0.048828 0.048828
0 0.435821 0.368914 0.048828 0.048828
0 0.480217 0.356634 0.048828 0.048828
0 0.483051 0.423700 0.048828 0.048828
0 0.444323 0.447315 0.048828 0.048828
0 0.500053 0.489821 0.048828 0.048828
0 0.468882 0.513436 0.048828 0.048828
0 0.415985 0.504935 0.048828 0.048828
0 0.104271 0.720301 0.048828 0.048828
0 0.132608 0.707077 0.048828 0.048828
0 0.094825 0.674016 0.048828 0.048828
0 0.147722 0.660792 0.048828 0.048828
0 0.180782 0.643789 0.048828 0.048828
0 0.248793 0.612618 0.048828 0.048828
0 0.347030 0.579557 0.048828 0.048828
0 0.346085 0.638122 0.048828 0.048828
0 0.327194 0.608839 0.048828 0.048828
0 0.302634 0.630565 0.048828 0.048828
0 0.248793 0.659847 0.048828 0.048828
0 0.264851 0.688185 0.048828 0.048828
0 0.199674 0.715578 0.048828 0.048828
0 0.302634 0.724079 0.048828 0.048828
0 0.330972 0.677794 0.048828 0.048828
0 0.373478 0.689129 0.048828 0.048828
0 0.420708 0.692908 0.048828 0.048828
0 0.474549 0.695742 0.048828 0.048828
0 0.420708 0.656069 0.048828 0.048828
0 0.449046 0.658903 0.048828 0.048828
0 0.513278 0.639066 0.048828 0.048828
0 0.548227 0.634343 0.048828 0.048828
0 0.549172 0.713689 0.048828 0.048828
0 0.589789 0.700465 0.048828 0.048828
0 0.595457 0.663626 0.048828 0.048828
0 0.459436 0.613562 0.048828 0.048828
0 0.417874 0.592781 0.048828 0.048828
0 0.466048 0.566333 0.048828 0.048828
0 0.513278 0.537051 0.048828 0.048828
0 0.512333 0.597504 0.048828 0.048828
0 0.569953 0.551219 0.048828 0.048828
0 0.557673 0.510602 0.048828 0.048828
0 0.541615 0.452982 0.048828 0.048828
0 0.506666 0.435035 0.048828 0.048828
0 0.529336 0.396307 0.048828 0.048828
0 0.578454 0.401974 0.048828 0.048828
0 0.615293 0.431257 0.048828 0.048828
0 0.594512 0.473763 0.048828 0.048828
0 0.625684 0.511547 0.048828 0.048828
0 0.622850 0.613562 0.048828 0.048828
0 0.654021 0.556887 0.048828 0.048828
0 0.710697 0.520993 0.048828 0.048828
0 0.738090 0.482265 0.048828 0.048828
0 0.661578 0.486043 0.048828 0.048828
0 0.675747 0.455816 0.048828 0.048828
0 0.735256 0.445426 0.048828 0.048828
0 0.800433 0.474708 0.048828 0.048828
0 0.844828 0.443536 0.048828 0.048828
0 0.808934 0.405753 0.048828 0.048828
0 0.757926 0.402919 0.048828 0.048828
0 0.690860 0.393473 0.048828 0.048828
0 0.607737 0.378360 0.048828 0.048828
0 0.595457 0.352856 0.048828 0.048828
0 0.551061 0.349077 0.048828 0.048828
0 0.548227 0.289568 0.048828 0.048828
0 0.609626 0.282956 0.048828 0.048828
0 0.672913 0.283901 0.048828 0.048828
0 0.655911 0.334909 0.048828 0.048828
0 0.689916 0.348133 0.048828 0.048828
0 0.729588 0.294291 0.048828 0.048828
0 0.493441 0.253674 0.048828 0.048828
0 0.552006 0.243284 0.048828 0.048828
0 0.594512 0.212112 0.048828 0.048828
0 0.659689 0.226281 0.048828 0.048828
0 0.714475 0.224392 0.048828 0.048828
0 0.681414 0.166772 0.048828 0.048828
0 0.734311 0.170550 0.048828 0.048828
0 0.703140 0.109152 0.048828 0.048828
0 0.696528 0.073258 0.048828 0.048828
0 0.736201 0.053421 0.048828 0.048828
0 0.679525 0.017527 0.048828 0.048828
0 0.503832 0.035474 0.048828 0.048828
0 0.481162 0.083648 0.048828 0.048828
0 0.528391 0.068535 0.048828 0.048828
0 0.588845 0.070424 0.048828 0.048828
0 0.609626 0.028862 0.048828 0.048828
0 0.611515 0.109152 0.048828 0.048828
0 0.619072 0.157326 0.048828 0.048828
0 0.573731 0.136545 0.048828 0.048828
0 0.546338 0.100651 0.048828 0.048828
0 0.508555 0.128988 0.048828 0.048828
0 0.539726 0.169606 0.048828 0.048828
0 0.484940 0.185664 0.048828 0.048828
0 0.661578 0.714633 0.048828 0.048828
0 0.667246 0.663626 0.048828 0.048828
0 0.716364 0.693852 0.048828 0.048828
0 0.707863 0.755251 0.048828 0.048828
0 0.726755 0.802480 0.048828 0.048828
0 0.750369 0.789256 0.048828 0.048828
0 0.750369 0.733525 0.048828 0.048828
0 0.770206 0.674016 0.048828 0.048828
0 0.816491 0.694797 0.048828 0.048828
0 0.814601 0.759029 0.048828 0.048828
0 0.804211 0.814760 0.048828 0.048828
0 0.769261 0.838375 0.048828 0.048828
0 0.753203 0.869546 0.048828 0.048828
0 0.672913 0.606006 0.048828 0.048828
0 0.707863 0.606006 0.048828 0.048828
0 0.767372 0.613562 0.048828 0.048828
0 0.827826 0.653235 0.048828 0.048828
0 0.884501 0.655124 0.048828 0.048828
0 0.932675 0.627731 0.048828 0.048828
0 0.983683 0.615452 0.048828 0.048828
0 0.991240 0.556887 0.048828 0.048828
0 0.991240 0.514381 0.048828 0.048828
0 0.972348 0.458650 0.048828 0.048828
0 0.923229 0.458650 0.048828 0.048828
0 0.878834 0.471874 0.048828 0.048828
0 0.901504 0.499267 0.048828 0.048828
0 0.886390 0.536106 0.048828 0.048828
0 0.941176 0.549330 0.048828 0.048828
0 0.912839 0.584280 0.048828 0.048828
0 0.847662 0.603172 0.048828 0.048828
0 0.767372 0.548386 0.048828 0.048828
0 0.831604 0.527605 0.048828 0.048828
0 0.821214 0.581446 0.048828 0.048828
0 0.903393 0.412365 0.048828 0.048828
0 0.952511 0.409531 0.048828 0.048828
0 0.944010 0.370803 0.048828 0.048828
0 0.884501 0.371748 0.048828 0.048828
0 0.842939 0.359468 0.048828 0.048828
0 0.780596 0.365135 0.048828 0.048828
0 0.786264 0.320740 0.048828 0.048828
0 0.776818 0.280122 0.048828 0.048828
0 0.832549 0.305626 0.048828 0.048828
0 0.825937 0.262175 0.048828 0.048828
0 0.798543 0.223447 0.048828 0.048828
0 0.802322 0.162993 0.048828 0.048828
0 0.821214 0.126155 0.048828 0.048828
0 0.777763 0.084593 0.048828 0.048828
0 0.805156 0.048698 0.048828 0.048828
0 0.835382 0.077036 0.048828 0.048828
0 0.860886 0.167716 0.048828 0.048828
0 0.853330 0.239505 0.048828 0.048828
0 0.888279 0.266898 0.048828 0.048828
0 0.901504 0.315072 0.048828 0.048828
0 0.973292 0.302793 0.048828 0.048828
0 0.944010 0.278233 0.048828 0.048828
0 0.982738 0.256508 0.048828 0.048828
0 0.949678 0.181885 0.048828 0.048828
0 0.914728 0.218724 0.048828 0.048828
0 0.897725 0.123321 0.048828 0.048828
0 0.889224 0.076091 0.048828 0.048828
0 0.929841 0.069479 0.048828 0.048828
0 0.974237 0.059089 0.048828 0.048828
0 0.984627 0.126155 0.048828 0.048828
0 0.999741 0.326407 0.048828 0.048828
0 0.988406 0.024139 0.048828 0.048828
0 0.883556 0.030751 0.048828 0.048828