0 0.400892 0.989227 0.048828 0.048828
0 0.383157 0.898335 0.048828 0.048828
0 0.334385 0.913853 0.048828 0.048828
0 0.304457 0.948215 0.048828 0.048828
0 0.337711 0.981468 0.048828 0.048828
0 0.281180 0.982576 0.048828 0.048828
0 0.216890 0.989227 0.048828 0.048828
0 0.244601 0.951540 0.048828 0.048828
0 0.281180 0.911636 0.048828 0.048828
0 0.315542 0.879491 0.048828 0.048828
0 0.268987 0.862864 0.048828 0.048828
0 0.305566 0.830719 0.048828 0.048828
0 0.345470 0.808550 0.048828 0.048828
0 0.290047 0.797466 0.048828 0.048828
0 0.253469 0.822960 0.048828 0.048828
0 0.194721 0.832936 0.048828 0.048828
0 0.169227 0.873949 0.048828 0.048828
0 0.230191 0.889467 0.048828 0.048828
0 0.201372 0.944889 0.048828 0.048828
0 0.163685 0.934913 0.048828 0.048828
0 0.133756 0.900551 0.048828 0.048828
0 0.152600 0.829611 0.048828 0.048828
0 0.117130 0.853997 0.048828 0.048828
0 0.087202 0.933805 0.048828 0.048828
0 0.128214 0.987010 0.048828 0.048828
0 0.082768 0.992552 0.048828 0.048828
0 0.039539 0.971492 0.048828 0.048828
0 0.019587 0.926046 0.048828 0.048828
0 0.018478 0.877274 0.048828 0.048828
0 0.031779 0.773080 0.048828 0.048828
0 0.107154 0.789707 0.048828 0.048828
0 0.016261 0.691055 0.048828 0.048828
0 0.033996 0.729851 0.048828 0.048828
0 0.090527 0.738718 0.048828 0.048828
0 0.132648 0.760887 0.048828 0.048828
0 0.180311 0.787490 0.048828 0.048828
0 0.234625 0.764213 0.048828 0.048828
0 0.163685 0.752020 0.048828 0.048828
0 0.209131 0.720983 0.048828 0.048828
0 0.120455 0.712116 0.048828 0.048828
0 0.097178 0.665561 0.048828 0.048828
0 0.145949 0.665561 0.048828 0.048828
0 0.305566 0.759779 0.048828 0.048828
0 0.277854 0.702140 0.048828 0.048828
0 0.345470 0.758670 0.048828 0.048828
0 0.333277 0.703248 0.048828 0.048828
0 0.336602 0.655585 0.048828 0.048828
0 0.343253 0.603488 0.048828 0.048828
0 0.304457 0.617898 0.048828 0.048828
0 0.304457 0.564692 0.048828 0.048828
0 0.250143 0.558042 0.048828 0.048828
0 0.280071 0.648934 0.048828 0.048828
0 0.232408 0.669995 0.048828 0.048828
0 0.202480 0.638958 0.048828 0.048828
0 0.211348 0.593512 0.048828 0.048828
0 0.229083 0.527005 0.048828 0.048828
0 0.265662 0.518138 0.048828 0.048828
0 0.327735 0.530330 0.048828 0.048828
0 0.363205 0.484884 0.048828 0.048828
0 0.290047 0.474908 0.048828 0.048828
0 0.312216 0.435004 0.048828 0.048828
0 0.348795 0.422811 0.048828 0.048828
0 0.394241 0.442763 0.048828 0.048828
0 0.435254 0.408401 0.048828 0.048828
0 0.005177 0.621223 0.048828 0.048828
0 0.016261 0.551391 0.048828 0.048828
0 0.047298 0.577994 0.048828 0.048828
0 0.110479 0.611247 0.048828 0.048828
0 0.163685 0.612355 0.048828 0.048828
0 0.178094 0.539198 0.048828 0.048828
0 0.134865 0.556933 0.048828 0.048828
0 0.051731 0.489318 0.048828 0.048828
0 0.112696 0.514812 0.048828 0.048828
0 0.171444 0.501511 0.048828 0.048828
0 0.227974 0.494860 0.048828 0.048828
0 0.205805 0.443872 0.048828 0.048828
0 0.150383 0.460498 0.048828 0.048828
0 0.102720 0.456065 0.048828 0.048828
0 0.046189 0.413944 0.048828 0.048828
0 0.104937 0.415052 0.048828 0.048828
0 0.179203 0.415052 0.048828 0.048828
0 0.242384 0.402859 0.048828 0.048828
0 0.287830 0.388449 0.048828 0.048828
0 0.383157 0.387341 0.048828 0.048828
0 0.342144 0.374040 0.048828 0.048828
0 0.328843 0.336352 0.048828 0.048828
0 0.287830 0.316400 0.048828 0.048828
0 0.219107 0.324160 0.048828 0.048828
0 0.184745 0.361847 0.048828 0.048828
0 0.123780 0.372931 0.048828 0.048828
0 0.082768 0.384016 0.048828 0.048828
0 0.091636 0.348545 0.048828 0.048828
0 0.063924 0.323051 0.048828 0.048828
0 0.076117 0.279822 0.048828 0.048828
0 0.127106 0.276496 0.048828 0.048828
0 0.128214 0.327485 0.048828 0.048828
0 0.169227 0.307533 0.048828 0.048828
0 0.173661 0.233267 0.048828 0.048828
0 0.122672 0.228833 0.048828 0.048828
0 0.224649 0.267629 0.048828 0.048828
0 0.209131 0.200014 0.048828 0.048828
0 0.168118 0.146808 0.048828 0.048828
0 0.130431 0.167869 0.048828 0.048828
0 0.071683 0.167869 0.048828 0.048828
0 0.024020 0.187821 0.048828 0.048828
0 0.031779 0.131290 0.048828 0.048828
0 0.112696 0.130181 0.048828 0.048828
0 0.098286 0.080301 0.048828 0.048828
0 0.151492 0.088061 0.048828 0.048828
0 0.191396 0.091386 0.048828 0.048828
0 0.172552 0.050373 0.048828 0.048828
0 0.119347 0.006036 0.048828 0.048828
0 0.296698 0.267629 0.048828 0.048828
0 0.345470 0.279822 0.048828 0.048828
0 0.375398 0.324160 0.048828 0.048828
0 0.410868 0.351871 0.048828 0.048828
0 0.462965 0.341895 0.048828 0.048828
0 0.497327 0.310858 0.048828 0.048828
0 0.459640 0.282039 0.048828 0.048828
0 0.501761 0.252111 0.048828 0.048828
0 0.511737 0.209990 0.048828 0.048828
0 0.544990 0.184495 0.048828 0.048828
0 0.508411 0.145700 0.048828 0.048828
0 0.540556 0.073651 0.048828 0.048828
0 0.536122 0.002710 0.048828 0.048828
0 0.489568 0.031530 0.048828 0.048828
0 0.490676 0.071434 0.048828 0.048828
0 0.457423 0.053699 0.048828 0.048828
0 0.478483 0.117989 0.048828 0.048828
0 0.457423 0.157893 0.048828 0.048828
0 0.452989 0.227725 0.048828 0.048828
0 0.421952 0.204447 0.048828 0.048828
0 0.392024 0.264303 0.048828 0.048828
0 0.376506 0.211098 0.048828 0.048828
0 0.411976 0.159001 0.048828 0.048828
0 0.328843 0.234375 0.048828 0.048828
0 0.338819 0.184495 0.048828 0.048828
0 0.358771 0.144591 0.048828 0.048828
0 0.302240 0.150134 0.048828 0.048828
0 0.253469 0.152350 0.048828 0.048828
0 0.227974 0.109121 0.048828 0.048828
0 0.267878 0.113555 0.048828 0.048828
0 0.329951 0.111338 0.048828 0.048828
0 0.377615 0.106904 0.048828 0.048828
0 0.437471 0.104687 0.048828 0.048828
0 0.406434 0.067000 0.048828 0.048828
0 0.414193 0.029313 0.048828 0.048828
0 0.352120 0.043723 0.048828 0.048828
0 0.314433 0.072542 0.048828 0.048828
0 0.251252 0.058132 0.048828 0.048828
0 0.240167 0.019337 0.048828 0.048828
0 0.300023 0.023771 0.048828 0.048828
0 0.010532 0.304534 0.048828 0.048828
0 0.004932 0.256373 0.048828 0.048828
0 0.028452 0.029009 0.048828 0.048828