0 0.115260 0.900657 0.048828 0.048828
0 0.179114 0.872987 0.048828 0.048828
0 0.245096 0.832546 0.048828 0.048828
0 0.311077 0.847446 0.048828 0.048828
0 0.360032 0.838932 0.048828 0.048828
0 0.332362 0.892143 0.048828 0.048828
0 0.259995 0.902785 0.048828 0.048828
0 0.423885 0.875115 0.048828 0.048828
0 0.453683 0.894271 0.048828 0.048828
0 0.504766 0.875115 0.048828 0.048828
0 0.470711 0.836803 0.048828 0.048828
0 0.432399 0.813390 0.048828 0.048828
0 0.643115 0.892143 0.048828 0.048828
0 0.675041 0.847446 0.048828 0.048828
0 0.772950 0.872987 0.048828 0.048828
0 0.858088 0.890014 0.048828 0.048828
0 0.821904 0.843189 0.048828 0.048828
0 0.862345 0.817647 0.048828 0.048828
0 0.964510 0.847446 0.048828 0.048828
0 0.928326 0.777207 0.048828 0.048828
0 0.877244 0.762308 0.048828 0.048828
0 0.817647 0.772950 0.048828 0.048828
0 0.766565 0.751665 0.048828 0.048828
0 0.717610 0.743152 0.048828 0.048828
0 0.728253 0.828290 0.048828 0.048828
0 0.672913 0.749537 0.048828 0.048828
0 0.611188 0.768693 0.048828 0.048828
0 0.640986 0.698454 0.048828 0.048828
0 0.968521 0.711700 0.048828 0.048828
0 0.896400 0.692350 0.048828 0.048828
0 0.822520 0.711700 0.048828 0.048828
0 0.778544 0.687073 0.048828 0.048828
0 0.695869 0.653651 0.048828 0.048828
0 0.748640 0.639579 0.048828 0.048828
0 0.716977 0.613193 0.048828 0.048828
0 0.806688 0.636061 0.048828 0.048828
0 0.769748 0.581531 0.048828 0.048828
0 0.857701 0.657170 0.048828 0.048828
0 0.908713 0.643097 0.048828 0.048828
0 0.973798 0.644856 0.048828 0.048828
0 0.975557 0.595603 0.048828 0.048828
0 0.913990 0.583290 0.048828 0.048828
0 0.940376 0.541073 0.048828 0.048828
0 0.848906 0.525241 0.048828 0.048828
0 0.845387 0.602639 0.048828 0.048828
0 0.810207 0.539314 0.048828 0.048828
0 0.810207 0.475988 0.048828 0.048828
0 0.901677 0.477747 0.048828 0.048828
0 0.954448 0.470711 0.048828 0.048828
0 0.607916 0.819002 0.048828 0.048828
0 0.551627 0.826038 0.048828 0.048828
0 0.502374 0.785580 0.048828 0.048828
0 0.539314 0.750399 0.048828 0.048828
0 0.539314 0.695869 0.048828 0.048828
0 0.576253 0.657170 0.048828 0.048828
0 0.616712 0.614952 0.048828 0.048828
0 0.637820 0.599121 0.048828 0.048828
0 0.599121 0.581531 0.048828 0.048828
0 0.597362 0.549868 0.048828 0.048828
0 0.643097 0.512928 0.048828 0.048828
0 0.586808 0.497096 0.048828 0.048828
0 0.535795 0.537554 0.048828 0.048828
0 0.475988 0.493578 0.048828 0.048828
0 0.475988 0.532277 0.048828 0.048828
0 0.479506 0.572735 0.048828 0.048828
0 0.512928 0.613193 0.048828 0.048828
0 0.486542 0.641338 0.048828 0.048828
0 0.479506 0.701146 0.048828 0.048828
0 0.439048 0.669483 0.048828 0.048828
0 0.432012 0.753917 0.048828 0.048828
0 0.368686 0.724013 0.048828 0.048828
0 0.305361 0.727531 0.048828 0.048828
0 0.354614 0.685314 0.048828 0.048828
0 0.368686 0.620230 0.048828 0.048828
0 0.423217 0.592085 0.048828 0.048828
0 0.424976 0.534036 0.048828 0.048828
0 0.380999 0.535795 0.048828 0.048828
0 0.398590 0.483024 0.048828 0.048828
0 0.326469 0.486542 0.048828 0.048828
0 0.347578 0.578013 0.048828 0.048828
0 0.301842 0.541073 0.048828 0.048828
0 0.273698 0.491819 0.048828 0.048828
0 0.240276 0.562181 0.048828 0.048828
0 0.191023 0.600880 0.048828 0.048828
0 0.250830 0.616712 0.048828 0.048828
0 0.294806 0.651892 0.048828 0.048828
0 0.231481 0.660688 0.048828 0.048828
0 0.162878 0.655411 0.048828 0.048828
0 0.205095 0.704664 0.048828 0.048828
0 0.259625 0.716977 0.048828 0.048828
0 0.238517 0.760953 0.048828 0.048828
0 0.286011 0.783821 0.048828 0.048828
0 0.359891 0.787339 0.048828 0.048828
0 0.169914 0.764471 0.048828 0.048828
0 0.140010 0.824279 0.048828 0.048828
0 0.103070 0.762712 0.048828 0.048828
0 0.143528 0.694110 0.048828 0.048828
0 0.110106 0.664206 0.048828 0.048828
0 0.125938 0.600880 0.048828 0.048828
0 0.198059 0.535795 0.048828 0.048828
0 0.194541 0.491819 0.048828 0.048828
0 0.141769 0.532277 0.048828 0.048828
0 0.088998 0.541073 0.048828 0.048828
0 0.090757 0.579772 0.048828 0.048828
0 0.032708 0.544591 0.048828 0.048828
0 0.055576 0.609675 0.048828 0.048828
0 0.020395 0.671242 0.048828 0.048828
0 0.066130 0.711700 0.048828 0.048828
0 0.002805 0.720495 0.048828 0.048828
0 0.076685 0.843628 0.048828 0.048828
0 0.015118 0.862978 0.048828 0.048828
0 0.045022 0.789098 0.048828 0.048828
0 0.001046 0.810207 0.048828 0.048828
0 0.114420 0.484641 0.048828 0.048828
0 0.152107 0.452496 0.048828 0.048828
0 0.223047 0.433652 0.048828 0.048828
0 0.296205 0.433652 0.048828 0.048828
0 0.356061 0.429218 0.048828 0.048828
0 0.434760 0.430327 0.048828 0.048828
0 0.491291 0.418134 0.048828 0.048828
0 0.527870 0.442520 0.048828 0.048828
0 0.573316 0.445845 0.048828 0.048828
0 0.618763 0.466905 0.048828 0.048828
0 0.698571 0.492400 0.048828 0.048828
0 0.697462 0.431435 0.048828 0.048828
0 0.649799 0.412592 0.048828 0.048828
0 0.669751 0.363820 0.048828 0.048828
0 0.604353 0.367145 0.048828 0.048828
0 0.707438 0.336109 0.048828 0.048828
0 0.700788 0.293988 0.048828 0.048828
0 0.649799 0.260734 0.048828 0.048828
0 0.680835 0.210854 0.048828 0.048828
0 0.699679 0.137697 0.048828 0.048828
0 0.605461 0.227481 0.048828 0.048828
0 0.612112 0.177601 0.048828 0.048828
0 0.638715 0.119962 0.048828 0.048828
0 0.689703 0.070082 0.048828 0.048828
0 0.626522 0.015768 0.048828 0.048828
0 0.616546 0.075624 0.048828 0.048828
0 0.599919 0.128829 0.048828 0.048828
0 0.573316 0.176493 0.048828 0.048828
0 0.557798 0.217505 0.048828 0.048828
0 0.584401 0.274036 0.048828 0.048828
0 0.534521 0.272927 0.048828 0.048828
0 0.493508 0.310615 0.048828 0.048828
0 0.554473 0.320591 0.048828 0.048828
0 0.444736 0.352735 0.048828 0.048828
0 0.445845 0.302855 0.048828 0.048828
0 0.466905 0.216397 0.048828 0.048828
0 0.507918 0.174276 0.048828 0.048828
0 0.532304 0.114420 0.048828 0.048828
0 0.569991 0.053455 0.048828 0.048828
0 0.575533 0.005792 0.048828 0.048828
0 0.516785 0.019093 0.048828 0.048828
0 0.486857 0.055672 0.048828 0.048828
0 0.431435 0.102227 0.048828 0.048828
0 0.445845 0.158757 0.048828 0.048828
0 0.402616 0.255192 0.048828 0.048828
0 0.403724 0.183143 0.048828 0.048828
0 0.384880 0.105552 0.048828 0.048828
0 0.331675 0.119962 0.048828 0.048828
0 0.323916 0.162083 0.048828 0.048828
0 0.328350 0.201987 0.048828 0.048828
0 0.303964 0.282903 0.048828 0.048828
0 0.252975 0.260734 0.048828 0.048828
0 0.353844 0.328350 0.048828 0.048828
0 0.394856 0.383772 0.048828 0.048828
0 0.316157 0.379338 0.048828 0.048828
0 0.272927 0.332783 0.048828 0.048828
0 0.240782 0.381555 0.048828 0.048828
0 0.169842 0.385989 0.048828 0.048828
0 0.115528 0.403724 0.048828 0.048828
0 0.050130 0.419242 0.048828 0.048828
0 0.043479 0.483532 0.048828 0.048828
0 0.052347 0.288446 0.048828 0.048828
0 0.049021 0.359386 0.048828 0.048828
0 0.091142 0.348302 0.048828 0.048828
0 0.141022 0.328350 0.048828 0.048828
0 0.208637 0.303964 0.048828 0.048828
0 0.098901 0.268494 0.048828 0.048828
0 0.165408 0.241891 0.048828 0.048828
0 0.210854 0.205312 0.048828 0.048828
0 0.270710 0.218614 0.048828 0.048828
0 0.271819 0.158757 0.048828 0.048828
0 0.271819 0.095576 0.048828 0.048828
0 0.318374 0.066756 0.048828 0.048828
0 0.379338 0.032395 0.048828 0.048828
0 0.420351 0.003575 0.048828 0.048828
0 0.219722 0.125504 0.048828 0.048828
0 0.184252 0.075624 0.048828 0.048828
0 0.136589 0.106660 0.048828 0.048828
0 0.152107 0.173167 0.048828 0.048828
0 0.063431 0.139914 0.048828 0.048828
0 0.027961 0.157649 0.048828 0.048828
0 0.042371 0.219722 0.048828 0.048828
0 0.044587 0.083383 0.048828 0.048828
0 0.105552 0.061214 0.048828 0.048828
0 0.021310 0.050130 0.048828 0.048828
0 0.097793 0.005792 0.048828 0.048828
0 0.173167 0.013551 0.048828 0.048828
0 0.223047 0.031286 0.048828 0.048828
0 0.264060 0.008009 0.048828 0.048828
0 0.730716 0.035720 0.048828 0.048828
0 0.687486 0.562232 0.048828 0.048828
0 0.748451 0.522328 0.048828 0.048828
0 0.748451 0.453604 0.048828 0.048828
0 0.792789 0.408158 0.048828 0.048828
0 0.841560 0.448062 0.048828 0.048828
0 0.889223 0.408158 0.048828 0.048828
0 0.943537 0.407049 0.048828 0.048828
0 0.988983 0.428110 0.048828 0.048828
0 0.983441 0.351627 0.048828 0.048828
0 0.918043 0.374904 0.048828 0.048828
0 0.923585 0.322807 0.048828 0.048828
0 0.881464 0.327241 0.048828 0.048828
0 0.845994 0.356061 0.048828 0.048828
0 0.790572 0.366037 0.048828 0.048828
0 0.766186 0.318374 0.048828 0.048828
0 0.744017 0.256301 0.048828 0.048828
0 0.729607 0.201987 0.048828 0.048828
0 0.763969 0.152107 0.048828 0.048828
0 0.806090 0.206421 0.048828 0.048828
0 0.849319 0.230806 0.048828 0.048828
0 0.826042 0.282903 0.048828 0.048828
0 0.885898 0.262951 0.048828 0.048828
0 0.945754 0.259626 0.048828 0.048828
0 0.896982 0.199770 0.048828 0.048828
0 0.844885 0.176493 0.048828 0.048828
0 0.822717 0.123287 0.048828 0.048828
0 0.822717 0.081166 0.048828 0.048828
0 0.779487 0.067865 0.048828 0.048828
0 0.729607 0.088925 0.048828 0.048828
0 0.804981 0.003575 0.048828 0.048828
0 0.874814 0.016876 0.048828 0.048828
0 0.845994 0.053455 0.048828 0.048828
0 0.889223 0.141022 0.048828 0.048828
0 0.894766 0.107769 0.048828 0.048828
0 0.900308 0.076732 0.048828 0.048828
0 0.928019 0.113311 0.048828 0.048828
0 0.945754 0.172059 0.048828 0.048828
0 0.982333 0.210854 0.048828 0.048828
0 0.965706 0.072299 0.048828 0.048828
0 0.984550 0.032395 0.048828 0.048828
0 0.920260 0.029069 0.048828 0.048828