0 0.986291 0.966465 0.048828 0.048828
0 0.926930 0.986625 0.048828 0.048828
0 0.941490 0.892544 0.048828 0.048828
0 0.986291 0.901504 0.048828 0.048828
0 0.986291 0.848863 0.048828 0.048828
0 0.978451 0.800702 0.048828 0.048828
0 0.972851 0.739101 0.048828 0.048828
0 0.985171 0.652860 0.048828 0.048828
0 0.910130 0.005489 0.048828 0.048828
0 0.938130 0.032369 0.048828 0.048828
0 0.960531 0.068210 0.048828 0.048828
0 0.913490 0.070450 0.048828 0.048828
0 0.855249 0.052530 0.048828 0.048828
0 0.868689 0.104050 0.048828 0.048828
0 0.934770 0.117491 0.048828 0.048828
0 0.982931 0.123091 0.048828 0.048828
0 0.917970 0.147731 0.048828 0.048828
0 0.894450 0.183572 0.048828 0.048828
0 0.971731 0.177972 0.048828 0.048828
0 0.948210 0.216052 0.048828 0.048828
0 0.895570 0.239573 0.048828 0.048828
0 0.851889 0.344854 0.048828 0.048828
0 0.896690 0.347094 0.048828 0.048828
0 0.896690 0.315734 0.048828 0.048828
0 0.945970 0.350455 0.048828 0.048828
0 0.947090 0.288853 0.048828 0.048828
0 0.989651 0.247413 0.048828 0.048828
0 0.989651 0.321334 0.048828 0.048828
0 0.993011 0.401975 0.048828 0.048828
0 0.961651 0.460216 0.048828 0.048828
0 0.940370 0.395255 0.048828 0.048828
0 0.883249 0.395255 0.048828 0.048828
0 0.886609 0.446776 0.048828 0.048828
0 0.915755 0.495669 0.048828 0.048828
0 0.955232 0.502941 0.048828 0.048828
0 0.987437 0.545535 0.048828 0.048828
0 0.988476 0.583973 0.048828 0.048828
0 0.961465 0.600595 0.048828 0.048828
0 0.912638 0.637995 0.048828 0.048828
0 0.891861 0.582934 0.048828 0.048828
0 0.914716 0.561118 0.048828 0.048828
0 0.886666 0.527874 0.048828 0.048828
0 0.856539 0.544496 0.048828 0.048828
0 0.860694 0.652539 0.048828 0.048828
0 0.824334 0.612023 0.048828 0.048828
0 0.807712 0.546574 0.048828 0.048828
0 0.801479 0.639034 0.048828 0.048828
0 0.802518 0.685783 0.048828 0.048828
0 0.826412 0.724221 0.048828 0.048828
0 0.882511 0.723182 0.048828 0.048828
0 0.934454 0.706560 0.048828 0.048828
0 0.932377 0.758504 0.048828 0.048828
0 0.901210 0.799020 0.048828 0.048828
0 0.935493 0.823953 0.048828 0.048828
0 0.909521 0.859274 0.048828 0.048828
0 0.852383 0.812525 0.048828 0.048828
0 0.845111 0.877974 0.048828 0.048828
0 0.875239 0.911218 0.048828 0.048828
0 0.816023 0.925762 0.048828 0.048828
0 0.773429 0.945501 0.048828 0.048828
0 0.770313 0.885246 0.048828 0.048828
0 0.799401 0.877974 0.048828 0.048828
0 0.799401 0.813564 0.048828 0.048828
0 0.792129 0.775126 0.048828 0.048828
0 0.748496 0.733571 0.048828 0.048828
0 0.844073 0.760582 0.048828 0.048828
0 0.749535 0.683705 0.048828 0.048828
0 0.716291 0.645267 0.048828 0.048828
0 0.715252 0.610984 0.048828 0.048828
0 0.763040 0.590207 0.048828 0.048828
0 0.737069 0.553846 0.048828 0.048828
0 0.770313 0.519563 0.048828 0.048828
0 0.740185 0.495669 0.048828 0.048828
0 0.722524 0.444764 0.048828 0.048828
0 0.769274 0.432298 0.048828 0.048828
0 0.822256 0.459309 0.048828 0.048828
0 0.848228 0.497747 0.048828 0.048828
0 0.855500 0.413598 0.048828 0.048828
0 0.814984 0.363732 0.048828 0.048828
0 0.768235 0.357499 0.048828 0.048828
0 0.723563 0.384510 0.048828 0.048828
0 0.678892 0.371004 0.048828 0.048828
0 0.702786 0.332566 0.048828 0.048828
0 0.745380 0.297245 0.048828 0.048828
0 0.805634 0.311789 0.048828 0.048828
0 0.840956 0.273350 0.048828 0.048828
0 0.821217 0.214135 0.048828 0.048828
0 0.780701 0.241145 0.048828 0.048828
0 0.727719 0.243223 0.048828 0.048828
0 0.742263 0.201668 0.048828 0.048828
0 0.774468 0.162191 0.048828 0.048828
0 0.824334 0.162191 0.048828 0.048828
0 0.692397 0.556963 0.048828 0.048828
0 0.654998 0.522680 0.048828 0.048828
0 0.679931 0.498786 0.048828 0.048828
0 0.644609 0.480086 0.048828 0.048828
0 0.608248 0.431259 0.048828 0.048828
0 0.658114 0.427104 0.048828 0.048828
0 0.594743 0.392821 0.048828 0.048828
0 0.627987 0.366849 0.048828 0.048828
0 0.582277 0.333605 0.048828 0.048828
0 0.572927 0.291011 0.048828 0.048828
0 0.651881 0.313866 0.048828 0.048828
0 0.642531 0.266078 0.048828 0.048828
0 0.688242 0.278545 0.048828 0.048828
0 0.664348 0.224523 0.048828 0.048828
0 0.597860 0.222446 0.048828 0.048828
0 0.620715 0.180891 0.048828 0.048828
0 0.670581 0.168424 0.048828 0.048828
0 0.714213 0.147647 0.048828 0.048828
0 0.684086 0.110248 0.048828 0.048828
0 0.746419 0.117520 0.048828 0.048828
0 0.825373 0.112325 0.048828 0.048828
0 0.805634 0.065576 0.048828 0.048828
0 0.760963 0.065576 0.048828 0.048828
0 0.702786 0.065576 0.048828 0.048828
0 0.686164 0.011555 0.048828 0.048828
0 0.744341 0.014671 0.048828 0.048828
0 0.803556 0.012594 0.048828 0.048828
0 0.985359 0.036488 0.048828 0.048828
0 0.044141 0.004283 0.048828 0.048828
0 0.102318 0.020904 0.048828 0.048828
0 0.060763 0.053110 0.048828 0.048828
0 0.605132 0.010516 0.048828 0.048828
0 0.612404 0.071809 0.048828 0.048828
0 0.576043 0.036488 0.048828 0.048828
0 0.551110 0.077004 0.048828 0.048828
0 0.513711 0.029215 0.048828 0.048828
0 0.470078 0.019866 0.048828 0.048828
0 0.470078 0.074926 0.048828 0.048828
0 0.511633 0.116481 0.048828 0.048828
0 0.556305 0.128947 0.048828 0.048828
0 0.606171 0.138297 0.048828 0.048828
0 0.565655 0.184007 0.048828 0.048828
0 0.529294 0.163230 0.048828 0.048828
0 0.526178 0.244262 0.048828 0.048828
0 0.526178 0.301400 0.048828 0.048828
0 0.516828 0.362693 0.048828 0.048828
0 0.486700 0.376199 0.048828 0.048828
0 0.453456 0.346072 0.048828 0.048828
0 0.480467 0.291011 0.048828 0.048828
0 0.404629 0.315944 0.048828 0.048828
0 0.416057 0.272312 0.048828 0.048828
0 0.456573 0.250495 0.048828 0.048828
0 0.463845 0.205824 0.048828 0.048828
0 0.484623 0.162191 0.048828 0.048828
0 0.462806 0.121675 0.048828 0.048828
0 0.413979 0.121675 0.048828 0.048828
0 0.410863 0.080120 0.048828 0.048828
0 0.404629 0.025060 0.048828 0.048828
0 0.349569 0.039604 0.048828 0.048828
0 0.353725 0.094664 0.048828 0.048828
0 0.297626 0.064537 0.048828 0.048828
0 0.244643 0.046876 0.048828 0.048828
0 0.190622 0.042721 0.048828 0.048828
0 0.178155 0.089470 0.048828 0.048828
0 0.251915 0.097781 0.048828 0.048828
0 0.301781 0.133103 0.048828 0.048828
0 0.353725 0.165308 0.048828 0.048828
0 0.312170 0.192318 0.048828 0.048828
0 0.259187 0.171541 0.048828 0.048828
0 0.221788 0.124792 0.048828 0.048828
0 0.211399 0.172580 0.048828 0.048828
0 0.214516 0.216212 0.048828 0.048828
0 0.259187 0.253612 0.048828 0.048828
0 0.193738 0.268156 0.048828 0.048828
0 0.139717 0.254651 0.048828 0.048828
0 0.160494 0.220368 0.048828 0.048828
0 0.157378 0.152841 0.048828 0.048828
0 0.113745 0.185046 0.048828 0.048828
0 0.079462 0.240107 0.048828 0.048828
0 0.094007 0.313866 0.048828 0.048828
0 0.074268 0.349188 0.048828 0.048828
0 0.119978 0.379315 0.048828 0.048828
0 0.138678 0.320100 0.048828 0.048828
0 0.187505 0.382432 0.048828 0.048828
0 0.272693 0.313866 0.048828 0.048828
0 0.311131 0.258806 0.048828 0.048828
0 0.355802 0.275428 0.048828 0.048828
0 0.382813 0.211018 0.048828 0.048828
0 0.422290 0.179852 0.048828 0.048828
0 0.337103 0.319061 0.048828 0.048828
0 0.373463 0.375160 0.048828 0.048828
0 0.365152 0.415676 0.048828 0.048828
0 0.321520 0.420870 0.048828 0.048828
0 0.303859 0.476969 0.048828 0.048828
0 0.273732 0.450998 0.048828 0.048828
0 0.237371 0.407365 0.048828 0.048828
0 0.197894 0.406326 0.048828 0.048828
0 0.157378 0.429181 0.048828 0.048828
0 0.203088 0.458270 0.048828 0.048828
0 0.245682 0.470736 0.048828 0.048828
0 0.273732 0.517485 0.048828 0.048828
0 0.249838 0.500864 0.048828 0.048828
0 0.193738 0.525796 0.048828 0.048828
0 0.149067 0.489436 0.048828 0.048828
0 0.116862 0.436453 0.048828 0.048828
0 0.075307 0.434376 0.048828 0.048828
0 0.054530 0.385549 0.048828 0.048828
0 0.063879 0.488397 0.048828 0.048828
0 0.116862 0.535146 0.048828 0.048828
0 0.540722 0.425026 0.048828 0.048828
0 0.573966 0.472814 0.048828 0.048828
0 0.586432 0.529952 0.048828 0.048828
0 0.508517 0.544496 0.048828 0.048828
0 0.527216 0.484242 0.048828 0.048828
0 0.487739 0.413598 0.048828 0.048828
0 0.461767 0.448920 0.048828 0.048828
0 0.425407 0.416715 0.048828 0.048828
0 0.411902 0.468658 0.048828 0.048828
0 0.377619 0.465542 0.048828 0.048828
0 0.455534 0.503980 0.048828 0.048828
0 0.411902 0.511252 0.048828 0.048828
0 0.358919 0.532030 0.048828 0.048828
0 0.327753 0.508136 0.048828 0.048828
0 0.309053 0.544496 0.048828 0.048828
0 0.198933 0.334644 0.048828 0.048828
0 0.301781 0.578779 0.048828 0.048828
0 0.240488 0.548652 0.048828 0.048828
0 0.203088 0.566312 0.048828 0.048828
0 0.230099 0.601634 0.048828 0.048828
0 0.253993 0.642150 0.048828 0.048828
0 0.310092 0.613062 0.048828 0.048828
0 0.412940 0.552807 0.048828 0.048828
0 0.359958 0.608906 0.048828 0.048828
0 0.423329 0.594362 0.048828 0.048828
0 0.375541 0.649422 0.048828 0.048828
0 0.317364 0.656694 0.048828 0.048828
0 0.256071 0.692016 0.048828 0.048828
0 0.210360 0.711755 0.048828 0.048828
0 0.202049 0.756426 0.048828 0.048828
0 0.252954 0.747076 0.048828 0.048828
0 0.298665 0.742921 0.048828 0.048828
0 0.356841 0.714871 0.048828 0.048828
0 0.396319 0.743960 0.048828 0.048828
0 0.288276 0.774087 0.048828 0.048828
0 0.338142 0.801098 0.048828 0.048828
0 0.288276 0.823953 0.048828 0.048828
0 0.329831 0.854080 0.048828 0.048828
0 0.256071 0.864469 0.048828 0.048828
0 0.197894 0.860313 0.048828 0.048828
0 0.224905 0.897713 0.048828 0.048828
0 0.177116 0.907063 0.048828 0.048828
0 0.175039 0.809409 0.048828 0.048828
0 0.136600 0.758504 0.048828 0.048828
0 0.133484 0.849925 0.048828 0.048828
0 0.133484 0.888363 0.048828 0.048828
0 0.136600 0.949656 0.048828 0.048828
0 0.125173 0.996406 0.048828 0.048828
0 0.083618 0.967317 0.048828 0.048828
0 0.087773 0.898752 0.048828 0.048828
0 0.097123 0.849925 0.048828 0.048828
0 0.077385 0.826031 0.048828 0.048828
0 0.073229 0.762659 0.048828 0.048828
0 0.104395 0.758504 0.048828 0.048828
0 0.062840 0.713832 0.048828 0.048828
0 0.116862 0.707599 0.048828 0.048828
0 0.095046 0.678511 0.048828 0.048828
0 0.118940 0.641111 0.048828 0.048828
0 0.162572 0.696172 0.048828 0.048828
0 0.175039 0.645267 0.048828 0.048828
0 0.142834 0.587090 0.048828 0.048828
0 0.084657 0.598518 0.048828 0.048828
0 0.049335 0.616178 0.048828 0.048828
0 0.008819 0.594362 0.048828 0.048828
0 0.030635 0.555924 0.048828 0.048828
0 0.074268 0.548652 0.048828 0.048828
0 0.016091 0.510213 0.048828 0.048828
0 0.291392 0.889402 0.048828 0.048828
0 0.291392 0.948618 0.048828 0.048828
0 0.240488 0.955890 0.048828 0.048828
0 0.189583 0.977706 0.048828 0.048828
0 0.353725 0.933034 0.048828 0.048828
0 0.374502 0.885246 0.048828 0.048828
0 0.418135 0.916412 0.048828 0.048828
0 0.455534 0.975628 0.048828 0.048828
0 0.460729 0.914335 0.048828 0.048828
0 0.449301 0.861352 0.048828 0.048828
0 0.413979 0.832264 0.048828 0.048828
0 0.453456 0.793826 0.048828 0.048828
0 0.416057 0.660850 0.048828 0.048828
0 0.469040 0.644228 0.048828 0.048828
0 0.464884 0.590207 0.048828 0.048828
0 0.514750 0.587090 0.048828 0.048828
0 0.557344 0.587090 0.048828 0.048828
0 0.629026 0.570468 0.048828 0.048828
0 0.658114 0.605790 0.048828 0.048828
0 0.678892 0.635917 0.048828 0.048828
0 0.605132 0.640072 0.048828 0.048828
0 0.540722 0.627606 0.048828 0.048828
0 0.484623 0.735649 0.048828 0.048828
0 0.502283 0.687861 0.048828 0.048828
0 0.522022 0.784476 0.048828 0.048828
0 0.556305 0.708638 0.048828 0.048828
0 0.580199 0.674355 0.048828 0.048828
0 0.630065 0.692016 0.048828 0.048828
0 0.677853 0.673316 0.048828 0.048828
0 0.689281 0.754348 0.048828 0.048828
0 0.648764 0.752271 0.048828 0.048828
0 0.598899 0.743960 0.048828 0.048828
0 0.578121 0.799020 0.048828 0.048828
0 0.602015 0.846808 0.048828 0.048828
0 0.637337 0.860313 0.048828 0.048828
0 0.733952 0.806292 0.048828 0.048828
0 0.707980 0.876935 0.048828 0.048828
0 0.701747 0.943423 0.048828 0.048828
0 0.644609 0.929918 0.048828 0.048828
0 0.595782 0.895635 0.048828 0.048828
0 0.546955 0.870702 0.048828 0.048828
0 0.505400 0.836419 0.048828 0.048828
0 0.499167 0.887324 0.048828 0.048828
0 0.518905 0.925762 0.048828 0.048828
0 0.564616 0.962123 0.048828 0.048828
0 0.622793 0.967317 0.048828 0.048828
0 0.727719 0.978745 0.048828 0.048828
0 0.811867 0.993289 0.048828 0.048828
0 0.851345 0.968356 0.048828 0.048828
0 0.505400 0.987056 0.048828 0.048828
0 0.329831 0.982900 0.048828 0.048828
0 0.022324 0.969395 0.048828 0.048828
0 0.034791 0.929918 0.048828 0.048828
0 0.017130 0.891480 0.048828 0.048828
0 0.030635 0.842653 0.048828 0.048828
0 0.033752 0.770970 0.048828 0.048828
0 0.003625 0.725260 0.048828 0.048828
0 0.047257 0.666044 0.048828 0.048828
0 0.004664 0.673316 0.048828 0.048828
0 0.027519 0.464503 0.048828 0.048828
0 0.008819 0.406326 0.048828 0.048828
0 0.018169 0.326333 0.048828 0.048828
0 0.016091 0.275428 0.048828 0.048828
0 0.031674 0.209979 0.048828 0.048828
0 0.079462 0.146608 0.048828 0.048828
0 0.117901 0.123753 0.048828 0.048828
0 0.140756 0.087392 0.048828 0.048828
0 0.143873 0.037526 0.048828 0.048828
0 0.095046 0.069731 0.048828 0.048828
0 0.039985 0.108170 0.048828 0.048828