0 0.915065 0.243430 0.048828 0.048828
0 0.978919 0.215760 0.048828 0.048828
0 0.969719 0.107245 0.048828 0.048828
0 0.939815 0.167052 0.048828 0.048828
0 0.902875 0.105486 0.048828 0.048828
0 0.943333 0.036883 0.048828 0.048828
0 0.909911 0.006979 0.048828 0.048828
0 0.820200 0.014015 0.048828 0.048828
0 0.865935 0.054473 0.048828 0.048828
0 0.802609 0.063269 0.048828 0.048828
0 0.756874 0.105486 0.048828 0.048828
0 0.741043 0.049196 0.048828 0.048828
0 0.700585 0.031606 0.048828 0.048828
0 0.670681 0.017533 0.048828 0.048828
0 0.876489 0.186402 0.048828 0.048828
0 0.814923 0.205751 0.048828 0.048828
0 0.844826 0.131871 0.048828 0.048828
0 0.800850 0.152980 0.048828 0.048828
0 0.777983 0.205751 0.048828 0.048828
0 0.723452 0.223342 0.048828 0.048828
0 0.721693 0.145944 0.048828 0.048828
0 0.697067 0.089654 0.048828 0.048828
0 0.656609 0.093172 0.048828 0.048828
0 0.670681 0.160016 0.048828 0.048828
0 0.616151 0.188161 0.048828 0.048828
0 0.598560 0.137149 0.048828 0.048828
0 0.580970 0.070305 0.048828 0.048828
0 0.610873 0.045678 0.048828 0.048828
0 0.616151 0.005220 0.048828 0.048828
0 0.575693 0.021052 0.048828 0.048828
0 0.521162 0.089654 0.048828 0.048828
0 0.531716 0.131871 0.048828 0.048828
0 0.545789 0.219824 0.048828 0.048828
0 0.600319 0.226860 0.048828 0.048828
0 0.663645 0.221583 0.048828 0.048828
0 0.456979 0.235641 0.048828 0.048828
0 0.455525 0.168768 0.048828 0.048828
0 0.400282 0.219649 0.048828 0.048828
0 0.401736 0.164406 0.048828 0.048828
0 0.443895 0.107710 0.048828 0.048828
0 0.464248 0.074274 0.048828 0.048828
0 0.433719 0.010308 0.048828 0.048828
0 0.379930 0.035022 0.048828 0.048828
0 0.400282 0.061190 0.048828 0.048828
0 0.352308 0.116433 0.048828 0.048828
0 0.324687 0.062644 0.048828 0.048828
0 0.270898 0.109164 0.048828 0.048828
0 0.285436 0.164406 0.048828 0.048828
0 0.343586 0.199297 0.048828 0.048828
0 0.308696 0.231279 0.048828 0.048828
0 0.246184 0.224010 0.048828 0.048828
0 0.238915 0.167314 0.048828 0.048828
0 0.199664 0.158591 0.048828 0.048828
0 0.195303 0.240002 0.048828 0.048828
0 0.148782 0.192028 0.048828 0.048828
0 0.122615 0.242909 0.048828 0.048828
0 0.067372 0.221103 0.048828 0.048828
0 0.084817 0.171675 0.048828 0.048828
0 0.003407 0.190574 0.048828 0.048828
0 0.048473 0.135331 0.048828 0.048828
0 0.124069 0.122248 0.048828 0.048828
0 0.204025 0.094626 0.048828 0.048828
0 0.270898 0.052467 0.048828 0.048828
0 0.199664 0.021938 0.048828 0.048828
0 0.154597 0.068459 0.048828 0.048828
0 0.116800 0.043745 0.048828 0.048828
0 0.033936 0.001586 0.048828 0.048828
0 0.071733 0.075727 0.048828 0.048828
0 0.013583 0.075727 0.048828 0.048828