0 0.097178 0.999575 0.048828 0.048828
0 0.045081 0.976297 0.048828 0.048828
0 0.022912 0.923092 0.048828 0.048828
0 0.022912 0.880971 0.048828 0.048828
0 0.005177 0.803380 0.048828 0.048828
0 0.025129 0.696969 0.048828 0.048828
0 0.031779 0.755716 0.048828 0.048828
0 0.065033 0.777885 0.048828 0.048828
0 0.075009 0.816681 0.048828 0.048828
0 0.046189 0.853260 0.048828 0.048828
0 0.089419 0.940827 0.048828 0.048828
0 0.094961 0.907574 0.048828 0.048828
0 0.100503 0.876537 0.048828 0.048828
0 0.128214 0.913116 0.048828 0.048828
0 0.145949 0.971863 0.048828 0.048828
0 0.939597 0.978514 0.048828 0.048828
0 0.979501 0.939719 0.048828 0.048828
0 0.937380 0.913116 0.048828 0.048828
0 0.975067 0.869886 0.048828 0.048828
0 0.910777 0.831091 0.048828 0.048828
0 0.883066 0.861019 0.048828 0.048828
0 0.846487 0.903140 0.048828 0.048828
0 0.881958 0.953020 0.048828 0.048828
0 0.819885 0.961887 0.048828 0.048828
0 0.777764 0.972972 0.048828 0.048828
0 0.772221 0.916441 0.048828 0.048828
0 0.715691 0.947478 0.048828 0.048828
0 0.664702 0.957454 0.048828 0.048828
0 0.675787 0.907574 0.048828 0.048828
0 0.736751 0.883188 0.048828 0.048828
0 0.837620 0.866561 0.048828 0.048828
0 0.627015 0.912007 0.048828 0.048828
0 0.602629 0.974080 0.048828 0.048828
0 0.562725 0.944152 0.048828 0.048828
0 0.506194 0.913116 0.048828 0.048828
0 0.576026 0.865453 0.048828 0.048828
0 0.516170 0.861019 0.048828 0.048828
0 0.632557 0.854368 0.048828 0.048828
0 0.687979 0.844392 0.048828 0.048828
0 0.490676 0.971863 0.048828 0.048828
0 0.399784 0.984056 0.048828 0.048828
0 0.427495 0.944152 0.048828 0.048828
0 0.440796 0.887622 0.048828 0.048828
0 0.382048 0.892055 0.048828 0.048828
0 0.344361 0.959671 0.048828 0.048828
0 0.280071 0.951911 0.048828 0.048828
0 0.242384 0.986273 0.048828 0.048828
0 0.212456 0.938610 0.048828 0.048828
0 0.219107 0.892055 0.048828 0.048828
0 0.165901 0.872103 0.048828 0.048828
0 0.184745 0.832199 0.048828 0.048828
0 0.120455 0.828874 0.048828 0.048828
0 0.143732 0.788970 0.048828 0.048828
0 0.179203 0.776777 0.048828 0.048828
0 0.107154 0.751283 0.048828 0.048828
0 0.102720 0.723572 0.048828 0.048828
0 0.073900 0.688101 0.048828 0.048828
0 0.117130 0.663715 0.048828 0.048828
0 0.049515 0.626028 0.048828 0.048828
0 0.020695 0.583907 0.048828 0.048828
0 0.030671 0.429833 0.048828 0.048828
0 0.080551 0.398797 0.048828 0.048828
0 0.129323 0.415424 0.048828 0.048828
0 0.087202 0.450894 0.048828 0.048828
0 0.078334 0.494123 0.048828 0.048828
0 0.051731 0.527377 0.048828 0.048828
0 0.079443 0.566172 0.048828 0.048828
0 0.114913 0.628245 0.048828 0.048828
0 0.180311 0.627137 0.048828 0.048828
0 0.172552 0.704728 0.048828 0.048828
0 0.229083 0.681451 0.048828 0.048828
0 0.223541 0.752391 0.048828 0.048828
0 0.245710 0.824440 0.048828 0.048828
0 0.285614 0.784536 0.048828 0.048828
0 0.278963 0.854368 0.048828 0.048828
0 0.309999 0.899814 0.048828 0.048828
0 0.326626 0.836633 0.048828 0.048828
0 0.383157 0.820006 0.048828 0.048828
0 0.335494 0.784536 0.048828 0.048828
0 0.437471 0.816681 0.048828 0.048828
0 0.515062 0.787861 0.048828 0.048828
0 0.540556 0.811139 0.048828 0.048828
0 0.611497 0.796729 0.048828 0.048828
0 0.680220 0.791187 0.048828 0.048828
0 0.777764 0.843284 0.048828 0.048828
0 0.761137 0.813356 0.048828 0.048828
0 0.746727 0.778994 0.048828 0.048828
0 0.741185 0.696969 0.048828 0.048828
0 0.686871 0.712487 0.048828 0.048828
0 0.635882 0.732439 0.048828 0.048828
0 0.557183 0.762367 0.048828 0.048828
0 0.500652 0.733548 0.048828 0.048828
0 0.441904 0.735764 0.048828 0.048828
0 0.377615 0.732439 0.048828 0.048828
0 0.284505 0.723572 0.048828 0.048828
0 0.322192 0.695860 0.048828 0.048828
0 0.287830 0.668149 0.048828 0.048828
0 0.226866 0.612727 0.048828 0.048828
0 0.204697 0.566172 0.048828 0.048828
0 0.132648 0.579474 0.048828 0.048828
0 0.152600 0.536244 0.048828 0.048828
0 0.167010 0.474171 0.048828 0.048828
0 0.122672 0.500774 0.048828 0.048828
0 0.205805 0.399905 0.048828 0.048828
0 0.261228 0.412098 0.048828 0.048828
0 0.243493 0.443135 0.048828 0.048828
0 0.273421 0.484147 0.048828 0.048828
0 0.307782 0.447569 0.048828 0.048828
0 0.213565 0.510750 0.048828 0.048828
0 0.272312 0.557305 0.048828 0.048828
0 0.322192 0.581690 0.048828 0.048828
0 0.312216 0.618269 0.048828 0.048828
0 0.364313 0.667041 0.048828 0.048828
0 0.423061 0.674800 0.048828 0.048828
0 0.465182 0.675908 0.048828 0.048828
0 0.564942 0.684776 0.048828 0.048828
0 0.556074 0.613835 0.048828 0.048828
0 0.511737 0.578365 0.048828 0.048828
0 0.511737 0.634896 0.048828 0.048828
0 0.458531 0.620486 0.048828 0.048828
0 0.402000 0.608293 0.048828 0.048828
0 0.444121 0.557305 0.048828 0.048828
0 0.486242 0.511858 0.048828 0.048828
0 0.547207 0.540678 0.048828 0.048828
0 0.593762 0.576148 0.048828 0.048828
0 0.611497 0.628245 0.048828 0.048828
0 0.656943 0.664824 0.048828 0.048828
0 0.702389 0.648197 0.048828 0.048828
0 0.652509 0.616052 0.048828 0.048828
0 0.690196 0.579474 0.048828 0.048828
0 0.660268 0.539570 0.048828 0.048828
0 0.850921 0.824440 0.048828 0.048828
0 0.891934 0.782319 0.048828 0.048828
0 0.946247 0.783428 0.048828 0.048828
0 0.822101 0.783428 0.048828 0.048828
0 0.802149 0.729114 0.048828 0.048828
0 0.887500 0.736873 0.048828 0.048828
0 0.871981 0.695860 0.048828 0.048828
0 0.929621 0.723572 0.048828 0.048828
0 0.983935 0.737981 0.048828 0.048828
0 0.965091 0.671475 0.048828 0.048828
0 0.890825 0.645980 0.048828 0.048828
0 0.818776 0.680342 0.048828 0.048828
0 0.777764 0.657065 0.048828 0.048828
0 0.824318 0.631571 0.048828 0.048828
0 0.864222 0.585016 0.048828 0.048828
0 0.930729 0.597209 0.048828 0.048828
0 0.971742 0.608293 0.048828 0.048828
0 0.971742 0.545112 0.048828 0.048828
0 0.944030 0.508533 0.048828 0.048828
0 0.874198 0.519618 0.048828 0.048828
0 0.845379 0.544003 0.048828 0.048828
0 0.794390 0.534027 0.048828 0.048828
0 0.835403 0.490798 0.048828 0.048828
0 0.758920 0.590558 0.048828 0.048828
0 0.733426 0.537353 0.048828 0.048828
0 0.779980 0.501882 0.048828 0.048828
0 0.795499 0.444243 0.048828 0.048828
0 0.792173 0.397688 0.048828 0.048828
0 0.852029 0.407664 0.048828 0.048828
0 0.886391 0.401014 0.048828 0.048828
0 0.901910 0.449785 0.048828 0.048828
0 0.951790 0.454219 0.048828 0.048828
0 0.921862 0.392146 0.048828 0.048828
0 0.741185 0.397688 0.048828 0.048828
0 0.712365 0.466412 0.048828 0.048828
0 0.653618 0.489689 0.048828 0.048828
0 0.583786 0.494123 0.048828 0.048828
0 0.525038 0.476388 0.048828 0.048828
0 0.593762 0.446460 0.048828 0.048828
0 0.680220 0.430942 0.048828 0.048828
0 0.681329 0.376628 0.048828 0.048828
0 0.639208 0.376628 0.048828 0.048828
0 0.632557 0.427616 0.048828 0.048828
0 0.594870 0.396580 0.048828 0.048828
0 0.587111 0.362218 0.048828 0.048828
0 0.542773 0.419857 0.048828 0.048828
0 0.499544 0.392146 0.048828 0.048828
0 0.485134 0.453111 0.048828 0.048828
0 0.441904 0.468629 0.048828 0.048828
0 0.434145 0.412098 0.048828 0.048828
0 0.436362 0.364435 0.048828 0.048828
0 0.375398 0.477497 0.048828 0.048828
0 0.374289 0.534027 0.048828 0.048828
0 0.329951 0.509641 0.048828 0.048828
0 0.363205 0.425400 0.048828 0.048828
0 0.326626 0.385496 0.048828 0.048828
0 0.990585 0.383279 0.048828 0.048828
0 0.999453 0.419857 0.048828 0.048828
0 0.894150 0.355567 0.048828 0.048828
0 0.940705 0.338941 0.048828 0.048828
0 0.992802 0.341158 0.048828 0.048828
0 0.830969 0.369977 0.048828 0.048828
0 0.715691 0.344483 0.048828 0.048828
0 0.775547 0.328965 0.048828 0.048828
0 0.803258 0.342266 0.048828 0.048828
0 0.848704 0.315663 0.048828 0.048828
0 0.963983 0.282410 0.048828 0.048828
0 0.881958 0.279085 0.048828 0.048828
0 0.990585 0.244723 0.048828 0.048828
0 0.920753 0.235855 0.048828 0.048828
0 0.918536 0.166023 0.048828 0.048828
0 0.962874 0.193734 0.048828 0.048828
0 0.979501 0.129445 0.048828 0.048828
0 0.867548 0.207036 0.048828 0.048828
0 0.825427 0.253590 0.048828 0.048828
0 0.778872 0.270217 0.048828 0.048828
0 0.725667 0.284627 0.048828 0.048828
0 0.768896 0.213686 0.048828 0.048828
0 0.802149 0.180433 0.048828 0.048828
0 0.746727 0.157156 0.048828 0.048828
0 0.786631 0.136095 0.048828 0.048828
0 0.838728 0.119469 0.048828 0.048828
0 0.869765 0.101733 0.048828 0.048828
0 0.920753 0.083998 0.048828 0.048828
0 0.947356 0.049636 0.048828 0.048828
0 0.886391 0.034118 0.048828 0.048828
0 0.782197 0.003082 0.048828 0.048828
0 0.819885 0.064046 0.048828 0.048828
0 0.771113 0.080673 0.048828 0.048828
0 0.757812 0.040769 0.048828 0.048828
0 0.707931 0.033010 0.048828 0.048828
0 0.709040 0.083998 0.048828 0.048828
0 0.642533 0.035227 0.048828 0.048828
0 0.644750 0.103950 0.048828 0.048828
0 0.695739 0.151613 0.048828 0.048828
0 0.650292 0.153830 0.048828 0.048828
0 0.682437 0.219229 0.048828 0.048828
0 0.672461 0.277976 0.048828 0.048828
0 0.610388 0.301254 0.048828 0.048828
0 0.538339 0.299037 0.048828 0.048828
0 0.523929 0.348917 0.048828 0.048828
0 0.479592 0.331182 0.048828 0.048828
0 0.383157 0.320097 0.048828 0.048828
0 0.317759 0.334507 0.048828 0.048828
0 0.257902 0.345591 0.048828 0.048828
0 0.211348 0.335615 0.048828 0.048828
0 0.170335 0.366652 0.048828 0.048828
0 0.175877 0.313447 0.048828 0.048828
0 0.240167 0.294603 0.048828 0.048828
0 0.285614 0.274651 0.048828 0.048828
0 0.345470 0.301254 0.048828 0.048828
0 0.139299 0.294603 0.048828 0.048828
0 0.165901 0.258024 0.048828 0.048828
0 0.208022 0.249157 0.048828 0.048828
0 0.143732 0.194843 0.048828 0.048828
0 0.213565 0.184867 0.048828 0.048828
0 0.158142 0.149397 0.048828 0.048828
0 0.262336 0.149397 0.048828 0.048828
0 0.234625 0.102842 0.048828 0.048828
0 0.179203 0.092866 0.048828 0.048828
0 0.285614 0.204819 0.048828 0.048828
0 0.329951 0.241398 0.048828 0.048828
0 0.375398 0.230313 0.048828 0.048828
0 0.409760 0.260241 0.048828 0.048828
0 0.474049 0.272434 0.048828 0.048828
0 0.630340 0.225879 0.048828 0.048828
0 0.584894 0.248048 0.048828 0.048828
0 0.513953 0.223662 0.048828 0.048828
0 0.594870 0.177108 0.048828 0.048828
0 0.516170 0.177108 0.048828 0.048828
0 0.462965 0.189301 0.048828 0.048828
0 0.404217 0.180433 0.048828 0.048828
0 0.344361 0.183758 0.048828 0.048828
0 0.318867 0.137204 0.048828 0.048828
0 0.284505 0.099516 0.048828 0.048828
0 0.392024 0.122794 0.048828 0.048828
0 0.436362 0.093974 0.048828 0.048828
0 0.481809 0.143854 0.048828 0.048828
0 0.395350 0.068480 0.048828 0.048828
0 0.338819 0.054070 0.048828 0.048828
0 0.277854 0.030793 0.048828 0.048828
0 0.222432 0.024142 0.048828 0.048828
0 0.175877 0.029684 0.048828 0.048828
0 0.420844 0.020817 0.048828 0.048828
0 0.481809 0.054070 0.048828 0.048828
0 0.526146 0.099516 0.048828 0.048828
0 0.588219 0.126119 0.048828 0.048828
0 0.582677 0.056287 0.048828 0.048828
0 0.539448 0.018600 0.048828 0.048828
0 0.116021 0.007515 0.048828 0.048828
0 0.051731 0.016383 0.048828 0.048828
0 0.097178 0.042986 0.048828 0.048828
0 0.056165 0.061829 0.048828 0.048828
0 0.096069 0.083998 0.048828 0.048828
0 0.117648 0.350245 0.048828 0.048828
0 0.086343 0.295087 0.048828 0.048828
0 0.063982 0.244402 0.048828 0.048828
0 0.098269 0.208624 0.048828 0.048828
0 0.063982 0.177318 0.048828 0.048828
0 0.022241 0.101290 0.048828 0.048828
0 0.014787 0.138559 0.048828 0.048828
0 0.007333 0.208624 0.048828 0.048828
0 0.032676 0.353226 0.048828 0.048828