0 0.932309 0.993287 0.048828 0.048828
0 0.961591 0.996121 0.048828 0.048828
0 0.961591 0.936612 0.048828 0.048828
0 0.953090 0.890327 0.048828 0.048828
0 0.910584 0.469040 0.048828 0.048828
0 0.953090 0.489821 0.048828 0.048828
0 0.907750 0.521937 0.048828 0.048828
0 0.920030 0.566333 0.048828 0.048828
0 0.940811 0.617341 0.048828 0.048828
0 0.942700 0.657958 0.048828 0.048828
0 0.968204 0.708966 0.048828 0.048828
0 0.946478 0.744860 0.048828 0.048828
0 0.987095 0.784533 0.048828 0.048828
0 0.987095 0.838375 0.048828 0.048828
0 0.999375 0.539884 0.048828 0.048828