0 0.984274 0.391244 0.048828 0.048828
0 0.822068 0.382106 0.048828 0.048828
0 0.808360 0.425513 0.048828 0.048828
0 0.734110 0.443790 0.048828 0.048828
0 0.503366 0.480343 0.048828 0.048828
0 0.608457 0.209618 0.048828 0.048828
0 0.521643 0.198195 0.048828 0.048828
0 0.480520 0.193626 0.048828 0.048828
0 0.391420 0.192484 0.048828 0.048828
0 0.090995 0.298718 0.048828 0.048828
0 0.499744 0.411398 0.048828 0.048828
0 0.050974 0.086283 0.048828 0.048828
0 0.149620 0.318309 0.048828 0.048828
0 0.226036 0.278017 0.048828 0.048828