0 0.943537 0.994648 0.048828 0.048828
0 0.957947 0.949201 0.048828 0.048828
0 0.979007 0.892670 0.048828 0.048828
0 0.975682 0.829489 0.048828 0.048828
0 0.966815 0.791802 0.048828 0.048828
0 0.980116 0.720861 0.048828 0.048828
0 0.929127 0.696476 0.048828 0.048828
0 0.960164 0.668764 0.048828 0.048828
0 0.965706 0.600041 0.048828 0.048828
0 0.990092 0.549052 0.048828 0.048828
0 0.956839 0.512474 0.048828 0.048828
0 0.943537 0.458160 0.048828 0.048828
0 0.895874 0.486979 0.048828 0.048828
0 0.885898 0.547944 0.048828 0.048828
0 0.919151 0.572330 0.048828 0.048828
0 0.859295 0.583414 0.048828 0.048828
0 0.913609 0.627752 0.048828 0.048828
0 0.872597 0.624427 0.048828 0.048828
0 0.867054 0.679849 0.048828 0.048828
0 0.874814 0.723078 0.048828 0.048828
0 0.864838 0.771850 0.048828 0.048828
0 0.915826 0.807320 0.048828 0.048828
0 0.851536 0.816188 0.048828 0.048828
0 0.896982 0.842790 0.048828 0.048828
0 0.855970 0.861634 0.048828 0.048828
0 0.895874 0.883803 0.048828 0.048828
0 0.904742 0.416039 0.048828 0.048828
0 0.851536 0.401629 0.048828 0.048828
0 0.862621 0.351749 0.048828 0.048828
0 0.925802 0.357291 0.048828 0.048828
0 0.904742 0.309628 0.048828 0.048828
0 0.997851 0.361725 0.048828 0.048828
0 0.945754 0.401629 0.048828 0.048828
0 0.986767 0.293001 0.048828 0.048828
0 0.951296 0.308519 0.048828 0.048828
0 0.951296 0.247555 0.048828 0.048828
0 0.900308 0.237579 0.048828 0.048828
0 0.867054 0.203217 0.048828 0.048828
0 0.861512 0.253097 0.048828 0.048828
0 0.850428 0.311845 0.048828 0.048828
0 0.890332 0.153337 0.048828 0.048828
0 0.946863 0.187699 0.048828 0.048828
0 0.991200 0.162205 0.048828 0.048828
0 0.863729 0.023649 0.048828 0.048828
0 0.910284 0.074637 0.048828 0.048828
0 0.953513 0.117867 0.048828 0.048828
0 0.960164 0.076854 0.048828 0.048828
0 0.819391 0.031408 0.048828 0.048828
0 0.838235 0.079071 0.048828 0.048828
0 0.804981 0.118975 0.048828 0.048828
0 0.766186 0.143361 0.048828 0.048828
0 0.779487 0.198783 0.048828 0.048828
0 0.797222 0.261965 0.048828 0.048828
0 0.782813 0.325146 0.048828 0.048828
0 0.751776 0.286351 0.048828 0.048828
0 0.735149 0.334014 0.048828 0.048828
0 0.787246 0.399412 0.048828 0.048828
0 0.735149 0.417147 0.048828 0.048828
0 0.716306 0.370592 0.048828 0.048828
0 0.691920 0.286351 0.048828 0.048828
0 0.707438 0.222061 0.048828 0.048828
0 0.710764 0.167747 0.048828 0.048828
0 0.729607 0.120084 0.048828 0.048828
0 0.765077 0.080180 0.048828 0.048828
0 0.724065 0.058011 0.048828 0.048828
0 0.683052 0.013673 0.048828 0.048828
0 0.749559 0.013673 0.048828 0.048828
0 0.935778 0.020324 0.048828 0.048828
0 0.863786 0.977123 0.048828 0.048828
0 0.822045 0.901095 0.048828 0.048828
0 0.814592 0.938364 0.048828 0.048828
0 0.699804 0.980105 0.048828 0.048828
0 0.759434 0.965197 0.048828 0.048828
0 0.728129 0.929419 0.048828 0.048828
0 0.763906 0.892151 0.048828 0.048828
0 0.664027 0.916003 0.048828 0.048828
0 0.644647 0.977123 0.048828 0.048828
0 0.602906 0.971160 0.048828 0.048828
0 0.547748 0.951780 0.048828 0.048828
0 0.579054 0.933891 0.048828 0.048828
0 0.528369 0.895132 0.048828 0.048828
0 0.477683 0.917493 0.048828 0.048828
0 0.485137 0.993521 0.048828 0.048828
0 0.426998 0.959234 0.048828 0.048828
0 0.406128 0.921966 0.048828 0.048828
0 0.385257 0.865317 0.048828 0.048828
0 0.459794 0.884697 0.048828 0.048828
0 0.467248 0.839975 0.048828 0.048828
0 0.422526 0.810160 0.048828 0.048828
0 0.432961 0.743076 0.048828 0.048828
0 0.401655 0.717733 0.048828 0.048828
0 0.392711 0.664067 0.048828 0.048828
0 0.429980 0.608909 0.048828 0.048828
0 0.494082 0.605928 0.048828 0.048828
0 0.459794 0.665557 0.048828 0.048828
0 0.501535 0.714752 0.048828 0.048828
0 0.523897 0.653631 0.048828 0.048828
0 0.540295 0.710280 0.048828 0.048828
0 0.579054 0.680465 0.048828 0.048828
0 0.644647 0.722206 0.048828 0.048828
0 0.574582 0.747548 0.048828 0.048828
0 0.503026 0.752021 0.048828 0.048828
0 0.477683 0.756493 0.048828 0.048828
0 0.501535 0.799724 0.048828 0.048828
0 0.526878 0.842956 0.048828 0.048828
0 0.570110 0.813141 0.048828 0.048828
0 0.631230 0.789289 0.048828 0.048828
0 0.583526 0.871280 0.048828 0.048828
0 0.623776 0.847428 0.048828 0.048828
0 0.687878 0.854882 0.048828 0.048828
0 0.754962 0.851901 0.048828 0.048828
0 0.775832 0.804197 0.048828 0.048828
0 0.714712 0.795252 0.048828 0.048828
0 0.762416 0.766928 0.048828 0.048828
0 0.702786 0.723696 0.048828 0.048828
0 0.689369 0.661085 0.048828 0.048828
0 0.632721 0.650650 0.048828 0.048828
0 0.659554 0.617854 0.048828 0.048828
0 0.596943 0.585057 0.048828 0.048828
0 0.643156 0.573131 0.048828 0.048828
0 0.638684 0.516483 0.048828 0.048828
0 0.658064 0.470270 0.048828 0.048828
0 0.695332 0.458344 0.048828 0.048828
0 0.756453 0.455362 0.048828 0.048828
0 0.835462 0.461325 0.048828 0.048828
0 0.695332 0.517974 0.048828 0.048828
0 0.735582 0.504557 0.048828 0.048828
0 0.769869 0.526918 0.048828 0.048828
0 0.808629 0.544807 0.048828 0.048828
0 0.738564 0.599965 0.048828 0.048828
0 0.811610 0.610400 0.048828 0.048828
0 0.817573 0.659594 0.048828 0.048828
0 0.756453 0.638724 0.048828 0.048828
0 0.793721 0.716243 0.048828 0.048828
0 0.743036 0.681956 0.048828 0.048828
0 0.643156 0.304797 0.048828 0.048828
0 0.684897 0.342066 0.048828 0.048828
0 0.668499 0.379334 0.048828 0.048828
0 0.632721 0.346538 0.048828 0.048828
0 0.620795 0.391260 0.048828 0.048828
0 0.580545 0.356973 0.048828 0.048828
0 0.574582 0.295853 0.048828 0.048828
0 0.623776 0.242186 0.048828 0.048828
0 0.567128 0.412131 0.048828 0.048828
0 0.579054 0.473251 0.048828 0.048828
0 0.629739 0.452381 0.048828 0.048828
0 0.596943 0.503066 0.048828 0.048828
0 0.543276 0.509029 0.048828 0.048828
0 0.507498 0.541826 0.048828 0.048828
0 0.522406 0.447909 0.048828 0.048828
0 0.488119 0.441946 0.048828 0.048828
0 0.489609 0.376353 0.048828 0.048828
0 0.482156 0.325668 0.048828 0.048828
0 0.468739 0.519464 0.048828 0.048828
0 0.410600 0.486668 0.048828 0.048828
0 0.380785 0.522446 0.048828 0.048828
0 0.418054 0.570150 0.048828 0.048828
0 0.343289 0.559675 0.048828 0.048828
0 0.298488 0.545115 0.048828 0.048828
0 0.285048 0.594396 0.048828 0.048828
0 0.337689 0.594396 0.048828 0.048828
0 0.342169 0.662717 0.048828 0.048828
0 0.281688 0.664957 0.048828 0.048828
0 0.218967 0.654877 0.048828 0.048828
0 0.169686 0.673917 0.048828 0.048828
0 0.105845 0.653757 0.048828 0.048828
0 0.179766 0.616796 0.048828 0.048828
0 0.128245 0.570875 0.048828 0.048828
0 0.177526 0.537275 0.048828 0.048828
0 0.215607 0.481274 0.048828 0.048828
0 0.245847 0.463354 0.048828 0.048828
0 0.270488 0.486874 0.048828 0.048828
0 0.323129 0.501434 0.048828 0.048828
0 0.354489 0.475674 0.048828 0.048828
0 0.381370 0.452154 0.048828 0.048828
0 0.410490 0.411833 0.048828 0.048828
0 0.427290 0.369272 0.048828 0.048828
0 0.362329 0.360312 0.048828 0.048828
0 0.333209 0.434233 0.048828 0.048828
0 0.308568 0.346872 0.048828 0.048828
0 0.282808 0.302071 0.048828 0.048828
0 0.251447 0.345752 0.048828 0.048828
0 0.251447 0.388312 0.048828 0.048828
0 0.206647 0.428633 0.048828 0.048828
0 0.185366 0.395033 0.048828 0.048828
0 0.180886 0.341272 0.048828 0.048828
0 0.138326 0.332312 0.048828 0.048828
0 0.099125 0.360312 0.048828 0.048828
0 0.350009 0.729918 0.048828 0.048828
0 0.281688 0.731038 0.048828 0.048828
0 0.246967 0.727678 0.048828 0.048828
0 0.193207 0.719838 0.048828 0.048828
0 0.129365 0.729918 0.048828 0.048828
0 0.056564 0.711998 0.048828 0.048828
0 0.056564 0.630236 0.048828 0.048828
0 0.085685 0.570875 0.048828 0.048828
0 0.110325 0.519355 0.048828 0.048828
0 0.148406 0.451033 0.048828 0.048828
0 0.155126 0.493594 0.048828 0.048828
0 0.067764 0.458874 0.048828 0.048828
0 0.026324 0.500314 0.048828 0.048828
0 0.028564 0.559675 0.048828 0.048828
0 0.002803 0.433113 0.048828 0.048828
0 0.039764 0.389432 0.048828 0.048828
0 0.025204 0.332312 0.048828 0.048828
0 0.064404 0.299831 0.048828 0.048828
0 0.213367 0.299831 0.048828 0.048828
0 0.178646 0.262870 0.048828 0.048828
0 0.140566 0.268470 0.048828 0.048828
0 0.071124 0.231510 0.048828 0.048828
0 0.241367 0.258390 0.048828 0.048828
0 0.283928 0.244950 0.048828 0.048828
0 0.366809 0.266230 0.048828 0.048828
0 0.381370 0.326711 0.048828 0.048828
0 0.454171 0.286391 0.048828 0.048828
0 0.476571 0.247190 0.048828 0.048828
0 0.542652 0.256150 0.048828 0.048828
0 0.594173 0.210229 0.048828 0.048828
0 0.355609 0.964002 0.048828 0.048828
0 0.306328 0.960642 0.048828 0.048828
0 0.292888 0.911361 0.048828 0.048828
0 0.337689 0.920321 0.048828 0.048828
0 0.324249 0.853120 0.048828 0.048828
0 0.353369 0.811680 0.048828 0.048828
0 0.314169 0.781439 0.048828 0.048828
0 0.251447 0.798239 0.048828 0.048828
0 0.175286 0.762399 0.048828 0.048828
0 0.179766 0.821760 0.048828 0.048828
0 0.248087 0.880001 0.048828 0.048828
0 0.184246 0.884481 0.048828 0.048828
0 0.246967 0.943842 0.048828 0.048828
0 0.204407 0.938242 0.048828 0.048828
0 0.224567 0.987522 0.048828 0.048828
0 0.162966 0.965122 0.048828 0.048828
0 0.130485 0.915841 0.048828 0.048828
0 0.127125 0.858720 0.048828 0.048828
0 0.072244 0.869920 0.048828 0.048828
0 0.063284 0.809439 0.048828 0.048828
0 0.090165 0.770239 0.048828 0.048828
0 0.022964 0.751199 0.048828 0.048828
0 0.017364 0.836320 0.048828 0.048828
0 0.010643 0.922561 0.048828 0.048828
0 0.073365 0.944962 0.048828 0.048828
0 0.042004 0.998723 0.048828 0.048828
0 0.662494 0.184469 0.048828 0.048828
0 0.627774 0.149748 0.048828 0.048828
0 0.671454 0.129588 0.048828 0.048828
0 0.662494 0.075827 0.048828 0.048828
0 0.626654 0.084787 0.048828 0.048828
0 0.621054 0.035507 0.048828 0.048828
0 0.566173 0.070227 0.048828 0.048828
0 0.498972 0.003026 0.048828 0.048828
0 0.498972 0.051187 0.048828 0.048828
0 0.466491 0.121748 0.048828 0.048828
0 0.420570 0.029906 0.048828 0.048828
0 0.509052 0.134068 0.048828 0.048828
0 0.562813 0.150868 0.048828 0.048828
0 0.575133 0.099348 0.048828 0.048828
0 0.421690 0.154229 0.048828 0.048828
0 0.473211 0.191189 0.048828 0.048828
0 0.526972 0.195669 0.048828 0.048828
0 0.446331 0.222550 0.048828 0.048828
0 0.394810 0.195669 0.048828 0.048828
0 0.327609 0.191189 0.048828 0.048828
0 0.304088 0.135188 0.048828 0.048828
0 0.385850 0.098228 0.048828 0.048828
0 0.367929 0.054547 0.048828 0.048828
0 0.320889 0.061267 0.048828 0.048828
0 0.391450 0.000786 0.048828 0.048828
0 0.242487 0.061267 0.048828 0.048828
0 0.235767 0.121748 0.048828 0.048828
0 0.271608 0.194549 0.048828 0.048828
0 0.212247 0.193429 0.048828 0.048828
0 0.167446 0.195669 0.048828 0.048828
0 0.114805 0.177749 0.048828 0.048828
0 0.186486 0.118388 0.048828 0.048828
0 0.187606 0.037747 0.048828 0.048828
0 0.129365 0.055667 0.048828 0.048828
0 0.094645 0.080307 0.048828 0.048828
0 0.086805 0.005266 0.048828 0.048828
0 0.140566 0.003026 0.048828 0.048828
0 0.026324 0.038867 0.048828 0.048828
0 0.039764 0.093748 0.048828 0.048828
0 0.064404 0.140788 0.048828 0.048828
0 0.046484 0.196789 0.048828 0.048828
0 0.019604 0.151989 0.048828 0.048828
0 0.216727 0.561915 0.048828 0.048828