0 0.699679 0.937502 0.048828 0.048828
0 0.612112 0.977406 0.048828 0.048828
0 0.638715 0.919766 0.048828 0.048828
0 0.689703 0.869886 0.048828 0.048828
0 0.626522 0.815573 0.048828 0.048828
0 0.616546 0.875429 0.048828 0.048828
0 0.599919 0.928634 0.048828 0.048828
0 0.573316 0.976297 0.048828 0.048828
0 0.507918 0.974080 0.048828 0.048828
0 0.532304 0.914224 0.048828 0.048828
0 0.569991 0.853260 0.048828 0.048828
0 0.575533 0.805597 0.048828 0.048828
0 0.516785 0.818898 0.048828 0.048828
0 0.486857 0.855477 0.048828 0.048828
0 0.431435 0.902031 0.048828 0.048828
0 0.445845 0.958562 0.048828 0.048828
0 0.403724 0.982948 0.048828 0.048828
0 0.384880 0.905357 0.048828 0.048828
0 0.331675 0.919766 0.048828 0.048828
0 0.323916 0.961887 0.048828 0.048828
0 0.271819 0.958562 0.048828 0.048828
0 0.271819 0.895381 0.048828 0.048828
0 0.318374 0.866561 0.048828 0.048828
0 0.379338 0.832199 0.048828 0.048828
0 0.420351 0.803380 0.048828 0.048828
0 0.219722 0.925309 0.048828 0.048828
0 0.184252 0.875429 0.048828 0.048828
0 0.136589 0.906465 0.048828 0.048828
0 0.152107 0.972972 0.048828 0.048828
0 0.063431 0.939719 0.048828 0.048828
0 0.027961 0.957454 0.048828 0.048828
0 0.044587 0.883188 0.048828 0.048828
0 0.105552 0.861019 0.048828 0.048828
0 0.021310 0.849934 0.048828 0.048828
0 0.097793 0.805597 0.048828 0.048828
0 0.173167 0.813356 0.048828 0.048828
0 0.223047 0.831091 0.048828 0.048828
0 0.226373 0.775669 0.048828 0.048828
0 0.264060 0.807813 0.048828 0.048828
0 0.311723 0.794512 0.048828 0.048828
0 0.287337 0.730222 0.048828 0.048828
0 0.373796 0.753500 0.048828 0.048828
0 0.328350 0.681451 0.048828 0.048828
0 0.356061 0.688101 0.048828 0.048828
0 0.384880 0.675908 0.048828 0.048828
0 0.413700 0.718029 0.048828 0.048828
0 0.462472 0.765693 0.048828 0.048828
0 0.517894 0.743524 0.048828 0.048828
0 0.464689 0.705836 0.048828 0.048828
0 0.502376 0.678125 0.048828 0.048828
0 0.445845 0.651523 0.048828 0.048828
0 0.565557 0.710270 0.048828 0.048828
0 0.560015 0.655956 0.048828 0.048828
0 0.613220 0.663715 0.048828 0.048828
0 0.647582 0.695860 0.048828 0.048828
0 0.699679 0.705836 0.048828 0.048828
0 0.727390 0.691427 0.048828 0.048828
0 0.724065 0.744632 0.048828 0.048828
0 0.726282 0.784536 0.048828 0.048828
0 0.685269 0.782319 0.048828 0.048828
0 0.730716 0.835525 0.048828 0.048828
0 0.618763 0.753500 0.048828 0.048828
0 0.049021 0.765693 0.048828 0.048828
0 0.118853 0.766801 0.048828 0.048828
0 0.084492 0.731331 0.048828 0.048828
0 0.141022 0.712487 0.048828 0.048828
0 0.188685 0.702511 0.048828 0.048828
0 0.237457 0.679234 0.048828 0.048828
0 0.311723 0.653739 0.048828 0.048828
0 0.376013 0.640438 0.048828 0.048828
0 0.339434 0.608293 0.048828 0.048828
0 0.299530 0.575040 0.048828 0.048828
0 0.311723 0.535136 0.048828 0.048828
0 0.228590 0.587233 0.048828 0.048828
0 0.257409 0.619378 0.048828 0.048828
0 0.179818 0.661499 0.048828 0.048828
0 0.176493 0.590558 0.048828 0.048828
0 0.193119 0.527377 0.048828 0.048828
0 0.135480 0.559522 0.048828 0.048828
0 0.123287 0.621595 0.048828 0.048828
0 0.092251 0.671475 0.048828 0.048828
0 0.010226 0.729114 0.048828 0.048828
0 0.025744 0.669258 0.048828 0.048828
0 0.031286 0.623811 0.048828 0.048828
0 0.071190 0.577257 0.048828 0.048828
0 0.045696 0.559522 0.048828 0.048828
0 0.013551 0.535136 0.048828 0.048828
0 0.004683 0.489689 0.048828 0.048828
0 0.062323 0.507425 0.048828 0.048828
0 0.111094 0.500774 0.048828 0.048828
0 0.180926 0.483039 0.048828 0.048828
0 0.228590 0.484147 0.048828 0.048828
0 0.270710 0.520726 0.048828 0.048828
0 0.291771 0.476388 0.048828 0.048828
0 0.256301 0.434267 0.048828 0.048828
0 0.208637 0.428725 0.048828 0.048828
0 0.141022 0.430942 0.048828 0.048828
0 0.073407 0.433159 0.048828 0.048828
0 0.024635 0.414315 0.048828 0.048828
0 0.025744 0.360001 0.048828 0.048828
0 0.096684 0.360001 0.048828 0.048828
0 0.117745 0.320097 0.048828 0.048828
0 0.026852 0.294603 0.048828 0.048828
0 0.189794 0.322314 0.048828 0.048828
0 0.229698 0.307904 0.048828 0.048828
0 0.285120 0.307904 0.048828 0.048828
0 0.341651 0.295711 0.048828 0.048828
0 0.387097 0.307904 0.048828 0.048828
0 0.451387 0.303471 0.048828 0.048828
0 0.177601 0.384387 0.048828 0.048828
0 0.241891 0.385496 0.048828 0.048828
0 0.305072 0.389929 0.048828 0.048828
0 0.341651 0.344483 0.048828 0.048828
0 0.394856 0.361110 0.048828 0.048828
0 0.450279 0.374411 0.048828 0.048828
0 0.449170 0.425400 0.048828 0.048828
0 0.417025 0.471954 0.048828 0.048828
0 0.361603 0.425400 0.048828 0.048828
0 0.358278 0.494123 0.048828 0.048828
0 0.391531 0.544003 0.048828 0.048828
0 0.449170 0.553979 0.048828 0.048828
0 0.419242 0.603859 0.048828 0.048828
0 0.473556 0.603859 0.048828 0.048828
0 0.482424 0.517401 0.048828 0.048828
0 0.513460 0.423183 0.048828 0.048828
0 0.502376 0.354459 0.048828 0.048828
0 0.551147 0.305687 0.048828 0.048828
0 0.564449 0.361110 0.048828 0.048828
0 0.605461 0.381062 0.048828 0.048828
0 0.605461 0.350025 0.048828 0.048828
0 0.632064 0.320097 0.048828 0.048828
0 0.657558 0.354459 0.048828 0.048828
0 0.712980 0.309013 0.048828 0.048828
0 0.698571 0.372194 0.048828 0.048828
0 0.654233 0.416532 0.048828 0.048828
0 0.643148 0.468629 0.048828 0.048828
0 0.601027 0.444243 0.048828 0.048828
0 0.563340 0.445352 0.048828 0.048828
0 0.526761 0.483039 0.048828 0.048828
0 0.589943 0.505208 0.048828 0.048828
0 0.701896 0.508533 0.048828 0.048828
0 0.704113 0.580582 0.048828 0.048828
0 0.648691 0.556196 0.048828 0.048828
0 0.707438 0.630462 0.048828 0.048828
0 0.670859 0.640438 0.048828 0.048828
0 0.622088 0.598317 0.048828 0.048828
0 0.588834 0.556196 0.048828 0.048828
0 0.528978 0.542895 0.048828 0.048828
0 0.524545 0.579474 0.048828 0.048828
0 0.763969 0.951911 0.048828 0.048828
0 0.896982 0.999575 0.048828 0.048828
0 0.844885 0.976297 0.048828 0.048828
0 0.822717 0.923092 0.048828 0.048828
0 0.822717 0.880971 0.048828 0.048828
0 0.779487 0.867670 0.048828 0.048828
0 0.729607 0.888730 0.048828 0.048828
0 0.804981 0.803380 0.048828 0.048828
0 0.763969 0.736873 0.048828 0.048828
0 0.768403 0.694752 0.048828 0.048828
0 0.787246 0.648197 0.048828 0.048828
0 0.824933 0.696969 0.048828 0.048828
0 0.831584 0.755716 0.048828 0.048828
0 0.864838 0.777885 0.048828 0.048828
0 0.874814 0.816681 0.048828 0.048828
0 0.845994 0.853260 0.048828 0.048828
0 0.889223 0.940827 0.048828 0.048828
0 0.894766 0.907574 0.048828 0.048828
0 0.900308 0.876537 0.048828 0.048828
0 0.928019 0.913116 0.048828 0.048828
0 0.945754 0.971863 0.048828 0.048828
0 0.965706 0.872103 0.048828 0.048828
0 0.984550 0.832199 0.048828 0.048828
0 0.920260 0.828874 0.048828 0.048828
0 0.943537 0.788970 0.048828 0.048828
0 0.979007 0.776777 0.048828 0.048828
0 0.906958 0.751283 0.048828 0.048828
0 0.902525 0.723572 0.048828 0.048828
0 0.873705 0.688101 0.048828 0.048828
0 0.916934 0.663715 0.048828 0.048828
0 0.849319 0.626028 0.048828 0.048828
0 0.820500 0.583907 0.048828 0.048828
0 0.761752 0.590558 0.048828 0.048828
0 0.750668 0.534027 0.048828 0.048828
0 0.790572 0.506316 0.048828 0.048828
0 0.759535 0.461978 0.048828 0.048828
0 0.724065 0.404339 0.048828 0.048828
0 0.790572 0.379953 0.048828 0.048828
0 0.830476 0.429833 0.048828 0.048828
0 0.880356 0.398797 0.048828 0.048828
0 0.929127 0.415424 0.048828 0.048828
0 0.887006 0.450894 0.048828 0.048828
0 0.878139 0.494123 0.048828 0.048828
0 0.851536 0.527377 0.048828 0.048828
0 0.879247 0.566172 0.048828 0.048828
0 0.914718 0.628245 0.048828 0.048828
0 0.980116 0.627137 0.048828 0.048828
0 0.972357 0.704728 0.048828 0.048828
0 0.932453 0.579474 0.048828 0.048828
0 0.952405 0.536244 0.048828 0.048828
0 0.966815 0.474171 0.048828 0.048828
0 0.922477 0.500774 0.048828 0.048828
0 0.970140 0.366652 0.048828 0.048828
0 0.975682 0.313447 0.048828 0.048828
0 0.939103 0.294603 0.048828 0.048828
0 0.965706 0.258024 0.048828 0.048828
0 0.943537 0.194843 0.048828 0.048828
0 0.957947 0.149397 0.048828 0.048828
0 0.979007 0.092866 0.048828 0.048828
0 0.975682 0.029684 0.048828 0.048828
0 0.915826 0.007515 0.048828 0.048828
0 0.851536 0.016383 0.048828 0.048828
0 0.896982 0.042986 0.048828 0.048828
0 0.855970 0.061829 0.048828 0.048828
0 0.895874 0.083998 0.048828 0.048828
0 0.917453 0.350245 0.048828 0.048828
0 0.886148 0.295087 0.048828 0.048828
0 0.863786 0.244402 0.048828 0.048828
0 0.898073 0.208624 0.048828 0.048828
0 0.863786 0.177318 0.048828 0.048828
0 0.822045 0.101290 0.048828 0.048828
0 0.814592 0.138559 0.048828 0.048828
0 0.807138 0.208624 0.048828 0.048828
0 0.763906 0.247383 0.048828 0.048828
0 0.832481 0.353226 0.048828 0.048828
0 0.772851 0.327884 0.048828 0.048828
0 0.726638 0.266763 0.048828 0.048828
0 0.729619 0.222041 0.048828 0.048828
0 0.658064 0.281671 0.048828 0.048828
0 0.677443 0.229494 0.048828 0.048828
0 0.699804 0.180300 0.048828 0.048828
0 0.759434 0.165392 0.048828 0.048828
0 0.728129 0.129615 0.048828 0.048828
0 0.763906 0.092346 0.048828 0.048828
0 0.664027 0.116198 0.048828 0.048828
0 0.644647 0.177318 0.048828 0.048828
0 0.634212 0.236948 0.048828 0.048828
0 0.596943 0.280180 0.048828 0.048828
0 0.497063 0.269745 0.048828 0.048828
0 0.595452 0.220550 0.048828 0.048828
0 0.602906 0.171355 0.048828 0.048828
0 0.547748 0.151976 0.048828 0.048828
0 0.579054 0.134087 0.048828 0.048828
0 0.528369 0.095327 0.048828 0.048828
0 0.477683 0.117689 0.048828 0.048828
0 0.485137 0.193717 0.048828 0.048828
0 0.437433 0.223531 0.048828 0.048828
0 0.385257 0.260800 0.048828 0.048828
0 0.324137 0.216078 0.048828 0.048828
0 0.282396 0.247383 0.048828 0.048828
0 0.370350 0.205643 0.048828 0.048828
0 0.426998 0.159429 0.048828 0.048828
0 0.406128 0.122161 0.048828 0.048828
0 0.385257 0.065513 0.048828 0.048828
0 0.459794 0.084892 0.048828 0.048828
0 0.467248 0.040170 0.048828 0.048828
0 0.422526 0.010355 0.048828 0.048828
0 0.526878 0.043151 0.048828 0.048828
0 0.570110 0.013336 0.048828 0.048828
0 0.583526 0.071476 0.048828 0.048828
0 0.623776 0.047624 0.048828 0.048828
0 0.687878 0.055077 0.048828 0.048828
0 0.754962 0.052096 0.048828 0.048828
0 0.775832 0.004392 0.048828 0.048828
0 0.355609 0.164197 0.048828 0.048828
0 0.306328 0.160837 0.048828 0.048828
0 0.292888 0.111556 0.048828 0.048828
0 0.337689 0.120517 0.048828 0.048828
0 0.324249 0.053316 0.048828 0.048828
0 0.353369 0.011875 0.048828 0.048828
0 0.179766 0.021955 0.048828 0.048828
0 0.248087 0.080196 0.048828 0.048828
0 0.184246 0.084676 0.048828 0.048828
0 0.246967 0.144037 0.048828 0.048828
0 0.204407 0.138437 0.048828 0.048828
0 0.259288 0.204518 0.048828 0.048828
0 0.224567 0.187718 0.048828 0.048828
0 0.207767 0.259399 0.048828 0.048828
0 0.158486 0.270599 0.048828 0.048828
0 0.127125 0.260519 0.048828 0.048828
0 0.177526 0.224678 0.048828 0.048828
0 0.121525 0.202278 0.048828 0.048828
0 0.162966 0.165317 0.048828 0.048828
0 0.130485 0.116037 0.048828 0.048828
0 0.127125 0.058916 0.048828 0.048828
0 0.072244 0.070116 0.048828 0.048828
0 0.063284 0.009635 0.048828 0.048828
0 0.017364 0.036515 0.048828 0.048828
0 0.010643 0.122757 0.048828 0.048828
0 0.073365 0.145157 0.048828 0.048828
0 0.042004 0.198918 0.048828 0.048828
0 0.045364 0.242599 0.048828 0.048828