0 0.985059 0.890590 0.048828 0.048828
0 0.980092 0.930327 0.048828 0.048828
0 0.948633 0.950196 0.048828 0.048828
0 0.943666 0.910459 0.048828 0.048828
0 0.903929 0.925360 0.048828 0.048828
0 0.895650 0.885623 0.048828 0.048828
0 0.839356 0.897213 0.048828 0.048828
0 0.806241 0.885623 0.048828 0.048828
0 0.771471 0.903836 0.048828 0.048828
0 0.774783 0.874033 0.048828 0.048828
0 0.740013 0.888934 0.048828 0.048828
0 0.783061 0.854164 0.048828 0.048828
0 0.749947 0.869066 0.048828 0.048828
0 0.713521 0.872377 0.048828 0.048828
0 0.672128 0.860787 0.048828 0.048828
0 0.634047 0.857476 0.048828 0.048828
0 0.602588 0.835951 0.048828 0.048828
0 0.594310 0.862443 0.048828 0.048828
0 0.566162 0.845886 0.048828 0.048828
0 0.514835 0.854164 0.048828 0.048828
0 0.559539 0.812771 0.048828 0.048828
0 0.541327 0.832640 0.048828 0.048828
0 0.561195 0.787935 0.048828 0.048828
0 0.539671 0.799525 0.048828 0.048828
0 0.519802 0.802837 0.048828 0.048828
0 0.504901 0.832640 0.048828 0.048828
0 0.488344 0.864098 0.048828 0.048828
0 0.475098 0.840918 0.048828 0.048828
0 0.460196 0.821050 0.048828 0.048828
0 0.474016 0.788804 0.048828 0.048828
0 0.435453 0.792536 0.048828 0.048828
0 0.393158 0.790048 0.048828 0.048828
0 0.432965 0.816171 0.048828 0.048828
0 0.414305 0.814927 0.048828 0.048828
0 0.376986 0.808707 0.048828 0.048828
0 0.187904 0.837318 0.048828 0.048828
0 0.145609 0.831099 0.048828 0.048828
0 0.120730 0.829855 0.048828 0.048828
0 0.075947 0.828611 0.048828 0.048828
0 0.256322 0.726605 0.048828 0.048828
0 0.217759 0.734069 0.048828 0.048828
0 0.177952 0.745265 0.048828 0.048828
0 0.184172 0.721630 0.048828 0.048828
0 0.159292 0.722874 0.048828 0.048828
0 0.146853 0.724118 0.048828 0.048828
0 0.112022 0.737801 0.048828 0.048828
0 0.100826 0.717898 0.048828 0.048828
0 0.048580 0.741533 0.048828 0.048828
0 0.037384 0.710434 0.048828 0.048828
0 0.044848 0.694262 0.048828 0.048828
0 0.010017 0.688043 0.048828 0.048828
0 0.003797 0.709190 0.048828 0.048828
0 0.003797 0.726605 0.048828 0.048828
0 0.120730 0.541255 0.048828 0.048828
0 0.168000 0.543743 0.048828 0.048828
0 0.195367 0.511399 0.048828 0.048828
0 0.219003 0.547474 0.048828 0.048828
0 0.267517 0.536279 0.048828 0.048828
0 0.317276 0.541255 0.048828 0.048828
0 0.364547 0.484032 0.048828 0.048828
0 0.715345 0.598477 0.048828 0.048828
0 0.806154 0.549962 0.048828 0.048828
0 0.791227 0.538767 0.048828 0.048828
0 0.772567 0.538767 0.048828 0.048828
0 0.766347 0.498960 0.048828 0.048828
0 0.747688 0.495228 0.048828 0.048828
0 0.742712 0.447957 0.048828 0.048828
0 0.720321 0.474081 0.048828 0.048828
0 0.721565 0.503936 0.048828 0.048828
0 0.686734 0.513887 0.048828 0.048828
0 0.633243 0.503936 0.048828 0.048828
0 0.602144 0.505180 0.048828 0.048828
0 0.646927 0.491496 0.048828 0.048828
0 0.327228 0.332269 0.048828 0.048828
0 0.226467 0.336000 0.048828 0.048828
0 0.265029 0.225288 0.048828 0.048828
0 0.318520 0.236483 0.048828 0.048828
0 0.954186 0.016301 0.048828 0.048828
0 0.996481 0.085963 0.048828 0.048828