0 0.410022 0.980674 0.048828 0.048828
0 0.470789 0.975877 0.048828 0.048828
0 0.541151 0.975877 0.048828 0.048828
0 0.589125 0.963084 0.048828 0.048828
0 0.621108 0.891123 0.048828 0.048828
0 0.576332 0.924704 0.048828 0.048828
0 0.505970 0.919907 0.048828 0.048828
0 0.432410 0.939097 0.048828 0.048828
0 0.462794 0.895920 0.048828 0.048828
0 0.672280 0.801571 0.048828 0.048828
0 0.622707 0.812765 0.048828 0.048828
0 0.565138 0.793576 0.048828 0.048828
0 0.561940 0.863937 0.048828 0.048828
0 0.509169 0.847946 0.048828 0.048828
0 0.485182 0.804769 0.048828 0.048828
0 0.446802 0.838351 0.048828 0.048828
0 0.430811 0.891123 0.048828 0.048828
0 0.395630 0.867136 0.048828 0.048828
0 0.389234 0.911911 0.048828 0.048828
0 0.350855 0.951890 0.048828 0.048828
0 0.320471 0.887924 0.048828 0.048828
0 0.293286 0.931101 0.048828 0.048828
0 0.229321 0.929502 0.048828 0.048828
0 0.171752 0.939097 0.048828 0.048828
0 0.242114 0.878330 0.048828 0.048828
0 0.269299 0.891123 0.048828 0.048828
0 0.285290 0.836752 0.048828 0.048828
0 0.256506 0.819162 0.048828 0.048828
0 0.210131 0.807968 0.048828 0.048828
0 0.162157 0.764791 0.048828 0.048828
0 0.099791 0.777584 0.048828 0.048828
0 0.093394 0.724813 0.048828 0.048828
0 0.067808 0.694429 0.048828 0.048828
0 0.029429 0.633662 0.048828 0.048828
0 0.077403 0.633662 0.048828 0.048828
0 0.117381 0.598481 0.048828 0.048828
0 0.154161 0.572895 0.048828 0.048828
0 0.171752 0.518525 0.048828 0.048828
0 0.198937 0.574494 0.048828 0.048828
0 0.141368 0.625667 0.048828 0.048828
0 0.142967 0.683235 0.048828 0.048828
0 0.198937 0.659248 0.048828 0.048828
0 0.162157 0.721615 0.048828 0.048828
0 0.192540 0.710421 0.048828 0.048828
0 0.229321 0.753597 0.048828 0.048828
0 0.270898 0.779183 0.048828 0.048828
0 0.331665 0.822360 0.048828 0.048828
0 0.370044 0.825558 0.048828 0.048828
0 0.418018 0.803170 0.048828 0.048828
0 0.462794 0.745602 0.048828 0.048828
0 0.497975 0.705623 0.048828 0.048828
0 0.442005 0.715218 0.048828 0.048828
0 0.374842 0.744002 0.048828 0.048828
0 0.307678 0.731209 0.048828 0.048828
0 0.290088 0.680037 0.048828 0.048828
0 0.256506 0.622468 0.048828 0.048828
0 0.342859 0.704024 0.048828 0.048828
0 0.346057 0.646455 0.048828 0.048828
0 0.392432 0.686434 0.048828 0.048828
0 0.453199 0.652852 0.048828 0.048828
0 0.365247 0.600081 0.048828 0.048828
0 0.419617 0.579292 0.048828 0.048828
0 0.469190 0.592085 0.048828 0.048828
0 0.402027 0.523322 0.048828 0.048828
0 0.354053 0.544111 0.048828 0.048828
0 0.472389 0.539314 0.048828 0.048828
0 0.443604 0.494538 0.048828 0.048828
0 0.400428 0.483344 0.048828 0.048828
0 0.350855 0.499335 0.048828 0.048828
0 0.298083 0.492939 0.048828 0.048828
0 0.256506 0.531318 0.048828 0.048828
0 0.277294 0.465753 0.048828 0.048828
0 0.235717 0.478547 0.048828 0.048828
0 0.192540 0.465753 0.048828 0.048828
0 0.328467 0.444965 0.048828 0.048828
0 0.382837 0.420978 0.048828 0.048828
0 0.382837 0.363409 0.048828 0.048828
0 0.418018 0.382599 0.048828 0.048828
0 0.451600 0.430573 0.048828 0.048828
0 0.507570 0.462555 0.048828 0.048828
0 0.518763 0.499335 0.048828 0.048828
0 0.537953 0.568098 0.048828 0.048828
0 0.552345 0.457758 0.048828 0.048828
0 0.576332 0.504133 0.048828 0.048828
0 0.598720 0.537714 0.048828 0.048828
0 0.661086 0.563301 0.048828 0.048828
0 0.627504 0.593684 0.048828 0.048828
0 0.595522 0.648055 0.048828 0.048828
0 0.523561 0.753597 0.048828 0.048828
0 0.576332 0.724813 0.048828 0.048828
0 0.619509 0.720015 0.048828 0.048828
0 0.657888 0.747201 0.048828 0.048828
0 0.665884 0.705623 0.048828 0.048828
0 0.721853 0.691231 0.048828 0.048828
0 0.648293 0.662447 0.048828 0.048828
0 0.635500 0.630464 0.048828 0.048828
0 0.685073 0.638460 0.048828 0.048828
0 0.731448 0.648055 0.048828 0.048828
0 0.795413 0.672041 0.048828 0.048828
0 0.852982 0.620869 0.048828 0.048828
0 0.960124 0.592085 0.048828 0.048828
0 0.913749 0.576094 0.048828 0.048828
0 0.851383 0.563301 0.048828 0.048828
0 0.806607 0.571296 0.048828 0.048828
0 0.766629 0.540913 0.048828 0.048828
0 0.915348 0.497736 0.048828 0.048828
0 0.875370 0.513727 0.048828 0.048828
0 0.816202 0.518525 0.048828 0.048828
0 0.888163 0.427374 0.048828 0.048828
0 0.808206 0.486542 0.048828 0.048828
0 0.755435 0.496137 0.048828 0.048828
0 0.713858 0.491340 0.048828 0.048828
0 0.672280 0.521723 0.048828 0.048828
0 0.633901 0.489740 0.048828 0.048828
0 0.675478 0.449762 0.048828 0.048828
0 0.739444 0.451361 0.048828 0.048828
0 0.793814 0.422577 0.048828 0.048828
0 0.835392 0.424176 0.048828 0.048828
0 0.856180 0.366607 0.048828 0.048828
0 0.793814 0.353814 0.048828 0.048828
0 0.745840 0.344219 0.048828 0.048828
0 0.713858 0.385797 0.048828 0.048828
0 0.648293 0.387396 0.048828 0.048828
0 0.617910 0.432172 0.048828 0.048828
0 0.549147 0.408185 0.048828 0.048828
0 0.494776 0.388995 0.048828 0.048828
0 0.566737 0.366607 0.048828 0.048828
0 0.617910 0.355413 0.048828 0.048828
0 0.678677 0.328228 0.048828 0.048828
0 0.707461 0.275457 0.048828 0.048828
0 0.742642 0.237078 0.048828 0.048828
0 0.793814 0.184306 0.048828 0.048828
0 0.769827 0.280254 0.048828 0.048828
0 0.811405 0.304241 0.048828 0.048828
0 0.290088 0.998264 0.048828 0.048828
0 0.035826 0.580891 0.048828 0.048828
0 0.074205 0.579292 0.048828 0.048828
0 0.125377 0.532917 0.048828 0.048828
0 0.069407 0.520124 0.048828 0.048828
0 0.013438 0.510529 0.048828 0.048828
0 0.013438 0.465753 0.048828 0.048828
0 0.059813 0.470551 0.048828 0.048828
0 0.131773 0.438568 0.048828 0.048828
0 0.142967 0.382599 0.048828 0.048828
0 0.083800 0.398590 0.048828 0.048828
0 0.013438 0.398590 0.048828 0.048828
0 0.042222 0.360211 0.048828 0.048828
0 0.077403 0.355413 0.048828 0.048828
0 0.138170 0.328228 0.048828 0.048828
0 0.114183 0.278655 0.048828 0.048828
0 0.047019 0.317034 0.048828 0.048828
0 0.058213 0.278655 0.048828 0.048828
0 0.003843 0.265862 0.048828 0.048828
0 0.058213 0.224285 0.048828 0.048828
0 0.107786 0.211491 0.048828 0.048828
0 0.061412 0.179509 0.048828 0.048828
0 0.013438 0.216289 0.048828 0.048828
0 0.197338 0.365008 0.048828 0.048828
0 0.235717 0.374603 0.048828 0.048828
0 0.254907 0.341021 0.048828 0.048828
0 0.282092 0.358612 0.048828 0.048828
0 0.315674 0.352215 0.048828 0.048828
0 0.352454 0.333025 0.048828 0.048828
0 0.336462 0.280254 0.048828 0.048828
0 0.378040 0.275457 0.048828 0.048828
0 0.379639 0.205095 0.048828 0.048828
0 0.315674 0.219487 0.048828 0.048828
0 0.253308 0.262664 0.048828 0.048828
0 0.187743 0.267461 0.048828 0.048828
0 0.149364 0.283452 0.048828 0.048828
0 0.171752 0.201897 0.048828 0.048828
0 0.221325 0.181108 0.048828 0.048828
0 0.261303 0.201897 0.048828 0.048828
0 0.298083 0.163517 0.048828 0.048828
0 0.118980 0.181108 0.048828 0.048828
0 0.149364 0.144328 0.048828 0.048828
0 0.219726 0.133134 0.048828 0.048828
0 0.200536 0.073966 0.048828 0.048828
0 0.253308 0.075565 0.048828 0.048828
0 0.293286 0.070768 0.048828 0.048828
0 0.333264 0.096354 0.048828 0.048828
0 0.355652 0.051578 0.048828 0.048828
0 0.435172 0.345065 0.048828 0.048828
0 0.473499 0.339779 0.048828 0.048828
0 0.531649 0.337136 0.048828 0.048828
0 0.581870 0.304096 0.048828 0.048828
0 0.622839 0.290880 0.048828 0.048828
0 0.603015 0.272377 0.048828 0.048828
0 0.606980 0.231408 0.048828 0.048828
0 0.646628 0.203654 0.048828 0.048828
0 0.691562 0.169293 0.048828 0.048828
0 0.740461 0.142861 0.048828 0.048828
0 0.788039 0.149469 0.048828 0.048828
0 0.797290 0.092640 0.048828 0.048828
0 0.735175 0.100570 0.048828 0.048828
0 0.683633 0.091319 0.048828 0.048828
0 0.636055 0.157398 0.048828 0.048828
0 0.629447 0.095283 0.048828 0.048828
0 0.559403 0.150791 0.048828 0.048828
0 0.583191 0.083389 0.048828 0.048828
0 0.513147 0.101891 0.048828 0.048828
0 0.469534 0.113786 0.048828 0.048828
0 0.489358 0.161363 0.048828 0.048828
0 0.429886 0.165328 0.048828 0.048828
0 0.392881 0.108499 0.048828 0.048828
0 0.437816 0.239337 0.048828 0.048828
0 0.503895 0.208941 0.048828 0.048828
0 0.546187 0.206298 0.048828 0.048828
0 0.548830 0.259161 0.048828 0.048828
0 0.522398 0.292201 0.048828 0.048828
0 0.485393 0.240659 0.048828 0.048828
0 0.452353 0.286915 0.048828 0.048828
0 0.872621 0.133610 0.048828 0.048828
0 0.922842 0.140218 0.048828 0.048828
0 0.980992 0.142861 0.048828 0.048828
0 0.983635 0.113786 0.048828 0.048828
0 0.957203 0.096605 0.048828 0.048828
0 0.901696 0.092640 0.048828 0.048828
0 0.847511 0.075459 0.048828 0.048828
0 0.929450 0.049028 0.048828 0.048828
0 0.991565 0.018631 0.048828 0.048828
0 0.712708 0.043741 0.048828 0.048828
0 0.795968 0.035812 0.048828 0.048828
0 0.910947 0.009380 0.048828 0.048828
0 0.684954 0.000128 0.048828 0.048828
0 0.643985 0.049028 0.048828 0.048828
0 0.601694 0.035812 0.048828 0.048828
0 0.547508 0.023917 0.048828 0.048828
0 0.527684 0.042420 0.048828 0.048828
0 0.465569 0.049028 0.048828 0.048828
0 0.404776 0.054314 0.048828 0.048828
0 0.226360 0.015988 0.048828 0.048828
0 0.268651 0.006736 0.048828 0.048828
0 0.399489 0.008058 0.048828 0.048828
0 0.494644 0.005415 0.048828 0.048828