0 0.048650 0.846609 0.048828 0.048828
0 0.028698 0.892055 0.048828 0.048828
0 0.051975 0.933068 0.048828 0.048828
0 0.070819 0.693644 0.048828 0.048828
0 0.099638 0.753500 0.048828 0.048828
0 0.099638 0.818898 0.048828 0.048828
0 0.100747 0.885405 0.048828 0.048828
0 0.107397 0.929743 0.048828 0.048828
0 0.108506 0.967430 0.048828 0.048828
0 0.065276 0.997358 0.048828 0.048828
0 0.023156 0.433159 0.048828 0.048828
0 0.050867 0.474171 0.048828 0.048828
0 0.063060 0.604968 0.048828 0.048828
0 0.086337 0.648197 0.048828 0.048828
0 0.002095 0.393255 0.048828 0.048828
0 0.041999 0.328965 0.048828 0.048828
0 0.183880 0.992924 0.048828 0.048828
0 0.223784 0.990707 0.048828 0.048828
0 0.254821 0.961887 0.048828 0.048828
0 0.197182 0.931959 0.048828 0.048828
0 0.149518 0.948586 0.048828 0.048828
0 0.165037 0.896489 0.048828 0.048828
0 0.134000 0.845501 0.048828 0.048828
0 0.167254 0.816681 0.048828 0.048828
0 0.227110 0.869886 0.048828 0.048828
0 0.241519 0.824440 0.048828 0.048828
0 0.286966 0.862127 0.048828 0.048828
0 0.313568 0.924200 0.048828 0.048828
0 0.308026 0.991815 0.048828 0.048828
0 0.397810 0.994032 0.048828 0.048828
0 0.424413 0.929743 0.048828 0.048828
0 0.363448 0.928634 0.048828 0.048828
0 0.368991 0.880971 0.048828 0.048828
0 0.426630 0.864344 0.048828 0.048828
0 0.418871 0.820006 0.048828 0.048828
0 0.460992 0.806705 0.048828 0.048828
0 0.473185 0.849934 0.048828 0.048828
0 0.478727 0.886513 0.048828 0.048828
0 0.489811 0.982948 0.048828 0.048828
0 0.734778 0.989599 0.048828 0.048828
0 0.801285 0.992924 0.048828 0.048828
0 0.750296 0.926417 0.048828 0.048828
0 0.712609 0.931959 0.048828 0.048828
0 0.680464 0.990707 0.048828 0.048828
0 0.647211 0.934176 0.048828 0.048828
0 0.606198 0.944152 0.048828 0.048828
0 0.587355 0.987382 0.048828 0.048828
0 0.550776 0.966321 0.048828 0.048828
0 0.577379 0.921983 0.048828 0.048828
0 0.564077 0.873212 0.048828 0.048828
0 0.526390 0.915333 0.048828 0.048828
0 0.540800 0.843284 0.048828 0.048828
0 0.504221 0.791187 0.048828 0.048828
0 0.485378 0.744632 0.048828 0.048828
0 0.406678 0.755716 0.048828 0.048828
0 0.341280 0.820006 0.048828 0.048828
0 0.346822 0.750174 0.048828 0.048828
0 0.306918 0.787861 0.048828 0.048828
0 0.254821 0.793404 0.048828 0.048828
0 0.201615 0.767909 0.048828 0.048828
0 0.132892 0.691427 0.048828 0.048828
0 0.155061 0.715812 0.048828 0.048828
0 0.156169 0.633787 0.048828 0.048828
0 0.180555 0.669258 0.048828 0.048828
0 0.201615 0.710270 0.048828 0.048828
0 0.213808 0.618269 0.048828 0.048828
0 0.234869 0.643763 0.048828 0.048828
0 0.249279 0.667041 0.048828 0.048828
0 0.280315 0.737981 0.048828 0.048828
0 0.367882 0.701403 0.048828 0.048828
0 0.340171 0.704728 0.048828 0.048828
0 0.323544 0.662607 0.048828 0.048828
0 0.279207 0.600534 0.048828 0.048828
0 0.335737 0.607185 0.048828 0.048828
0 0.390051 0.604968 0.048828 0.048828
0 0.406678 0.648197 0.048828 0.048828
0 0.422196 0.702511 0.048828 0.048828
0 0.469859 0.678125 0.048828 0.048828
0 0.500896 0.633787 0.048828 0.048828
0 0.457666 0.601643 0.048828 0.048828
0 0.472076 0.555088 0.048828 0.048828
0 0.547450 0.593883 0.048828 0.048828
0 0.579595 0.557305 0.048828 0.048828
0 0.517522 0.544003 0.048828 0.048828
0 0.479835 0.509641 0.048828 0.048828
0 0.415545 0.544003 0.048828 0.048828
0 0.426630 0.494123 0.048828 0.048828
0 0.356798 0.558413 0.048828 0.048828
0 0.355689 0.505208 0.048828 0.048828
0 0.312460 0.559522 0.048828 0.048828
0 0.303592 0.508533 0.048828 0.048828
0 0.254821 0.557305 0.048828 0.048828
0 0.191639 0.563955 0.048828 0.048828
0 0.108506 0.567281 0.048828 0.048828
0 0.148410 0.527377 0.048828 0.048828
0 0.102964 0.493015 0.048828 0.048828
0 0.177230 0.483039 0.048828 0.048828
0 0.233760 0.489689 0.048828 0.048828
0 0.275881 0.465304 0.048828 0.048828
0 0.211591 0.436484 0.048828 0.048828
0 0.145085 0.437592 0.048828 0.048828
0 0.105181 0.401014 0.048828 0.048828
0 0.104072 0.330073 0.048828 0.048828
0 0.081903 0.304579 0.048828 0.048828
0 0.183880 0.291278 0.048828 0.048828
0 0.168362 0.336724 0.048828 0.048828
0 0.228218 0.330073 0.048828 0.048828
0 0.274773 0.299037 0.048828 0.048828
0 0.305809 0.338941 0.048828 0.048828
0 0.329087 0.387712 0.048828 0.048828
0 0.333520 0.423183 0.048828 0.048828
0 0.352364 0.458653 0.048828 0.048828
0 0.274773 0.407664 0.048828 0.048828
0 0.198290 0.385496 0.048828 0.048828
0 0.147301 0.393255 0.048828 0.048828
0 0.347930 0.314555 0.048828 0.048828
0 0.382292 0.371086 0.048828 0.048828
0 0.444365 0.384387 0.048828 0.048828
0 0.380075 0.442026 0.048828 0.048828
0 0.452124 0.436484 0.048828 0.048828
0 0.486486 0.417640 0.048828 0.048828
0 0.523065 0.424291 0.048828 0.048828
0 0.502004 0.489689 0.048828 0.048828
0 0.540800 0.486364 0.048828 0.048828
0 0.588463 0.502991 0.048828 0.048828
0 0.579595 0.432050 0.048828 0.048828
0 0.562969 0.389929 0.048828 0.048828
0 0.507546 0.357784 0.048828 0.048828
0 0.534149 0.357784 0.048828 0.048828
0 0.588463 0.340049 0.048828 0.048828
0 0.525282 0.317880 0.048828 0.048828
0 0.566294 0.307904 0.048828 0.048828
0 0.611740 0.301254 0.048828 0.048828
0 0.670488 0.306796 0.048828 0.048828
0 0.704850 0.342266 0.048828 0.048828
0 0.781333 0.333399 0.048828 0.048828
0 0.669380 0.374411 0.048828 0.048828
0 0.619499 0.402122 0.048828 0.048828
0 0.644994 0.456436 0.048828 0.048828
0 0.686006 0.434267 0.048828 0.048828
0 0.741429 0.412098 0.048828 0.048828
0 0.795742 0.388821 0.048828 0.048828
0 0.861141 0.357784 0.048828 0.048828
0 0.848948 0.295711 0.048828 0.048828
0 0.906587 0.297928 0.048828 0.048828
0 0.950925 0.297928 0.048828 0.048828
0 0.960901 0.335615 0.048828 0.048828
0 0.986395 0.393255 0.048828 0.048828
0 0.991937 0.446460 0.048828 0.048828
0 0.929864 0.394363 0.048828 0.048828
0 0.936515 0.448677 0.048828 0.048828
0 0.947599 0.481930 0.048828 0.048828
0 0.987504 0.512967 0.048828 0.048828
0 0.888852 0.506316 0.048828 0.048828
0 0.854490 0.479713 0.048828 0.048828
0 0.842297 0.417640 0.048828 0.048828
0 0.786875 0.456436 0.048828 0.048828
0 0.735886 0.487473 0.048828 0.048828
0 0.676030 0.485256 0.048828 0.048828
0 0.631692 0.506316 0.048828 0.048828
0 0.626150 0.577257 0.048828 0.048828
0 0.680464 0.550654 0.048828 0.048828
0 0.735886 0.542895 0.048828 0.048828
0 0.799068 0.514075 0.048828 0.048828
0 0.845622 0.539570 0.048828 0.048828
0 0.882201 0.572823 0.048828 0.048828
0 0.945383 0.553979 0.048828 0.048828
0 0.963118 0.603859 0.048828 0.048828
0 0.928756 0.672583 0.048828 0.048828
0 0.877767 0.640438 0.048828 0.048828
0 0.892177 0.701403 0.048828 0.048828
0 0.947599 0.733548 0.048828 0.048828
0 0.996371 0.704728 0.048828 0.048828
0 0.991937 0.813356 0.048828 0.048828
0 0.949816 0.791187 0.048828 0.048828
0 0.984178 0.869886 0.048828 0.048828
0 0.940949 0.838850 0.048828 0.048828
0 0.932081 0.941935 0.048828 0.048828
0 0.975311 0.953020 0.048828 0.048828
0 0.938732 0.985165 0.048828 0.048828
0 0.901045 0.967430 0.048828 0.048828
0 0.850056 0.958562 0.048828 0.048828
0 0.823454 0.916441 0.048828 0.048828
0 0.852273 0.894272 0.048828 0.048828
0 0.885527 0.884296 0.048828 0.048828
0 0.884418 0.808922 0.048828 0.048828
0 0.893286 0.746849 0.048828 0.048828
0 0.846731 0.757933 0.048828 0.048828
0 0.837863 0.685884 0.048828 0.048828
0 0.819020 0.613835 0.048828 0.048828
0 0.783549 0.575040 0.048828 0.048828
0 0.734778 0.602751 0.048828 0.048828
0 0.760272 0.632679 0.048828 0.048828
0 0.770248 0.719138 0.048828 0.048828
0 0.802393 0.777885 0.048828 0.048828
0 0.830104 0.817789 0.048828 0.048828
0 0.760272 0.777885 0.048828 0.048828
0 0.729236 0.670366 0.048828 0.048828
0 0.676030 0.677017 0.048828 0.048828
0 0.679356 0.610510 0.048828 0.048828
0 0.636126 0.630462 0.048828 0.048828
0 0.641668 0.703620 0.048828 0.048828
0 0.701524 0.734656 0.048828 0.048828
0 0.679356 0.775669 0.048828 0.048828
0 0.707067 0.827765 0.048828 0.048828
0 0.799068 0.868778 0.048828 0.048828
0 0.750296 0.861019 0.048828 0.048828
0 0.693765 0.873212 0.048828 0.048828
0 0.658295 0.861019 0.048828 0.048828
0 0.616174 0.838850 0.048828 0.048828
0 0.608415 0.890947 0.048828 0.048828
0 0.579595 0.812247 0.048828 0.048828
0 0.633909 0.784536 0.048828 0.048828
0 0.594005 0.752391 0.048828 0.048828
0 0.578487 0.673691 0.048828 0.048828
0 0.524173 0.681451 0.048828 0.048828
0 0.557426 0.639330 0.048828 0.048828
0 0.259255 0.894272 0.048828 0.048828
0 0.994154 0.255807 0.048828 0.048828
0 0.913238 0.238072 0.048828 0.048828
0 0.544623 0.218671 0.048828 0.048828
0 0.604878 0.191661 0.048828 0.048828
0 0.599683 0.252954 0.048828 0.048828
0 0.654744 0.242565 0.048828 0.048828
0 0.664094 0.176078 0.048828 0.048828
0 0.705648 0.198933 0.048828 0.048828
0 0.717076 0.226982 0.048828 0.048828
0 0.744087 0.277887 0.048828 0.048828
0 0.816808 0.249838 0.048828 0.048828
0 0.843818 0.255032 0.048828 0.048828
0 0.641238 0.125173 0.048828 0.048828
0 0.686949 0.115823 0.048828 0.048828
0 0.613189 0.086735 0.048828 0.048828
0 0.649549 0.086735 0.048828 0.048828
0 0.594489 0.032713 0.048828 0.048828
0 0.649549 0.011936 0.048828 0.048828
0 0.678638 0.052452 0.048828 0.048828
0 0.728504 0.083618 0.048828 0.048828
0 0.717076 0.164650 0.048828 0.048828
0 0.776292 0.194777 0.048828 0.048828
0 0.862518 0.204127 0.048828 0.048828
0 0.834469 0.160494 0.048828 0.048828
0 0.780447 0.106473 0.048828 0.048828
0 0.781486 0.068035 0.048828 0.048828
0 0.840702 0.075307 0.048828 0.048828
0 0.746164 0.031674 0.048828 0.048828
0 0.794991 0.027519 0.048828 0.048828
0 0.856285 0.024402 0.048828 0.048828
0 0.906151 0.128289 0.048828 0.048828
0 0.914462 0.182311 0.048828 0.048828
0 0.959133 0.212438 0.048828 0.048828
0 0.959133 0.149067 0.048828 0.048828
0 0.945628 0.089851 0.048828 0.048828
0 0.995494 0.076346 0.048828 0.048828
0 0.961211 0.025441 0.048828 0.048828
0 0.912384 0.059724 0.048828 0.048828
0 0.550856 0.058685 0.048828 0.048828
0 0.537351 0.005703 0.048828 0.048828
0 0.547740 0.155300 0.048828 0.048828
0 0.348276 0.002586 0.048828 0.048828
0 0.104141 0.007780 0.048828 0.048828
0 0.133230 0.020247 0.048828 0.048828
0 0.199718 0.023363 0.048828 0.048828
0 0.247506 0.032713 0.048828 0.048828
0 0.308799 0.026480 0.048828 0.048828
0 0.378404 0.034791 0.048828 0.048828
0 0.418920 0.049335 0.048828 0.048828
0 0.494757 0.017130 0.048828 0.048828
0 0.472941 0.073229 0.048828 0.048828
0 0.520729 0.106473 0.048828 0.048828
0 0.466708 0.128289 0.048828 0.048828
0 0.425153 0.114784 0.048828 0.048828
0 0.390870 0.101279 0.048828 0.048828
0 0.333732 0.106473 0.048828 0.048828
0 0.292177 0.083618 0.048828 0.048828
0 0.239195 0.107512 0.048828 0.048828
0 0.204912 0.076346 0.048828 0.048828
0 0.172707 0.111667 0.048828 0.048828
0 0.130113 0.070113 0.048828 0.048828
0 0.091675 0.098162 0.048828 0.048828
0 0.495943 0.169352 0.048828 0.048828
0 0.449304 0.162992 0.048828 0.048828
0 0.495943 0.218111 0.048828 0.048828
0 0.494883 0.287008 0.048828 0.048828
0 0.472624 0.237190 0.048828 0.048828
0 0.470504 0.264749 0.048828 0.048828
0 0.445064 0.289128 0.048828 0.048828
0 0.405846 0.246730 0.048828 0.048828
0 0.442944 0.206451 0.048828 0.048828
0 0.404786 0.191611 0.048828 0.048828
0 0.357087 0.179952 0.048828 0.048828
0 0.319988 0.220231 0.048828 0.048828
0 0.274410 0.224470 0.048828 0.048828
0 0.235191 0.261569 0.048828 0.048828
0 0.293489 0.159813 0.048828 0.048828
0 0.250031 0.168292 0.048828 0.048828
0 0.221412 0.201151 0.048828 0.048828
0 0.175833 0.226590 0.048828 0.048828
0 0.173713 0.175712 0.048828 0.048828
0 0.358147 0.272169 0.048828 0.048828
0 0.051817 0.212811 0.048828 0.048828
0 0.080436 0.184192 0.048828 0.048828
0 0.118595 0.257329 0.048828 0.048828
0 0.122835 0.204331 0.048828 0.048828
0 0.119655 0.138613 0.048828 0.048828
0 0.067717 0.044276 0.048828 0.048828
0 0.039098 0.008237 0.048828 0.048828
0 0.057117 0.264749 0.048828 0.048828