0 0.946540 0.025314 0.048828 0.048828
0 0.979784 0.046091 0.048828 0.048828
0 0.977706 0.141668 0.048828 0.048828
0 0.959006 0.100113 0.048828 0.048828
0 0.920568 0.051286 0.048828 0.048828
0 0.875896 0.092841 0.048828 0.048828
0 0.948618 0.174912 0.048828 0.048828
0 0.894596 0.183223 0.048828 0.048828
0 0.899791 0.134396 0.048828 0.048828
0 0.859274 0.174912 0.048828 0.048828
0 0.907063 0.249710 0.048828 0.048828
0 0.858236 0.259060 0.048828 0.048828
0 0.996406 0.238283 0.048828 0.048828
0 0.994328 0.281916 0.048828 0.048828
0 0.971473 0.349442 0.048828 0.048828
0 0.921607 0.363986 0.048828 0.048828
0 0.910179 0.307887 0.048828 0.048828
0 0.843691 0.324509 0.048828 0.048828
0 0.776165 0.320354 0.048828 0.048828
0 0.732532 0.293343 0.048828 0.048828
0 0.797981 0.259060 0.048828 0.048828
0 0.817720 0.205039 0.048828 0.048828
0 0.766815 0.207117 0.048828 0.048828
0 0.738765 0.244516 0.048828 0.048828
0 0.680588 0.276721 0.048828 0.048828
0 0.642150 0.332820 0.048828 0.048828
0 0.586051 0.354637 0.048828 0.048828
0 0.623450 0.377492 0.048828 0.048828
0 0.702405 0.360870 0.048828 0.048828
0 0.974589 0.413852 0.048828 0.048828
0 0.930957 0.402425 0.048828 0.048828
0 0.889402 0.392036 0.048828 0.048828
0 0.852002 0.379570 0.048828 0.048828
0 0.801098 0.374375 0.048828 0.048828
0 0.793826 0.425280 0.048828 0.048828
0 0.857197 0.439824 0.048828 0.048828
0 0.877974 0.475146 0.048828 0.048828
0 0.928879 0.454368 0.048828 0.048828
0 0.829147 0.495923 0.048828 0.048828
0 0.741882 0.457485 0.048828 0.048828
0 0.740843 0.406580 0.048828 0.048828
0 0.682666 0.390997 0.048828 0.048828
0 0.646306 0.433591 0.048828 0.048828
0 0.630723 0.517740 0.048828 0.048828
0 0.685783 0.514623 0.048828 0.048828
0 0.731493 0.503195 0.048828 0.048828
0 0.637995 0.586305 0.048828 0.048828
0 0.760582 0.572800 0.048828 0.048828
0 0.777204 0.531245 0.048828 0.048828
0 0.801098 0.573839 0.048828 0.048828
0 0.775126 0.614355 0.048828 0.048828
0 0.706560 0.616432 0.048828 0.048828
0 0.856158 0.586305 0.048828 0.048828
0 0.899791 0.587344 0.048828 0.048828
0 0.881091 0.531245 0.048828 0.048828
0 0.931996 0.545789 0.048828 0.048828
0 0.968356 0.573839 0.048828 0.048828
0 0.983939 0.514623 0.048828 0.048828
0 0.986017 0.670454 0.048828 0.048828
0 0.963162 0.730708 0.048828 0.048828
0 0.936151 0.777458 0.048828 0.048828
0 0.903946 0.807585 0.048828 0.048828
0 0.933034 0.820051 0.048828 0.048828
0 0.999522 0.823168 0.048828 0.048828
0 0.972512 0.911472 0.048828 0.048828
0 0.929918 0.869917 0.048828 0.048828
0 0.891480 0.897967 0.048828 0.048828
0 0.973518 0.975517 0.048828 0.048828
0 0.784844 0.977637 0.048828 0.048828
0 0.880241 0.983996 0.048828 0.048828
0 0.919460 0.938418 0.048828 0.048828
0 0.867521 0.844081 0.048828 0.048828
0 0.838902 0.808042 0.048828 0.048828
0 0.785904 0.812282 0.048828 0.048828
0 0.793324 0.863160 0.048828 0.048828
0 0.759405 0.937358 0.048828 0.048828
0 0.711706 0.955377 0.048828 0.048828
0 0.658708 0.985056 0.048828 0.048828
0 0.480634 0.997776 0.048828 0.048828
0 0.547412 0.994596 0.048828 0.048828
0 0.612070 0.965977 0.048828 0.048828
0 0.506073 0.949018 0.048828 0.048828
0 0.551652 0.941598 0.048828 0.048828
0 0.596170 0.919338 0.048828 0.048828
0 0.657648 0.906619 0.048828 0.048828
0 0.718066 0.920398 0.048828 0.048828
0 0.713826 0.872700 0.048828 0.048828
0 0.745625 0.859980 0.048828 0.048828
0 0.703227 0.836661 0.048828 0.048828
0 0.673548 0.813342 0.048828 0.048828
0 0.668248 0.773063 0.048828 0.048828
0 0.691567 0.732785 0.048828 0.048828
0 0.731846 0.802742 0.048828 0.048828
0 0.764705 0.755044 0.048828 0.048828
0 0.806043 0.758224 0.048828 0.048828
0 0.879181 0.742324 0.048828 0.048828
0 0.849502 0.716885 0.048828 0.048828
0 0.919460 0.705225 0.048828 0.048828
0 0.942779 0.622548 0.048828 0.048828
0 0.912040 0.647987 0.048828 0.048828
0 0.838902 0.654347 0.048828 0.048828
0 0.756225 0.706285 0.048828 0.048828
0 0.672488 0.693566 0.048828 0.048828
0 0.612070 0.669187 0.048828 0.048828
0 0.583451 0.697806 0.048828 0.048828
0 0.613130 0.751864 0.048828 0.048828
0 0.553771 0.727485 0.048828 0.048828
0 0.552712 0.776243 0.048828 0.048828
0 0.579211 0.803802 0.048828 0.048828
0 0.600410 0.853621 0.048828 0.048828
0 0.548472 0.882240 0.048828 0.048828
0 0.529392 0.814402 0.048828 0.048828
0 0.492293 0.763524 0.048828 0.048828
0 0.501833 0.709465 0.048828 0.048828
0 0.450955 0.716885 0.048828 0.048828
0 0.532572 0.650107 0.048828 0.048828
0 0.581331 0.592869 0.048828 0.048828
0 0.525152 0.592869 0.048828 0.048828
0 0.448835 0.606649 0.048828 0.048828
0 0.463674 0.673426 0.048828 0.048828
0 0.424456 0.677666 0.048828 0.048828
0 0.385237 0.625728 0.048828 0.048828
0 0.361918 0.688266 0.048828 0.048828
0 0.403256 0.746564 0.048828 0.048828
0 0.353438 0.727485 0.048828 0.048828
0 0.473214 0.815462 0.048828 0.048828
0 0.442475 0.798502 0.048828 0.048828
0 0.479574 0.863160 0.048828 0.048828
0 0.433995 0.875880 0.048828 0.048828
0 0.397957 0.814402 0.048828 0.048828
0 0.355558 0.814402 0.048828 0.048828
0 0.365098 0.855741 0.048828 0.048828
0 0.483814 0.911919 0.048828 0.048828
0 0.432935 0.933118 0.048828 0.048828
0 0.318459 0.852561 0.048828 0.048828
0 0.282420 0.796382 0.048828 0.048828
0 0.269701 0.751864 0.048828 0.048828
0 0.282420 0.693566 0.048828 0.048828
0 0.246381 0.644807 0.048828 0.048828
0 0.213523 0.651167 0.048828 0.048828
0 0.293020 0.660707 0.048828 0.048828
0 0.337538 0.631028 0.048828 0.048828
0 0.278180 0.597109 0.048828 0.048828
0 0.243202 0.575910 0.048828 0.048828
0 0.223062 0.545171 0.048828 0.048828
0 0.217762 0.469913 0.048828 0.048828
0 0.256981 0.503832 0.048828 0.048828
0 0.300440 0.539871 0.048828 0.048828
0 0.341778 0.579090 0.048828 0.048828
0 0.386297 0.565310 0.048828 0.048828
0 0.431875 0.551530 0.048828 0.048828
0 0.482754 0.529271 0.048828 0.048828
0 0.518793 0.512312 0.048828 0.048828
0 0.564371 0.537751 0.048828 0.048828
0 0.558011 0.479453 0.048828 0.048828
0 0.559071 0.428574 0.048828 0.048828
0 0.554831 0.395715 0.048828 0.048828
0 0.519853 0.425394 0.048828 0.048828
0 0.459435 0.444474 0.048828 0.048828
0 0.408556 0.459313 0.048828 0.048828
0 0.392657 0.508072 0.048828 0.048828
0 0.350258 0.464613 0.048828 0.048828
0 0.356618 0.512312 0.048828 0.048828
0 0.277120 0.456133 0.048828 0.048828
0 0.159464 0.464613 0.048828 0.048828
0 0.139325 0.415855 0.048828 0.048828
0 0.130845 0.359677 0.048828 0.048828
0 0.153104 0.313038 0.048828 0.048828
0 0.174304 0.363916 0.048828 0.048828
0 0.240022 0.342717 0.048828 0.048828
0 0.267581 0.319398 0.048828 0.048828
0 0.235782 0.388296 0.048828 0.048828
0 0.288780 0.392536 0.048828 0.048828
0 0.347078 0.414795 0.048828 0.048828
0 0.406436 0.431754 0.048828 0.048828
0 0.444595 0.395715 0.048828 0.048828
0 0.529392 0.355437 0.048828 0.048828
0 0.479574 0.366036 0.048828 0.048828
0 0.432935 0.363916 0.048828 0.048828
0 0.372517 0.353317 0.048828 0.048828
0 0.319519 0.345897 0.048828 0.048828
0 0.254861 0.267460 0.048828 0.048828
0 0.313159 0.268520 0.048828 0.048828
0 0.358738 0.281239 0.048828 0.048828
0 0.405376 0.299259 0.048828 0.048828
0 0.454135 0.305618 0.048828 0.048828
0 0.517733 0.303498 0.048828 0.048828
0 0.586630 0.299259 0.048828 0.048828
0 0.596170 0.245200 0.048828 0.048828
0 0.505013 0.253680 0.048828 0.048828
0 0.492293 0.221881 0.048828 0.048828
0 0.440355 0.227181 0.048828 0.048828
0 0.374637 0.219761 0.048828 0.048828
0 0.371457 0.247320 0.048828 0.048828
0 0.300440 0.217641 0.048828 0.048828
0 0.106466 0.596049 0.048828 0.048828
0 0.111766 0.537751 0.048828 0.048828
0 0.060887 0.531391 0.048828 0.048828
0 0.083147 0.495352 0.048828 0.048828
0 0.029088 0.490052 0.048828 0.048828
0 0.058768 0.465673 0.048828 0.048828
0 0.120246 0.472033 0.048828 0.048828
0 0.063007 0.399955 0.048828 0.048828
0 0.193383 0.696746 0.048828 0.048828
0 0.200803 0.751864 0.048828 0.048828
0 0.251681 0.167823 0.048828 0.048828
0 0.293020 0.169943 0.048828 0.048828
0 0.341778 0.172063 0.048828 0.048828
0 0.409616 0.172063 0.048828 0.048828
0 0.475334 0.168883 0.048828 0.048828
0 0.529392 0.171003 0.048828 0.048828
0 0.584510 0.166763 0.048828 0.048828
0 0.616309 0.195382 0.048828 0.048828
0 0.674608 0.172063 0.048828 0.048828
0 0.672488 0.122244 0.048828 0.048828
0 0.713826 0.128604 0.048828 0.048828
0 0.745625 0.148743 0.048828 0.048828
0 0.789084 0.145564 0.048828 0.048828
0 0.784844 0.113765 0.048828 0.048828
0 0.845262 0.112705 0.048828 0.048828
0 0.843142 0.057586 0.048828 0.048828
0 0.884481 0.009888 0.048828 0.048828
0 0.760465 0.049107 0.048828 0.048828
0 0.737146 0.021548 0.048828 0.048828
0 0.779544 0.006708 0.048828 0.048828
0 0.658708 0.006708 0.048828 0.048828
0 0.695807 0.077726 0.048828 0.048828
0 0.626909 0.058646 0.048828 0.048828
0 0.594050 0.115885 0.048828 0.048828
0 0.530452 0.125424 0.048828 0.048828
0 0.562251 0.071366 0.048828 0.048828
0 0.531512 0.041687 0.048828 0.048828
0 0.474274 0.103165 0.048828 0.048828
0 0.426576 0.110585 0.048828 0.048828
0 0.385237 0.116944 0.048828 0.048828
0 0.340718 0.126484 0.048828 0.048828
0 0.254861 0.103165 0.048828 0.048828
0 0.379937 0.056526 0.048828 0.048828
0 0.334359 0.023667 0.048828 0.048828
0 0.406436 0.028967 0.048828 0.048828
0 0.462614 0.049107 0.048828 0.048828
0 0.505013 0.003528 0.048828 0.048828