0 0.025870 0.751210 0.048828 0.048828
0 0.049484 0.813553 0.048828 0.048828
0 0.021147 0.877785 0.048828 0.048828
0 0.049484 0.919347 0.048828 0.048828
0 0.096714 0.959964 0.048828 0.048828
0 0.147722 0.991136 0.048828 0.048828
0 0.163780 0.953352 0.048828 0.048828
0 0.216677 0.906123 0.048828 0.048828
0 0.227067 0.857949 0.048828 0.048828
0 0.272407 0.847558 0.048828 0.048828
0 0.253516 0.764434 0.048828 0.048828
0 0.239347 0.801273 0.048828 0.048828
0 0.187394 0.767268 0.048828 0.048828
0 0.201563 0.822999 0.048828 0.048828
0 0.155278 0.867395 0.048828 0.048828
0 0.128830 0.819221 0.048828 0.048828
0 0.136387 0.755933 0.048828 0.048828
0 0.084434 0.776714 0.048828 0.048828
0 0.086323 0.842835 0.048828 0.048828
0 0.101437 0.904234 0.048828 0.048828
0 0.398038 0.977912 0.048828 0.048828
0 0.347975 0.962798 0.048828 0.048828
0 0.306413 0.981690 0.048828 0.048828
0 0.239347 0.996803 0.048828 0.048828
0 0.242181 0.971299 0.048828 0.048828
0 0.264851 0.923125 0.048828 0.048828
0 0.329083 0.905178 0.048828 0.048828
0 0.377257 0.879674 0.048828 0.048828
0 0.320581 0.845669 0.048828 0.048828
0 0.316803 0.793717 0.048828 0.048828
0 0.300745 0.754989 0.048828 0.048828
0 0.375368 0.760656 0.048828 0.048828
0 0.375368 0.815442 0.048828 0.048828
0 0.421653 0.777659 0.048828 0.048828
0 0.427320 0.827722 0.048828 0.048828
0 0.442433 0.945796 0.048828 0.048828
0 0.681414 0.966577 0.048828 0.048828
0 0.734311 0.970355 0.048828 0.048828
0 0.703140 0.908957 0.048828 0.048828
0 0.696528 0.873062 0.048828 0.048828
0 0.736201 0.853226 0.048828 0.048828
0 0.679525 0.817331 0.048828 0.048828
0 0.664412 0.765379 0.048828 0.048828
0 0.620961 0.763490 0.048828 0.048828
0 0.541615 0.775770 0.048828 0.048828
0 0.493441 0.776714 0.048828 0.048828
0 0.503832 0.835279 0.048828 0.048828
0 0.481162 0.883453 0.048828 0.048828
0 0.528391 0.868339 0.048828 0.048828
0 0.588845 0.870228 0.048828 0.048828
0 0.609626 0.828667 0.048828 0.048828
0 0.611515 0.908957 0.048828 0.048828
0 0.619072 0.957131 0.048828 0.048828
0 0.573731 0.936350 0.048828 0.048828
0 0.546338 0.900455 0.048828 0.048828
0 0.508555 0.928793 0.048828 0.048828
0 0.539726 0.969410 0.048828 0.048828
0 0.484940 0.985468 0.048828 0.048828
0 0.802322 0.962798 0.048828 0.048828
0 0.821214 0.925959 0.048828 0.048828
0 0.777763 0.884397 0.048828 0.048828
0 0.805156 0.848503 0.048828 0.048828
0 0.835382 0.876841 0.048828 0.048828
0 0.860886 0.967521 0.048828 0.048828
0 0.949678 0.981690 0.048828 0.048828
0 0.897725 0.923125 0.048828 0.048828
0 0.889224 0.875896 0.048828 0.048828
0 0.929841 0.869284 0.048828 0.048828
0 0.974237 0.858893 0.048828 0.048828
0 0.984627 0.925959 0.048828 0.048828
0 0.978015 0.203349 0.048828 0.048828
0 0.952511 0.237354 0.048828 0.048828
0 0.964791 0.279860 0.048828 0.048828
0 0.977071 0.343148 0.048828 0.048828
0 0.962902 0.387544 0.048828 0.048828
0 0.934564 0.388488 0.048828 0.048828
0 0.910005 0.364873 0.048828 0.048828
0 0.937398 0.314810 0.048828 0.048828
0 0.919451 0.264747 0.048828 0.048828
0 0.912839 0.230742 0.048828 0.048828
0 0.910950 0.192014 0.048828 0.048828
0 0.861831 0.200515 0.048828 0.048828
0 0.865609 0.252467 0.048828 0.048828
0 0.891113 0.299697 0.048828 0.048828
0 0.861831 0.311032 0.048828 0.048828
0 0.847662 0.375264 0.048828 0.048828
0 0.856163 0.447997 0.048828 0.048828
0 0.897725 0.427216 0.048828 0.048828
0 0.946844 0.433828 0.048828 0.048828
0 0.987461 0.463111 0.048828 0.048828
0 0.989350 0.519786 0.048828 0.048828
0 0.928897 0.478224 0.048828 0.048828
0 0.897725 0.500894 0.048828 0.048828
0 0.863720 0.519786 0.048828 0.048828
0 0.860886 0.583073 0.048828 0.048828
0 0.889224 0.550957 0.048828 0.048828
0 0.941176 0.557570 0.048828 0.048828
0 0.905282 0.602910 0.048828 0.048828
0 0.850496 0.638804 0.048828 0.048828
0 0.847662 0.710593 0.048828 0.048828
0 0.894892 0.701147 0.048828 0.048828
0 0.921340 0.663363 0.048828 0.048828
0 0.950622 0.605744 0.048828 0.048828
0 0.977071 0.650139 0.048828 0.048828
0 0.981794 0.711538 0.048828 0.048828
0 0.932675 0.731374 0.048828 0.048828
0 0.898670 0.787105 0.048828 0.048828
0 0.954401 0.788049 0.048828 0.048828
0 0.988406 0.823944 0.048828 0.048828
0 0.883556 0.830556 0.048828 0.048828
0 0.823103 0.211850 0.048828 0.048828
0 0.794765 0.184457 0.048828 0.048828
0 0.831604 0.177845 0.048828 0.048828
0 0.841050 0.137227 0.048828 0.048828
0 0.840105 0.100389 0.048828 0.048828
0 0.882612 0.115502 0.048828 0.048828
0 0.891113 0.148563 0.048828 0.048828
0 0.965736 0.163676 0.048828 0.048828
0 0.980849 0.129671 0.048828 0.048828
0 0.931731 0.125892 0.048828 0.048828
0 0.919451 0.068272 0.048828 0.048828
0 0.968569 0.036156 0.048828 0.048828
0 0.976126 0.075829 0.048828 0.048828
0 0.190228 0.403602 0.048828 0.048828
0 0.237458 0.390377 0.048828 0.048828
0 0.177004 0.458388 0.048828 0.048828
0 0.228956 0.455554 0.048828 0.048828
0 0.286576 0.451776 0.048828 0.048828
0 0.271463 0.431939 0.048828 0.048828
0 0.194007 0.526398 0.048828 0.048828
0 0.241236 0.515063 0.048828 0.048828
0 0.304523 0.492393 0.048828 0.048828
0 0.324360 0.453665 0.048828 0.048828
0 0.300745 0.389433 0.048828 0.048828
0 0.289410 0.531121 0.048828 0.048828
0 0.292244 0.563237 0.048828 0.048828
0 0.282798 0.625580 0.048828 0.048828
0 0.329083 0.672809 0.048828 0.048828
0 0.346085 0.717205 0.048828 0.048828
0 0.385758 0.719094 0.048828 0.048828
0 0.374423 0.670920 0.048828 0.048828
0 0.420708 0.697369 0.048828 0.048828
0 0.473605 0.714371 0.048828 0.048828
0 0.495330 0.689812 0.048828 0.048828
0 0.477383 0.646361 0.048828 0.048828
0 0.448101 0.623691 0.048828 0.048828
0 0.381035 0.603854 0.048828 0.048828
0 0.358365 0.551902 0.048828 0.048828
0 0.332861 0.589686 0.048828 0.048828
0 0.241236 0.574572 0.048828 0.048828
0 0.233679 0.614245 0.048828 0.048828
0 0.282798 0.675643 0.048828 0.048828
0 0.284687 0.727596 0.048828 0.048828
0 0.225178 0.708704 0.048828 0.048828
0 0.186450 0.733263 0.048828 0.048828
0 0.191173 0.663363 0.048828 0.048828
0 0.187394 0.587796 0.048828 0.048828
0 0.147722 0.601965 0.048828 0.048828
0 0.133553 0.566071 0.048828 0.048828
0 0.081601 0.540567 0.048828 0.048828
0 0.106160 0.484836 0.048828 0.048828
0 0.153389 0.504673 0.048828 0.048828
0 0.075933 0.632192 0.048828 0.048828
0 0.095769 0.665253 0.048828 0.048828
0 0.140165 0.669031 0.048828 0.048828
0 0.123162 0.715316 0.048828 0.048828
0 0.072155 0.708704 0.048828 0.048828
0 0.569008 0.722873 0.048828 0.048828
0 0.614349 0.713427 0.048828 0.048828
0 0.654021 0.720039 0.048828 0.048828
0 0.708808 0.763490 0.048828 0.048828
0 0.708808 0.711538 0.048828 0.048828
0 0.754148 0.798440 0.048828 0.048828
0 0.812712 0.797495 0.048828 0.048828
0 0.767372 0.757822 0.048828 0.048828
0 0.830659 0.750266 0.048828 0.048828
0 0.795710 0.720983 0.048828 0.048828
0 0.811768 0.680366 0.048828 0.048828
0 0.763594 0.674699 0.048828 0.048828
0 0.709752 0.655807 0.048828 0.048828
0 0.631351 0.664308 0.048828 0.048828
0 0.634185 0.617079 0.048828 0.048828
0 0.753203 0.628414 0.048828 0.048828
0 0.800433 0.601965 0.048828 0.048828
0 0.822158 0.542456 0.048828 0.048828
0 0.815546 0.473501 0.048828 0.048828
0 0.834438 0.402657 0.048828 0.048828
0 0.795710 0.424382 0.048828 0.048828
0 0.790987 0.471612 0.048828 0.048828
0 0.757926 0.497116 0.048828 0.048828
0 0.715420 0.499950 0.048828 0.048828
0 0.711641 0.447053 0.048828 0.048828
0 0.726755 0.398879 0.048828 0.048828
0 0.783430 0.361095 0.048828 0.048828
0 0.749425 0.334647 0.048828 0.048828
0 0.803266 0.294029 0.048828 0.048828
0 0.787208 0.248689 0.048828 0.048828
0 0.739034 0.230742 0.048828 0.048828
0 0.745646 0.190124 0.048828 0.048828
0 0.696528 0.232631 0.048828 0.048828
0 0.724866 0.265692 0.048828 0.048828
0 0.732422 0.303475 0.048828 0.048828
0 0.696528 0.279860 0.048828 0.048828
0 0.675747 0.327090 0.048828 0.048828
0 0.634185 0.323311 0.048828 0.048828
0 0.638908 0.294974 0.048828 0.048828
0 0.652132 0.254356 0.048828 0.048828
0 0.604903 0.262858 0.048828 0.048828
0 0.560507 0.290251 0.048828 0.048828
0 0.526502 0.279860 0.048828 0.048828
0 0.501943 0.304420 0.048828 0.048828
0 0.634185 0.351649 0.048828 0.048828
0 0.592623 0.353538 0.048828 0.048828
0 0.545394 0.325201 0.048828 0.048828
0 0.534059 0.362984 0.048828 0.048828
0 0.498164 0.349760 0.048828 0.048828
0 0.425431 0.363929 0.048828 0.048828
0 0.372534 0.390377 0.048828 0.048828
0 0.379146 0.434773 0.048828 0.048828
0 0.414096 0.443274 0.048828 0.048828
0 0.383869 0.480113 0.048828 0.048828
0 0.438655 0.482002 0.048828 0.048828
0 0.432988 0.532066 0.048828 0.048828
0 0.391426 0.529232 0.048828 0.048828
0 0.438655 0.587796 0.048828 0.048828
0 0.500053 0.610467 0.048828 0.048828
0 0.491552 0.560403 0.048828 0.048828
0 0.584122 0.581184 0.048828 0.048828
0 0.600180 0.538678 0.048828 0.048828
0 0.638908 0.573628 0.048828 0.048828
0 0.702195 0.575517 0.048828 0.048828
0 0.771150 0.559459 0.048828 0.048828
0 0.688971 0.532066 0.048828 0.048828
0 0.662523 0.493337 0.048828 0.048828
0 0.534059 0.506562 0.048828 0.048828
0 0.537837 0.464055 0.048828 0.048828
0 0.491552 0.474446 0.048828 0.048828
0 0.495330 0.431939 0.048828 0.048828
0 0.468882 0.385654 0.048828 0.048828
0 0.546338 0.413047 0.048828 0.048828
0 0.589789 0.407380 0.048828 0.048828
0 0.599235 0.458388 0.048828 0.048828
0 0.637019 0.391322 0.048828 0.048828
0 0.688027 0.399823 0.048828 0.048828
0 0.036260 0.594408 0.048828 0.048828
0 0.029648 0.508451 0.048828 0.048828
0 0.074044 0.486725 0.048828 0.048828
0 0.053263 0.450831 0.048828 0.048828
0 0.084434 0.428161 0.048828 0.048828
0 0.103326 0.391322 0.048828 0.048828
0 0.136387 0.341259 0.048828 0.048828
0 0.137331 0.283639 0.048828 0.048828
0 0.139220 0.255301 0.048828 0.048828
0 0.142999 0.232631 0.048828 0.048828
0 0.174170 0.173122 0.048828 0.048828
0 0.114661 0.179734 0.048828 0.048828
0 0.141110 0.161787 0.048828 0.048828
0 0.154334 0.131560 0.048828 0.048828
0 0.100492 0.129671 0.048828 0.048828
0 0.124107 0.097555 0.048828 0.048828
0 0.153389 0.053159 0.048828 0.048828
0 0.160001 0.009708 0.048828 0.048828
0 0.105215 0.009708 0.048828 0.048828
0 0.106160 0.060716 0.048828 0.048828
0 0.074044 0.092832 0.048828 0.048828
0 0.056097 0.014431 0.048828 0.048828
0 0.032482 0.049381 0.048828 0.048828
0 0.026814 0.138172 0.048828 0.048828
0 0.073099 0.172177 0.048828 0.048828
0 0.068376 0.209016 0.048828 0.048828
0 0.086323 0.254356 0.048828 0.048828
0 0.082545 0.288362 0.048828 0.048828
0 0.040983 0.309143 0.048828 0.048828
0 0.089157 0.343148 0.048828 0.048828
0 0.028704 0.345982 0.048828 0.048828
0 0.033426 0.392266 0.048828 0.048828
0 0.007923 0.441385 0.048828 0.048828
0 0.006033 0.195792 0.048828 0.048828
0 0.040039 0.241132 0.048828 0.048828