0 0.358672 0.906757 0.048828 0.048828
0 0.479413 0.913859 0.048828 0.048828
0 0.557539 0.871245 0.048828 0.048828
0 0.557539 0.906757 0.048828 0.048828
0 0.511373 0.889001 0.048828 0.048828
0 0.219375 0.879350 0.048828 0.048828
0 0.299417 0.882315 0.048828 0.048828
0 0.299417 0.831918 0.048828 0.048828
0 0.340920 0.831918 0.048828 0.048828
0 0.382424 0.846740 0.048828 0.048828
0 0.441714 0.867492 0.048828 0.048828
0 0.412069 0.817095 0.048828 0.048828
0 0.376495 0.775592 0.048828 0.048828
0 0.334991 0.784485 0.048828 0.048828
0 0.844889 0.879350 0.048828 0.048828
0 0.711486 0.879350 0.048828 0.048828
0 0.664053 0.891208 0.048828 0.048828
0 0.652195 0.846740 0.048828 0.048828
0 0.622550 0.837847 0.048828 0.048828
0 0.634408 0.814131 0.048828 0.048828
0 0.664053 0.820060 0.048828 0.048828
0 0.610055 0.878713 0.048828 0.048828
0 0.695798 0.825556 0.048828 0.048828
0 0.730772 0.818193 0.048828 0.048828
0 0.808083 0.832919 0.048828 0.048828
0 0.780472 0.796104 0.048828 0.048828
0 0.778632 0.845804 0.048828 0.048828
0 0.708684 0.770334 0.048828 0.048828
0 0.747339 0.770334 0.048828 0.048828
0 0.728932 0.724316 0.048828 0.048828
0 0.776791 0.739042 0.048828 0.048828
0 0.817287 0.726157 0.048828 0.048828
0 0.839376 0.766653 0.048828 0.048828
0 0.800720 0.685660 0.048828 0.048828
0 0.806679 0.634605 0.048828 0.048828
0 0.784009 0.586431 0.048828 0.048828
0 0.826515 0.594933 0.048828 0.048828
0 0.867133 0.596822 0.048828 0.048828
0 0.894526 0.636495 0.048828 0.048828
0 0.934198 0.610046 0.048828 0.048828
0 0.980483 0.636495 0.048828 0.048828
0 0.955924 0.683724 0.048828 0.048828
0 0.898304 0.689392 0.048828 0.048828
0 0.965370 0.765903 0.048828 0.048828
0 0.914362 0.747011 0.048828 0.048828
0 0.966314 0.833914 0.048828 0.048828
0 0.909639 0.816911 0.048828 0.048828
0 0.820848 0.491972 0.048828 0.048828
0 0.815180 0.450411 0.048828 0.048828
0 0.823682 0.411682 0.048828 0.048828
0 0.801011 0.366342 0.048828 0.048828
0 0.810457 0.321946 0.048828 0.048828
0 0.844462 0.345561 0.048828 0.048828
0 0.849185 0.303999 0.048828 0.048828
0 0.874689 0.323836 0.048828 0.048828
0 0.893581 0.285108 0.048828 0.048828
0 0.969148 0.272828 0.048828 0.048828
0 0.934198 0.323836 0.048828 0.048828
0 0.966314 0.326669 0.048828 0.048828
0 0.982372 0.372954 0.048828 0.048828
0 0.917196 0.382400 0.048828 0.048828
0 0.884135 0.421128 0.048828 0.048828
0 0.920030 0.430574 0.048828 0.048828
0 0.944589 0.446632 0.048828 0.048828
0 0.972927 0.452300 0.048828 0.048828
0 0.864299 0.463635 0.048828 0.048828
0 0.901138 0.482527 0.048828 0.048828
0 0.962536 0.518421 0.048828 0.048828
0 0.921919 0.513698 0.048828 0.048828
0 0.991818 0.543925 0.048828 0.048828
0 0.941755 0.563761 0.048828 0.048828
0 0.922863 0.216153 0.048828 0.048828
0 0.932309 0.193482 0.048828 0.048828
0 0.961591 0.196316 0.048828 0.048828
0 0.961591 0.136807 0.048828 0.048828
0 0.953090 0.090522 0.048828 0.048828
0 0.998430 0.227488 0.048828 0.048828
0 0.879412 0.797075 0.048828 0.048828
0 0.987095 0.038570 0.048828 0.048828