0 0.989619 0.308073 0.048828 0.048828
0 0.900269 0.383606 0.048828 0.048828
0 0.868950 0.383606 0.048828 0.048828
0 0.828420 0.400187 0.048828 0.048828
0 0.773151 0.393739 0.048828 0.048828
0 0.739990 0.452692 0.048828 0.048828
0 0.717883 0.437032 0.048828 0.048828
0 0.686564 0.424136 0.048828 0.048828
0 0.650640 0.440717 0.048828 0.048828
0 0.571421 0.433348 0.048828 0.048828
0 0.563131 0.001333 0.048828 0.048828
0 0.463648 0.002254 0.048828 0.048828
0 0.353111 0.010544 0.048828 0.048828
0 0.263760 0.024361 0.048828 0.048828
0 0.289552 0.008702 0.048828 0.048828
0 0.226915 0.024361 0.048828 0.048828
0 0.204807 0.033573 0.048828 0.048828
0 0.975802 0.087920 0.048828 0.048828
0 0.047292 0.824833 0.048828 0.048828
0 0.144933 0.842334 0.048828 0.048828
0 0.141556 0.034903 0.048828 0.048828
0 0.122110 0.032856 0.048828 0.048828
0 0.116992 0.009316 0.048828 0.048828
0 0.085264 0.015457 0.048828 0.048828
0 0.087311 0.030809 0.048828 0.048828
0 0.037160 0.025692 0.048828 0.048828
0 0.011573 0.034903 0.048828 0.048828
0 0.008502 0.005222 0.048828 0.048828
0 0.021808 0.061514 0.048828 0.048828
0 0.090637 0.809327 0.048828 0.048828
0 0.154624 0.792805 0.048828 0.048828
0 0.942288 0.052673 0.048828 0.048828
0 0.975107 0.050410 0.048828 0.048828