0 0.017103 0.452944 0.048828 0.048828
0 0.048742 0.414593 0.048828 0.048828
0 0.121609 0.443356 0.048828 0.048828
0 0.106269 0.402129 0.048828 0.048828
0 0.054495 0.356108 0.048828 0.048828
0 0.110104 0.344602 0.048828 0.048828
0 0.160919 0.378159 0.048828 0.048828
0 0.162837 0.313921 0.048828 0.048828
0 0.120651 0.280364 0.048828 0.048828
0 0.070794 0.295705 0.048828 0.048828
0 0.013268 0.263106 0.048828 0.048828
0 0.038196 0.211332 0.048828 0.048828
0 0.036278 0.149971 0.048828 0.048828
0 0.159960 0.008072 0.048828 0.048828
0 0.102434 0.001361 0.048828 0.048828
0 0.034361 0.011907 0.048828 0.048828
0 0.051619 0.080939 0.048828 0.048828
0 0.088052 0.091485 0.048828 0.048828
0 0.161878 0.072310 0.048828 0.048828
0 0.149414 0.132713 0.048828 0.048828
0 0.096681 0.147094 0.048828 0.048828
0 0.143661 0.190239 0.048828 0.048828
0 0.188724 0.167229 0.048828 0.048828
0 0.173383 0.253519 0.048828 0.048828
0 0.222281 0.229549 0.048828 0.048828
0 0.224198 0.285158 0.048828 0.048828
0 0.252962 0.321592 0.048828 0.048828
0 0.221322 0.358025 0.048828 0.048828
0 0.214611 0.398294 0.048828 0.048828
0 0.234745 0.437604 0.048828 0.048828
0 0.252003 0.461573 0.048828 0.048828
0 0.210775 0.481707 0.048828 0.048828
0 0.182012 0.449109 0.048828 0.048828
0 0.171466 0.493213 0.048828 0.048828
0 0.129280 0.485542 0.048828 0.048828
0 0.083258 0.540193 0.048828 0.048828
0 0.066000 0.490336 0.048828 0.048828
0 0.023814 0.570873 0.048828 0.048828
0 0.007515 0.514306 0.048828 0.048828
0 0.356509 0.293787 0.048828 0.048828
0 0.391984 0.295705 0.048828 0.048828
0 0.461016 0.326386 0.048828 0.048828
0 0.442799 0.271735 0.048828 0.048828
0 0.489779 0.257354 0.048828 0.048828
0 0.553058 0.255436 0.048828 0.048828
0 0.618255 0.228590 0.048828 0.048828
0 0.680576 0.176817 0.048828 0.048828
0 0.723721 0.152847 0.048828 0.048828
0 0.682493 0.120249 0.048828 0.048828
0 0.781247 0.079021 0.048828 0.048828
0 0.837815 0.033959 0.048828 0.048828
0 0.880960 0.012866 0.048828 0.048828
0 0.928899 0.043547 0.048828 0.048828
0 0.970126 0.011907 0.048828 0.048828
0 0.779330 0.023412 0.048828 0.048828
0 0.718927 0.056011 0.048828 0.048828
0 0.664276 0.056011 0.048828 0.048828
0 0.613461 0.067516 0.048828 0.048828
0 0.584698 0.126960 0.048828 0.048828
0 0.611544 0.175858 0.048828 0.048828
0 0.576069 0.187363 0.048828 0.048828
0 0.517584 0.196951 0.048828 0.048828
0 0.520460 0.143259 0.048828 0.048828
0 0.465810 0.148053 0.048828 0.048828
0 0.461016 0.214209 0.048828 0.048828
0 0.379520 0.231467 0.048828 0.048828
0 0.331581 0.250642 0.048828 0.048828
0 0.339251 0.171064 0.048828 0.048828
0 0.399654 0.171064 0.048828 0.048828
0 0.346922 0.123125 0.048828 0.048828
0 0.414995 0.100114 0.048828 0.048828
0 0.467727 0.083815 0.048828 0.048828
0 0.537718 0.056970 0.048828 0.048828
0 0.287478 0.092444 0.048828 0.048828
0 0.261591 0.032041 0.048828 0.048828
0 0.298024 0.029165 0.048828 0.048828
0 0.364180 0.017660 0.048828 0.048828
0 0.444717 0.015742 0.048828 0.048828
0 0.503202 0.002319 0.048828 0.048828