0 0.625946 0.897359 0.048828 0.048828
0 0.663729 0.903027 0.048828 0.048828
0 0.684510 0.940811 0.048828 0.048828
0 0.639170 0.956869 0.048828 0.048828
0 0.615555 0.958758 0.048828 0.048828
0 0.591941 0.924753 0.048828 0.048828
0 0.567381 0.965370 0.048828 0.048828
0 0.604220 0.999375 0.048828 0.048828
0 0.653339 0.995597 0.048828 0.048828
0 0.531487 0.998430 0.048828 0.048828
0 0.496537 0.991818 0.048828 0.048828
0 0.490870 0.952146 0.048828 0.048828
0 0.445529 0.974816 0.048828 0.048828
0 0.420025 0.937977 0.048828 0.048828
0 0.396411 0.981428 0.048828 0.048828
0 0.342569 0.984262 0.048828 0.048828
0 0.259445 0.993707 0.048828 0.048828
0 0.208438 0.975760 0.048828 0.048828
0 0.111145 0.991818 0.048828 0.048828
0 0.031799 0.977649 0.048828 0.048828
0 0.041245 0.937032 0.048828 0.048828
0 0.040301 0.900193 0.048828 0.048828
0 0.082807 0.915307 0.048828 0.048828
0 0.091308 0.948367 0.048828 0.048828
0 0.165931 0.963481 0.048828 0.048828
0 0.181044 0.929475 0.048828 0.048828
0 0.131926 0.925697 0.048828 0.048828
0 0.119646 0.868077 0.048828 0.048828
0 0.168765 0.835961 0.048828 0.048828
0 0.176321 0.875634 0.048828 0.048828
0 0.211271 0.890747 0.048828 0.048828
0 0.243387 0.930420 0.048828 0.048828
0 0.305730 0.948367 0.048828 0.048828
0 0.287783 0.903027 0.048828 0.048828
0 0.250944 0.865243 0.048828 0.048828
0 0.211271 0.838795 0.048828 0.048828
0 0.232052 0.814236 0.048828 0.048828
0 0.258501 0.795344 0.048828 0.048828
0 0.296284 0.818014 0.048828 0.048828
0 0.319899 0.780230 0.048828 0.048828
0 0.358627 0.756616 0.048828 0.048828
0 0.357683 0.792510 0.048828 0.048828
0 0.344458 0.824626 0.048828 0.048828
0 0.374685 0.830294 0.048828 0.048828
0 0.282115 0.847296 0.048828 0.048828
0 0.316121 0.836906 0.048828 0.048828
0 0.328400 0.878468 0.048828 0.048828
0 0.396411 0.900193 0.048828 0.048828
0 0.388854 0.860520 0.048828 0.048828
0 0.433250 0.857687 0.048828 0.048828
0 0.466310 0.869022 0.048828 0.048828
0 0.466310 0.905861 0.048828 0.048828
0 0.513540 0.927586 0.048828 0.048828
0 0.513540 0.894526 0.048828 0.048828
0 0.558880 0.882246 0.048828 0.048828
0 0.517318 0.852019 0.048828 0.048828