0 0.014435 0.327014 0.048828 0.048828
0 0.036155 0.243752 0.048828 0.048828
0 0.073562 0.257025 0.048828 0.048828
0 0.038568 0.275126 0.048828 0.048828
0 0.089249 0.324600 0.048828 0.048828
0 0.119417 0.271506 0.048828 0.048828
0 0.154411 0.307706 0.048828 0.048828
0 0.186992 0.342701 0.048828 0.048828
0 0.223192 0.343907 0.048828 0.048828
0 0.219572 0.308913 0.048828 0.048828
0 0.197852 0.264266 0.048828 0.048828
0 0.217159 0.232892 0.048828 0.048828
0 0.263013 0.235305 0.048828 0.048828
0 0.307661 0.237718 0.048828 0.048828
0 0.337828 0.265472 0.048828 0.048828
0 0.242499 0.264266 0.048828 0.048828
0 0.276287 0.300466 0.048828 0.048828
0 0.281114 0.349941 0.048828 0.048828
0 0.323348 0.335460 0.048828 0.048828
0 0.383682 0.316153 0.048828 0.048828
0 0.390923 0.270299 0.048828 0.048828
0 0.413850 0.237718 0.048828 0.048828
0 0.433157 0.282366 0.048828 0.048828
0 0.433157 0.339080 0.048828 0.048828
0 0.481424 0.345114 0.048828 0.048828
0 0.533312 0.322187 0.048828 0.048828
0 0.495905 0.270299 0.048828 0.048828
0 0.563479 0.277539 0.048828 0.048828
0 0.608127 0.246165 0.048828 0.048828
0 0.660015 0.272712 0.048828 0.048828
0 0.608127 0.306500 0.048828 0.048828
0 0.575546 0.347527 0.048828 0.048828
0 0.663635 0.333047 0.048828 0.048828
0 0.721556 0.316153 0.048828 0.048828
0 0.737243 0.271506 0.048828 0.048828
0 0.702249 0.237718 0.048828 0.048828
0 0.734830 0.235305 0.048828 0.048828
0 0.786718 0.284779 0.048828 0.048828
0 0.830158 0.270299 0.048828 0.048828
0 0.793958 0.327014 0.048828 0.048828
0 0.838605 0.323393 0.048828 0.048828
0 0.886873 0.343907 0.048828 0.048828
0 0.901353 0.302880 0.048828 0.048828
0 0.953241 0.288399 0.048828 0.048828
0 0.895320 0.248579 0.048828 0.048828
0 0.859119 0.237718 0.048828 0.048828
0 0.977375 0.376488 0.048828 0.048828
0 0.987028 0.335460 0.048828 0.048828
0 0.925487 0.386141 0.048828 0.048828
0 0.967923 0.946613 0.048828 0.048828
0 0.930236 0.967673 0.048828 0.048828
0 0.871488 0.967673 0.048828 0.048828
0 0.823825 0.987625 0.048828 0.048828
0 0.788355 0.934420 0.048828 0.048828
0 0.831584 0.931095 0.048828 0.048828
0 0.912501 0.929986 0.048828 0.048828
0 0.898091 0.880106 0.048828 0.048828
0 0.951296 0.887865 0.048828 0.048828
0 0.991200 0.891191 0.048828 0.048828
0 0.972357 0.850178 0.048828 0.048828
0 0.919151 0.805840 0.048828 0.048828
0 0.973465 0.792539 0.048828 0.048828
0 0.954622 0.765936 0.048828 0.048828
0 0.937995 0.720490 0.048828 0.048828
0 0.976791 0.717165 0.048828 0.048828
0 0.942429 0.661742 0.048828 0.048828
0 0.947971 0.612971 0.048828 0.048828
0 0.946863 0.556440 0.048828 0.048828
0 0.947971 0.519861 0.048828 0.048828
0 0.942429 0.443378 0.048828 0.048828
0 0.980116 0.415667 0.048828 0.048828
0 0.980116 0.479957 0.048828 0.048828
0 0.744256 0.987856 0.048828 0.048828
0 0.694975 0.997937 0.048828 0.048828
0 0.624414 0.976656 0.048828 0.048828
0 0.562813 0.990097 0.048828 0.048828
0 0.484411 0.959856 0.048828 0.048828
0 0.410490 0.950896 0.048828 0.048828
0 0.353369 0.950896 0.048828 0.048828
0 0.402650 0.908335 0.048828 0.048828
0 0.444091 0.921775 0.048828 0.048828
0 0.399290 0.864654 0.048828 0.048828
0 0.422810 0.820974 0.048828 0.048828
0 0.444091 0.762733 0.048828 0.048828
0 0.462011 0.873615 0.048828 0.048828
0 0.484411 0.788493 0.048828 0.048828
0 0.538172 0.761613 0.048828 0.048828
0 0.495612 0.829934 0.048828 0.048828
0 0.532572 0.828814 0.048828 0.048828
0 0.566173 0.796333 0.048828 0.048828
0 0.515772 0.872495 0.048828 0.048828
0 0.565053 0.874735 0.048828 0.048828
0 0.516892 0.922895 0.048828 0.048828
0 0.570653 0.936336 0.048828 0.048828
0 0.636734 0.909455 0.048828 0.048828
0 0.682655 0.929616 0.048828 0.048828
0 0.730815 0.932976 0.048828 0.048828
0 0.701695 0.887055 0.048828 0.048828
0 0.766656 0.869135 0.048828 0.048828
0 0.828257 0.828814 0.048828 0.048828
0 0.791296 0.832174 0.048828 0.048828
0 0.767776 0.806413 0.048828 0.048828
0 0.743136 0.792973 0.048828 0.048828
0 0.799137 0.775053 0.048828 0.048828
0 0.848417 0.767213 0.048828 0.048828
0 0.731935 0.844494 0.048828 0.048828
0 0.680415 0.844494 0.048828 0.048828
0 0.651294 0.806413 0.048828 0.048828
0 0.671454 0.754893 0.048828 0.048828
0 0.610973 0.762733 0.048828 0.048828
0 0.613214 0.831054 0.048828 0.048828
0 0.503452 0.739212 0.048828 0.048828
0 0.475451 0.697772 0.048828 0.048828
0 0.510172 0.698892 0.048828 0.048828
0 0.563933 0.716812 0.048828 0.048828
0 0.604253 0.707852 0.048828 0.048828
0 0.679295 0.715692 0.048828 0.048828
0 0.668094 0.687691 0.048828 0.048828
0 0.618814 0.656331 0.048828 0.048828
0 0.552733 0.661931 0.048828 0.048828
0 0.511292 0.642891 0.048828 0.048828
0 0.523612 0.622730 0.048828 0.048828
0 0.574013 0.614890 0.048828 0.048828
0 0.500092 0.585770 0.048828 0.048828
0 0.507932 0.539849 0.048828 0.048828
0 0.523612 0.482728 0.048828 0.048828
0 0.513532 0.451368 0.048828 0.048828
0 0.535932 0.378566 0.048828 0.048828
0 0.553853 0.426727 0.048828 0.048828
0 0.569533 0.481608 0.048828 0.048828
0 0.605373 0.451368 0.048828 0.048828
0 0.608733 0.516329 0.048828 0.048828
0 0.609853 0.558889 0.048828 0.048828
0 0.617694 0.608170 0.048828 0.048828
0 0.678175 0.632811 0.048828 0.048828
0 0.744256 0.731372 0.048828 0.048828
0 0.735296 0.665291 0.048828 0.048828
0 0.772256 0.628330 0.048828 0.048828
0 0.841697 0.642891 0.048828 0.048828
0 0.808097 0.677611 0.048828 0.048828
0 0.785696 0.733612 0.048828 0.048828
0 0.860738 0.719052 0.048828 0.048828
0 0.904418 0.675371 0.048828 0.048828
0 0.886498 0.607050 0.048828 0.048828
0 0.888738 0.563369 0.048828 0.048828
0 0.839457 0.539849 0.048828 0.048828
0 0.780096 0.582410 0.048828 0.048828
0 0.742016 0.566729 0.048828 0.048828
0 0.772256 0.537609 0.048828 0.048828
0 0.792417 0.519689 0.048828 0.048828
0 0.820417 0.486088 0.048828 0.048828
0 0.869698 0.500648 0.048828 0.048828
0 0.869698 0.454728 0.048828 0.048828
0 0.901058 0.414407 0.048828 0.048828
0 0.848417 0.376326 0.048828 0.048828
0 0.804737 0.358406 0.048828 0.048828
0 0.742016 0.351686 0.048828 0.048828
0 0.749856 0.404327 0.048828 0.048828
0 0.817057 0.441287 0.048828 0.048828
0 0.767776 0.460328 0.048828 0.048828
0 0.709535 0.448007 0.048828 0.048828
0 0.683775 0.392007 0.048828 0.048828
0 0.640094 0.427847 0.048828 0.048828
0 0.638974 0.367366 0.048828 0.048828
0 0.658014 0.471528 0.048828 0.048828
0 0.681535 0.508488 0.048828 0.048828
0 0.734176 0.505128 0.048828 0.048828
0 0.681535 0.573450 0.048828 0.048828
0 0.010643 0.433447 0.048828 0.048828
0 0.049844 0.383046 0.048828 0.048828
0 0.106965 0.378566 0.048828 0.048828
0 0.142806 0.364006 0.048828 0.048828
0 0.118165 0.424487 0.048828 0.048828
0 0.206647 0.394247 0.048828 0.048828
0 0.254808 0.394247 0.048828 0.048828
0 0.313049 0.387526 0.048828 0.048828
0 0.328729 0.431207 0.048828 0.048828
0 0.391450 0.371846 0.048828 0.048828
0 0.380250 0.396487 0.048828 0.048828
0 0.375770 0.428967 0.048828 0.048828
0 0.388090 0.471528 0.048828 0.048828
0 0.434011 0.459208 0.048828 0.048828
0 0.419450 0.411047 0.048828 0.048828
0 0.482171 0.415527 0.048828 0.048828
0 0.473211 0.518569 0.048828 0.048828
0 0.399290 0.527529 0.048828 0.048828
0 0.456411 0.574570 0.048828 0.048828
0 0.410490 0.580170 0.048828 0.048828
0 0.438491 0.652971 0.048828 0.048828
0 0.392570 0.658571 0.048828 0.048828
0 0.354489 0.584650 0.048828 0.048828
0 0.348889 0.518569 0.048828 0.048828
0 0.325369 0.479368 0.048828 0.048828
0 0.271608 0.443527 0.048828 0.048828
0 0.273848 0.504008 0.048828 0.048828
0 0.238007 0.486088 0.048828 0.048828
0 0.168566 0.435687 0.048828 0.048828
0 0.130485 0.456968 0.048828 0.048828
0 0.078965 0.465928 0.048828 0.048828
0 0.161846 0.500648 0.048828 0.048828
0 0.091285 0.497288 0.048828 0.048828
0 0.061044 0.524169 0.048828 0.048828
0 0.008403 0.549929 0.048828 0.048828
0 0.010643 0.594730 0.048828 0.048828
0 0.018484 0.649611 0.048828 0.048828
0 0.024084 0.693292 0.048828 0.048828
0 0.070004 0.667531 0.048828 0.048828
0 0.037524 0.772813 0.048828 0.048828
0 0.062164 0.733612 0.048828 0.048828
0 0.096885 0.764973 0.048828 0.048828
0 0.110325 0.805293 0.048828 0.048828
0 0.138326 0.832174 0.048828 0.048828
0 0.160726 0.868014 0.048828 0.048828
0 0.113685 0.870255 0.048828 0.048828
0 0.055444 0.852334 0.048828 0.048828
0 0.068884 0.903855 0.048828 0.048828
0 0.134966 0.917295 0.048828 0.048828
0 0.183126 0.922895 0.048828 0.048828
0 0.118165 0.947536 0.048828 0.048828
0 0.094645 0.983376 0.048828 0.048828
0 0.171926 0.977776 0.048828 0.048828
0 0.243607 0.999057 0.048828 0.048828
0 0.253688 0.934096 0.048828 0.048828
0 0.301848 0.937456 0.048828 0.048828
0 0.024529 0.961996 0.048828 0.048828
0 0.025568 0.912130 0.048828 0.048828
0 0.005830 0.865381 0.048828 0.048828
0 0.003752 0.812398 0.048828 0.048828
0 0.344502 0.888236 0.048828 0.048828
0 0.364241 0.849798 0.048828 0.048828
0 0.385018 0.770843 0.048828 0.048828
0 0.418262 0.723055 0.048828 0.048828
0 0.391251 0.695006 0.048828 0.048828
0 0.352813 0.707472 0.048828 0.048828
0 0.325802 0.731366 0.048828 0.048828
0 0.333074 0.784349 0.048828 0.048828
0 0.291519 0.769804 0.048828 0.048828
0 0.270742 0.812398 0.048828 0.048828
0 0.288403 0.844603 0.048828 0.048828
0 0.284247 0.890314 0.048828 0.048828
0 0.218798 0.871614 0.048828 0.048828
0 0.185554 0.836292 0.048828 0.048828
0 0.212565 0.809282 0.048828 0.048828
0 0.227109 0.757338 0.048828 0.048828
0 0.147116 0.752144 0.048828 0.048828
0 0.111795 0.712666 0.048828 0.048828
0 0.167894 0.693967 0.048828 0.048828
0 0.189710 0.715783 0.048828 0.048828
0 0.264509 0.719939 0.048828 0.048828
0 0.219837 0.686695 0.048828 0.048828
0 0.254120 0.666956 0.048828 0.048828
0 0.308141 0.664878 0.048828 0.048828
0 0.339308 0.618129 0.048828 0.048828
0 0.274897 0.626440 0.048828 0.048828
0 0.295675 0.584885 0.048828 0.048828
0 0.266587 0.547486 0.048828 0.048828
0 0.222954 0.533980 0.048828 0.048828
0 0.241654 0.588002 0.048828 0.048828
0 0.181399 0.531903 0.048828 0.048828
0 0.194904 0.583846 0.048828 0.048828
0 0.203215 0.639945 0.048828 0.048828
0 0.175166 0.667995 0.048828 0.048828
0 0.126339 0.664878 0.048828 0.048828
0 0.147116 0.629557 0.048828 0.048828
0 0.096211 0.635790 0.048828 0.048828
0 0.099328 0.590080 0.048828 0.048828
0 0.126339 0.555797 0.048828 0.048828