0 0.033765 0.263402 0.048828 0.048828
0 0.142980 0.255371 0.048828 0.048828
0 0.192770 0.252159 0.048828 0.048828
0 0.208831 0.293918 0.048828 0.048828
0 0.244165 0.276250 0.048828 0.048828
0 0.290742 0.250553 0.048828 0.048828
0 0.285924 0.281069 0.048828 0.048828
0 0.330895 0.266614 0.048828 0.048828
0 0.231316 0.324434 0.048828 0.048828
0 0.041795 0.316403 0.048828 0.048828
0 0.072312 0.342101 0.048828 0.048828
0 0.120495 0.337283 0.048828 0.048828
0 0.171890 0.334070 0.048828 0.048828
0 0.009673 0.345313 0.048828 0.048828
0 0.395139 0.285887 0.048828 0.048828
0 0.449747 0.255371 0.048828 0.048828
0 0.369480 0.327014 0.048828 0.048828
0 0.433435 0.335460 0.048828 0.048828
0 0.496183 0.278746 0.048828 0.048828
0 0.570998 0.323393 0.048828 0.048828
0 0.607198 0.320980 0.048828 0.048828
0 0.663913 0.306500 0.048828 0.048828
0 0.624092 0.277539 0.048828 0.048828
0 0.650639 0.259439 0.048828 0.048828
0 0.735108 0.266679 0.048828 0.048828
0 0.766482 0.302880 0.048828 0.048828
0 0.829230 0.282366 0.048828 0.048828
0 0.850950 0.253405 0.048828 0.048828
0 0.910078 0.259439 0.048828 0.048828
0 0.974033 0.249785 0.048828 0.048828
0 0.966793 0.287193 0.048828 0.048828
0 0.900425 0.313740 0.048828 0.048828
0 0.859397 0.292019 0.048828 0.048828
0 0.836470 0.334254 0.048828 0.048828
0 0.878704 0.357181 0.048828 0.048828
0 0.933005 0.360801 0.048828 0.048828
0 0.995753 0.335460 0.048828 0.048828
0 0.765275 0.352354 0.048828 0.048828
0 0.765275 0.384935 0.048828 0.048828
0 0.723041 0.376488 0.048828 0.048828
0 0.704940 0.305293 0.048828 0.048828
0 0.671153 0.348734 0.048828 0.048828
0 0.619265 0.375281 0.048828 0.048828
0 0.569791 0.380108 0.048828 0.048828
0 0.672360 0.404242 0.048828 0.048828
0 0.969395 0.390616 0.048828 0.048828
0 0.904985 0.410355 0.048828 0.048828
0 0.854080 0.406199 0.048828 0.048828
0 0.725260 0.445676 0.048828 0.048828
0 0.770970 0.456065 0.048828 0.048828
0 0.827069 0.460220 0.048828 0.048828
0 0.885246 0.450871 0.048828 0.048828
0 0.813564 0.510086 0.048828 0.048828
0 0.864469 0.521514 0.048828 0.048828
0 0.769931 0.527747 0.048828 0.048828
0 0.729415 0.549563 0.048828 0.048828
0 0.809409 0.565147 0.048828 0.048828
0 0.911218 0.504892 0.048828 0.048828
0 0.962123 0.460220 0.048828 0.048828
0 0.902907 0.544369 0.048828 0.048828
0 0.950695 0.550602 0.048828 0.048828
0 0.984978 0.523592 0.048828 0.048828
0 0.981861 0.590080 0.048828 0.048828
0 0.962123 0.670073 0.048828 0.048828
0 0.883169 0.660723 0.048828 0.048828
0 0.936151 0.618129 0.048828 0.048828
0 0.888363 0.597352 0.048828 0.048828
0 0.855119 0.582807 0.048828 0.048828
0 0.814603 0.618129 0.048828 0.048828
0 0.840575 0.673189 0.048828 0.048828
0 0.839536 0.715783 0.048828 0.048828
0 0.763698 0.612935 0.048828 0.048828
0 0.720066 0.612935 0.048828 0.048828
0 0.716949 0.710589 0.048828 0.048828
0 0.755387 0.763571 0.048828 0.048828
0 0.802137 0.772921 0.048828 0.048828
0 0.864469 0.768766 0.048828 0.048828
0 0.753310 0.833176 0.048828 0.048828
0 0.793826 0.825904 0.048828 0.048828
0 0.859274 0.824865 0.048828 0.048828
0 0.909140 0.791621 0.048828 0.048828
0 0.759543 0.916285 0.048828 0.048828
0 0.795903 0.897586 0.048828 0.048828
0 0.839536 0.887197 0.048828 0.048828
0 0.762659 0.972385 0.048828 0.048828
0 0.818758 0.990045 0.048828 0.048828
0 0.833303 0.946413 0.048828 0.048828
0 0.893557 0.960957 0.048828 0.048828
0 0.944462 0.999395 0.048828 0.048828
0 0.954851 0.956801 0.048828 0.048828
0 0.997445 0.980696 0.048828 0.048828
0 0.994328 0.931869 0.048828 0.048828
0 0.957967 0.918363 0.048828 0.048828
0 0.926801 0.919402 0.048828 0.048828
0 0.900829 0.906936 0.048828 0.048828
0 0.939268 0.890314 0.048828 0.048828
0 0.994328 0.884080 0.048828 0.048828
0 0.911218 0.860186 0.048828 0.048828
0 0.899791 0.717861 0.048828 0.048828
0 0.975628 0.728250 0.048828 0.048828
0 0.961084 0.767727 0.048828 0.048828
0 0.955890 0.815515 0.048828 0.048828
0 0.997445 0.834215 0.048828 0.048828
0 0.708638 0.958879 0.048828 0.048828
0 0.213523 0.993188 0.048828 0.048828
0 0.263341 0.965629 0.048828 0.048828
0 0.227302 0.939130 0.048828 0.048828
0 0.183843 0.916870 0.048828 0.048828
0 0.240022 0.882951 0.048828 0.048828
0 0.196563 0.853272 0.048828 0.048828
0 0.124485 0.909451 0.048828 0.048828
0 0.102226 0.856452 0.048828 0.048828
0 0.154164 0.828893 0.048828 0.048828
0 0.137205 0.783315 0.048828 0.048828
0 0.078907 0.793914 0.048828 0.048828
0 0.032268 0.776955 0.048828 0.048828
0 0.044988 0.832073 0.048828 0.048828
0 0.081027 0.750456 0.048828 0.048828
0 0.043928 0.728196 0.048828 0.048828
0 0.038628 0.687918 0.048828 0.048828
0 0.000469 0.683678 0.048828 0.048828
0 0.023789 0.651879 0.048828 0.048828
0 0.038628 0.596761 0.048828 0.048828
0 0.032268 0.378408 0.048828 0.048828
0 0.070427 0.389007 0.048828 0.048828
0 0.128725 0.382648 0.048828 0.048828
0 0.180664 0.381588 0.048828 0.048828
0 0.206103 0.411267 0.048828 0.048828
0 0.129785 0.429286 0.048828 0.048828
0 0.078907 0.423986 0.048828 0.048828
0 0.032268 0.419746 0.048828 0.048828
0 0.011069 0.471685 0.048828 0.048828
0 0.038628 0.491824 0.048828 0.048828
0 0.095866 0.482284 0.048828 0.048828
0 0.160524 0.460025 0.048828 0.048828
0 0.102226 0.499244 0.048828 0.048828
0 0.044988 0.546942 0.048828 0.048828
0 0.076787 0.571322 0.048828 0.048828
0 0.129785 0.582981 0.048828 0.048828
0 0.108586 0.679438 0.048828 0.048828
0 0.160524 0.667778 0.048828 0.048828
0 0.147805 0.611600 0.048828 0.048828
0 0.157344 0.695337 0.048828 0.048828
0 0.148865 0.737736 0.048828 0.048828
0 0.173244 0.769535 0.048828 0.048828
0 0.223062 0.808754 0.048828 0.048828
0 0.230482 0.751516 0.048828 0.048828
0 0.207163 0.720777 0.048828 0.048828
0 0.217762 0.668838 0.048828 0.048828
0 0.224122 0.615840 0.048828 0.048828
0 0.200803 0.563902 0.048828 0.048828
0 0.235782 0.552242 0.048828 0.048828
0 0.177484 0.531043 0.048828 0.048828
0 0.122365 0.546942 0.048828 0.048828
0 0.152044 0.513023 0.048828 0.048828
0 0.194443 0.487584 0.048828 0.048828
0 0.225182 0.458965 0.048828 0.048828
0 0.261221 0.365688 0.048828 0.048828
0 0.270761 0.405967 0.048828 0.048828
0 0.321639 0.382648 0.048828 0.048828
0 0.320579 0.324349 0.048828 0.048828
0 0.385237 0.369928 0.048828 0.048828
0 0.427636 0.381588 0.048828 0.048828
0 0.460495 0.408087 0.048828 0.048828
0 0.468974 0.457905 0.048828 0.048828
0 0.379937 0.422926 0.048828 0.048828
0 0.340718 0.438826 0.048828 0.048828
0 0.287720 0.444126 0.048828 0.048828
0 0.275001 0.485464 0.048828 0.048828
0 0.322699 0.483344 0.048828 0.048828
0 0.385237 0.469565 0.048828 0.048828
0 0.271821 0.519383 0.048828 0.048828
0 0.290900 0.539523 0.048828 0.048828
0 0.340718 0.527863 0.048828 0.048828
0 0.379937 0.518323 0.048828 0.048828
0 0.321639 0.586161 0.048828 0.048828
0 0.369337 0.572381 0.048828 0.048828
0 0.397957 0.576621 0.048828 0.048828
0 0.273941 0.631740 0.048828 0.048828
0 0.314219 0.632800 0.048828 0.048828
0 0.357678 0.642339 0.048828 0.048828
0 0.251681 0.681558 0.048828 0.048828
0 0.287720 0.693218 0.048828 0.048828
0 0.329059 0.691098 0.048828 0.048828
0 0.300440 0.734556 0.048828 0.048828
0 0.362978 0.722897 0.048828 0.048828
0 0.300440 0.773775 0.048828 0.048828
0 0.308919 0.804514 0.048828 0.048828
0 0.361918 0.812994 0.048828 0.048828
0 0.361918 0.759995 0.048828 0.048828
0 0.316339 0.857512 0.048828 0.048828
0 0.373577 0.859632 0.048828 0.048828
0 0.312099 0.905211 0.048828 0.048828
0 0.404316 0.897791 0.048828 0.048828
0 0.405376 0.946549 0.048828 0.048828
0 0.358738 0.968809 0.048828 0.048828
0 0.305740 0.968809 0.048828 0.048828
0 0.476394 0.960329 0.048828 0.048828
0 0.457315 0.916870 0.048828 0.048828
0 0.496533 0.907331 0.048828 0.048828
0 0.525152 0.952909 0.048828 0.048828
0 0.584510 0.964569 0.048828 0.048828
0 0.581331 0.915810 0.048828 0.048828
0 0.560131 0.886131 0.048828 0.048828
0 0.604650 0.868112 0.048828 0.048828
0 0.647048 0.846913 0.048828 0.048828
0 0.700047 0.844793 0.048828 0.048828
0 0.665068 0.907331 0.048828 0.048828
0 0.705347 0.910511 0.048828 0.048828
0 0.650228 0.968809 0.048828 0.048828
0 0.708526 0.775895 0.048828 0.048828
0 0.662948 0.786495 0.048828 0.048828
0 0.625849 0.810874 0.048828 0.048828
0 0.578151 0.768475 0.048828 0.048828
0 0.578151 0.822533 0.048828 0.048828
0 0.527272 0.822533 0.048828 0.048828
0 0.498653 0.855392 0.048828 0.048828
0 0.463674 0.824653 0.048828 0.048828
0 0.419156 0.818294 0.048828 0.048828
0 0.419156 0.772715 0.048828 0.048828
0 0.485934 0.776955 0.048828 0.048828
0 0.436115 0.733496 0.048828 0.048828
0 0.499713 0.716537 0.048828 0.048828
0 0.543172 0.741976 0.048828 0.048828
0 0.590870 0.715477 0.048828 0.048828
0 0.642809 0.716537 0.048828 0.048828
0 0.680967 0.690038 0.048828 0.048828
0 0.761525 0.677318 0.048828 0.048828
0 0.661888 0.638099 0.048828 0.048828
0 0.616309 0.668838 0.048828 0.048828
0 0.615250 0.613720 0.048828 0.048828
0 0.701107 0.545882 0.048828 0.048828
0 0.650228 0.543762 0.048828 0.048828
0 0.661888 0.495004 0.048828 0.048828
0 0.672488 0.451545 0.048828 0.048828
0 0.652348 0.470625 0.048828 0.048828
0 0.613130 0.483344 0.048828 0.048828
0 0.616309 0.448365 0.048828 0.048828
0 0.568611 0.423986 0.048828 0.048828
0 0.635389 0.426106 0.048828 0.048828
0 0.549532 0.453665 0.048828 0.048828
0 0.545292 0.507724 0.048828 0.048828
0 0.584510 0.558602 0.048828 0.048828
0 0.555891 0.593581 0.048828 0.048828
0 0.550592 0.637039 0.048828 0.048828
0 0.558011 0.683678 0.048828 0.048828
0 0.500773 0.668838 0.048828 0.048828
0 0.426576 0.653999 0.048828 0.048828
0 0.465794 0.619020 0.048828 0.048828
0 0.489114 0.569202 0.048828 0.048828
0 0.471094 0.510903 0.048828 0.048828
0 0.440355 0.527863 0.048828 0.048828
0 0.501833 0.488644 0.048828 0.048828
0 0.502893 0.410207 0.048828 0.048828