0 0.995146 0.930352 0.048828 0.048828
0 0.980408 0.892585 0.048828 0.048828
0 0.973039 0.906402 0.048828 0.048828
0 0.951852 0.899954 0.048828 0.048828
0 0.951852 0.927589 0.048828 0.048828
0 0.920534 0.897191 0.048828 0.048828
0 0.914086 0.936800 0.048828 0.048828
0 0.888294 0.922983 0.048828 0.048828
0 0.889215 0.902718 0.048828 0.048828
0 0.862502 0.895349 0.048828 0.048828
0 0.866186 0.914693 0.048828 0.048828
0 0.836710 0.899033 0.048828 0.048828
0 0.821972 0.916535 0.048828 0.048828
0 0.808155 0.898112 0.048828 0.048828
0 0.806312 0.884295 0.048828 0.048828
0 0.825656 0.878768 0.048828 0.048828
0 0.777757 0.870478 0.048828 0.048828
0 0.755650 0.855740 0.048828 0.048828
0 0.903953 0.836396 0.048828 0.048828
0 0.593529 0.820736 0.048828 0.048828
0 0.528128 0.798629 0.048828 0.048828
0 0.322713 0.782048 0.048828 0.048828
0 0.742754 0.937721 0.048828 0.048828
0 0.711435 0.939563 0.048828 0.048828
0 0.692091 0.939563 0.048828 0.048828
0 0.654324 0.945090 0.048828 0.048828
0 0.625769 0.947854 0.048828 0.048828
0 0.603661 0.948775 0.048828 0.048828
0 0.573264 0.965355 0.048828 0.048828
0 0.601819 0.966276 0.048828 0.048828
0 0.632217 0.965355 0.048828 0.048828
0 0.655245 0.966276 0.048828 0.048828
0 0.675510 0.963513 0.048828 0.048828
0 0.687485 0.975488 0.048828 0.048828
0 0.698539 0.958907 0.048828 0.048828
0 0.718804 0.977330 0.048828 0.048828
0 0.730779 0.968119 0.048828 0.048828
0 0.760255 0.957986 0.048828 0.048828
0 0.577869 0.990226 0.048828 0.048828
0 0.609188 0.997595 0.048828 0.048828
0 0.644192 0.998516 0.048828 0.048828
0 0.739990 0.987463 0.048828 0.048828
0 0.762098 0.996674 0.048828 0.048828
0 0.763940 0.980094 0.048828 0.048828
0 0.816445 0.989305 0.048828 0.048828
0 0.894742 0.982857 0.048828 0.048828
0 0.455767 0.833120 0.048828 0.048828
0 0.426086 0.819815 0.048828 0.048828
0 0.423015 0.831073 0.048828 0.048828
0 0.423015 0.852567 0.048828 0.048828
0 0.449626 0.861778 0.048828 0.048828
0 0.400499 0.844379 0.048828 0.048828
0 0.397428 0.817768 0.048828 0.048828
0 0.373888 0.815721 0.048828 0.048828
0 0.354442 0.817768 0.048828 0.048828
0 0.337042 0.830050 0.048828 0.048828
0 0.370817 0.844379 0.048828 0.048828
0 0.379005 0.866896 0.048828 0.048828
0 0.346254 0.858708 0.048828 0.048828
0 0.323737 0.892483 0.048828 0.048828
0 0.321690 0.850520 0.048828 0.048828
0 0.315549 0.819815 0.048828 0.048828
0 0.290985 0.826980 0.048828 0.048828
0 0.284844 0.852567 0.048828 0.048828
0 0.279727 0.890436 0.048828 0.048828
0 0.276656 0.921141 0.048828 0.048828
0 0.222412 0.895553 0.048828 0.048828
0 0.225482 0.873037 0.048828 0.048828
0 0.202965 0.874060 0.048828 0.048828
0 0.145650 0.886342 0.048828 0.048828
0 0.254140 0.828003 0.048828 0.048828
0 0.243905 0.807533 0.048828 0.048828
0 0.280750 0.799345 0.048828 0.048828
0 0.240834 0.788087 0.048828 0.048828
0 0.214224 0.780923 0.048828 0.048828
0 0.207059 0.798322 0.048828 0.048828
0 0.222412 0.812651 0.048828 0.048828
0 0.193754 0.804463 0.048828 0.048828
0 0.191707 0.829027 0.048828 0.048828
0 0.189660 0.768641 0.048828 0.048828
0 0.136438 0.987667 0.048828 0.048828
0 0.095499 0.984597 0.048828 0.048828
0 0.136438 0.964127 0.048828 0.048828
0 0.087311 0.973339 0.048828 0.048828
0 0.111875 0.962080 0.048828 0.048828
0 0.077076 0.959010 0.048828 0.048828
0 0.104710 0.945704 0.048828 0.048828
0 0.097546 0.896577 0.048828 0.048828
0 0.058653 0.909882 0.048828 0.048828
0 0.135415 0.831073 0.048828 0.048828
0 0.162026 0.829027 0.048828 0.048828
0 0.025902 0.879178 0.048828 0.048828
0 0.051489 0.842332 0.048828 0.048828
0 0.116992 0.837214 0.048828 0.048828
0 0.127227 0.745100 0.048828 0.048828
0 0.057630 0.758406 0.048828 0.048828
0 0.092428 0.736912 0.048828 0.048828
0 0.071959 0.742030 0.048828 0.048828
0 0.043301 0.748171 0.048828 0.048828
0 0.783850 0.911019 0.048828 0.048828
0 0.564300 0.791059 0.048828 0.048828
0 0.718211 0.855565 0.048828 0.048828
0 0.697841 0.846512 0.048828 0.048828
0 0.667285 0.856697 0.048828 0.048828
0 0.623148 0.854434 0.048828 0.048828
0 0.575617 0.858961 0.048828 0.048828
0 0.495266 0.828405 0.048828 0.048828
0 0.171600 0.810297 0.048828 0.048828