0 0.136095 0.992924 0.048828 0.048828
0 0.039660 0.991815 0.048828 0.048828
0 0.067372 0.971863 0.048828 0.048828
0 0.066263 0.913116 0.048828 0.048828
0 0.025251 0.882079 0.048828 0.048828
0 0.171565 0.951911 0.048828 0.048828
0 0.214795 0.953020 0.048828 0.048828
0 0.331182 0.962996 0.048828 0.048828
0 0.369977 0.935285 0.048828 0.048828
0 0.413207 0.910899 0.048828 0.048828
0 0.433159 0.957454 0.048828 0.048828
0 0.410990 0.856585 0.048828 0.048828
0 0.371086 0.852151 0.048828 0.048828
0 0.295711 0.915333 0.048828 0.048828
0 0.299037 0.856585 0.048828 0.048828
0 0.253590 0.885405 0.048828 0.048828
0 0.181541 0.876537 0.048828 0.048828
0 0.133878 0.896489 0.048828 0.048828
0 0.109492 0.848826 0.048828 0.048828
0 0.211470 0.842175 0.048828 0.048828
0 0.265783 0.804488 0.048828 0.048828
0 0.171565 0.801163 0.048828 0.048828
0 0.122794 0.759042 0.048828 0.048828
0 0.093974 0.770126 0.048828 0.048828
0 0.051853 0.740198 0.048828 0.048828
0 0.047420 0.787861 0.048828 0.048828
0 0.007515 0.689210 0.048828 0.048828
0 0.034118 0.662607 0.048828 0.048828
0 0.081781 0.652631 0.048828 0.048828
0 0.136095 0.665932 0.048828 0.048828
0 0.026359 0.589450 0.048828 0.048828
0 0.203710 0.752391 0.048828 0.048828
0 0.219229 0.703620 0.048828 0.048828
0 0.275759 0.760150 0.048828 0.048828
0 0.340049 0.790078 0.048828 0.048828
0 0.406556 0.771235 0.048828 0.048828
0 0.443135 0.751283 0.048828 0.048828
0 0.449785 0.882079 0.048828 0.048828
0 0.387712 0.726897 0.048828 0.048828
0 0.397688 0.688101 0.048828 0.048828
0 0.413207 0.649306 0.048828 0.048828
0 0.442026 0.583907 0.048828 0.048828
0 0.335615 0.704728 0.048828 0.048828
0 0.279085 0.706945 0.048828 0.048828
0 0.258024 0.663715 0.048828 0.048828
0 0.209253 0.637113 0.048828 0.048828
0 0.119469 0.596100 0.048828 0.048828
0 0.171565 0.596100 0.048828 0.048828
0 0.231422 0.604968 0.048828 0.048828
0 0.312338 0.641547 0.048828 0.048828
0 0.364435 0.638221 0.048828 0.048828
0 0.389929 0.578365 0.048828 0.048828
0 0.290169 0.586124 0.048828 0.048828
0 0.030793 0.540678 0.048828 0.048828
0 0.089540 0.524051 0.048828 0.048828
0 0.149397 0.536244 0.048828 0.048828
0 0.208144 0.540678 0.048828 0.048828
0 0.270217 0.539570 0.048828 0.048828
0 0.303471 0.499665 0.048828 0.048828
0 0.347808 0.547329 0.048828 0.048828
0 0.423183 0.535136 0.048828 0.048828
0 0.386604 0.495232 0.048828 0.048828
0 0.426508 0.458653 0.048828 0.048828
0 0.345591 0.458653 0.048828 0.048828
0 0.403231 0.418749 0.048828 0.048828
0 0.366652 0.386604 0.048828 0.048828
0 0.316772 0.404339 0.048828 0.048828
0 0.276868 0.463087 0.048828 0.048828
0 0.258024 0.395472 0.048828 0.048828
0 0.228096 0.434267 0.048828 0.048828
0 0.203710 0.479713 0.048828 0.048828
0 0.141637 0.481930 0.048828 0.048828
0 0.130553 0.433159 0.048828 0.048828
0 0.188192 0.389929 0.048828 0.048828
0 0.148288 0.386604 0.048828 0.048828
0 0.120577 0.379953 0.048828 0.048828
0 0.054070 0.362218 0.048828 0.048828
0 0.074022 0.409881 0.048828 0.048828
0 0.086215 0.475280 0.048828 0.048828
0 0.004190 0.480822 0.048828 0.048828
0 0.019708 0.316772 0.048828 0.048828
0 0.020817 0.244723 0.048828 0.048828
0 0.046311 0.269109 0.048828 0.048828
0 0.086215 0.310121 0.048828 0.048828
0 0.112818 0.263566 0.048828 0.048828
0 0.152722 0.307904 0.048828 0.048828
0 0.188192 0.347808 0.048828 0.048828
0 0.192626 0.272434 0.048828 0.048828
0 0.222554 0.282410 0.048828 0.048828
0 0.258024 0.341158 0.048828 0.048828
0 0.327856 0.341158 0.048828 0.048828
0 0.283519 0.274651 0.048828 0.048828
0 0.357784 0.289061 0.048828 0.048828
0 0.398797 0.253590 0.048828 0.048828
0 0.399905 0.321206 0.048828 0.048828
0 0.443135 0.322314 0.048828 0.048828
0 0.984056 0.875429 0.048828 0.048828
0 0.936393 0.906465 0.048828 0.048828
0 0.951911 0.972972 0.048828 0.048828
0 0.863236 0.939719 0.048828 0.048828
0 0.827765 0.957454 0.048828 0.048828
0 0.761259 0.964104 0.048828 0.048828
0 0.721355 0.985165 0.048828 0.048828
0 0.671475 0.997358 0.048828 0.048828
0 0.622703 0.979623 0.048828 0.048828
0 0.572823 0.996249 0.048828 0.048828
0 0.488581 0.991815 0.048828 0.048828
0 0.470846 0.931959 0.048828 0.048828
0 0.502991 0.880971 0.048828 0.048828
0 0.550654 0.937502 0.048828 0.048828
0 0.612727 0.931959 0.048828 0.048828
0 0.678125 0.933068 0.048828 0.048828
0 0.743524 0.928634 0.048828 0.048828
0 0.795621 0.915333 0.048828 0.048828
0 0.844392 0.883188 0.048828 0.048828
0 0.905357 0.861019 0.048828 0.048828
0 0.821115 0.849934 0.048828 0.048828
0 0.754608 0.873212 0.048828 0.048828
0 0.673691 0.880971 0.048828 0.048828
0 0.602751 0.882079 0.048828 0.048828
0 0.478605 0.783428 0.048828 0.048828
0 0.532919 0.802271 0.048828 0.048828
0 0.569498 0.827765 0.048828 0.048828
0 0.607185 0.824440 0.048828 0.048828
0 0.651523 0.828874 0.048828 0.048828
0 0.728005 0.827765 0.048828 0.048828
0 0.764584 0.816681 0.048828 0.048828
0 0.794512 0.804488 0.048828 0.048828
0 0.897598 0.805597 0.048828 0.048828
0 0.972972 0.813356 0.048828 0.048828
0 0.469737 0.713596 0.048828 0.048828
0 0.489689 0.688101 0.048828 0.048828
0 0.476388 0.622703 0.048828 0.048828
0 0.517401 0.639330 0.048828 0.048828
0 0.548437 0.721355 0.048828 0.048828
0 0.589450 0.761259 0.048828 0.048828
0 0.639330 0.746849 0.048828 0.048828
0 0.652631 0.695860 0.048828 0.048828
0 0.691427 0.716921 0.048828 0.048828
0 0.762367 0.719138 0.048828 0.048828
0 0.684776 0.784536 0.048828 0.048828
0 0.730222 0.765693 0.048828 0.048828
0 0.780102 0.771235 0.048828 0.048828
0 0.848826 0.765693 0.048828 0.048828
0 0.918658 0.766801 0.048828 0.048828
0 0.884296 0.731331 0.048828 0.048828
0 0.940827 0.712487 0.048828 0.048828
0 0.988490 0.702511 0.048828 0.048828
0 0.979623 0.661499 0.048828 0.048828
0 0.976297 0.590558 0.048828 0.048828
0 0.992924 0.527377 0.048828 0.048828
0 0.935285 0.559522 0.048828 0.048828
0 0.923092 0.621595 0.048828 0.048828
0 0.892055 0.671475 0.048828 0.048828
0 0.810030 0.729114 0.048828 0.048828
0 0.825549 0.669258 0.048828 0.048828
0 0.831091 0.623811 0.048828 0.048828
0 0.870995 0.577257 0.048828 0.048828
0 0.845501 0.559522 0.048828 0.048828
0 0.771235 0.673691 0.048828 0.048828
0 0.716921 0.672583 0.048828 0.048828
0 0.663715 0.654848 0.048828 0.048828
0 0.607185 0.671475 0.048828 0.048828
0 0.610510 0.602751 0.048828 0.048828
0 0.659282 0.597209 0.048828 0.048828
0 0.734656 0.599426 0.048828 0.048828
0 0.771235 0.555088 0.048828 0.048828
0 0.813356 0.535136 0.048828 0.048828
0 0.804488 0.489689 0.048828 0.048828
0 0.714704 0.537353 0.048828 0.048828
0 0.663715 0.534027 0.048828 0.048828
0 0.661499 0.488581 0.048828 0.048828
0 0.567281 0.520726 0.048828 0.048828
0 0.553979 0.573931 0.048828 0.048828
0 0.494123 0.550654 0.048828 0.048828
0 0.521834 0.508533 0.048828 0.048828
0 0.466412 0.485256 0.048828 0.048828
0 0.536244 0.449785 0.048828 0.048828
0 0.545112 0.377736 0.048828 0.048828
0 0.529594 0.331182 0.048828 0.048828
0 0.563955 0.309013 0.048828 0.048828
0 0.611619 0.297928 0.048828 0.048828
0 0.677017 0.287952 0.048828 0.048828
0 0.719138 0.312338 0.048828 0.048828
0 0.771235 0.317880 0.048828 0.048828
0 0.767909 0.355567 0.048828 0.048828
0 0.616052 0.391038 0.048828 0.048828
0 0.670366 0.365544 0.048828 0.048828
0 0.610510 0.435376 0.048828 0.048828
0 0.650414 0.424291 0.048828 0.048828
0 0.701403 0.448677 0.048828 0.048828
0 0.749066 0.467521 0.048828 0.048828
0 0.776777 0.438701 0.048828 0.048828
0 0.862127 0.507425 0.048828 0.048828
0 0.910899 0.500774 0.048828 0.048828
0 0.980731 0.483039 0.048828 0.048828
0 0.940827 0.430942 0.048828 0.048828
0 0.873212 0.433159 0.048828 0.048828
0 0.824440 0.414315 0.048828 0.048828
0 0.825549 0.360001 0.048828 0.048828
0 0.896489 0.360001 0.048828 0.048828
0 0.917550 0.320097 0.048828 0.048828
0 0.826657 0.294603 0.048828 0.048828
0 0.989599 0.322314 0.048828 0.048828
0 0.977406 0.384387 0.048828 0.048828
0 0.979571 0.021955 0.048828 0.048828
0 0.984051 0.084676 0.048828 0.048828
0 0.958291 0.270599 0.048828 0.048828
0 0.926930 0.260519 0.048828 0.048828
0 0.977331 0.224678 0.048828 0.048828
0 0.921330 0.202278 0.048828 0.048828
0 0.962771 0.165317 0.048828 0.048828
0 0.930290 0.116037 0.048828 0.048828
0 0.926930 0.058916 0.048828 0.048828
0 0.872049 0.070116 0.048828 0.048828
0 0.863089 0.009635 0.048828 0.048828
0 0.817168 0.036515 0.048828 0.048828
0 0.788048 0.074596 0.048828 0.048828
0 0.810448 0.122757 0.048828 0.048828
0 0.873169 0.145157 0.048828 0.048828
0 0.841809 0.198918 0.048828 0.048828
0 0.784688 0.205638 0.048828 0.048828
0 0.754447 0.155237 0.048828 0.048828
0 0.720847 0.205638 0.048828 0.048828
0 0.780208 0.258279 0.048828 0.048828
0 0.845169 0.242599 0.048828 0.048828
0 0.742127 0.051075 0.048828 0.048828
0 0.690606 0.113797 0.048828 0.048828
0 0.674926 0.037635 0.048828 0.048828
0 0.645805 0.088036 0.048828 0.048828
0 0.612205 0.094756 0.048828 0.048828
0 0.587564 0.150757 0.048828 0.048828
0 0.661486 0.158597 0.048828 0.048828
0 0.649165 0.229158 0.048828 0.048828
0 0.608845 0.203398 0.048828 0.048828
0 0.617805 0.272839 0.048828 0.048828
0 0.560684 0.248199 0.048828 0.048828
0 0.477803 0.297480 0.048828 0.048828
0 0.505803 0.235879 0.048828 0.048828
0 0.517003 0.178758 0.048828 0.048828
0 0.549484 0.137317 0.048828 0.048828
0 0.548364 0.086916 0.048828 0.048828
0 0.462122 0.180998 0.048828 0.048828
0 0.466602 0.132837 0.048828 0.048828
0 0.480043 0.063396 0.048828 0.048828
0 0.531563 0.028675 0.048828 0.048828
0 0.604365 0.027555 0.048828 0.048828
0 0.037908 0.209321 0.048828 0.048828
0 0.000508 0.197894 0.048828 0.048828
0 0.041024 0.004664 0.048828 0.048828
0 0.048296 0.073229 0.048828 0.048828
0 0.009858 0.157378 0.048828 0.048828
0 0.076346 0.139717 0.048828 0.048828
0 0.096084 0.189583 0.048828 0.048828
0 0.164650 0.204127 0.048828 0.048828
0 0.220749 0.207244 0.048828 0.048828
0 0.312170 0.219710 0.048828 0.048828
0 0.355802 0.201011 0.048828 0.048828
0 0.409824 0.206205 0.048828 0.048828
0 0.379697 0.130367 0.048828 0.048828
0 0.426446 0.091929 0.048828 0.048828
0 0.421251 0.010897 0.048828 0.048828
0 0.360997 0.077385 0.048828 0.048828
0 0.340219 0.030635 0.048828 0.048828
0 0.284120 0.029597 0.048828 0.048828
0 0.223866 0.008819 0.048828 0.048828
0 0.296587 0.110629 0.048828 0.048828
0 0.247760 0.071151 0.048828 0.048828
0 0.294509 0.164650 0.048828 0.048828
0 0.250876 0.130367 0.048828 0.048828
0 0.208283 0.151145 0.048828 0.048828
0 0.186466 0.104395 0.048828 0.048828
0 0.135562 0.140756 0.048828 0.048828
0 0.095046 0.108551 0.048828 0.048828
0 0.117901 0.073229 0.048828 0.048828
0 0.176078 0.055568 0.048828 0.048828
0 0.102318 0.009858 0.048828 0.048828