0 0.981270 0.964425 0.048828 0.048828
0 0.498585 0.971982 0.048828 0.048828
0 0.544869 0.967259 0.048828 0.048828
0 0.434353 0.965370 0.048828 0.048828
0 0.363508 0.984262 0.048828 0.048828
0 0.311556 0.984262 0.048828 0.048828
0 0.282274 0.974816 0.048828 0.048828
0 0.263382 0.950256 0.048828 0.048828
0 0.305888 0.914362 0.048828 0.048828
0 0.264327 0.914362 0.048828 0.048828
0 0.190649 0.880357 0.048828 0.048828
0 0.154754 0.931365 0.048828 0.048828
0 0.147198 0.982372 0.048828 0.048828
0 0.184037 0.984262 0.048828 0.048828
0 0.035736 0.951201 0.048828 0.048828
0 0.035736 0.918140 0.048828 0.048828
0 0.057462 0.884135 0.048828 0.048828
0 0.083910 0.880357 0.048828 0.048828