0 0.182118 0.213666 0.048828 0.048828
0 0.133016 0.178441 0.048828 0.048828
0 0.149028 0.210464 0.048828 0.048828
0 0.114870 0.247824 0.048828 0.048828
0 0.084982 0.213666 0.048828 0.048828
0 0.059363 0.258498 0.048828 0.048828
0 0.047621 0.223273 0.048828 0.048828
0 0.004924 0.193385 0.048828 0.048828
0 0.047621 0.932050 0.048828 0.048828
0 0.051891 0.906431 0.048828 0.048828
0 0.096723 0.936319 0.048828 0.048828
0 0.137286 0.896824 0.048828 0.048828
0 0.172511 0.886150 0.048828 0.048828
0 0.255771 0.875476 0.048828 0.048828
0 0.371054 0.984354 0.048828 0.048828
0 0.488472 0.985421 0.048828 0.048828
0 0.978704 0.018306 0.048828 0.048828
0 0.915080 0.010209 0.048828 0.048828
0 0.720737 0.028717 0.048828 0.048828