0 0.793814 0.984111 0.048828 0.048828
0 0.061412 0.979313 0.048828 0.048828
0 0.221325 0.980913 0.048828 0.048828
0 0.298083 0.963322 0.048828 0.048828
0 0.118980 0.980913 0.048828 0.048828
0 0.149364 0.944133 0.048828 0.048828
0 0.219726 0.932939 0.048828 0.048828
0 0.200536 0.873771 0.048828 0.048828
0 0.253308 0.875370 0.048828 0.048828
0 0.293286 0.870573 0.048828 0.048828
0 0.333264 0.896159 0.048828 0.048828
0 0.355652 0.851383 0.048828 0.048828
0 0.691562 0.969098 0.048828 0.048828
0 0.740461 0.942666 0.048828 0.048828
0 0.788039 0.949274 0.048828 0.048828
0 0.797290 0.892445 0.048828 0.048828
0 0.735175 0.900375 0.048828 0.048828
0 0.683633 0.891123 0.048828 0.048828
0 0.636055 0.957203 0.048828 0.048828
0 0.629447 0.895088 0.048828 0.048828
0 0.559403 0.950595 0.048828 0.048828
0 0.583191 0.883194 0.048828 0.048828
0 0.513147 0.901696 0.048828 0.048828
0 0.469534 0.913590 0.048828 0.048828
0 0.489358 0.961168 0.048828 0.048828
0 0.429886 0.965133 0.048828 0.048828
0 0.392881 0.908304 0.048828 0.048828
0 0.872621 0.933414 0.048828 0.048828
0 0.922842 0.940022 0.048828 0.048828
0 0.980992 0.942666 0.048828 0.048828
0 0.983635 0.913590 0.048828 0.048828
0 0.957203 0.896410 0.048828 0.048828
0 0.901696 0.892445 0.048828 0.048828
0 0.847511 0.875264 0.048828 0.048828
0 0.929450 0.848832 0.048828 0.048828
0 0.991565 0.818436 0.048828 0.048828
0 0.712708 0.843546 0.048828 0.048828
0 0.795968 0.835616 0.048828 0.048828
0 0.839581 0.798612 0.048828 0.048828
0 0.910947 0.809184 0.048828 0.048828
0 0.983635 0.769536 0.048828 0.048828
0 0.998173 0.621518 0.048828 0.048828
0 0.943987 0.641342 0.048828 0.048828
0 0.974384 0.716673 0.048828 0.048828
0 0.916234 0.699492 0.048828 0.048828
0 0.916234 0.752356 0.048828 0.048828
0 0.854119 0.729889 0.048828 0.048828
0 0.743104 0.725924 0.048828 0.048828
0 0.782752 0.717994 0.048828 0.048828
0 0.854119 0.686276 0.048828 0.048828
0 0.873943 0.636055 0.048828 0.048828
0 0.940022 0.575262 0.048828 0.048828
0 0.885837 0.588478 0.048828 0.048828
0 0.838259 0.630769 0.048828 0.048828
0 0.830330 0.596407 0.048828 0.048828
0 0.794647 0.580548 0.048828 0.048828
0 0.745748 0.585834 0.048828 0.048828
0 0.702135 0.604337 0.048828 0.048828
0 0.647950 0.634734 0.048828 0.048828
0 0.773501 0.666452 0.048828 0.048828
0 0.725924 0.675703 0.048828 0.048828
0 0.657201 0.704778 0.048828 0.048828
0 0.785396 0.777466 0.048828 0.048828
0 0.725924 0.785396 0.048828 0.048828
0 0.684954 0.799933 0.048828 0.048828
0 0.665130 0.753677 0.048828 0.048828
0 0.643985 0.848832 0.048828 0.048828
0 0.637377 0.795968 0.048828 0.048828
0 0.601694 0.835616 0.048828 0.048828
0 0.605658 0.758964 0.048828 0.048828
0 0.547508 0.823722 0.048828 0.048828
0 0.527684 0.842224 0.048828 0.048828
0 0.465569 0.848832 0.048828 0.048828
0 0.404776 0.854119 0.048828 0.048828
0 0.226360 0.815792 0.048828 0.048828
0 0.268651 0.806541 0.048828 0.048828
0 0.273938 0.772180 0.048828 0.048828
0 0.314907 0.789360 0.048828 0.048828
0 0.399489 0.807863 0.048828 0.048828
0 0.462926 0.773501 0.048828 0.048828
0 0.494644 0.805220 0.048828 0.048828
0 0.543543 0.741783 0.048828 0.048828
0 0.584513 0.707421 0.048828 0.048828
0 0.608302 0.630769 0.048828 0.048828
0 0.573940 0.645306 0.048828 0.048828
0 0.551473 0.694205 0.048828 0.048828
0 0.493323 0.679668 0.048828 0.048828
0 0.448388 0.708743 0.048828 0.048828
0 0.377022 0.732532 0.048828 0.048828
0 0.326802 0.708743 0.048828 0.048828
0 0.279224 0.723281 0.048828 0.048828
0 0.061161 0.729889 0.048828 0.048828
0 0.045301 0.680989 0.048828 0.048828
0 0.092879 0.667773 0.048828 0.048828
0 0.133848 0.642663 0.048828 0.048828
0 0.128562 0.703457 0.048828 0.048828
0 0.213144 0.692884 0.048828 0.048828
0 0.267330 0.682311 0.048828 0.048828
0 0.226360 0.649271 0.048828 0.048828
0 0.317550 0.628126 0.048828 0.048828
0 0.336053 0.679668 0.048828 0.048828
0 0.398168 0.690241 0.048828 0.048828
0 0.394203 0.657201 0.048828 0.048828
0 0.366449 0.630769 0.048828 0.048828
0 0.346625 0.583191 0.048828 0.048828
0 0.283189 0.581870 0.048828 0.048828
0 0.234290 0.583191 0.048828 0.048828
0 0.226360 0.511825 0.048828 0.048828
0 0.219752 0.443102 0.048828 0.048828
0 0.275259 0.440459 0.048828 0.048828
0 0.305656 0.542222 0.048828 0.048828
0 0.316229 0.470856 0.048828 0.048828
0 0.366449 0.540900 0.048828 0.048828
0 0.363806 0.490680 0.048828 0.048828
0 0.411384 0.461604 0.048828 0.048828
0 0.365128 0.410062 0.048828 0.048828
0 0.412705 0.392881 0.048828 0.048828
0 0.458961 0.412705 0.048828 0.048828
0 0.473499 0.449710 0.048828 0.048828
0 0.539579 0.439137 0.048828 0.048828
0 0.465569 0.492001 0.048828 0.048828
0 0.554116 0.492001 0.048828 0.048828
0 0.515790 0.529006 0.048828 0.048828
0 0.469534 0.556759 0.048828 0.048828
0 0.421956 0.572619 0.048828 0.048828
0 0.452353 0.599050 0.048828 0.048828
0 0.510503 0.626804 0.048828 0.048828
0 0.554116 0.597729 0.048828 0.048828
0 0.562046 0.548830 0.048828 0.048828
0 0.650593 0.571297 0.048828 0.048828
0 0.678346 0.550151 0.048828 0.048828
0 0.714029 0.539579 0.048828 0.048828
0 0.754999 0.530327 0.048828 0.048828
0 0.819757 0.538257 0.048828 0.048828
0 0.897731 0.536935 0.048828 0.048828
0 0.618874 0.539579 0.048828 0.048828
0 0.617553 0.494644 0.048828 0.048828
0 0.657201 0.481428 0.048828 0.048828
0 0.669095 0.507860 0.048828 0.048828
0 0.696849 0.486715 0.048828 0.048828
0 0.751034 0.465569 0.048828 0.048828
0 0.810506 0.480107 0.048828 0.048828
0 0.933414 0.507860 0.048828 0.048828
0 0.984957 0.489358 0.048828 0.048828
0 0.942666 0.465569 0.048828 0.048828
0 0.899053 0.461604 0.048828 0.048828
0 0.842224 0.448388 0.048828 0.048828
0 0.780109 0.424600 0.048828 0.048828
0 0.736497 0.411384 0.048828 0.048828
0 0.674381 0.437816 0.048828 0.048828
0 0.609623 0.448388 0.048828 0.048828
0 0.583191 0.424600 0.048828 0.048828
0 0.608302 0.387595 0.048828 0.048828
0 0.599050 0.362485 0.048828 0.048828
0 0.526363 0.386273 0.048828 0.048828
0 0.558081 0.342661 0.048828 0.048828
0 0.458961 0.361163 0.048828 0.048828
0 0.358520 0.366449 0.048828 0.048828
0 0.288475 0.375701 0.048828 0.048828
0 0.336053 0.332088 0.048828 0.048828
0 0.387595 0.328123 0.048828 0.048828
0 0.421956 0.281867 0.048828 0.048828
0 0.408741 0.343982 0.048828 0.048828
0 0.473499 0.317550 0.048828 0.048828
0 0.536935 0.304334 0.048828 0.048828
0 0.503895 0.266008 0.048828 0.048828
0 0.190677 0.361163 0.048828 0.048828
0 0.236933 0.333409 0.048828 0.048828
0 0.279224 0.325480 0.048828 0.048828
0 0.190677 0.284510 0.048828 0.048828
0 0.232968 0.289797 0.048828 0.048828
0 0.280546 0.276581 0.048828 0.048828
0 0.322837 0.266008 0.048828 0.048828
0 0.251470 0.226360 0.048828 0.048828
0 0.284510 0.217109 0.048828 0.048828
0 0.365128 0.244863 0.048828 0.048828
0 0.406097 0.213144 0.048828 0.048828
0 0.473499 0.215787 0.048828 0.048828
0 0.478785 0.157637 0.048828 0.048828
0 0.354555 0.182747 0.048828 0.048828
0 0.343982 0.137813 0.048828 0.048828
0 0.402133 0.166888 0.048828 0.048828
0 0.433851 0.173496 0.048828 0.048828
0 0.526363 0.170853 0.048828 0.048828
0 0.571297 0.160280 0.048828 0.048828
0 0.551473 0.106095 0.048828 0.048828
0 0.503895 0.117989 0.048828 0.048828
0 0.539579 0.211823 0.048828 0.048828
0 0.575262 0.213144 0.048828 0.048828
0 0.629447 0.254114 0.048828 0.048828
0 0.683633 0.256757 0.048828 0.048828
0 0.626804 0.321515 0.048828 0.048828
0 0.674381 0.317550 0.048828 0.048828
0 0.646628 0.388917 0.048828 0.048828
0 0.678346 0.369093 0.048828 0.048828
0 0.728567 0.359841 0.048828 0.048828
0 0.774823 0.342661 0.048828 0.048828
0 0.810506 0.386273 0.048828 0.048828
0 0.859405 0.403454 0.048828 0.048828
0 0.955882 0.429886 0.048828 0.048828
0 0.904339 0.390238 0.048828 0.048828
0 0.863370 0.347947 0.048828 0.048828
0 0.830330 0.309621 0.048828 0.048828
0 0.776144 0.283189 0.048828 0.048828
0 0.727245 0.234290 0.048828 0.048828
0 0.719316 0.199928 0.048828 0.048828
0 0.655879 0.193320 0.048828 0.048828
0 0.618874 0.143100 0.048828 0.048828
0 0.695527 0.141778 0.048828 0.048828
0 0.666452 0.104773 0.048828 0.048828
0 0.628126 0.070412 0.048828 0.048828
0 0.711386 0.063804 0.048828 0.048828
0 0.762928 0.073055 0.048828 0.048828
0 0.757642 0.133848 0.048828 0.048828
0 0.806541 0.169531 0.048828 0.048828
0 0.801255 0.230325 0.048828 0.048828
0 0.848832 0.256757 0.048828 0.048828
0 0.901696 0.314907 0.048828 0.048828
0 0.906982 0.281867 0.048828 0.048828
0 0.909626 0.246184 0.048828 0.048828
0 0.951917 0.217109 0.048828 0.048828
0 0.912269 0.156316 0.048828 0.048828
0 0.177461 0.768215 0.048828 0.048828
0 0.961168 0.382309 0.048828 0.048828
0 0.973062 0.322837 0.048828 0.048828
0 0.959846 0.160280 0.048828 0.048828
0 0.951917 0.096844 0.048828 0.048828
0 0.813149 0.115346 0.048828 0.048828
0 0.862048 0.112703 0.048828 0.048828
0 0.895088 0.073055 0.048828 0.048828
0 0.883194 0.041337 0.048828 0.048828
0 0.818436 0.045301 0.048828 0.048828
0 0.959846 0.040015 0.048828 0.048828
0 0.732532 0.014905 0.048828 0.048828
0 0.670417 0.024156 0.048828 0.048828
0 0.595086 0.017548 0.048828 0.048828
0 0.562046 0.050588 0.048828 0.048828
0 0.509182 0.042658 0.048828 0.048828
0 0.469534 0.083628 0.048828 0.048828
0 0.292440 0.148386 0.048828 0.048828
0 0.199928 0.128562 0.048828 0.048828
0 0.186712 0.096844 0.048828 0.048828
0 0.223717 0.071733 0.048828 0.048828
0 0.258078 0.117989 0.048828 0.048828
0 0.324158 0.106095 0.048828 0.048828
0 0.303013 0.069090 0.048828 0.048828
0 0.273938 0.034729 0.048828 0.048828
0 0.304334 0.008297 0.048828 0.048828
0 0.379665 0.086271 0.048828 0.048828
0 0.366449 0.016226 0.048828 0.048828
0 0.424600 0.045301 0.048828 0.048828
0 0.473499 0.010940 0.048828 0.048828
0 0.162924 0.050588 0.048828 0.048828
0 0.173496 0.001689 0.048828 0.048828
0 0.119311 0.012261 0.048828 0.048828