0 0.252533 0.302129 0.048828 0.048828
0 0.280767 0.322296 0.048828 0.048828
0 0.321101 0.318263 0.048828 0.048828
0 0.329168 0.303138 0.048828 0.048828
0 0.346309 0.313221 0.048828 0.048828
0 0.377568 0.305154 0.048828 0.048828
0 0.413869 0.314229 0.048828 0.048828
0 0.314042 0.576399 0.048828 0.048828
0 0.281775 0.568332 0.048828 0.048828
0 0.246483 0.933353 0.048828 0.048828
0 0.287825 0.941420 0.048828 0.048828
0 0.316059 0.924278 0.048828 0.048828
0 0.397735 0.908145 0.048828 0.048828
0 0.415885 0.896045 0.048828 0.048828
0 0.444119 0.902095 0.048828 0.048828
0 0.464286 0.904111 0.048828 0.048828
0 0.504620 0.901086 0.048828 0.048828
0 0.529828 0.897053 0.048828 0.048828
0 0.621588 0.901086 0.048828 0.048828
0 0.653855 0.893020 0.048828 0.048828
0 0.756706 0.927303 0.048828 0.048828
0 0.730489 0.943437 0.048828 0.048828
0 0.766789 0.920245 0.048828 0.048828
0 0.790990 0.921253 0.048828 0.048828
0 0.818215 0.914195 0.048828 0.048828
0 0.779898 0.933353 0.048828 0.048828
0 0.920058 0.883944 0.048828 0.048828
0 0.864599 0.662109 0.048828 0.048828
0 0.613521 0.051051 0.048828 0.048828
0 0.597387 0.088360 0.048828 0.048828
0 0.658896 0.089369 0.048828 0.048828
0 0.721414 0.095419 0.048828 0.048828
0 0.777881 0.042985 0.048828 0.048828
0 0.812165 0.042985 0.048828 0.048828
0 0.844432 0.022818 0.048828 0.048828
0 0.875691 0.208353 0.048828 0.048828
0 0.932158 0.199278 0.048828 0.048828
0 0.970475 0.191211 0.048828 0.048828