0 0.273007 0.953507 0.048828 0.048828
0 0.259762 0.905491 0.048828 0.048828
0 0.234926 0.890590 0.048828 0.048828
0 0.185254 0.890590 0.048828 0.048828
0 0.220024 0.948540 0.048828 0.048828
0 0.180287 0.930327 0.048828 0.048828
0 0.148828 0.950196 0.048828 0.048828
0 0.143861 0.910459 0.048828 0.048828
0 0.104124 0.925360 0.048828 0.048828
0 0.095845 0.885623 0.048828 0.048828
0 0.039551 0.897213 0.048828 0.048828
0 0.006437 0.885623 0.048828 0.048828
0 0.006350 0.549962 0.048828 0.048828
0 0.853490 0.006350 0.048828 0.048828
0 0.951763 0.127014 0.048828 0.048828
0 0.834830 0.085963 0.048828 0.048828
0 0.831099 0.118307 0.048828 0.048828
0 0.766412 0.064816 0.048828 0.048828
0 0.736557 0.079744 0.048828 0.048828
0 0.697994 0.068548 0.048828 0.048828
0 0.665651 0.072280 0.048828 0.048828
0 0.661919 0.049888 0.048828 0.048828
0 0.609673 0.037449 0.048828 0.048828
0 0.586037 0.067304 0.048828 0.048828
0 0.564890 0.034961 0.048828 0.048828
0 0.553694 0.059840 0.048828 0.048828
0 0.502692 0.079744 0.048828 0.048828
0 0.507668 0.062328 0.048828 0.048828
0 0.517619 0.029985 0.048828 0.048828
0 0.532547 0.025009 0.048828 0.048828
0 0.491496 0.016301 0.048828 0.048828
0 0.456665 0.010082 0.048828 0.048828
0 0.420590 0.022521 0.048828 0.048828
0 0.431786 0.043669 0.048828 0.048828
0 0.460397 0.034961 0.048828 0.048828
0 0.475325 0.054864 0.048828 0.048828
0 0.455421 0.071036 0.048828 0.048828
0 0.474081 0.094671 0.048828 0.048828
0 0.566134 0.100891 0.048828 0.048828
0 0.439250 0.088451 0.048828 0.048828
0 0.411882 0.064816 0.048828 0.048828
0 0.387003 0.032473 0.048828 0.048828
0 0.395711 0.010082 0.048828 0.048828
0 0.372075 0.018789 0.048828 0.048828
0 0.350928 0.017545 0.048828 0.048828
0 0.331025 0.028741 0.048828 0.048828
0 0.352172 0.051132 0.048828 0.048828
0 0.357148 0.068548 0.048828 0.048828
0 0.367100 0.100891 0.048828 0.048828
0 0.358392 0.175529 0.048828 0.048828
0 0.394467 0.181749 0.048828 0.048828
0 0.491496 0.201652 0.048828 0.048828
0 0.538767 0.197920 0.048828 0.048828
0 0.593501 0.195432 0.048828 0.048828
0 0.646992 0.219068 0.048828 0.048828
0 0.678091 0.238971 0.048828 0.048828
0 0.699238 0.220312 0.048828 0.048828
0 0.741533 0.224044 0.048828 0.048828
0 0.755217 0.197920 0.048828 0.048828
0 0.783828 0.195432 0.048828 0.048828
0 0.803731 0.217824 0.048828 0.048828
0 0.829855 0.207872 0.048828 0.048828
0 0.848514 0.225288 0.048828 0.048828
0 0.878369 0.241459 0.048828 0.048828
0 0.904492 0.268826 0.048828 0.048828
0 0.948031 0.275046 0.048828 0.048828
0 0.655699 0.400687 0.048828 0.048828
0 0.622112 0.400687 0.048828 0.048828
0 0.593501 0.276290 0.048828 0.048828
0 0.465373 0.333512 0.048828 0.048828
0 0.308633 0.026253 0.048828 0.048828
0 0.304901 0.044913 0.048828 0.048828
0 0.309877 0.071036 0.048828 0.048828
0 0.275046 0.057352 0.048828 0.048828
0 0.275046 0.031229 0.048828 0.048828
0 0.256387 0.015057 0.048828 0.048828
0 0.230263 0.000130 0.048828 0.048828
0 0.207872 0.025009 0.048828 0.048828
0 0.154381 0.016301 0.048828 0.048828
0 0.196676 0.085963 0.048828 0.048828
0 0.215336 0.082232 0.048828 0.048828
0 0.246435 0.094671 0.048828 0.048828
0 0.273802 0.155625 0.048828 0.048828
0 0.728399 0.319455 0.048828 0.048828
0 0.748960 0.304605 0.048828 0.048828
0 0.788941 0.313744 0.048828 0.048828
0 0.830064 0.312602 0.048828 0.048828
0 0.739822 0.386851 0.048828 0.048828
0 0.906598 0.410839 0.048828 0.048828
0 0.779802 0.442824 0.048828 0.048828
0 0.836917 0.447393 0.048828 0.048828