0 0.890332 0.953142 0.048828 0.048828
0 0.946863 0.987504 0.048828 0.048828
0 0.991200 0.962009 0.048828 0.048828
0 0.863729 0.823454 0.048828 0.048828
0 0.910284 0.874442 0.048828 0.048828
0 0.953513 0.917671 0.048828 0.048828
0 0.960164 0.876659 0.048828 0.048828
0 0.975682 0.780224 0.048828 0.048828
0 0.988983 0.467642 0.048828 0.048828
0 0.957947 0.587355 0.048828 0.048828
0 0.916934 0.596222 0.048828 0.048828
0 0.881464 0.537474 0.048828 0.048828
0 0.854861 0.492028 0.048828 0.048828
0 0.865946 0.448799 0.048828 0.048828
0 0.940212 0.647211 0.048828 0.048828
0 0.891440 0.648319 0.048828 0.048828
0 0.891440 0.702633 0.048828 0.048828
0 0.921368 0.695982 0.048828 0.048828
0 0.854861 0.743645 0.048828 0.048828
0 0.842669 0.786875 0.048828 0.048828
0 0.819391 0.831213 0.048828 0.048828
0 0.838235 0.878876 0.048828 0.048828
0 0.804981 0.918780 0.048828 0.048828
0 0.766186 0.943166 0.048828 0.048828
0 0.779487 0.998588 0.048828 0.048828
0 0.710764 0.967552 0.048828 0.048828
0 0.729607 0.919888 0.048828 0.048828
0 0.765077 0.879984 0.048828 0.048828
0 0.724065 0.857815 0.048828 0.048828
0 0.683052 0.813478 0.048828 0.048828
0 0.749559 0.813478 0.048828 0.048828
0 0.776162 0.794634 0.048828 0.048828
0 0.793897 0.744754 0.048828 0.048828
0 0.740692 0.751405 0.048828 0.048828
0 0.700788 0.760272 0.048828 0.048828
0 0.722956 0.690440 0.048828 0.048828
0 0.765077 0.707067 0.048828 0.048828
0 0.811632 0.689332 0.048828 0.048828
0 0.763969 0.663837 0.048828 0.048828
0 0.718523 0.643885 0.048828 0.048828
0 0.760644 0.619499 0.048828 0.048828
0 0.798331 0.602873 0.048828 0.048828
0 0.837126 0.648319 0.048828 0.048828
0 0.852645 0.566294 0.048828 0.048828
0 0.800548 0.546342 0.048828 0.048828
0 0.761752 0.514197 0.048828 0.048828
0 0.734041 0.544125 0.048828 0.048828
0 0.697462 0.574053 0.048828 0.048828
0 0.719631 0.472076 0.048828 0.048828
0 0.801656 0.470968 0.048828 0.048828
0 0.798331 0.414437 0.048828 0.048828
0 0.722956 0.400027 0.048828 0.048828
0 0.714089 0.343496 0.048828 0.048828
0 0.770620 0.347930 0.048828 0.048828
0 0.836018 0.350147 0.048828 0.048828
0 0.881464 0.344605 0.048828 0.048828
0 0.925802 0.387834 0.048828 0.048828
0 0.911392 0.755838 0.048828 0.048828
0 0.935778 0.820128 0.048828 0.048828
0 0.951296 0.723693 0.048828 0.048828
0 0.993417 0.680464 0.048828 0.048828
0 0.947971 0.322436 0.048828 0.048828
0 0.744017 0.291399 0.048828 0.048828
0 0.802765 0.294725 0.048828 0.048828
0 0.851536 0.290291 0.048828 0.048828
0 0.913609 0.312460 0.048828 0.048828
0 0.906958 0.264797 0.048828 0.048828
0 0.950188 0.264797 0.048828 0.048828
0 0.991200 0.237086 0.048828 0.048828
0 0.994526 0.033132 0.048828 0.048828
0 0.969031 0.074144 0.048828 0.048828
0 0.963489 0.135109 0.048828 0.048828
0 0.933561 0.100747 0.048828 0.048828
0 0.952405 0.029806 0.048828 0.048828
0 0.916934 0.054192 0.048828 0.048828
0 0.887006 0.134000 0.048828 0.048828
0 0.928019 0.187206 0.048828 0.048828
0 0.882573 0.192748 0.048828 0.048828
0 0.839343 0.171687 0.048828 0.048828
0 0.833801 0.222676 0.048828 0.048828
0 0.635389 0.315785 0.048828 0.048828
0 0.664209 0.342388 0.048828 0.048828
0 0.666426 0.264797 0.048828 0.048828
0 0.739583 0.212700 0.048828 0.048828
0 0.782813 0.169470 0.048828 0.048828
0 0.742908 0.131783 0.048828 0.048828
0 0.819391 0.126241 0.048828 0.048828
0 0.818283 0.077469 0.048828 0.048828
0 0.762860 0.067493 0.048828 0.048828
0 0.776162 0.015396 0.048828 0.048828
0 0.662494 0.984274 0.048828 0.048828
0 0.627774 0.949553 0.048828 0.048828
0 0.671454 0.929393 0.048828 0.048828
0 0.662494 0.875632 0.048828 0.048828
0 0.626654 0.884592 0.048828 0.048828
0 0.621054 0.835311 0.048828 0.048828
0 0.635614 0.787150 0.048828 0.048828
0 0.632254 0.743470 0.048828 0.048828
0 0.675935 0.713229 0.048828 0.048828
0 0.633374 0.686349 0.048828 0.048828
0 0.679295 0.662828 0.048828 0.048828
0 0.566173 0.684109 0.048828 0.048828
0 0.597533 0.698669 0.048828 0.048828
0 0.552733 0.735630 0.048828 0.048828
0 0.539292 0.782670 0.048828 0.048828
0 0.588573 0.787150 0.048828 0.048828
0 0.566173 0.870032 0.048828 0.048828
0 0.498972 0.802831 0.048828 0.048828
0 0.498972 0.850992 0.048828 0.048828
0 0.466491 0.921553 0.048828 0.048828
0 0.420570 0.829711 0.048828 0.048828
0 0.509052 0.933873 0.048828 0.048828
0 0.562813 0.950673 0.048828 0.048828
0 0.575133 0.899152 0.048828 0.048828
0 0.421690 0.954033 0.048828 0.048828
0 0.473211 0.990994 0.048828 0.048828
0 0.526972 0.995474 0.048828 0.048828
0 0.394810 0.995474 0.048828 0.048828
0 0.327609 0.990994 0.048828 0.048828
0 0.304088 0.934993 0.048828 0.048828
0 0.385850 0.898032 0.048828 0.048828
0 0.367929 0.854352 0.048828 0.048828
0 0.320889 0.861072 0.048828 0.048828
0 0.335449 0.787150 0.048828 0.048828
0 0.391450 0.800591 0.048828 0.048828
0 0.428410 0.780430 0.048828 0.048828
0 0.475451 0.764750 0.048828 0.048828
0 0.388090 0.751310 0.048828 0.048828
0 0.383610 0.696429 0.048828 0.048828
0 0.422810 0.660588 0.048828 0.048828
0 0.488891 0.680749 0.048828 0.048828
0 0.495612 0.632588 0.048828 0.048828
0 0.487771 0.577707 0.048828 0.048828
0 0.559453 0.622508 0.048828 0.048828
0 0.630014 0.630348 0.048828 0.048828
0 0.605373 0.593387 0.048828 0.048828
0 0.560573 0.567627 0.048828 0.048828
0 0.614334 0.531786 0.048828 0.048828
0 0.669214 0.511626 0.048828 0.048828
0 0.593053 0.464585 0.048828 0.048828
0 0.533692 0.507146 0.048828 0.048828
0 0.530332 0.461225 0.048828 0.048828
0 0.465371 0.492586 0.048828 0.048828
0 0.437371 0.545226 0.048828 0.048828
0 0.409370 0.578827 0.048828 0.048828
0 0.374650 0.620268 0.048828 0.048828
0 0.327609 0.669548 0.048828 0.048828
0 0.280568 0.715469 0.048828 0.048828
0 0.268248 0.796111 0.048828 0.048828
0 0.242487 0.861072 0.048828 0.048828
0 0.235767 0.921553 0.048828 0.048828
0 0.271608 0.994354 0.048828 0.048828
0 0.212247 0.993234 0.048828 0.048828
0 0.167446 0.995474 0.048828 0.048828
0 0.114805 0.977554 0.048828 0.048828
0 0.186486 0.918193 0.048828 0.048828
0 0.187606 0.837551 0.048828 0.048828
0 0.129365 0.855472 0.048828 0.048828
0 0.094645 0.880112 0.048828 0.048828
0 0.086805 0.805071 0.048828 0.048828
0 0.140566 0.802831 0.048828 0.048828
0 0.129365 0.746830 0.048828 0.048828
0 0.177526 0.768110 0.048828 0.048828
0 0.227927 0.733390 0.048828 0.048828
0 0.238007 0.687469 0.048828 0.048828
0 0.177526 0.706509 0.048828 0.048828
0 0.083445 0.690829 0.048828 0.048828
0 0.057684 0.658348 0.048828 0.048828
0 0.039764 0.582187 0.048828 0.048828
0 0.039764 0.525066 0.048828 0.048828
0 0.092405 0.555307 0.048828 0.048828
0 0.103605 0.601227 0.048828 0.048828
0 0.149526 0.601227 0.048828 0.048828
0 0.150646 0.666188 0.048828 0.048828
0 0.198807 0.643788 0.048828 0.048828
0 0.274968 0.629228 0.048828 0.048828
0 0.317529 0.575467 0.048828 0.048828
0 0.254808 0.582187 0.048828 0.048828
0 0.276088 0.536266 0.048828 0.048828
0 0.142806 0.545226 0.048828 0.048828
0 0.195447 0.531786 0.048828 0.048828
0 0.220087 0.502666 0.048828 0.048828
0 0.162966 0.484745 0.048828 0.048828
0 0.114805 0.481385 0.048828 0.048828
0 0.056564 0.498186 0.048828 0.048828
0 0.000563 0.475785 0.048828 0.048828
0 0.002803 0.656108 0.048828 0.048828
0 0.020724 0.715469 0.048828 0.048828
0 0.036404 0.772590 0.048828 0.048828
0 0.026324 0.838671 0.048828 0.048828
0 0.039764 0.893552 0.048828 0.048828
0 0.064404 0.940593 0.048828 0.048828
0 0.046484 0.996594 0.048828 0.048828
0 0.019604 0.951793 0.048828 0.048828
0 0.364569 0.574347 0.048828 0.048828
0 0.376890 0.538506 0.048828 0.048828
0 0.399290 0.506026 0.048828 0.048828
0 0.371289 0.479145 0.048828 0.048828
0 0.430650 0.464585 0.048828 0.048828
0 0.635614 0.415304 0.048828 0.048828
0 0.602013 0.369383 0.048828 0.048828
0 0.565053 0.339143 0.048828 0.048828
0 0.581853 0.296582 0.048828 0.048828
0 0.567293 0.419784 0.048828 0.048828
0 0.501212 0.346983 0.048828 0.048828
0 0.488891 0.303302 0.048828 0.048828
0 0.454171 0.268582 0.048828 0.048828
0 0.447451 0.338023 0.048828 0.048828
0 0.442971 0.390664 0.048828 0.048828
0 0.404890 0.405224 0.048828 0.048828
0 0.366809 0.436585 0.048828 0.048828
0 0.307448 0.420904 0.048828 0.048828
0 0.313049 0.461225 0.048828 0.048828
0 0.332089 0.514986 0.048828 0.048828
0 0.259288 0.443305 0.048828 0.048828
0 0.193207 0.428744 0.048828 0.048828
0 0.101365 0.429864 0.048828 0.048828
0 0.047604 0.432105 0.048828 0.048828
0 0.006163 0.411944 0.048828 0.048828
0 0.045364 0.349223 0.048828 0.048828
0 0.109205 0.374984 0.048828 0.048828
0 0.166326 0.361543 0.048828 0.048828
0 0.123765 0.324583 0.048828 0.048828
0 0.168566 0.316743 0.048828 0.048828
0 0.257048 0.382824 0.048828 0.048828
0 0.298488 0.355943 0.048828 0.048828
0 0.372410 0.379464 0.048828 0.048828
0 0.356729 0.340263 0.048828 0.048828
0 0.401530 0.297702 0.048828 0.048828
0 0.379130 0.260742 0.048828 0.048828
0 0.336569 0.274182 0.048828 0.048828
0 0.300728 0.315623 0.048828 0.048828
0 0.225687 0.314503 0.048828 0.048828
0 0.267128 0.285382 0.048828 0.048828
0 0.001683 0.324583 0.048828 0.048828
0 0.033044 0.294342 0.048828 0.048828
0 0.002803 0.255142 0.048828 0.048828
0 0.045364 0.236101 0.048828 0.048828
0 0.103605 0.259622 0.048828 0.048828
0 0.161846 0.269702 0.048828 0.048828
0 0.232407 0.245061 0.048828 0.048828
0 0.189846 0.217061 0.048828 0.048828
0 0.223447 0.187940 0.048828 0.048828
0 0.186486 0.166660 0.048828 0.048828
0 0.127125 0.186820 0.048828 0.048828
0 0.141686 0.092739 0.048828 0.048828
0 0.186486 0.101699 0.048828 0.048828
0 0.186486 0.049058 0.048828 0.048828
0 0.232407 0.047938 0.048828 0.048828
0 0.268248 0.068098 0.048828 0.048828
0 0.235767 0.147620 0.048828 0.048828
0 0.272728 0.158820 0.048828 0.048828
0 0.291768 0.203621 0.048828 0.048828
0 0.313049 0.243941 0.048828 0.048828
0 0.370169 0.223781 0.048828 0.048828
0 0.334329 0.194661 0.048828 0.048828
0 0.316409 0.155460 0.048828 0.048828
0 0.311928 0.125219 0.048828 0.048828
0 0.356729 0.062498 0.048828 0.048828
0 0.355609 0.130819 0.048828 0.048828
0 0.382490 0.110659 0.048828 0.048828
0 0.385850 0.165540 0.048828 0.048828
0 0.418330 0.177860 0.048828 0.048828
0 0.447451 0.232741 0.048828 0.048828
0 0.462011 0.196901 0.048828 0.048828
0 0.510172 0.259622 0.048828 0.048828
0 0.515772 0.204741 0.048828 0.048828
0 0.570653 0.204741 0.048828 0.048828
0 0.596413 0.238341 0.048828 0.048828
0 0.645694 0.210341 0.048828 0.048828
0 0.673695 0.139780 0.048828 0.048828
0 0.681535 0.084899 0.048828 0.048828
0 0.690495 0.042338 0.048828 0.048828
0 0.627774 0.013218 0.048828 0.048828
0 0.597533 0.061378 0.048828 0.048828
0 0.606493 0.126339 0.048828 0.048828
0 0.521372 0.167780 0.048828 0.048828
0 0.474331 0.133060 0.048828 0.048828
0 0.439611 0.079299 0.048828 0.048828
0 0.510172 0.088259 0.048828 0.048828
0 0.548252 0.127459 0.048828 0.048828
0 0.531452 0.051298 0.048828 0.048828
0 0.485531 0.041218 0.048828 0.048828
0 0.435131 0.028898 0.048828 0.048828
0 0.315289 0.024418 0.048828 0.048828
0 0.264888 0.000897 0.048828 0.048828
0 0.178646 0.000897 0.048828 0.048828
0 0.135689 0.024148 0.048828 0.048828
0 0.109717 0.059470 0.048828 0.048828
0 0.052579 0.012721 0.048828 0.048828
0 0.045307 0.078169 0.048828 0.048828
0 0.075434 0.111413 0.048828 0.048828
0 0.016218 0.125958 0.048828 0.048828
0 0.012063 0.193484 0.048828 0.048828
0 0.051540 0.168551 0.048828 0.048828