0 0.997699 0.060509 0.048828 0.048828
0 0.976921 0.107258 0.048828 0.048828
0 0.974843 0.009604 0.048828 0.048828
0 0.933288 0.050120 0.048828 0.048828
0 0.933288 0.088558 0.048828 0.048828
0 0.936405 0.149852 0.048828 0.048828
0 0.924978 0.196601 0.048828 0.048828
0 0.874073 0.206990 0.048828 0.048828
0 0.883423 0.167513 0.048828 0.048828
0 0.887578 0.098947 0.048828 0.048828
0 0.896928 0.050120 0.048828 0.048828
0 0.877189 0.026226 0.048828 0.048828
0 0.989388 0.177901 0.048828 0.048828
0 0.935366 0.258933 0.048828 0.048828
0 0.990426 0.347237 0.048828 0.048828
0 0.949910 0.400220 0.048828 0.048828
0 0.901083 0.398142 0.048828 0.048828
0 0.987310 0.411648 0.048828 0.048828
0 0.973805 0.461513 0.048828 0.048828
0 0.955105 0.500991 0.048828 0.048828
0 0.896928 0.466708 0.048828 0.048828
0 0.971727 0.565401 0.048828 0.048828
0 0.995621 0.594489 0.048828 0.048828
0 0.991465 0.656821 0.048828 0.048828
0 0.948872 0.630850 0.048828 0.048828
0 0.906278 0.630850 0.048828 0.048828
0 0.902122 0.677599 0.048828 0.048828
0 0.894850 0.732659 0.048828 0.048828
0 0.948872 0.730581 0.048828 0.048828
0 0.996660 0.727465 0.048828 0.048828
0 0.964455 0.802264 0.048828 0.048828
0 0.976921 0.845896 0.048828 0.048828
0 0.913550 0.887451 0.048828 0.048828
0 0.928094 0.945628 0.048828 0.048828
0 0.878228 0.911345 0.048828 0.048828
0 0.894850 0.972639 0.048828 0.048828
0 0.835634 0.963289 0.048828 0.048828
0 0.788885 0.963289 0.048828 0.048828
0 0.788885 0.912384 0.048828 0.048828
0 0.830440 0.869790 0.048828 0.048828
0 0.884461 0.854207 0.048828 0.048828
0 0.887578 0.789797 0.048828 0.048828
0 0.834596 0.818885 0.048828 0.048828
0 0.788885 0.806419 0.048828 0.048828
0 0.769147 0.854207 0.048828 0.048828
0 0.744214 0.919656 0.048828 0.048828
0 0.721359 0.971600 0.048828 0.048828
0 0.007653 0.979911 0.048828 0.048828
0 0.223739 0.994455 0.048828 0.048828
0 0.269449 0.975755 0.048828 0.048828
0 0.286071 0.932123 0.048828 0.048828
0 0.224778 0.932123 0.048828 0.048828
0 0.192572 0.909267 0.048828 0.048828
0 0.139590 0.893684 0.048828 0.048828
0 0.146862 0.957056 0.048828 0.048828
0 0.069986 0.994455 0.048828 0.048828
0 0.063752 0.948745 0.048828 0.048828
0 0.098035 0.944589 0.048828 0.048828
0 0.074141 0.890568 0.048828 0.048828
0 0.009731 0.910306 0.048828 0.048828
0 0.027392 0.629811 0.048828 0.048828
0 0.088685 0.648510 0.048828 0.048828
0 0.027392 0.692143 0.048828 0.048828
0 0.074141 0.696299 0.048828 0.048828
0 0.061675 0.729542 0.048828 0.048828
0 0.053364 0.798108 0.048828 0.048828
0 0.030508 0.855246 0.048828 0.048828
0 0.101152 0.840702 0.048828 0.048828
0 0.120890 0.785642 0.048828 0.048828
0 0.178028 0.775253 0.048828 0.048828
0 0.152056 0.834469 0.048828 0.048828
0 0.183223 0.817847 0.048828 0.048828
0 0.186339 0.862518 0.048828 0.048828
0 0.249710 0.877062 0.048828 0.048828
0 0.292304 0.868751 0.048828 0.048828
0 0.241399 0.809536 0.048828 0.048828
0 0.347364 0.832391 0.048828 0.048828
0 0.329704 0.986144 0.048828 0.048828
0 0.386842 0.966405 0.048828 0.048828
0 0.344248 0.904073 0.048828 0.048828
0 0.371259 0.876023 0.048828 0.048828
0 0.401386 0.884334 0.048828 0.048828
0 0.411775 0.834469 0.048828 0.048828
0 0.447096 0.845896 0.048828 0.048828
0 0.446057 0.880179 0.048828 0.048828
0 0.496962 0.868751 0.048828 0.048828
0 0.427358 0.921734 0.048828 0.048828
0 0.483457 0.921734 0.048828 0.048828
0 0.451252 0.967444 0.048828 0.048828
0 0.505273 0.985105 0.048828 0.048828
0 0.567605 0.989261 0.048828 0.048828
0 0.635132 0.994455 0.048828 0.048828
0 0.606044 0.945628 0.048828 0.048828
0 0.536439 0.927967 0.048828 0.048828
0 0.580072 0.880179 0.048828 0.048828
0 0.629938 0.892645 0.048828 0.048828
0 0.674609 0.908229 0.048828 0.048828
0 0.692270 0.853168 0.048828 0.048828
0 0.548906 0.858363 0.048828 0.048828
0 0.593577 0.842780 0.048828 0.048828
0 0.484496 0.814730 0.048828 0.048828
0 0.529167 0.799147 0.048828 0.048828
0 0.648637 0.819924 0.048828 0.048828
0 0.625782 0.776292 0.048828 0.048828
0 0.679804 0.767981 0.048828 0.048828
0 0.706814 0.807458 0.048828 0.048828
0 0.762913 0.775253 0.048828 0.048828
0 0.809663 0.743048 0.048828 0.048828
0 0.770186 0.703571 0.048828 0.048828
0 0.729670 0.725387 0.048828 0.048828
0 0.670454 0.706687 0.048828 0.048828
0 0.617471 0.707726 0.048828 0.048828
0 0.543711 0.728504 0.048828 0.048828
0 0.496962 0.751359 0.048828 0.048828
0 0.439824 0.775253 0.048828 0.048828
0 0.379570 0.785642 0.048828 0.048828
0 0.307887 0.783564 0.048828 0.048828
0 0.227894 0.752398 0.048828 0.048828
0 0.186339 0.730581 0.048828 0.048828
0 0.233089 0.695260 0.048828 0.048828
0 0.281916 0.665132 0.048828 0.048828
0 0.319315 0.676560 0.048828 0.048828
0 0.282954 0.711882 0.048828 0.048828
0 0.303732 0.728504 0.048828 0.048828
0 0.354637 0.739931 0.048828 0.048828
0 0.399308 0.728504 0.048828 0.048828
0 0.400347 0.672404 0.048828 0.048828
0 0.447096 0.699415 0.048828 0.048828
0 0.507351 0.685910 0.048828 0.048828
0 0.546828 0.660977 0.048828 0.048828
0 0.463718 0.642277 0.048828 0.048828
0 0.300615 0.629811 0.048828 0.048828
0 0.357753 0.627733 0.048828 0.048828
0 0.411775 0.627733 0.048828 0.048828
0 0.522934 0.614228 0.048828 0.048828
0 0.577994 0.607994 0.048828 0.048828
0 0.609160 0.633966 0.048828 0.048828
0 0.668376 0.650588 0.048828 0.048828
0 0.709931 0.673443 0.048828 0.048828
0 0.696426 0.607994 0.048828 0.048828
0 0.656948 0.593450 0.048828 0.048828
0 0.636171 0.553973 0.048828 0.048828
0 0.599810 0.561245 0.048828 0.048828
0 0.846023 0.695260 0.048828 0.048828
0 0.824207 0.635005 0.048828 0.048828
0 0.759797 0.638122 0.048828 0.048828
0 0.889656 0.597606 0.048828 0.048828
0 0.839790 0.605917 0.048828 0.048828
0 0.793041 0.600722 0.048828 0.048828
0 0.746291 0.575789 0.048828 0.048828
0 0.764991 0.526962 0.048828 0.048828
0 0.700581 0.528001 0.048828 0.048828
0 0.742136 0.486446 0.048828 0.048828
0 0.781613 0.475019 0.048828 0.048828
0 0.804468 0.550856 0.048828 0.048828
0 0.836673 0.512418 0.048828 0.048828
0 0.859529 0.551895 0.048828 0.048828
0 0.890695 0.531118 0.048828 0.048828
0 0.828362 0.460475 0.048828 0.048828
0 0.781613 0.430347 0.048828 0.048828
0 0.649676 0.514496 0.048828 0.048828
0 0.696426 0.457358 0.048828 0.048828
0 0.727592 0.408531 0.048828 0.048828
0 0.782652 0.382559 0.048828 0.048828
0 0.847062 0.374248 0.048828 0.048828
0 0.941599 0.308799 0.048828 0.048828
0 0.896928 0.336849 0.048828 0.048828
0 0.844984 0.326460 0.048828 0.048828
0 0.831479 0.274516 0.048828 0.048828
0 0.790963 0.322305 0.048828 0.048828
0 0.785769 0.269322 0.048828 0.048828
0 0.720320 0.353471 0.048828 0.048828
0 0.727592 0.302566 0.048828 0.048828
0 0.673570 0.268283 0.048828 0.048828
0 0.662143 0.321266 0.048828 0.048828
0 0.679804 0.377365 0.048828 0.048828
0 0.637210 0.419959 0.048828 0.048828
0 0.588383 0.410609 0.048828 0.048828
0 0.592538 0.463591 0.048828 0.048828
0 0.577994 0.524885 0.048828 0.048828
0 0.528128 0.508263 0.048828 0.048828
0 0.530206 0.562284 0.048828 0.048828
0 0.464757 0.592411 0.048828 0.048828
0 0.466835 0.536312 0.048828 0.048828
0 0.428397 0.523846 0.048828 0.048828
0 0.432552 0.583061 0.048828 0.048828
0 0.374375 0.557090 0.048828 0.048828
0 0.306848 0.562284 0.048828 0.048828
0 0.138551 0.693182 0.048828 0.048828
0 0.182184 0.679677 0.048828 0.048828
0 0.210233 0.617344 0.048828 0.048828
0 0.252827 0.600722 0.048828 0.048828
0 0.136473 0.612150 0.048828 0.048828
0 0.090763 0.585139 0.048828 0.048828
0 0.163484 0.538390 0.048828 0.048828
0 0.264255 0.538390 0.048828 0.048828
0 0.199845 0.570595 0.048828 0.048828
0 0.295421 0.500991 0.048828 0.048828
0 0.334898 0.499952 0.048828 0.048828
0 0.379570 0.491641 0.048828 0.048828
0 0.434630 0.464630 0.048828 0.048828
0 0.518778 0.448008 0.048828 0.048828
0 0.254905 0.457358 0.048828 0.048828
0 0.232050 0.430347 0.048828 0.048828
0 0.259060 0.392948 0.048828 0.048828
0 0.300615 0.451125 0.048828 0.048828
0 0.370220 0.434503 0.048828 0.048828
0 0.344248 0.393987 0.048828 0.048828
0 0.414891 0.348276 0.048828 0.048828
0 0.437746 0.395026 0.048828 0.048828
0 0.466835 0.362821 0.048828 0.048828
0 0.476185 0.415803 0.048828 0.048828
0 0.509429 0.379442 0.048828 0.048828
0 0.562411 0.349315 0.048828 0.048828
0 0.611238 0.345160 0.048828 0.048828
0 0.607083 0.291138 0.048828 0.048828
0 0.556178 0.295294 0.048828 0.048828
0 0.501118 0.306721 0.048828 0.048828
0 0.313082 0.329577 0.048828 0.048828
0 0.342170 0.278672 0.048828 0.048828
0 0.457485 0.277633 0.048828 0.048828
0 0.533323 0.258933 0.048828 0.048828
0 0.283993 0.286983 0.048828 0.048828
0 0.254905 0.250622 0.048828 0.048828
0 0.215428 0.248545 0.048828 0.048828
0 0.192572 0.309838 0.048828 0.048828
0 0.226855 0.341004 0.048828 0.048828
0 0.201922 0.372170 0.048828 0.048828
0 0.156212 0.335810 0.048828 0.048828
0 0.151018 0.374248 0.048828 0.048828
0 0.175951 0.411648 0.048828 0.048828
0 0.117774 0.403337 0.048828 0.048828
0 0.140629 0.452164 0.048828 0.048828
0 0.109463 0.462552 0.048828 0.048828
0 0.073102 0.426192 0.048828 0.048828
0 0.041936 0.460475 0.048828 0.048828
0 0.066869 0.503068 0.048828 0.048828
0 0.046091 0.551895 0.048828 0.048828
0 0.013886 0.515535 0.048828 0.048828
0 0.015964 0.406453 0.048828 0.048828
0 0.095957 0.366976 0.048828 0.048828
0 0.111540 0.301527 0.048828 0.048828
0 0.065830 0.302566 0.048828 0.048828
0 0.160367 0.268283 0.048828 0.048828
0 0.087646 0.256856 0.048828 0.048828
0 0.044014 0.262050 0.048828 0.048828
0 0.034664 0.316071 0.048828 0.048828
0 0.817974 0.220495 0.048828 0.048828
0 0.822129 0.169590 0.048828 0.048828
0 0.773302 0.177901 0.048828 0.048828
0 0.735903 0.239195 0.048828 0.048828
0 0.834596 0.130113 0.048828 0.048828
0 0.816935 0.091675 0.048828 0.048828
0 0.830440 0.042848 0.048828 0.048828
0 0.785769 0.042848 0.048828 0.048828
0 0.776419 0.118686 0.048828 0.048828
0 0.750447 0.071936 0.048828 0.048828
0 0.727592 0.036615 0.048828 0.048828
0 0.702659 0.106219 0.048828 0.048828
0 0.705775 0.170629 0.048828 0.048828
0 0.136473 0.237117 0.048828 0.048828
0 0.129201 0.179979 0.048828 0.048828
0 0.172834 0.184134 0.048828 0.048828
0 0.233089 0.176862 0.048828 0.048828
0 0.275682 0.193484 0.048828 0.048828
0 0.312043 0.224651 0.048828 0.048828
0 0.355675 0.226728 0.048828 0.048828
0 0.401386 0.238156 0.048828 0.048828
0 0.344248 0.174785 0.048828 0.048828
0 0.306848 0.156085 0.048828 0.048828
0 0.268410 0.119724 0.048828 0.048828
0 0.206078 0.121802 0.048828 0.048828
0 0.143745 0.135307 0.048828 0.048828
0 0.369181 0.120763 0.048828 0.048828
0 0.351520 0.064664 0.048828 0.048828
0 0.323470 0.089597 0.048828 0.048828
0 0.385803 0.049081 0.048828 0.048828
0 0.351520 0.021032 0.048828 0.048828
0 0.406580 0.008565 0.048828 0.048828
0 0.449174 0.016876 0.048828 0.048828
0 0.495923 0.011682 0.048828 0.048828
0 0.496962 0.065703 0.048828 0.048828
0 0.453329 0.119724 0.048828 0.048828
0 0.431513 0.166474 0.048828 0.048828
0 0.470990 0.187251 0.048828 0.048828
0 0.482418 0.240234 0.048828 0.048828
0 0.516701 0.116608 0.048828 0.048828
0 0.532284 0.154007 0.048828 0.048828
0 0.590461 0.141541 0.048828 0.048828
0 0.568644 0.203873 0.048828 0.048828
0 0.601888 0.193484 0.048828 0.048828
0 0.608121 0.239195 0.048828 0.048828
0 0.665259 0.214262 0.048828 0.048828
0 0.649676 0.155046 0.048828 0.048828
0 0.621627 0.108297 0.048828 0.048828
0 0.560333 0.064664 0.048828 0.048828
0 0.611238 0.057392 0.048828 0.048828
0 0.666298 0.063625 0.048828 0.048828
0 0.585266 0.005448 0.048828 0.048828
0 0.680843 0.003371 0.048828 0.048828
0 0.129201 0.092714 0.048828 0.048828
0 0.194650 0.080247 0.048828 0.048828
0 0.251788 0.056353 0.048828 0.048828
0 0.290226 0.053237 0.048828 0.048828
0 0.135435 0.035576 0.048828 0.048828
0 0.195689 0.025187 0.048828 0.048828
0 0.306848 0.004410 0.048828 0.048828
0 0.081413 0.029342 0.048828 0.048828
0 0.029470 0.011682 0.048828 0.048828
0 0.032586 0.061548 0.048828 0.048828
0 0.067908 0.111413 0.048828 0.048828
0 0.071024 0.162318 0.048828 0.048828
0 0.071024 0.219456 0.048828 0.048828
0 0.035703 0.194523 0.048828 0.048828
0 0.018042 0.139463 0.048828 0.048828