0 0.341596 0.017913 0.048828 0.048828
0 0.356335 0.036336 0.048828 0.048828
0 0.345281 0.068576 0.048828 0.048828
0 0.331464 0.093447 0.048828 0.048828
0 0.376600 0.157006 0.048828 0.048828
0 0.306593 0.288729 0.048828 0.048828
0 0.327779 0.286887 0.048828 0.048828
0 0.349887 0.278596 0.048828 0.048828
0 0.379363 0.278596 0.048828 0.048828
0 0.407919 0.285044 0.048828 0.048828
0 0.424499 0.299782 0.048828 0.048828
0 0.410682 0.306230 0.048828 0.048828
0 0.388575 0.298861 0.048828 0.048828
0 0.314883 0.303467 0.048828 0.048828
0 0.328700 0.321890 0.048828 0.048828
0 0.368310 0.309915 0.048828 0.048828
0 0.305672 0.325574 0.048828 0.048828
0 0.283565 0.308073 0.048828 0.048828
0 0.194214 0.383606 0.048828 0.048828
0 0.162895 0.383606 0.048828 0.048828
0 0.122365 0.400187 0.048828 0.048828
0 0.067097 0.393739 0.048828 0.048828
0 0.033935 0.452692 0.048828 0.048828
0 0.011828 0.437032 0.048828 0.048828
0 0.336991 0.128450 0.048828 0.048828
0 0.269747 0.087920 0.048828 0.048828
0 0.440158 0.580730 0.048828 0.048828
0 0.398707 0.583494 0.048828 0.048828
0 0.345281 0.600995 0.048828 0.048828
0 0.371073 0.342155 0.048828 0.048828
0 0.395944 0.355972 0.048828 0.048828
0 0.236233 0.052673 0.048828 0.048828
0 0.269052 0.050410 0.048828 0.048828