0 0.066060 0.633178 0.048828 0.048828
0 0.109599 0.619495 0.048828 0.048828
0 0.204140 0.577200 0.048828 0.048828
0 0.406906 0.715280 0.048828 0.048828
0 0.469105 0.664277 0.048828 0.048828
0 0.498960 0.655570 0.048828 0.048828
0 0.497716 0.670497 0.048828 0.048828
0 0.530059 0.668009 0.048828 0.048828
0 0.535035 0.645618 0.048828 0.048828
0 0.604697 0.608299 0.048828 0.048828
0 0.629576 0.613275 0.048828 0.048828
0 0.646992 0.617007 0.048828 0.048828
0 0.691774 0.617007 0.048828 0.048828
0 0.753973 0.617007 0.048828 0.048828
0 0.783828 0.784942 0.048828 0.048828
0 0.660675 0.699108 0.048828 0.048828
0 0.610917 0.721500 0.048828 0.048828
0 0.576086 0.700352 0.048828 0.048828
0 0.553694 0.684181 0.048828 0.048828
0 0.720386 0.967805 0.048828 0.048828
0 0.686799 0.951633 0.048828 0.048828
0 0.634552 0.936706 0.048828 0.048828
0 0.595989 0.932974 0.048828 0.048828
0 0.554938 0.924266 0.048828 0.048828
0 0.510156 0.911826 0.048828 0.048828
0 0.477812 0.898143 0.048828 0.048828
0 0.436762 0.886947 0.048828 0.048828
0 0.399443 0.872020 0.048828 0.048828
0 0.342220 0.850872 0.048828 0.048828
0 0.979130 0.971537 0.048828 0.048828