0 0.471477 0.246102 0.048828 0.048828
0 0.522140 0.255313 0.048828 0.048828
0 0.250404 0.608110 0.048828 0.048828
0 0.223690 0.609031 0.048828 0.048828
0 0.185003 0.613637 0.048828 0.048828
0 0.142630 0.616400 0.048828 0.048828
0 0.109469 0.617321 0.048828 0.048828
0 0.073545 0.618242 0.048828 0.048828
0 0.049595 0.610873 0.048828 0.048828
0 0.008144 0.602583 0.048828 0.048828
0 0.629913 0.508627 0.048828 0.048828
0 0.609648 0.483756 0.048828 0.048828
0 0.640046 0.466254 0.048828 0.048828
0 0.614254 0.443226 0.048828 0.048828