0 0.081969 0.255427 0.008800 0.012039
0 0.087107 0.258775 0.008800 0.012039
0 0.087352 0.265805 0.008800 0.012039
0 0.069490 0.274174 0.008800 0.012039
0 0.075607 0.277857 0.008800 0.012039
0 0.078054 0.277857 0.008800 0.012039
0 0.083437 0.278191 0.008800 0.012039
0 0.069979 0.279865 0.008800 0.012039
0 0.074139 0.283548 0.008800 0.012039
0 0.078543 0.286226 0.008800 0.012039
0 0.087841 0.283883 0.008800 0.012039
0 0.097628 0.283548 0.008800 0.012039
0 0.104235 0.284552 0.008800 0.012039
0 0.090288 0.291917 0.008800 0.012039
0 0.096160 0.295265 0.008800 0.012039
0 0.080256 0.305977 0.008800 0.012039
0 0.075118 0.305977 0.008800 0.012039
0 0.079522 0.317024 0.008800 0.012039
0 0.097384 0.314346 0.008800 0.012039
0 0.104480 0.316020 0.008800 0.012039
0 0.111575 0.315685 0.008800 0.012039
0 0.118671 0.316690 0.008800 0.012039
0 0.124788 0.313007 0.008800 0.012039
0 0.146076 0.304973 0.008800 0.012039
0 0.150480 0.301960 0.008800 0.012039
0 0.168586 0.296604 0.008800 0.012039
0 0.216544 0.339789 0.008800 0.012039
0 0.225108 0.337780 0.008800 0.012039
0 0.220215 0.344810 0.008800 0.012039
0 0.229757 0.342802 0.008800 0.012039
0 0.230736 0.352510 0.008800 0.012039
0 0.109863 0.363222 0.008800 0.012039
0 0.096160 0.483069 0.008800 0.012039
0 0.103011 0.482065 0.008800 0.012039
0 0.110597 0.481395 0.008800 0.012039
0 0.121118 0.477043 0.008800 0.012039
0 0.086618 0.454949 0.008800 0.012039
0 0.211406 0.579817 0.008800 0.012039
0 0.265726 0.552701 0.008800 0.012039
0 0.291417 0.539645 0.008800 0.012039
0 0.286768 0.532949 0.008800 0.012039
0 0.283098 0.529936 0.008800 0.012039
0 0.320535 0.613963 0.008800 0.012039
0 0.212385 0.511524 0.008800 0.012039
0 0.387822 0.463652 0.008800 0.012039
0 0.394673 0.470348 0.008800 0.012039
0 0.401769 0.473361 0.008800 0.012039
0 0.408376 0.469678 0.008800 0.012039
0 0.411067 0.475704 0.008800 0.012039
0 0.419631 0.474030 0.008800 0.012039
0 0.421833 0.480056 0.008800 0.012039
0 0.441408 0.495455 0.008800 0.012039
0 0.455110 0.500477 0.008800 0.012039
0 0.643674 0.586401 0.008800 0.012039
0 0.650407 0.583242 0.008800 0.012039
0 0.663873 0.559818 0.008800 0.012039
0 0.669067 0.553764 0.008800 0.012039
0 0.741783 0.576399 0.008800 0.012039
0 0.734281 0.572715 0.008800 0.012039
0 0.735820 0.582979 0.008800 0.012039
0 0.718314 0.573767 0.008800 0.012039
0 0.707734 0.574031 0.008800 0.012039
0 0.753518 0.644304 0.008800 0.012039
0 0.744669 0.635618 0.008800 0.012039
0 0.747554 0.643514 0.008800 0.012039
0 0.741399 0.652726 0.008800 0.012039
0 0.736012 0.644304 0.008800 0.012039
0 0.731395 0.655358 0.008800 0.012039
0 0.729279 0.646673 0.008800 0.012039
0 0.721584 0.639303 0.008800 0.012039
0 0.717929 0.643514 0.008800 0.012039
0 0.707541 0.644041 0.008800 0.012039
0 0.706002 0.638250 0.008800 0.012039
0 0.701385 0.645883 0.008800 0.012039
0 0.691574 0.645357 0.008800 0.012039
0 0.685996 0.645357 0.008800 0.012039
0 0.680417 0.647462 0.008800 0.012039
0 0.676185 0.652989 0.008800 0.012039
0 0.670991 0.658780 0.008800 0.012039
0 0.674261 0.663254 0.008800 0.012039
0 0.683302 0.664307 0.008800 0.012039
0 0.699462 0.663254 0.008800 0.012039
0 0.692729 0.701154 0.008800 0.012039
0 0.678878 0.726947 0.008800 0.012039
0 0.688304 0.726684 0.008800 0.012039
0 0.706964 0.732475 0.008800 0.012039
0 0.707349 0.723789 0.008800 0.012039
0 0.712735 0.706945 0.008800 0.012039
0 0.601545 0.786430 0.008800 0.012039
0 0.624245 0.764584 0.008800 0.012039
0 0.667143 0.726158 0.008800 0.012039
0 0.666759 0.702470 0.008800 0.012039
0 0.631170 0.840648 0.008800 0.012039
0 0.641173 0.838543 0.008800 0.012039
0 0.636941 0.858019 0.008800 0.012039
0 0.729279 0.821435 0.008800 0.012039
0 0.730049 0.815118 0.008800 0.012039
0 0.738128 0.822488 0.008800 0.012039
0 0.745438 0.812749 0.008800 0.012039
0 0.751787 0.810117 0.008800 0.012039
0 0.766792 0.807485 0.008800 0.012039
0 0.713697 0.862230 0.008800 0.012039
0 0.727355 0.848281 0.008800 0.012039
0 0.742938 0.842490 0.008800 0.012039
0 0.752171 0.848807 0.008800 0.012039
0 0.794301 0.841964 0.008800 0.012039
0 0.787568 0.834331 0.008800 0.012039
0 0.808728 0.834595 0.008800 0.012039
0 0.922094 0.576738 0.008800 0.012039
0 0.897077 0.596134 0.008800 0.012039
0 0.885611 0.594138 0.008800 0.012039
0 0.850587 0.598701 0.008800 0.012039