0 0.773740 0.963205 0.048828 0.048828
0 0.855679 0.936774 0.048828 0.048828
0 0.901935 0.951311 0.048828 0.048828
0 0.896648 0.901090 0.048828 0.048828
0 0.941583 0.924879 0.048828 0.048828
0 0.241136 0.965849 0.048828 0.048828
0 0.192237 0.957919 0.048828 0.048828
0 0.227920 0.926201 0.048828 0.048828
0 0.259639 0.901090 0.048828 0.048828
0 0.301930 0.963205 0.048828 0.048828
0 0.356115 0.976421 0.048828 0.048828
0 0.398406 0.998889 0.048828 0.048828
0 0.445984 0.980386 0.048828 0.048828
0 0.553033 0.973778 0.048828 0.048828
0 0.522636 0.935452 0.048828 0.048828
0 0.468451 0.907698 0.048828 0.048828
0 0.416909 0.926201 0.048828 0.048828
0 0.357437 0.931487 0.048828 0.048828
0 0.307216 0.898447 0.048828 0.048828
0 0.344221 0.860121 0.048828 0.048828
0 0.272855 0.856156 0.048828 0.048828
0 0.313824 0.838975 0.048828 0.048828
0 0.219991 0.864086 0.048828 0.048828
0 0.200167 0.828403 0.048828 0.048828
0 0.271533 0.800649 0.048828 0.048828
0 0.321754 0.782147 0.048828 0.048828
0 0.365366 0.831046 0.048828 0.048828
0 0.389155 0.887874 0.048828 0.048828
0 0.423517 0.858799 0.048828 0.048828
0 0.427481 0.801971 0.048828 0.048828
0 0.379904 0.772896 0.048828 0.048828
0 0.448627 0.743820 0.048828 0.048828
0 0.473737 0.792719 0.048828 0.048828
0 0.502813 0.858799 0.048828 0.048828
0 0.529244 0.825759 0.048828 0.048828
0 0.603254 0.854835 0.048828 0.048828
0 0.574179 0.897126 0.048828 0.048828
0 0.597967 0.919593 0.048828 0.048828
0 0.658761 0.951311 0.048828 0.048828
0 0.661404 0.907698 0.048828 0.048828
0 0.715590 0.936774 0.048828 0.048828
0 0.756559 0.926201 0.048828 0.048828
0 0.726162 0.877302 0.048828 0.048828
0 0.776383 0.865407 0.048828 0.048828
0 0.833212 0.883910 0.048828 0.048828
0 0.818674 0.823116 0.048828 0.048828
0 0.763167 0.813865 0.048828 0.048828
0 0.716911 0.828403 0.048828 0.048828
0 0.668012 0.836332 0.048828 0.048828
0 0.575500 0.799327 0.048828 0.048828
0 0.525280 0.774217 0.048828 0.048828
0 0.601932 0.747785 0.048828 0.048828
0 0.661404 0.775539 0.048828 0.048828
0 0.728806 0.759680 0.048828 0.048828
0 0.805458 0.779503 0.048828 0.048828
0 0.821317 0.734569 0.048828 0.048828
0 0.760524 0.734569 0.048828 0.048828
0 0.858322 0.735891 0.048828 0.048828
0 0.900613 0.783468 0.048828 0.048828
0 0.916472 0.735891 0.048828 0.048828
0 0.942904 0.746464 0.048828 0.048828
0 0.952155 0.799327 0.048828 0.048828
0 0.904578 0.835011 0.048828 0.048828
0 0.948191 0.846905 0.048828 0.048828
0 0.488419 0.958590 0.048828 0.048828
0 0.172023 0.925033 0.048828 0.048828
0 0.127919 0.964343 0.048828 0.048828
0 0.088609 0.828197 0.048828 0.048828
0 0.117372 0.795598 0.048828 0.048828
0 0.077104 0.778340 0.048828 0.048828
0 0.048341 0.725608 0.048828 0.048828
0 0.102991 0.744783 0.048828 0.048828
0 0.127919 0.739030 0.048828 0.048828
0 0.172981 0.739030 0.048828 0.048828
0 0.235302 0.770670 0.048828 0.048828
0 0.247766 0.715061 0.048828 0.048828
0 0.314880 0.736154 0.048828 0.048828
0 0.366654 0.709308 0.048828 0.048828
0 0.413634 0.721773 0.048828 0.048828
0 0.459655 0.695886 0.048828 0.048828
0 0.419387 0.669999 0.048828 0.048828
0 0.380077 0.654658 0.048828 0.048828
0 0.342685 0.635483 0.048828 0.048828
0 0.293787 0.664246 0.048828 0.048828
0 0.284199 0.619184 0.048828 0.048828
0 0.323509 0.569327 0.048828 0.048828
0 0.281323 0.554946 0.048828 0.048828
0 0.225714 0.660411 0.048828 0.048828
0 0.211332 0.620142 0.048828 0.048828
0 0.235302 0.552069 0.048828 0.048828
0 0.231467 0.495501 0.048828 0.048828
0 0.194075 0.562616 0.048828 0.048828
0 0.163394 0.504130 0.048828 0.048828
0 0.119290 0.524265 0.048828 0.048828
0 0.142301 0.570286 0.048828 0.048828
0 0.167229 0.629730 0.048828 0.048828
0 0.166270 0.684380 0.048828 0.048828
0 0.108743 0.687257 0.048828 0.048828
0 0.098197 0.646029 0.048828 0.048828
0 0.102032 0.590420 0.048828 0.048828
0 0.053134 0.587544 0.048828 0.048828
0 0.072310 0.544399 0.048828 0.048828
0 0.078063 0.499337 0.048828 0.048828
0 0.022454 0.483996 0.048828 0.048828
0 0.039712 0.666164 0.048828 0.048828
0 0.005196 0.696844 0.048828 0.048828
0 0.000402 0.767794 0.048828 0.048828
0 0.401170 0.610555 0.048828 0.048828
0 0.450068 0.617266 0.048828 0.048828
0 0.502800 0.616307 0.048828 0.048828
0 0.540193 0.609596 0.048828 0.048828
0 0.607307 0.608637 0.048828 0.048828
0 0.495130 0.661370 0.048828 0.048828
0 0.515264 0.714102 0.048828 0.048828
0 0.551698 0.735195 0.048828 0.048828
0 0.541151 0.659452 0.048828 0.048828
0 0.583337 0.642194 0.048828 0.048828
0 0.592925 0.705473 0.048828 0.048828
0 0.672504 0.734237 0.048828 0.048828
0 0.645658 0.709308 0.048828 0.048828
0 0.634153 0.659452 0.048828 0.048828
0 0.676339 0.667122 0.048828 0.048828
0 0.674421 0.612472 0.048828 0.048828
0 0.754958 0.633565 0.048828 0.048828
0 0.737700 0.689174 0.048828 0.048828
0 0.770299 0.690133 0.048828 0.048828
0 0.835496 0.689174 0.048828 0.048828
0 0.906445 0.664246 0.048828 0.048828
0 0.986023 0.701638 0.048828 0.048828
0 0.979312 0.654658 0.048828 0.048828
0 0.960136 0.614390 0.048828 0.048828
0 0.904527 0.593297 0.048828 0.048828
0 0.864259 0.646988 0.048828 0.048828
0 0.856589 0.586585 0.048828 0.048828
0 0.821114 0.621101 0.048828 0.048828
0 0.802897 0.587544 0.048828 0.048828
0 0.752082 0.582750 0.048828 0.048828
0 0.780845 0.532894 0.048828 0.048828
0 0.739618 0.519471 0.048828 0.048828
0 0.699349 0.549193 0.048828 0.048828
0 0.630318 0.561657 0.048828 0.048828
0 0.566080 0.550152 0.048828 0.048828
0 0.507594 0.561657 0.048828 0.048828
0 0.453903 0.539605 0.048828 0.048828
0 0.380077 0.562616 0.048828 0.048828
0 0.355149 0.517553 0.048828 0.048828
0 0.322550 0.488790 0.048828 0.048828
0 0.399253 0.516595 0.048828 0.048828
0 0.448150 0.484955 0.048828 0.048828
0 0.507594 0.509883 0.048828 0.048828
0 0.566080 0.492625 0.048828 0.048828
0 0.547863 0.440851 0.048828 0.048828
0 0.600595 0.516595 0.048828 0.048828
0 0.613060 0.463862 0.048828 0.048828
0 0.659081 0.461944 0.048828 0.048828
0 0.847960 0.549193 0.048828 0.048828
0 0.898775 0.537688 0.048828 0.048828
0 0.943837 0.547275 0.048828 0.048828
0 0.902610 0.502213 0.048828 0.048828
0 0.861382 0.497419 0.048828 0.048828
0 0.893981 0.461944 0.048828 0.048828
0 0.865218 0.419758 0.048828 0.048828
0 0.800980 0.442769 0.048828 0.048828
0 0.760711 0.460986 0.048828 0.048828
0 0.713731 0.484955 0.048828 0.048828
0 0.497048 0.438934 0.048828 0.048828
0 0.446233 0.410170 0.048828 0.048828
0 0.390624 0.469614 0.048828 0.048828
0 0.242013 0.432222 0.048828 0.048828
0 0.265983 0.450439 0.048828 0.048828
0 0.312004 0.439892 0.048828 0.048828
0 0.323509 0.410170 0.048828 0.048828
0 0.376242 0.404418 0.048828 0.048828
0 0.352273 0.382366 0.048828 0.048828
0 0.364737 0.366067 0.048828 0.048828
0 0.392541 0.358396 0.048828 0.048828
0 0.447191 0.371819 0.048828 0.048828
0 0.505677 0.391954 0.048828 0.048828
0 0.501842 0.339221 0.048828 0.048828
0 0.542110 0.324839 0.048828 0.048828
0 0.582379 0.378531 0.048828 0.048828
0 0.633194 0.402500 0.048828 0.048828
0 0.707978 0.410170 0.048828 0.048828
0 0.674421 0.356479 0.048828 0.048828
0 0.621689 0.333468 0.048828 0.048828
0 0.599637 0.280736 0.048828 0.048828
0 0.519100 0.277859 0.048828 0.048828
0 0.465408 0.268272 0.048828 0.048828
0 0.438562 0.312375 0.048828 0.048828
0 0.401170 0.269230 0.048828 0.048828
0 0.364737 0.311416 0.048828 0.048828
0 0.339808 0.280736 0.048828 0.048828
0 0.306251 0.273065 0.048828 0.048828
0 0.294746 0.343056 0.048828 0.048828
0 0.256395 0.374696 0.048828 0.048828
0 0.255436 0.311416 0.048828 0.048828
0 0.255436 0.244302 0.048828 0.048828
0 0.308169 0.220333 0.048828 0.048828
0 0.364737 0.229921 0.048828 0.048828
0 0.431851 0.221292 0.048828 0.048828
0 0.540193 0.221292 0.048828 0.048828
0 0.583337 0.231838 0.048828 0.048828
0 0.637029 0.220333 0.048828 0.048828
0 0.657163 0.262519 0.048828 0.048828
0 0.709896 0.245261 0.048828 0.048828
0 0.703184 0.301829 0.048828 0.048828
0 0.755917 0.346891 0.048828 0.048828
0 0.769340 0.399624 0.048828 0.048828
0 0.819196 0.405377 0.048828 0.048828
0 0.864259 0.383325 0.048828 0.048828
0 0.817279 0.346891 0.048828 0.048828
0 0.850836 0.305664 0.048828 0.048828
0 0.790433 0.273065 0.048828 0.048828
0 0.833578 0.271148 0.048828 0.048828
0 0.807691 0.227044 0.048828 0.048828
0 0.214209 0.210745 0.048828 0.048828
0 0.162435 0.223209 0.048828 0.048828
0 0.203662 0.275942 0.048828 0.048828
0 0.200786 0.325798 0.048828 0.048828
0 0.198868 0.380448 0.048828 0.048828
0 0.154765 0.414964 0.048828 0.048828
0 0.175858 0.459068 0.048828 0.048828
0 0.131754 0.479202 0.048828 0.048828
0 0.102032 0.426470 0.048828 0.048828
0 0.027248 0.423593 0.048828 0.048828
0 0.022454 0.363190 0.048828 0.048828
0 0.048341 0.321004 0.048828 0.048828
0 0.093403 0.363190 0.048828 0.048828
0 0.144218 0.323881 0.048828 0.048828
0 0.145177 0.277859 0.048828 0.048828
0 0.088609 0.283612 0.048828 0.048828
0 0.103950 0.248137 0.048828 0.048828
0 0.048341 0.218415 0.048828 0.048828
0 0.027248 0.292241 0.048828 0.048828
0 0.879599 0.228962 0.048828 0.048828
0 0.919868 0.234714 0.048828 0.048828
0 0.954384 0.269230 0.048828 0.048828
0 0.967807 0.368943 0.048828 0.048828
0 0.910280 0.293200 0.048828 0.048828
0 0.916033 0.344974 0.048828 0.048828
0 0.936167 0.419758 0.048828 0.048828
0 0.990817 0.486872 0.048828 0.048828
0 0.995611 0.605761 0.048828 0.048828
0 0.847001 0.034330 0.048828 0.048828
0 0.809609 0.057341 0.048828 0.048828
0 0.834537 0.093774 0.048828 0.048828
0 0.877682 0.072681 0.048828 0.048828
0 0.918909 0.060217 0.048828 0.048828
0 0.971642 0.079393 0.048828 0.048828
0 0.943837 0.131167 0.048828 0.048828
0 0.898775 0.115826 0.048828 0.048828
0 0.920827 0.177188 0.048828 0.048828
0 0.882476 0.164724 0.048828 0.048828
0 0.791392 0.157054 0.048828 0.048828
0 0.746329 0.158012 0.048828 0.048828
0 0.751123 0.086104 0.048828 0.048828
0 0.741535 0.010361 0.048828 0.048828
0 0.800980 0.006526 0.048828 0.048828
0 0.713731 0.057341 0.048828 0.048828
0 0.700308 0.102403 0.048828 0.048828
0 0.668669 0.097609 0.048828 0.048828
0 0.684009 0.170476 0.048828 0.048828
0 0.646617 0.009402 0.048828 0.048828
0 0.638946 0.060217 0.048828 0.048828
0 0.596760 0.088022 0.048828 0.048828
0 0.637988 0.100486 0.048828 0.048828
0 0.556492 0.059258 0.048828 0.048828
0 0.548822 0.006526 0.048828 0.048828
0 0.497048 0.063094 0.048828 0.048828
0 0.529646 0.088022 0.048828 0.048828
0 0.602513 0.168559 0.048828 0.048828
0 0.549780 0.175270 0.048828 0.048828
0 0.505677 0.144589 0.048828 0.048828
0 0.472119 0.194446 0.048828 0.048828
0 0.470202 0.117744 0.048828 0.048828
0 0.463491 0.082269 0.048828 0.048828
0 0.412675 0.093774 0.048828 0.048828
0 0.431851 0.038165 0.048828 0.048828
0 0.379118 0.051588 0.048828 0.048828
0 0.352273 0.001732 0.048828 0.048828
0 0.280364 0.052547 0.048828 0.048828
0 0.279406 0.095692 0.048828 0.048828
0 0.344602 0.133084 0.048828 0.048828
0 0.434727 0.144589 0.048828 0.048828
0 0.319674 0.168559 0.048828 0.048828
0 0.244890 0.158971 0.048828 0.048828
0 0.188322 0.143631 0.048828 0.048828
0 0.232426 0.088980 0.048828 0.048828
0 0.214209 0.027619 0.048828 0.048828
0 0.126960 0.009402 0.048828 0.048828
0 0.153806 0.103362 0.048828 0.048828
0 0.124084 0.086104 0.048828 0.048828
0 0.085733 0.129249 0.048828 0.048828
0 0.141342 0.145548 0.048828 0.048828
0 0.099156 0.186776 0.048828 0.048828
0 0.036835 0.179105 0.048828 0.048828
0 0.030124 0.120620 0.048828 0.048828
0 0.029165 0.052547 0.048828 0.048828
0 0.061763 0.066929 0.048828 0.048828
0 0.056970 0.018990 0.048828 0.048828
0 0.085733 0.018990 0.048828 0.048828