0 0.038010 0.833764 0.048828 0.048828
0 0.081155 0.812671 0.048828 0.048828
0 0.120465 0.793495 0.048828 0.048828
0 0.129094 0.843351 0.048828 0.048828
0 0.170321 0.811712 0.048828 0.048828
0 0.228807 0.756103 0.048828 0.048828
0 0.183744 0.748433 0.048828 0.048828
0 0.094578 0.756103 0.048828 0.048828
0 0.033216 0.777196 0.048828 0.048828
0 0.032258 0.738845 0.048828 0.048828
0 0.209631 0.705288 0.048828 0.048828
0 0.231683 0.667895 0.048828 0.048828
0 0.184703 0.636256 0.048828 0.048828
0 0.160733 0.704329 0.048828 0.048828
0 0.110877 0.680360 0.048828 0.048828
0 0.108001 0.623792 0.048828 0.048828
0 0.046639 0.664060 0.048828 0.048828
0 0.046639 0.616122 0.048828 0.048828
0 0.049515 0.574894 0.048828 0.048828
0 0.000618 0.621874 0.048828 0.048828
0 0.262364 0.719669 0.048828 0.048828
0 0.306467 0.702411 0.048828 0.048828
0 0.354406 0.671731 0.048828 0.048828
0 0.282498 0.660225 0.048828 0.048828
0 0.301674 0.639132 0.048828 0.048828
0 0.362076 0.620915 0.048828 0.048828
0 0.438778 0.557636 0.048828 0.048828
0 0.391798 0.546131 0.048828 0.048828
0 0.378376 0.479017 0.048828 0.048828
0 0.357283 0.557636 0.048828 0.048828
0 0.339066 0.509697 0.048828 0.048828
0 0.314138 0.581606 0.048828 0.048828
0 0.248941 0.573935 0.048828 0.048828
0 0.288251 0.504904 0.048828 0.048828
0 0.320849 0.455047 0.048828 0.048828
0 0.264281 0.431078 0.048828 0.048828
0 0.233600 0.508739 0.048828 0.048828
0 0.199085 0.578729 0.048828 0.048828
0 0.142517 0.567224 0.048828 0.048828
0 0.093619 0.551884 0.048828 0.048828
0 0.173198 0.498192 0.048828 0.048828
0 0.203878 0.441624 0.048828 0.048828
0 0.201961 0.394644 0.048828 0.048828
0 0.187579 0.350541 0.048828 0.048828
0 0.151146 0.373551 0.048828 0.048828
0 0.084990 0.386974 0.048828 0.048828
0 0.114712 0.451212 0.048828 0.048828
0 0.070609 0.438748 0.048828 0.048828
0 0.059103 0.495316 0.048828 0.048828
0 0.017876 0.530790 0.048828 0.048828
0 0.001577 0.432037 0.048828 0.048828
0 0.027464 0.378345 0.048828 0.048828
0 0.040887 0.316983 0.048828 0.048828
0 0.141558 0.320819 0.048828 0.048828
0 0.107042 0.293014 0.048828 0.048828
0 0.050474 0.256581 0.048828 0.048828
0 0.104166 0.237405 0.048828 0.048828
0 0.140599 0.264251 0.048828 0.048828
0 0.187579 0.249869 0.048828 0.048828
0 0.154022 0.209601 0.048828 0.048828
0 0.160733 0.163579 0.048828 0.048828
0 0.204837 0.170291 0.048828 0.048828
0 0.205796 0.147280 0.048828 0.048828
0 0.230724 0.108929 0.048828 0.048828
0 0.173198 0.110847 0.048828 0.048828
0 0.208672 0.078248 0.048828 0.048828
0 0.146352 0.077290 0.048828 0.048828
0 0.114712 0.123311 0.048828 0.048828
0 0.093619 0.173167 0.048828 0.048828
0 0.046639 0.206724 0.048828 0.048828
0 0.053351 0.135775 0.048828 0.048828
0 0.062938 0.063867 0.048828 0.048828
0 0.017876 0.086877 0.048828 0.048828
0 0.009247 0.134816 0.048828 0.048828
0 0.017876 0.029351 0.048828 0.048828
0 0.129094 0.034145 0.048828 0.048828
0 0.203878 0.032227 0.048828 0.048828
0 0.262364 0.038938 0.048828 0.048828