0 0.915065 0.900657 0.048828 0.048828
0 0.978919 0.872987 0.048828 0.048828
0 0.990827 0.600880 0.048828 0.048828
0 0.962683 0.655411 0.048828 0.048828
0 0.969719 0.764471 0.048828 0.048828
0 0.939815 0.824279 0.048828 0.048828
0 0.902875 0.762712 0.048828 0.048828
0 0.943333 0.694110 0.048828 0.048828
0 0.909911 0.664206 0.048828 0.048828
0 0.925743 0.600880 0.048828 0.048828
0 0.997863 0.535795 0.048828 0.048828
0 0.994345 0.491819 0.048828 0.048828
0 0.941574 0.532277 0.048828 0.048828
0 0.888803 0.541073 0.048828 0.048828
0 0.890562 0.579772 0.048828 0.048828
0 0.832513 0.544591 0.048828 0.048828
0 0.779742 0.527000 0.048828 0.048828
0 0.797332 0.609675 0.048828 0.048828
0 0.855381 0.609675 0.048828 0.048828
0 0.820200 0.671242 0.048828 0.048828
0 0.865935 0.711700 0.048828 0.048828
0 0.802609 0.720495 0.048828 0.048828
0 0.756874 0.762712 0.048828 0.048828
0 0.741043 0.706423 0.048828 0.048828
0 0.749838 0.639579 0.048828 0.048828
0 0.741043 0.563940 0.048828 0.048828
0 0.695308 0.525241 0.048828 0.048828
0 0.668922 0.569217 0.048828 0.048828
0 0.679476 0.604398 0.048828 0.048828
0 0.700585 0.688832 0.048828 0.048828
0 0.670681 0.674760 0.048828 0.048828
0 0.630223 0.637820 0.048828 0.048828
0 0.617910 0.537554 0.048828 0.048828
0 0.609114 0.495337 0.048828 0.048828
0 0.876489 0.843628 0.048828 0.048828
0 0.814923 0.862978 0.048828 0.048828
0 0.844826 0.789098 0.048828 0.048828
0 0.800850 0.810207 0.048828 0.048828
0 0.777983 0.862978 0.048828 0.048828
0 0.723452 0.880568 0.048828 0.048828
0 0.721693 0.803170 0.048828 0.048828
0 0.697067 0.746881 0.048828 0.048828
0 0.656609 0.750399 0.048828 0.048828
0 0.670681 0.817243 0.048828 0.048828
0 0.616151 0.845387 0.048828 0.048828
0 0.598560 0.794375 0.048828 0.048828
0 0.580970 0.727531 0.048828 0.048828
0 0.610873 0.702905 0.048828 0.048828
0 0.616151 0.662447 0.048828 0.048828
0 0.575693 0.678278 0.048828 0.048828
0 0.558102 0.553386 0.048828 0.048828
0 0.586247 0.592085 0.048828 0.048828
0 0.514126 0.643097 0.048828 0.048828
0 0.521162 0.746881 0.048828 0.048828
0 0.531716 0.789098 0.048828 0.048828
0 0.545789 0.877050 0.048828 0.048828
0 0.600319 0.884086 0.048828 0.048828
0 0.663645 0.878809 0.048828 0.048828
0 0.456979 0.892867 0.048828 0.048828
0 0.455525 0.825994 0.048828 0.048828
0 0.400282 0.876876 0.048828 0.048828
0 0.401736 0.821633 0.048828 0.048828
0 0.443895 0.764937 0.048828 0.048828
0 0.464248 0.731500 0.048828 0.048828
0 0.433719 0.667535 0.048828 0.048828
0 0.459886 0.586124 0.048828 0.048828
0 0.512222 0.581763 0.048828 0.048828
0 0.454071 0.501807 0.048828 0.048828
0 0.427904 0.559957 0.048828 0.048828
0 0.395921 0.513437 0.048828 0.048828
0 0.420635 0.475639 0.048828 0.048828
0 0.369753 0.583217 0.048828 0.048828
0 0.409005 0.625376 0.048828 0.048828
0 0.337771 0.654451 0.048828 0.048828
0 0.379930 0.692249 0.048828 0.048828
0 0.400282 0.718416 0.048828 0.048828
0 0.352308 0.773659 0.048828 0.048828
0 0.324687 0.719870 0.048828 0.048828
0 0.270898 0.766390 0.048828 0.048828
0 0.285436 0.821633 0.048828 0.048828
0 0.343586 0.856523 0.048828 0.048828
0 0.308696 0.888506 0.048828 0.048828
0 0.246184 0.881237 0.048828 0.048828
0 0.238915 0.824541 0.048828 0.048828
0 0.199664 0.815818 0.048828 0.048828
0 0.195303 0.897228 0.048828 0.048828
0 0.148782 0.849254 0.048828 0.048828
0 0.122615 0.900136 0.048828 0.048828
0 0.067372 0.878330 0.048828 0.048828
0 0.084817 0.828902 0.048828 0.048828
0 0.003407 0.847801 0.048828 0.048828
0 0.048473 0.792558 0.048828 0.048828
0 0.124069 0.779474 0.048828 0.048828
0 0.204025 0.751853 0.048828 0.048828
0 0.270898 0.709694 0.048828 0.048828
0 0.256360 0.655905 0.048828 0.048828
0 0.288343 0.612292 0.048828 0.048828
0 0.320326 0.555596 0.048828 0.048828
0 0.285436 0.520705 0.048828 0.048828
0 0.250545 0.549781 0.048828 0.048828
0 0.220016 0.593393 0.048828 0.048828
0 0.183673 0.628283 0.048828 0.048828
0 0.199664 0.679165 0.048828 0.048828
0 0.154597 0.725685 0.048828 0.048828
0 0.116800 0.700971 0.048828 0.048828
0 0.116800 0.626830 0.048828 0.048828
0 0.086271 0.648636 0.048828 0.048828
0 0.033936 0.658812 0.048828 0.048828
0 0.071733 0.732954 0.048828 0.048828
0 0.013583 0.732954 0.048828 0.048828
0 0.166227 0.568679 0.048828 0.048828
0 0.118254 0.562864 0.048828 0.048828
0 0.180765 0.511983 0.048828 0.048828
0 0.112439 0.500353 0.048828 0.048828
0 0.047019 0.471278 0.048828 0.048828
0 0.052834 0.543966 0.048828 0.048828
0 0.070280 0.590486 0.048828 0.048828
0 0.035389 0.605023 0.048828 0.048828
0 0.000499 0.481454 0.048828 0.048828
0 0.353351 0.482424 0.048828 0.048828
0 0.413207 0.419242 0.048828 0.048828
0 0.460870 0.440303 0.048828 0.048828
0 0.444243 0.376013 0.048828 0.048828
0 0.387712 0.369362 0.048828 0.048828
0 0.346700 0.400399 0.048828 0.048828
0 0.289061 0.451387 0.048828 0.048828
0 0.231422 0.454712 0.048828 0.048828
0 0.175999 0.443628 0.048828 0.048828
0 0.223662 0.391531 0.048828 0.048828
0 0.290169 0.364928 0.048828 0.048828
0 0.337832 0.337217 0.048828 0.048828
0 0.122794 0.432544 0.048828 0.048828
0 0.179325 0.379338 0.048828 0.048828
0 0.057396 0.408158 0.048828 0.048828
0 0.016383 0.344976 0.048828 0.048828
0 0.075131 0.321699 0.048828 0.048828
0 0.130553 0.341651 0.048828 0.048828
0 0.175999 0.323916 0.048828 0.048828
0 0.218120 0.321699 0.048828 0.048828
0 0.258024 0.318374 0.048828 0.048828
0 0.316772 0.293988 0.048828 0.048828
0 0.354459 0.278470 0.048828 0.048828
0 0.394363 0.301747 0.048828 0.048828
0 0.453111 0.308398 0.048828 0.048828
0 0.440918 0.225264 0.048828 0.048828
0 0.368869 0.218614 0.048828 0.048828
0 0.304579 0.237457 0.048828 0.048828
0 0.249157 0.231915 0.048828 0.048828
0 0.205927 0.266277 0.048828 0.048828
0 0.192626 0.218614 0.048828 0.048828
0 0.156047 0.269602 0.048828 0.048828
0 0.136095 0.193119 0.048828 0.048828
0 0.110601 0.220830 0.048828 0.048828
0 0.092866 0.266277 0.048828 0.048828
0 0.052962 0.245216 0.048828 0.048828
0 0.013058 0.279578 0.048828 0.048828
0 0.039660 0.192011 0.048828 0.048828
0 0.067372 0.172059 0.048828 0.048828
0 0.066263 0.113311 0.048828 0.048828
0 0.025251 0.082275 0.048828 0.048828
0 0.171565 0.152107 0.048828 0.048828
0 0.214795 0.153215 0.048828 0.048828
0 0.331182 0.163191 0.048828 0.048828
0 0.369977 0.135480 0.048828 0.048828
0 0.413207 0.111094 0.048828 0.048828
0 0.433159 0.157649 0.048828 0.048828
0 0.410990 0.056780 0.048828 0.048828
0 0.371086 0.052347 0.048828 0.048828
0 0.295711 0.115528 0.048828 0.048828
0 0.299037 0.056780 0.048828 0.048828
0 0.253590 0.085600 0.048828 0.048828
0 0.181541 0.076732 0.048828 0.048828
0 0.133878 0.096684 0.048828 0.048828
0 0.109492 0.049021 0.048828 0.048828
0 0.211470 0.042371 0.048828 0.048828
0 0.265783 0.004683 0.048828 0.048828
0 0.171565 0.001358 0.048828 0.048828
0 0.449785 0.082275 0.048828 0.048828
0 0.914224 0.484641 0.048828 0.048828
0 0.951911 0.452496 0.048828 0.048828
0 0.969647 0.385989 0.048828 0.048828
0 0.915333 0.403724 0.048828 0.048828
0 0.849934 0.419242 0.048828 0.048828
0 0.843284 0.483532 0.048828 0.048828
0 0.782319 0.484641 0.048828 0.048828
0 0.741307 0.483532 0.048828 0.048828
0 0.792295 0.439194 0.048828 0.048828
0 0.732439 0.417025 0.048828 0.048828
0 0.756825 0.376013 0.048828 0.048828
0 0.680342 0.446953 0.048828 0.048828
0 0.653739 0.411483 0.048828 0.048828
0 0.603859 0.459146 0.048828 0.048828
0 0.593883 0.407049 0.048828 0.048828
0 0.557305 0.485749 0.048828 0.048828
0 0.653739 0.374904 0.048828 0.048828
0 0.617161 0.369362 0.048828 0.048828
0 0.623811 0.302855 0.048828 0.048828
0 0.679234 0.297313 0.048828 0.048828
0 0.709162 0.369362 0.048828 0.048828
0 0.581690 0.306181 0.048828 0.048828
0 0.620486 0.251867 0.048828 0.048828
0 0.665932 0.247433 0.048828 0.048828
0 0.729114 0.241891 0.048828 0.048828
0 0.730222 0.293988 0.048828 0.048828
0 0.784536 0.264060 0.048828 0.048828
0 0.797837 0.326133 0.048828 0.048828
0 0.852151 0.288446 0.048828 0.048828
0 0.848826 0.359386 0.048828 0.048828
0 0.890947 0.348302 0.048828 0.048828
0 0.940827 0.328350 0.048828 0.048828
0 0.898706 0.268494 0.048828 0.048828
0 0.965213 0.241891 0.048828 0.048828
0 0.984056 0.075624 0.048828 0.048828
0 0.936393 0.106660 0.048828 0.048828
0 0.951911 0.173167 0.048828 0.048828
0 0.863236 0.139914 0.048828 0.048828
0 0.827765 0.157649 0.048828 0.048828
0 0.842175 0.219722 0.048828 0.048828
0 0.761259 0.164300 0.048828 0.048828
0 0.721355 0.185360 0.048828 0.048828
0 0.671475 0.197553 0.048828 0.048828
0 0.622703 0.179818 0.048828 0.048828
0 0.572823 0.196445 0.048828 0.048828
0 0.558413 0.248542 0.048828 0.048828
0 0.517401 0.393748 0.048828 0.048828
0 0.522943 0.356061 0.048828 0.048828
0 0.528485 0.311723 0.048828 0.048828
0 0.507425 0.282903 0.048828 0.048828
0 0.483039 0.238566 0.048828 0.048828
0 0.488581 0.192011 0.048828 0.048828
0 0.470846 0.132155 0.048828 0.048828
0 0.502991 0.081166 0.048828 0.048828
0 0.550654 0.137697 0.048828 0.048828
0 0.612727 0.132155 0.048828 0.048828
0 0.678125 0.133263 0.048828 0.048828
0 0.743524 0.128829 0.048828 0.048828
0 0.795621 0.115528 0.048828 0.048828
0 0.844392 0.083383 0.048828 0.048828
0 0.905357 0.061214 0.048828 0.048828
0 0.821115 0.050130 0.048828 0.048828
0 0.754608 0.073407 0.048828 0.048828
0 0.673691 0.081166 0.048828 0.048828
0 0.602751 0.082275 0.048828 0.048828
0 0.532919 0.002467 0.048828 0.048828
0 0.569498 0.027961 0.048828 0.048828
0 0.607185 0.024635 0.048828 0.048828
0 0.651523 0.029069 0.048828 0.048828
0 0.728005 0.027961 0.048828 0.048828
0 0.764584 0.016876 0.048828 0.048828
0 0.794512 0.004683 0.048828 0.048828
0 0.897598 0.005792 0.048828 0.048828
0 0.972972 0.013551 0.048828 0.048828