0 0.645024 0.590979 0.012732 0.010778
0 0.634662 0.593903 0.012732 0.010778
0 0.607462 0.592441 0.012732 0.010778
0 0.595805 0.591710 0.012732 0.010778
0 0.585875 0.589151 0.012732 0.010778
0 0.563425 0.582207 0.012732 0.010778
0 0.488301 0.563568 0.012732 0.010778
0 0.484847 0.552969 0.012732 0.010778
0 0.478371 0.549680 0.012732 0.010778
0 0.465419 0.549680 0.012732 0.010778
0 0.474486 0.562471 0.012732 0.010778
0 0.464124 0.558451 0.012732 0.010778
0 0.455921 0.562837 0.012732 0.010778
0 0.454625 0.554065 0.012732 0.010778
0 0.444264 0.557355 0.012732 0.010778
0 0.442105 0.548583 0.012732 0.010778
0 0.427426 0.551142 0.012732 0.010778
0 0.418791 0.548583 0.012732 0.010778
0 0.409724 0.552604 0.012732 0.010778
0 0.410588 0.546025 0.012732 0.010778
0 0.401521 0.549314 0.012732 0.010778
0 0.412746 0.541639 0.012732 0.010778
0 0.404111 0.544928 0.012732 0.010778
0 0.394613 0.545659 0.012732 0.010778
0 0.383820 0.543101 0.012732 0.010778
0 0.373889 0.542370 0.012732 0.010778
0 0.365686 0.537619 0.012732 0.010778
0 0.363528 0.543467 0.012732 0.010778
0 0.356188 0.539812 0.012732 0.010778
0 0.342804 0.541639 0.012732 0.010778
0 0.354461 0.532502 0.012732 0.010778
0 0.349712 0.536888 0.012732 0.010778
0 0.354893 0.527020 0.012732 0.010778
0 0.349280 0.529578 0.012732 0.010778
0 0.344099 0.530309 0.012732 0.010778
0 0.340214 0.536888 0.012732 0.010778
0 0.335896 0.543832 0.012732 0.010778
0 0.332442 0.538715 0.012732 0.010778
0 0.328556 0.534330 0.012732 0.010778
0 0.332160 0.527212 0.012732 0.010778
0 0.322104 0.528035 0.012732 0.010778
0 0.311076 0.527486 0.012732 0.010778
0 0.321456 0.533253 0.012732 0.010778
0 0.316590 0.532978 0.012732 0.010778
0 0.306859 0.531605 0.012732 0.010778
0 0.257554 0.537921 0.012732 0.010778
0 0.246525 0.536548 0.012732 0.010778
0 0.240037 0.536273 0.012732 0.010778
0 0.228360 0.535999 0.012732 0.010778
0 0.275394 0.513482 0.012732 0.010778
0 0.265339 0.515130 0.012732 0.010778
0 0.254959 0.517601 0.012732 0.010778
0 0.256581 0.512384 0.012732 0.010778
0 0.250093 0.512658 0.012732 0.010778
0 0.246849 0.512933 0.012732 0.010778
0 0.237767 0.515954 0.012732 0.010778
0 0.234847 0.511560 0.012732 0.010778
0 0.221224 0.516777 0.012732 0.010778
0 0.218304 0.509913 0.012732 0.010778
0 0.220251 0.506343 0.012732 0.010778
0 0.211168 0.504970 0.012732 0.010778
0 0.209546 0.509638 0.012732 0.010778
0 0.209546 0.513482 0.012732 0.010778
0 0.207276 0.541765 0.012732 0.010778
0 0.198842 0.540667 0.012732 0.010778
0 0.180677 0.556318 0.012732 0.010778
0 0.190084 0.539294 0.012732 0.010778
0 0.205005 0.515679 0.012732 0.010778
0 0.204356 0.509363 0.012732 0.010778
0 0.196896 0.513757 0.012732 0.010778
0 0.197220 0.518699 0.012732 0.010778
0 0.191706 0.522269 0.012732 0.010778
0 0.189111 0.519249 0.012732 0.010778
0 0.240037 0.472568 0.012732 0.010778
0 0.252364 0.473118 0.012732 0.010778
0 0.259500 0.465978 0.012732 0.010778
0 0.265663 0.473941 0.012732 0.010778
0 0.278314 0.471470 0.012732 0.010778
0 0.291289 0.472568 0.012732 0.010778
0 0.303615 0.459937 0.012732 0.010778
0 0.395089 0.485200 0.012732 0.010778
0 0.418768 0.474491 0.012732 0.010778
0 0.414876 0.472019 0.012732 0.010778
0 0.410010 0.472019 0.012732 0.010778
0 0.408388 0.463232 0.012732 0.010778
0 0.403522 0.462409 0.012732 0.010778
0 0.402225 0.451974 0.012732 0.010778
0 0.396386 0.457741 0.012732 0.010778
0 0.396711 0.464331 0.012732 0.010778
0 0.387628 0.466527 0.012732 0.010778
0 0.373680 0.464331 0.012732 0.010778
0 0.365571 0.464605 0.012732 0.010778
0 0.377248 0.461585 0.012732 0.010778
0 0.293884 0.426437 0.012732 0.010778
0 0.267609 0.427261 0.012732 0.010778
0 0.277665 0.402823 0.012732 0.010778
0 0.291613 0.405294 0.012732 0.010778
0 0.185218 0.305618 0.012732 0.010778
0 0.194625 0.310835 0.012732 0.010778
0 0.272475 0.282827 0.012732 0.010778
0 0.282855 0.281180 0.012732 0.010778
0 0.223819 0.213081 0.012732 0.010778
0 0.230631 0.209237 0.012732 0.010778
0 0.236794 0.207864 0.012732 0.010778
0 0.243606 0.205118 0.012732 0.010778
0 0.246525 0.207590 0.012732 0.010778
0 0.256581 0.204020 0.012732 0.010778
0 0.261446 0.203471 0.012732 0.010778
0 0.264690 0.205667 0.012732 0.010778
0 0.264690 0.209786 0.012732 0.010778
0 0.273772 0.203745 0.012732 0.010778
0 0.285450 0.202647 0.012732 0.010778
0 0.319509 0.200450 0.012732 0.010778
0 0.326321 0.194684 0.012732 0.010778
0 0.334106 0.193586 0.012732 0.010778
0 0.338647 0.193311 0.012732 0.010778
0 0.344162 0.192213 0.012732 0.010778
0 0.389250 0.187270 0.012732 0.010778
0 0.398332 0.184524 0.012732 0.010778
0 0.364273 0.195233 0.012732 0.010778
0 0.372707 0.249876 0.012732 0.010778
0 0.381141 0.247680 0.012732 0.010778
0 0.392818 0.246581 0.012732 0.010778
0 0.427851 0.264704 0.012732 0.010778
0 0.432392 0.271569 0.012732 0.010778
0 0.437257 0.268274 0.012732 0.010778
0 0.442123 0.267725 0.012732 0.010778
0 0.448935 0.268274 0.012732 0.010778
0 0.456071 0.267450 0.012732 0.010778
0 0.454125 0.257290 0.012732 0.010778
0 0.463856 0.262507 0.012732 0.010778
0 0.463532 0.267725 0.012732 0.010778
0 0.473912 0.270196 0.012732 0.010778
0 0.472614 0.265253 0.012732 0.010778
0 0.471641 0.251798 0.012732 0.010778
0 0.476182 0.254819 0.012732 0.010778
0 0.482670 0.252622 0.012732 0.010778
0 0.479102 0.247954 0.012732 0.010778
0 0.489806 0.248503 0.012732 0.010778
0 0.494347 0.250151 0.012732 0.010778
0 0.432392 0.290241 0.012732 0.010778
0 0.444069 0.290516 0.012732 0.010778
0 0.462559 0.287770 0.012732 0.010778
0 0.500511 0.269921 0.012732 0.010778
0 0.494347 0.271020 0.012732 0.010778
0 0.434338 0.139766 0.012732 0.010778
0 0.445691 0.136746 0.012732 0.010778
0 0.470344 0.127409 0.012732 0.010778
0 0.523217 0.157889 0.012732 0.010778
0 0.539435 0.146631 0.012732 0.010778
0 0.547220 0.144709 0.012732 0.010778
0 0.546896 0.148004 0.012732 0.010778
0 0.555330 0.147455 0.012732 0.010778
0 0.556627 0.142512 0.012732 0.010778
0 0.574792 0.134274 0.012732 0.010778
0 0.581280 0.135373 0.012732 0.010778
0 0.585821 0.136196 0.012732 0.010778
0 0.597499 0.136196 0.012732 0.010778
0 0.613717 0.136196 0.012732 0.010778
0 0.621502 0.173266 0.012732 0.010778
0 0.589389 0.154319 0.012732 0.010778
0 0.576414 0.159262 0.012732 0.010778
0 0.567332 0.154594 0.012732 0.010778
0 0.561493 0.151024 0.012732 0.010778
0 0.604959 0.213631 0.012732 0.010778
0 0.596201 0.210061 0.012732 0.010778
0 0.582577 0.206766 0.012732 0.010778
0 0.572522 0.205942 0.012732 0.010778
0 0.561817 0.204020 0.012732 0.010778
0 0.550140 0.201274 0.012732 0.010778
0 0.541706 0.198254 0.012732 0.010778
0 0.531002 0.195782 0.012732 0.010778
0 0.521271 0.192487 0.012732 0.010778
0 0.506349 0.187819 0.012732 0.010778
0 0.524190 0.255643 0.012732 0.010778
0 0.550140 0.259762 0.012732 0.010778
0 0.559547 0.260311 0.012732 0.010778
0 0.570900 0.257016 0.012732 0.010778
0 0.562790 0.274315 0.012732 0.010778
0 0.555654 0.268823 0.012732 0.010778
0 0.544301 0.266352 0.012732 0.010778
0 0.536516 0.266352 0.012732 0.010778
0 0.520946 0.265528 0.012732 0.010778
0 0.526785 0.262782 0.012732 0.010778
0 0.512188 0.259762 0.012732 0.010778
0 0.503106 0.256741 0.012732 0.010778
0 0.484292 0.294360 0.012732 0.010778
0 0.672429 0.214454 0.012732 0.010778
0 0.677944 0.210885 0.012732 0.010778
0 0.686702 0.216376 0.012732 0.010778
0 0.694487 0.211159 0.012732 0.010778
0 0.717842 0.194958 0.012732 0.010778
0 0.735682 0.186995 0.012732 0.010778
0 0.689297 0.236421 0.012732 0.010778
0 0.698704 0.237245 0.012732 0.010778
0 0.718490 0.239442 0.012732 0.010778
0 0.727249 0.242188 0.012732 0.010778
0 0.738926 0.247130 0.012732 0.010778
0 0.748009 0.250426 0.012732 0.010778
0 0.760659 0.253721 0.012732 0.010778
0 0.776878 0.256467 0.012732 0.010778
0 0.788231 0.258663 0.012732 0.010778
0 0.799260 0.259762 0.012732 0.010778
0 0.808342 0.259762 0.012732 0.010778
0 0.779473 0.295733 0.012732 0.010778
0 0.723680 0.285298 0.012732 0.010778
0 0.712652 0.278983 0.012732 0.010778
0 0.654913 0.287495 0.012732 0.010778
0 0.663347 0.290516 0.012732 0.010778
0 0.672105 0.291339 0.012732 0.010778
0 0.684431 0.292163 0.012732 0.010778
0 0.696433 0.303421 0.012732 0.010778
0 0.707137 0.303696 0.012732 0.010778
0 0.730168 0.300126 0.012732 0.010778
0 0.739899 0.302872 0.012732 0.010778
0 0.759686 0.307266 0.012732 0.010778
0 0.710381 0.312757 0.012732 0.010778
0 0.763579 0.376737 0.012732 0.010778
0 0.755469 0.375913 0.012732 0.010778
0 0.741521 0.373167 0.012732 0.010778
0 0.728870 0.373167 0.012732 0.010778
0 0.708435 0.353946 0.012732 0.010778
0 0.673078 0.352847 0.012732 0.010778
0 0.663995 0.348454 0.012732 0.010778
0 0.639667 0.354495 0.012732 0.010778
0 0.697082 0.375089 0.012732 0.010778
0 0.725302 0.369597 0.012732 0.010778
0 0.689621 0.390741 0.012732 0.010778
0 0.683134 0.386622 0.012732 0.010778
0 0.665293 0.381130 0.012732 0.010778
0 0.634802 0.372069 0.012732 0.010778
0 0.633829 0.379208 0.012732 0.010778
0 0.616961 0.367401 0.012732 0.010778
0 0.609176 0.370696 0.012732 0.010778
0 0.599120 0.368224 0.012732 0.010778
0 0.590687 0.369048 0.012732 0.010778
0 0.589714 0.364106 0.012732 0.010778
0 0.576090 0.361360 0.012732 0.010778
0 0.569927 0.367950 0.012732 0.010778
0 0.564412 0.360810 0.012732 0.010778
0 0.561493 0.366302 0.012732 0.010778
0 0.548194 0.370696 0.012732 0.010778
0 0.549491 0.366851 0.012732 0.010778
0 0.552086 0.359712 0.012732 0.010778
0 0.555979 0.358614 0.012732 0.010778
0 0.545274 0.356692 0.012732 0.010778
0 0.536192 0.355319 0.012732 0.010778
0 0.526785 0.358065 0.012732 0.010778
0 0.529704 0.362733 0.012732 0.010778
0 0.537165 0.360810 0.012732 0.010778
0 0.541057 0.365204 0.012732 0.010778
0 0.535867 0.368774 0.012732 0.010778
0 0.540733 0.373991 0.012732 0.010778
0 0.564737 0.375364 0.012732 0.010778
0 0.531650 0.372618 0.012732 0.010778
0 0.524514 0.367401 0.012732 0.010778
0 0.518027 0.360261 0.012732 0.010778
0 0.520297 0.355319 0.012732 0.010778
0 0.514134 0.357241 0.012732 0.010778
0 0.508620 0.356966 0.012732 0.010778
0 0.503430 0.359438 0.012732 0.010778
0 0.508944 0.364380 0.012732 0.010778
0 0.510242 0.368224 0.012732 0.010778
0 0.512837 0.375364 0.012732 0.010778
0 0.510566 0.391839 0.012732 0.010778
0 0.519973 0.393212 0.012732 0.010778
0 0.545274 0.397605 0.012732 0.010778
0 0.557600 0.396782 0.012732 0.010778
0 0.571873 0.396233 0.012732 0.010778
0 0.585821 0.401450 0.012732 0.010778
0 0.593930 0.405843 0.012732 0.010778
0 0.599445 0.401724 0.012732 0.010778
0 0.610474 0.402548 0.012732 0.010778
0 0.614042 0.396782 0.012732 0.010778
0 0.621502 0.396233 0.012732 0.010778
0 0.626692 0.401175 0.012732 0.010778
0 0.633504 0.398978 0.012732 0.010778
0 0.638370 0.402823 0.012732 0.010778
0 0.646155 0.406392 0.012732 0.010778
0 0.652967 0.412433 0.012732 0.010778
0 0.664320 0.413806 0.012732 0.010778
0 0.588092 0.441540 0.012732 0.010778
0 0.579334 0.441540 0.012732 0.010778
0 0.571873 0.414081 0.012732 0.010778
0 0.538462 0.426712 0.012732 0.010778
0 0.497591 0.358888 0.012732 0.010778
0 0.496618 0.363007 0.012732 0.010778
0 0.497916 0.368774 0.012732 0.010778
0 0.488833 0.365753 0.012732 0.010778
0 0.488833 0.359987 0.012732 0.010778
0 0.483967 0.356417 0.012732 0.010778
0 0.477156 0.353122 0.012732 0.010778
0 0.471317 0.358614 0.012732 0.010778
0 0.457369 0.356692 0.012732 0.010778
0 0.468397 0.372069 0.012732 0.010778
0 0.473263 0.371245 0.012732 0.010778
0 0.481372 0.373991 0.012732 0.010778
0 0.488509 0.387446 0.012732 0.010778
0 0.483643 0.337745 0.012732 0.010778
0 0.490455 0.335274 0.012732 0.010778
0 0.500511 0.330606 0.012732 0.010778
0 0.505701 0.335548 0.012732 0.010778
0 0.513810 0.333901 0.012732 0.010778
0 0.515107 0.348179 0.012732 0.010778
0 0.544950 0.349827 0.012732 0.010778
0 0.552086 0.348179 0.012732 0.010778
0 0.572846 0.351200 0.012732 0.010778
0 0.587767 0.351474 0.012732 0.010778
0 0.607049 0.423609 0.012732 0.010778
0 0.612410 0.420331 0.012732 0.010778
0 0.622836 0.422348 0.012732 0.010778
0 0.633559 0.422096 0.012732 0.010778
0 0.610027 0.438486 0.012732 0.010778
0 0.653516 0.443781 0.012732 0.010778
0 0.620453 0.450841 0.012732 0.010778
0 0.635346 0.451850 0.012732 0.010778
0 0.595134 0.343174 0.012732 0.010778
0 0.573092 0.330566 0.012732 0.010778
0 0.613304 0.336870 0.012732 0.010778
0 0.621346 0.710554 0.012732 0.010778
0 0.630282 0.711814 0.012732 0.010778
0 0.643388 0.721396 0.012732 0.010778
0 0.631176 0.726943 0.012732 0.010778
0 0.621346 0.723413 0.012732 0.010778
0 0.608836 0.724170 0.012732 0.010778
0 0.601389 0.718370 0.012732 0.010778
0 0.593943 0.724674 0.012732 0.010778
0 0.590964 0.717362 0.012732 0.010778
0 0.586198 0.716605 0.012732 0.010778
0 0.586198 0.720892 0.012732 0.010778
0 0.575177 0.722657 0.012732 0.010778
0 0.576071 0.715597 0.012732 0.010778
0 0.567135 0.722153 0.012732 0.010778
0 0.566837 0.714588 0.012732 0.010778
0 0.551944 0.719631 0.012732 0.010778
0 0.563858 0.679792 0.012732 0.010778
0 0.794406 0.746863 0.012732 0.010778
0 0.781002 0.796284 0.012732 0.010778
0 0.770874 0.788972 0.012732 0.010778
0 0.763726 0.820490 0.012732 0.010778
0 0.741386 0.819482 0.012732 0.010778
0 0.732152 0.799562 0.012732 0.010778
0 0.700280 0.797293 0.012732 0.010778
0 0.794108 0.872937 0.012732 0.010778
0 0.780406 0.871424 0.012732 0.010778
0 0.774449 0.877980 0.012732 0.010778
0 0.760449 0.876467 0.012732 0.010778
0 0.756279 0.871424 0.012732 0.010778
0 0.673771 0.865625 0.012732 0.010778
0 0.631474 0.863608 0.012732 0.010778
0 0.627899 0.873189 0.012732 0.010778
0 0.608538 0.877224 0.012732 0.010778
0 0.548369 0.885292 0.012732 0.010778
0 0.575773 0.825533 0.012732 0.010778
0 0.553135 0.823012 0.012732 0.010778
0 0.542412 0.822003 0.012732 0.010778
0 0.519179 0.821751 0.012732 0.010778
0 0.440840 0.845201 0.012732 0.010778
0 0.779810 0.710302 0.012732 0.010778
0 0.759853 0.710806 0.012732 0.010778
0 0.547425 0.870074 0.012732 0.010778
0 0.430404 0.798309 0.012732 0.010778
0 0.381495 0.867313 0.012732 0.010778
0 0.365192 0.868847 0.012732 0.010778
0 0.196363 0.775920 0.012732 0.010778
0 0.121368 0.746172 0.012732 0.010778
0 0.261576 0.725930 0.012732 0.010778
0 0.268459 0.726850 0.012732 0.010778
0 0.285125 0.730224 0.012732 0.010778
0 0.241287 0.717036 0.012732 0.010778
0 0.456127 0.849526 0.012732 0.010778
0 0.476053 0.840632 0.012732 0.010778