0 0.847097 0.824833 0.048828 0.048828
0 0.944738 0.842334 0.048828 0.048828
0 0.677607 0.754826 0.048828 0.048828
0 0.765116 0.886549 0.048828 0.048828
0 0.768800 0.817463 0.048828 0.048828
0 0.262173 0.913262 0.048828 0.048828
0 0.294413 0.916026 0.048828 0.048828
0 0.416003 0.891155 0.048828 0.048828
0 0.238223 0.772328 0.048828 0.048828
0 0.266779 0.774170 0.048828 0.048828
0 0.289807 0.769564 0.048828 0.048828
0 0.308230 0.797198 0.048828 0.048828
0 0.315599 0.773249 0.048828 0.048828
0 0.342312 0.775091 0.048828 0.048828
0 0.344154 0.797198 0.048828 0.048828
0 0.363498 0.809173 0.048828 0.048828
0 0.385606 0.800883 0.048828 0.048828
0 0.420609 0.767722 0.048828 0.048828
0 0.456534 0.768643 0.048828 0.048828
0 0.530225 0.736403 0.048828 0.048828
0 0.542200 0.759432 0.048828 0.048828
0 0.591941 0.750220 0.048828 0.048828
0 0.602995 0.750220 0.048828 0.048828
0 0.647210 0.762195 0.048828 0.048828
0 0.483247 0.787066 0.048828 0.048828
0 0.625102 0.803646 0.048828 0.048828
0 0.335864 0.834044 0.048828 0.048828
0 0.309151 0.835886 0.048828 0.048828
0 0.276911 0.831281 0.048828 0.048828
0 0.250198 0.827596 0.048828 0.048828
0 0.177428 0.849703 0.048828 0.048828
0 0.147951 0.861678 0.048828 0.048828
0 0.070576 0.890234 0.048828 0.048828
0 0.087156 0.877338 0.048828 0.048828
0 0.113869 0.880101 0.048828 0.048828
0 0.172822 0.881943 0.048828 0.048828
0 0.203220 0.864442 0.048828 0.048828
0 0.235460 0.853388 0.048828 0.048828
0 0.288886 0.860757 0.048828 0.048828
0 0.090841 0.914183 0.048828 0.048828
0 0.012544 0.897603 0.048828 0.048828
0 0.941361 0.034903 0.048828 0.048828
0 0.921914 0.032856 0.048828 0.048828
0 0.916797 0.009316 0.048828 0.048828
0 0.885069 0.015457 0.048828 0.048828
0 0.887116 0.030809 0.048828 0.048828
0 0.836965 0.025692 0.048828 0.048828
0 0.811377 0.034903 0.048828 0.048828
0 0.792955 0.036950 0.048828 0.048828
0 0.808307 0.005222 0.048828 0.048828
0 0.821612 0.061514 0.048828 0.048828
0 0.890442 0.809327 0.048828 0.048828
0 0.525421 0.781093 0.048828 0.048828
0 0.560713 0.782102 0.048828 0.048828
0 0.954429 0.792805 0.048828 0.048828