0 0.160733 0.963384 0.048828 0.048828
0 0.204837 0.970095 0.048828 0.048828
0 0.205796 0.947085 0.048828 0.048828
0 0.230724 0.908734 0.048828 0.048828
0 0.173198 0.910651 0.048828 0.048828
0 0.208672 0.878053 0.048828 0.048828
0 0.146352 0.877094 0.048828 0.048828
0 0.114712 0.923115 0.048828 0.048828
0 0.093619 0.972972 0.048828 0.048828
0 0.053351 0.935580 0.048828 0.048828
0 0.062938 0.863671 0.048828 0.048828
0 0.017876 0.886682 0.048828 0.048828
0 0.009247 0.934621 0.048828 0.048828
0 0.017876 0.829155 0.048828 0.048828
0 0.129094 0.833949 0.048828 0.048828
0 0.203878 0.832032 0.048828 0.048828
0 0.262364 0.838743 0.048828 0.048828
0 0.273869 0.789846 0.048828 0.048828
0 0.228807 0.779299 0.048828 0.048828
0 0.251817 0.742866 0.048828 0.048828
0 0.276745 0.718896 0.048828 0.048828
0 0.190456 0.757247 0.048828 0.048828
0 0.159775 0.795598 0.048828 0.048828
0 0.108960 0.784093 0.048828 0.048828
0 0.054309 0.790804 0.048828 0.048828
0 0.004453 0.768753 0.048828 0.048828
0 0.009247 0.676710 0.048828 0.048828
0 0.037051 0.731360 0.048828 0.048828
0 0.089784 0.711226 0.048828 0.048828
0 0.121424 0.678628 0.048828 0.048828
0 0.149228 0.712185 0.048828 0.048828
0 0.199085 0.705473 0.048828 0.048828
0 0.246065 0.693009 0.048828 0.048828
0 0.305509 0.646988 0.048828 0.048828
0 0.286333 0.592338 0.048828 0.048828
0 0.234559 0.596173 0.048828 0.048828
0 0.232642 0.539605 0.048828 0.048828
0 0.198126 0.586585 0.048828 0.048828
0 0.258529 0.640277 0.048828 0.048828
0 0.221136 0.637400 0.048828 0.048828
0 0.170321 0.632606 0.048828 0.048828
0 0.113753 0.619184 0.048828 0.048828
0 0.051433 0.647947 0.048828 0.048828
0 0.001577 0.611513 0.048828 0.048828
0 0.054309 0.593297 0.048828 0.048828
0 0.138682 0.565492 0.048828 0.048828
0 0.168404 0.525223 0.048828 0.048828
0 0.204837 0.498378 0.048828 0.048828
0 0.177033 0.477285 0.048828 0.048828
0 0.143476 0.452357 0.048828 0.048828
0 0.157857 0.410170 0.048828 0.048828
0 0.142517 0.497419 0.048828 0.048828
0 0.110877 0.526182 0.048828 0.048828
0 0.054309 0.497419 0.048828 0.048828
0 0.097454 0.444686 0.048828 0.048828
0 0.058144 0.454274 0.048828 0.048828
0 0.007329 0.450439 0.048828 0.048828
0 0.001577 0.504130 0.048828 0.048828
0 0.036093 0.533852 0.048828 0.048828
0 0.021711 0.403459 0.048828 0.048828
0 0.458913 0.043918 0.048828 0.048828
0 0.424397 0.022825 0.048828 0.048828
0 0.492470 0.077475 0.048828 0.048828
0 0.493429 0.111991 0.048828 0.048828
0 0.494387 0.213621 0.048828 0.048828
0 0.483841 0.250055 0.048828 0.048828
0 0.479047 0.290323 0.048828 0.048828
0 0.437820 0.274024 0.048828 0.048828
0 0.451243 0.224168 0.048828 0.048828
0 0.433985 0.195405 0.048828 0.048828
0 0.451243 0.143631 0.048828 0.048828
0 0.449325 0.095692 0.048828 0.048828
0 0.416727 0.061176 0.048828 0.048828
0 0.376458 0.016114 0.048828 0.048828
0 0.014041 0.002691 0.048828 0.048828
0 0.090743 0.016114 0.048828 0.048828
0 0.036093 0.042000 0.048828 0.048828
0 0.084031 0.063094 0.048828 0.048828
0 0.138682 0.000773 0.048828 0.048828
0 0.144434 0.054465 0.048828 0.048828
0 0.205796 0.036248 0.048828 0.048828
0 0.259487 0.036248 0.048828 0.048828
0 0.332354 0.041042 0.048828 0.048828
0 0.410974 0.118703 0.048828 0.048828
0 0.361118 0.111991 0.048828 0.048828
0 0.319890 0.095692 0.048828 0.048828
0 0.395634 0.173353 0.048828 0.048828
0 0.348654 0.168559 0.048828 0.048828
0 0.348654 0.223209 0.048828 0.048828
0 0.294003 0.222250 0.048828 0.048828
0 0.261405 0.218415 0.048828 0.048828
0 0.288251 0.163765 0.048828 0.048828
0 0.228807 0.167600 0.048828 0.048828
0 0.240312 0.088022 0.048828 0.048828
0 0.201002 0.125414 0.048828 0.048828
0 0.132929 0.095692 0.048828 0.048828
0 0.144434 0.148425 0.048828 0.048828
0 0.176074 0.211704 0.048828 0.048828
0 0.234559 0.264436 0.048828 0.048828
0 0.284416 0.274024 0.048828 0.048828
0 0.397551 0.284571 0.048828 0.048828
0 0.348654 0.277859 0.048828 0.048828
0 0.334272 0.318128 0.048828 0.048828
0 0.278663 0.324839 0.048828 0.048828
0 0.239353 0.353603 0.048828 0.048828
0 0.232642 0.306623 0.048828 0.048828
0 0.191414 0.382366 0.048828 0.048828
0 0.139640 0.372778 0.048828 0.048828
0 0.132929 0.323881 0.048828 0.048828
0 0.179909 0.337303 0.048828 0.048828
0 0.177991 0.293200 0.048828 0.048828
0 0.152105 0.256766 0.048828 0.048828
0 0.093619 0.280736 0.048828 0.048828
0 0.113753 0.224168 0.048828 0.048828
0 0.105124 0.180064 0.048828 0.048828
0 0.101289 0.133084 0.048828 0.048828
0 0.061980 0.112950 0.048828 0.048828
0 0.004453 0.094733 0.048828 0.048828
0 0.001577 0.141713 0.048828 0.048828
0 0.044722 0.167600 0.048828 0.048828
0 0.049515 0.228962 0.048828 0.048828
0 0.016917 0.208827 0.048828 0.048828
0 0.059103 0.307581 0.048828 0.048828
0 0.086908 0.348809 0.048828 0.048828
0 0.102248 0.383325 0.048828 0.048828
0 0.028422 0.363190 0.048828 0.048828