0 0.115260 0.243430 0.048828 0.048828
0 0.179114 0.215760 0.048828 0.048828
0 0.245096 0.175320 0.048828 0.048828
0 0.311077 0.190219 0.048828 0.048828
0 0.360032 0.181705 0.048828 0.048828
0 0.332362 0.234916 0.048828 0.048828
0 0.259995 0.245559 0.048828 0.048828
0 0.423885 0.217889 0.048828 0.048828
0 0.453683 0.237045 0.048828 0.048828
0 0.504766 0.217889 0.048828 0.048828
0 0.470711 0.179577 0.048828 0.048828
0 0.432399 0.156164 0.048828 0.048828
0 0.643115 0.234916 0.048828 0.048828
0 0.675041 0.190219 0.048828 0.048828
0 0.772950 0.215760 0.048828 0.048828
0 0.858088 0.232788 0.048828 0.048828
0 0.821904 0.185962 0.048828 0.048828
0 0.862345 0.160421 0.048828 0.048828
0 0.964510 0.190219 0.048828 0.048828
0 0.928326 0.119980 0.048828 0.048828
0 0.877244 0.105081 0.048828 0.048828
0 0.817647 0.115723 0.048828 0.048828
0 0.766565 0.094439 0.048828 0.048828
0 0.717610 0.085925 0.048828 0.048828
0 0.728253 0.171063 0.048828 0.048828
0 0.672913 0.092310 0.048828 0.048828
0 0.611188 0.111466 0.048828 0.048828
0 0.640986 0.041228 0.048828 0.048828
0 0.968521 0.054473 0.048828 0.048828
0 0.896400 0.035124 0.048828 0.048828
0 0.822520 0.054473 0.048828 0.048828
0 0.778544 0.029847 0.048828 0.048828
0 0.607916 0.161775 0.048828 0.048828
0 0.551627 0.168811 0.048828 0.048828
0 0.502374 0.128353 0.048828 0.048828
0 0.539314 0.093172 0.048828 0.048828
0 0.539314 0.038642 0.048828 0.048828
0 0.479506 0.043919 0.048828 0.048828
0 0.439048 0.012256 0.048828 0.048828
0 0.432012 0.096691 0.048828 0.048828
0 0.368686 0.066787 0.048828 0.048828
0 0.305361 0.070305 0.048828 0.048828
0 0.354614 0.028088 0.048828 0.048828
0 0.231481 0.003461 0.048828 0.048828
0 0.205095 0.047437 0.048828 0.048828
0 0.259625 0.059751 0.048828 0.048828
0 0.238517 0.103727 0.048828 0.048828
0 0.286011 0.126594 0.048828 0.048828
0 0.359891 0.130112 0.048828 0.048828
0 0.169914 0.107245 0.048828 0.048828
0 0.140010 0.167052 0.048828 0.048828
0 0.103070 0.105486 0.048828 0.048828
0 0.143528 0.036883 0.048828 0.048828
0 0.110106 0.006979 0.048828 0.048828
0 0.020395 0.014015 0.048828 0.048828
0 0.066130 0.054473 0.048828 0.048828
0 0.002805 0.063269 0.048828 0.048828
0 0.076685 0.186402 0.048828 0.048828
0 0.015118 0.205751 0.048828 0.048828
0 0.045022 0.131871 0.048828 0.048828
0 0.001046 0.152980 0.048828 0.048828