0 0.964455 0.002459 0.048828 0.048828
0 0.976921 0.046091 0.048828 0.048828
0 0.913550 0.087646 0.048828 0.048828
0 0.928094 0.145823 0.048828 0.048828
0 0.878228 0.111540 0.048828 0.048828
0 0.894850 0.172834 0.048828 0.048828
0 0.950949 0.207117 0.048828 0.048828
0 0.971727 0.267371 0.048828 0.048828
0 0.997699 0.329704 0.048828 0.048828
0 0.955105 0.389958 0.048828 0.048828
0 0.919783 0.327626 0.048828 0.048828
0 0.917705 0.264255 0.048828 0.048828
0 0.870956 0.228933 0.048828 0.048828
0 0.851218 0.274643 0.048828 0.048828
0 0.834596 0.222700 0.048828 0.048828
0 0.835634 0.163484 0.048828 0.048828
0 0.847062 0.329704 0.048828 0.048828
0 0.892772 0.456446 0.048828 0.048828
0 0.943677 0.447096 0.048828 0.048828
0 0.853295 0.435669 0.048828 0.048828
0 0.795118 0.462679 0.048828 0.048828
0 0.809663 0.416969 0.048828 0.048828
0 0.804468 0.369181 0.048828 0.048828
0 0.769147 0.408658 0.048828 0.048828
0 0.764991 0.356714 0.048828 0.048828
0 0.794080 0.291265 0.048828 0.048828
0 0.745253 0.272566 0.048828 0.048828
0 0.767069 0.206078 0.048828 0.048828
0 0.788885 0.163484 0.048828 0.048828
0 0.788885 0.112579 0.048828 0.048828
0 0.830440 0.069986 0.048828 0.048828
0 0.884461 0.054402 0.048828 0.048828
0 0.834596 0.019081 0.048828 0.048828
0 0.788885 0.006614 0.048828 0.048828
0 0.769147 0.054402 0.048828 0.048828
0 0.744214 0.119851 0.048828 0.048828
0 0.721359 0.171795 0.048828 0.048828
0 0.700581 0.222700 0.048828 0.048828
0 0.716164 0.311004 0.048828 0.048828
0 0.705775 0.379570 0.048828 0.048828
0 0.716164 0.423202 0.048828 0.048828
0 0.725514 0.480340 0.048828 0.048828
0 0.671493 0.477224 0.048828 0.048828
0 0.660065 0.423202 0.048828 0.048828
0 0.613316 0.428397 0.048828 0.048828
0 0.716164 0.511506 0.048828 0.048828
0 0.667337 0.562411 0.048828 0.048828
0 0.696426 0.590461 0.048828 0.048828
0 0.648637 0.629938 0.048828 0.048828
0 0.680843 0.649676 0.048828 0.048828
0 0.662143 0.714086 0.048828 0.048828
0 0.666298 0.767069 0.048828 0.048828
0 0.630977 0.800313 0.048828 0.048828
0 0.655910 0.855373 0.048828 0.048828
0 0.677726 0.897967 0.048828 0.048828
0 0.632016 0.909394 0.048828 0.048828
0 0.680843 0.974843 0.048828 0.048828
0 0.800313 0.997699 0.048828 0.048828
0 0.737980 0.977960 0.048828 0.048828
0 0.749408 0.950949 0.048828 0.048828
0 0.748369 0.895889 0.048828 0.048828
0 0.721359 0.851218 0.048828 0.048828
0 0.790963 0.857451 0.048828 0.048828
0 0.757719 0.830440 0.048828 0.048828
0 0.725514 0.797196 0.048828 0.048828
0 0.713048 0.745253 0.048828 0.048828
0 0.758758 0.757719 0.048828 0.048828
0 0.790963 0.783691 0.048828 0.048828
0 0.814857 0.740058 0.048828 0.048828
0 0.840829 0.804468 0.048828 0.048828
0 0.848101 0.873034 0.048828 0.048828
0 0.809663 0.957183 0.048828 0.048828
0 0.876151 0.939522 0.048828 0.048828
0 0.895889 0.989388 0.048828 0.048828
0 0.986271 0.904200 0.048828 0.048828
0 0.935366 0.940561 0.048828 0.048828
0 0.894850 0.908356 0.048828 0.048828
0 0.917705 0.873034 0.048828 0.048828
0 0.975882 0.855373 0.048828 0.048828
0 0.955105 0.785769 0.048828 0.048828
0 0.902122 0.809663 0.048828 0.048828
0 0.895889 0.754602 0.048828 0.048828
0 0.946794 0.747330 0.048828 0.048828
0 0.939522 0.704737 0.048828 0.048828
0 0.987310 0.662143 0.048828 0.048828
0 0.962377 0.532284 0.048828 0.048828
0 0.927055 0.507351 0.048828 0.048828
0 0.977960 0.591499 0.048828 0.048828
0 0.954066 0.611238 0.048828 0.048828
0 0.931211 0.645521 0.048828 0.048828
0 0.924978 0.579033 0.048828 0.048828
0 0.865762 0.571761 0.048828 0.048828
0 0.836673 0.503195 0.048828 0.048828
0 0.781613 0.509429 0.048828 0.048828
0 0.788885 0.548906 0.048828 0.048828
0 0.747330 0.581111 0.048828 0.048828
0 0.826285 0.610199 0.048828 0.048828
0 0.777458 0.630977 0.048828 0.048828
0 0.742136 0.635132 0.048828 0.048828
0 0.729670 0.693309 0.048828 0.048828
0 0.779535 0.693309 0.048828 0.048828
0 0.870956 0.681881 0.048828 0.048828
0 0.879267 0.614355 0.048828 0.048828
0 0.034664 0.960299 0.048828 0.048828
0 0.040897 0.875112 0.048828 0.048828
0 0.056480 0.824207 0.048828 0.048828
0 0.106346 0.928094 0.048828 0.048828
0 0.114657 0.982115 0.048828 0.048828
0 0.159329 0.948872 0.048828 0.048828
0 0.145823 0.889656 0.048828 0.048828
0 0.224778 0.986271 0.048828 0.048828
0 0.272566 0.997699 0.048828 0.048828
0 0.239322 0.923939 0.048828 0.048828
0 0.221661 0.902122 0.048828 0.048828
0 0.195689 0.876151 0.048828 0.048828
0 0.207117 0.837712 0.048828 0.048828
0 0.161406 0.825246 0.048828 0.048828
0 0.112579 0.859529 0.048828 0.048828
0 0.114657 0.792002 0.048828 0.048828
0 0.122968 0.737980 0.048828 0.048828
0 0.076219 0.760836 0.048828 0.048828
0 0.015964 0.758758 0.048828 0.048828
0 0.020120 0.655910 0.048828 0.048828
0 0.059597 0.700581 0.048828 0.048828
0 0.040897 0.568644 0.048828 0.048828
0 0.094918 0.576955 0.048828 0.048828
0 0.084530 0.618510 0.048828 0.048828
0 0.117774 0.627860 0.048828 0.048828
0 0.106346 0.669415 0.048828 0.048828
0 0.159329 0.674609 0.048828 0.048828
0 0.193611 0.720320 0.048828 0.048828
0 0.210233 0.789924 0.048828 0.048828
0 0.307887 0.944716 0.048828 0.048828
0 0.300615 0.882384 0.048828 0.048828
0 0.303732 0.829401 0.048828 0.048828
0 0.269449 0.796157 0.048828 0.048828
0 0.290226 0.757719 0.048828 0.048828
0 0.263216 0.735903 0.048828 0.048828
0 0.271527 0.692270 0.048828 0.048828
0 0.224778 0.670454 0.048828 0.048828
0 0.256983 0.638249 0.048828 0.048828
0 0.188417 0.630977 0.048828 0.048828
0 0.157251 0.594616 0.048828 0.048828
0 0.216467 0.590461 0.048828 0.048828
0 0.168678 0.555139 0.048828 0.048828
0 0.244516 0.539556 0.048828 0.048828
0 0.186339 0.514623 0.048828 0.048828
0 0.149979 0.490729 0.048828 0.048828
0 0.073102 0.528128 0.048828 0.048828
0 0.072063 0.474107 0.048828 0.048828
0 0.109463 0.463718 0.048828 0.048828
0 0.067908 0.437746 0.048828 0.048828
0 0.103229 0.396191 0.048828 0.048828
0 0.095957 0.352559 0.048828 0.048828
0 0.059597 0.381647 0.048828 0.048828
0 0.030508 0.461640 0.048828 0.048828
0 0.007653 0.369181 0.048828 0.048828
0 0.013886 0.314121 0.048828 0.048828
0 0.059597 0.332820 0.048828 0.048828
0 0.090763 0.308926 0.048828 0.048828
0 0.606044 0.997699 0.048828 0.048828
0 0.597733 0.940561 0.048828 0.048828
0 0.560333 0.967571 0.048828 0.048828
0 0.387880 0.990426 0.048828 0.048828
0 0.429435 0.989388 0.048828 0.048828
0 0.487612 0.966532 0.048828 0.048828
0 0.520856 0.927055 0.048828 0.048828
0 0.580072 0.904200 0.048828 0.048828
0 0.573839 0.856412 0.048828 0.048828
0 0.518778 0.871995 0.048828 0.048828
0 0.549945 0.815896 0.048828 0.048828
0 0.598772 0.732786 0.048828 0.048828
0 0.538517 0.755641 0.048828 0.048828
0 0.455407 0.777458 0.048828 0.048828
0 0.484496 0.804468 0.048828 0.048828
0 0.464757 0.873034 0.048828 0.048828
0 0.427358 0.836673 0.048828 0.048828
0 0.448135 0.927055 0.048828 0.048828
0 0.377492 0.928094 0.048828 0.048828
0 0.386842 0.870956 0.048828 0.048828
0 0.360870 0.823168 0.048828 0.048828
0 0.396191 0.798235 0.048828 0.048828
0 0.355675 0.774341 0.048828 0.048828
0 0.345287 0.731747 0.048828 0.048828
0 0.335937 0.678765 0.048828 0.048828
0 0.393075 0.688115 0.048828 0.048828
0 0.425280 0.721359 0.048828 0.048828
0 0.481379 0.713048 0.048828 0.048828
0 0.547867 0.703698 0.048828 0.048828
0 0.529167 0.680843 0.048828 0.048828
0 0.582150 0.647599 0.048828 0.048828
0 0.608121 0.666298 0.048828 0.048828
0 0.615394 0.601888 0.048828 0.048828
0 0.598772 0.540595 0.048828 0.048828
0 0.567605 0.591499 0.048828 0.048828
0 0.536439 0.623705 0.048828 0.048828
0 0.493845 0.618510 0.048828 0.048828
0 0.452291 0.596694 0.048828 0.048828
0 0.385803 0.619549 0.048828 0.048828
0 0.326587 0.611238 0.048828 0.048828
0 0.355675 0.567605 0.048828 0.048828
0 0.404502 0.565528 0.048828 0.048828
0 0.498001 0.543711 0.048828 0.048828
0 0.514623 0.574878 0.048828 0.048828
0 0.540595 0.531245 0.048828 0.048828
0 0.563450 0.500079 0.048828 0.048828
0 0.552022 0.454368 0.048828 0.048828
0 0.511506 0.488651 0.048828 0.048828
0 0.515662 0.445018 0.048828 0.048828
0 0.443980 0.515662 0.048828 0.048828
0 0.403464 0.515662 0.048828 0.048828
0 0.361909 0.511506 0.048828 0.048828
0 0.308926 0.510467 0.048828 0.048828
0 0.286071 0.567605 0.048828 0.048828
0 0.217505 0.470990 0.048828 0.048828
0 0.252827 0.501118 0.048828 0.048828
0 0.156212 0.447096 0.048828 0.048828
0 0.161406 0.382686 0.048828 0.048828
0 0.200883 0.365025 0.048828 0.048828
0 0.238283 0.374375 0.048828 0.048828
0 0.220622 0.411775 0.048828 0.048828
0 0.275682 0.434630 0.048828 0.048828
0 0.346326 0.453329 0.048828 0.048828
0 0.295421 0.367103 0.048828 0.048828
0 0.343209 0.384764 0.048828 0.048828
0 0.396191 0.390997 0.048828 0.048828
0 0.414891 0.450213 0.048828 0.048828
0 0.461640 0.459563 0.048828 0.048828
0 0.457485 0.408658 0.048828 0.048828
0 0.515662 0.387880 0.048828 0.048828
0 0.562411 0.359831 0.048828 0.048828
0 0.569683 0.409697 0.048828 0.048828
0 0.622666 0.372297 0.048828 0.048828
0 0.673570 0.356714 0.048828 0.048828
0 0.664221 0.313082 0.048828 0.048828
0 0.620588 0.322432 0.048828 0.048828
0 0.627860 0.290226 0.048828 0.048828
0 0.570722 0.296460 0.048828 0.048828
0 0.507351 0.316198 0.048828 0.048828
0 0.464757 0.353598 0.048828 0.048828
0 0.450213 0.300615 0.048828 0.048828
0 0.409697 0.343209 0.048828 0.048828
0 0.350481 0.316198 0.048828 0.048828
0 0.291265 0.297499 0.048828 0.048828
0 0.275682 0.328665 0.048828 0.048828
0 0.244516 0.305810 0.048828 0.048828
0 0.201922 0.316198 0.048828 0.048828
0 0.145823 0.323470 0.048828 0.048828
0 0.007653 0.180106 0.048828 0.048828
0 0.022197 0.244516 0.048828 0.048828
0 0.087646 0.252827 0.048828 0.048828
0 0.139590 0.272566 0.048828 0.048828
0 0.190495 0.259060 0.048828 0.048828
0 0.236205 0.249710 0.048828 0.048828
0 0.389958 0.260099 0.048828 0.048828
0 0.339053 0.248672 0.048828 0.048828
0 0.277760 0.217505 0.048828 0.048828
0 0.223739 0.194650 0.048828 0.048828
0 0.269449 0.175951 0.048828 0.048828
0 0.286071 0.132318 0.048828 0.048828
0 0.224778 0.132318 0.048828 0.048828
0 0.192572 0.109463 0.048828 0.048828
0 0.139590 0.093880 0.048828 0.048828
0 0.146862 0.157251 0.048828 0.048828
0 0.163484 0.222700 0.048828 0.048828
0 0.120890 0.211272 0.048828 0.048828
0 0.069986 0.194650 0.048828 0.048828
0 0.063752 0.148940 0.048828 0.048828
0 0.098035 0.144784 0.048828 0.048828
0 0.074141 0.090763 0.048828 0.048828
0 0.009731 0.110502 0.048828 0.048828
0 0.030508 0.055441 0.048828 0.048828
0 0.101152 0.040897 0.048828 0.048828
0 0.152056 0.034664 0.048828 0.048828
0 0.183223 0.018042 0.048828 0.048828
0 0.186339 0.062713 0.048828 0.048828
0 0.249710 0.077258 0.048828 0.048828
0 0.292304 0.068947 0.048828 0.048828
0 0.241399 0.009731 0.048828 0.048828
0 0.347364 0.032586 0.048828 0.048828
0 0.329704 0.186339 0.048828 0.048828
0 0.433591 0.227894 0.048828 0.048828
0 0.376453 0.209194 0.048828 0.048828
0 0.386842 0.166601 0.048828 0.048828
0 0.344248 0.104268 0.048828 0.048828
0 0.371259 0.076219 0.048828 0.048828
0 0.401386 0.084530 0.048828 0.048828
0 0.411775 0.034664 0.048828 0.048828
0 0.447096 0.046091 0.048828 0.048828
0 0.446057 0.080374 0.048828 0.048828
0 0.496962 0.068947 0.048828 0.048828
0 0.427358 0.121929 0.048828 0.048828
0 0.483457 0.121929 0.048828 0.048828
0 0.451252 0.167640 0.048828 0.048828
0 0.476185 0.256983 0.048828 0.048828
0 0.531245 0.247633 0.048828 0.048828
0 0.607083 0.236205 0.048828 0.048828
0 0.505273 0.185300 0.048828 0.048828
0 0.567605 0.189456 0.048828 0.048828
0 0.635132 0.194650 0.048828 0.048828
0 0.606044 0.145823 0.048828 0.048828
0 0.536439 0.128162 0.048828 0.048828
0 0.580072 0.080374 0.048828 0.048828
0 0.629938 0.092841 0.048828 0.048828
0 0.674609 0.108424 0.048828 0.048828
0 0.692270 0.053364 0.048828 0.048828
0 0.548906 0.058558 0.048828 0.048828
0 0.593577 0.042975 0.048828 0.048828
0 0.484496 0.014925 0.048828 0.048828
0 0.648637 0.020120 0.048828 0.048828
0 0.706814 0.007653 0.048828 0.048828