0 0.995146 0.130547 0.048828 0.048828
0 0.980408 0.092781 0.048828 0.048828
0 0.973039 0.106598 0.048828 0.048828
0 0.951852 0.100150 0.048828 0.048828
0 0.951852 0.127784 0.048828 0.048828
0 0.920534 0.097386 0.048828 0.048828
0 0.914086 0.136995 0.048828 0.048828
0 0.888294 0.123178 0.048828 0.048828
0 0.889215 0.102913 0.048828 0.048828
0 0.862502 0.095544 0.048828 0.048828
0 0.866186 0.114888 0.048828 0.048828
0 0.836710 0.099229 0.048828 0.048828
0 0.821972 0.116730 0.048828 0.048828
0 0.808155 0.098307 0.048828 0.048828
0 0.806312 0.084490 0.048828 0.048828
0 0.825656 0.078963 0.048828 0.048828
0 0.777757 0.070673 0.048828 0.048828
0 0.755650 0.055935 0.048828 0.048828
0 0.903953 0.036591 0.048828 0.048828
0 0.593529 0.020932 0.048828 0.048828
0 0.742754 0.137916 0.048828 0.048828
0 0.711435 0.139759 0.048828 0.048828
0 0.692091 0.139759 0.048828 0.048828
0 0.654324 0.145286 0.048828 0.048828
0 0.625769 0.148049 0.048828 0.048828
0 0.603661 0.148970 0.048828 0.048828
0 0.573264 0.165551 0.048828 0.048828
0 0.601819 0.166472 0.048828 0.048828
0 0.632217 0.165551 0.048828 0.048828
0 0.655245 0.166472 0.048828 0.048828
0 0.675510 0.163708 0.048828 0.048828
0 0.687485 0.175683 0.048828 0.048828
0 0.698539 0.159103 0.048828 0.048828
0 0.718804 0.177525 0.048828 0.048828
0 0.730779 0.168314 0.048828 0.048828
0 0.760255 0.158182 0.048828 0.048828
0 0.577869 0.190421 0.048828 0.048828
0 0.609188 0.197791 0.048828 0.048828
0 0.644192 0.198712 0.048828 0.048828
0 0.659851 0.209765 0.048828 0.048828
0 0.695775 0.213450 0.048828 0.048828
0 0.723410 0.202396 0.048828 0.048828
0 0.739990 0.187658 0.048828 0.048828
0 0.762098 0.196869 0.048828 0.048828
0 0.763940 0.180289 0.048828 0.048828
0 0.782363 0.200554 0.048828 0.048828
0 0.816445 0.189500 0.048828 0.048828
0 0.894742 0.183052 0.048828 0.048828
0 0.889215 0.375571 0.048828 0.048828
0 0.917770 0.356227 0.048828 0.048828
0 0.684722 0.461237 0.048828 0.048828
0 0.660772 0.477817 0.048828 0.048828
0 0.682879 0.477817 0.048828 0.048828
0 0.687485 0.490713 0.048828 0.048828
0 0.665378 0.494398 0.048828 0.048828
0 0.783284 0.660203 0.048828 0.048828
0 0.811839 0.655597 0.048828 0.048828
0 0.844079 0.654676 0.048828 0.048828
0 0.563131 0.801138 0.048828 0.048828
0 0.576027 0.753238 0.048828 0.048828
0 0.570500 0.722841 0.048828 0.048828
0 0.550235 0.743106 0.048828 0.048828
0 0.538260 0.731131 0.048828 0.048828
0 0.518916 0.750475 0.048828 0.048828
0 0.507863 0.734816 0.048828 0.048828
0 0.487598 0.741263 0.048828 0.048828
0 0.486677 0.725604 0.048828 0.048828
0 0.463648 0.742185 0.048828 0.048828
0 0.439698 0.738500 0.048828 0.048828
0 0.463648 0.802059 0.048828 0.048828
0 0.435093 0.791005 0.048828 0.048828
0 0.393641 0.789163 0.048828 0.048828
0 0.368771 0.791926 0.048828 0.048828
0 0.353111 0.810349 0.048828 0.048828
0 0.263760 0.824166 0.048828 0.048828
0 0.296922 0.749554 0.048828 0.048828
0 0.248101 0.767977 0.048828 0.048828
0 0.320871 0.796532 0.048828 0.048828
0 0.289552 0.808507 0.048828 0.048828
0 0.226915 0.824166 0.048828 0.048828
0 0.204807 0.833378 0.048828 0.048828
0 0.975802 0.887725 0.048828 0.048828
0 0.141556 0.834708 0.048828 0.048828
0 0.122110 0.832661 0.048828 0.048828
0 0.116992 0.809121 0.048828 0.048828
0 0.085264 0.815262 0.048828 0.048828
0 0.087311 0.830614 0.048828 0.048828
0 0.037160 0.825497 0.048828 0.048828
0 0.011573 0.834708 0.048828 0.048828
0 0.008502 0.805027 0.048828 0.048828
0 0.003385 0.723148 0.048828 0.048828
0 0.021808 0.861319 0.048828 0.048828
0 0.213200 0.358785 0.048828 0.048828
0 0.188636 0.339339 0.048828 0.048828
0 0.169190 0.350598 0.048828 0.048828
0 0.154861 0.330128 0.048828 0.048828
0 0.455767 0.033316 0.048828 0.048828
0 0.426086 0.020010 0.048828 0.048828
0 0.423015 0.031269 0.048828 0.048828
0 0.423015 0.052762 0.048828 0.048828
0 0.449626 0.061973 0.048828 0.048828
0 0.400499 0.044574 0.048828 0.048828
0 0.397428 0.017963 0.048828 0.048828
0 0.373888 0.015916 0.048828 0.048828
0 0.354442 0.017963 0.048828 0.048828
0 0.337042 0.030245 0.048828 0.048828
0 0.370817 0.044574 0.048828 0.048828
0 0.379005 0.067091 0.048828 0.048828
0 0.346254 0.058903 0.048828 0.048828
0 0.323737 0.092678 0.048828 0.048828
0 0.321690 0.050715 0.048828 0.048828
0 0.315549 0.020010 0.048828 0.048828
0 0.290985 0.027175 0.048828 0.048828
0 0.284844 0.052762 0.048828 0.048828
0 0.279727 0.090631 0.048828 0.048828
0 0.276656 0.121336 0.048828 0.048828
0 0.222412 0.095749 0.048828 0.048828
0 0.225482 0.073232 0.048828 0.048828
0 0.202965 0.074255 0.048828 0.048828
0 0.145650 0.086537 0.048828 0.048828
0 0.254140 0.028198 0.048828 0.048828
0 0.243905 0.007729 0.048828 0.048828
0 0.222412 0.012846 0.048828 0.048828
0 0.193754 0.004658 0.048828 0.048828
0 0.191707 0.029222 0.048828 0.048828
0 0.136438 0.187863 0.048828 0.048828
0 0.095499 0.184792 0.048828 0.048828
0 0.136438 0.164322 0.048828 0.048828
0 0.087311 0.173534 0.048828 0.048828
0 0.111875 0.162275 0.048828 0.048828
0 0.077076 0.159205 0.048828 0.048828
0 0.104710 0.145900 0.048828 0.048828
0 0.097546 0.096772 0.048828 0.048828
0 0.058653 0.110078 0.048828 0.048828
0 0.135415 0.031269 0.048828 0.048828
0 0.162026 0.029222 0.048828 0.048828
0 0.025902 0.079373 0.048828 0.048828
0 0.051489 0.042527 0.048828 0.048828
0 0.116992 0.037410 0.048828 0.048828
0 0.942288 0.852478 0.048828 0.048828
0 0.975107 0.850214 0.048828 0.048828
0 0.783850 0.111214 0.048828 0.048828
0 0.718211 0.055761 0.048828 0.048828
0 0.697841 0.046707 0.048828 0.048828
0 0.667285 0.056892 0.048828 0.048828
0 0.623148 0.054629 0.048828 0.048828
0 0.575617 0.059156 0.048828 0.048828
0 0.495266 0.028600 0.048828 0.048828
0 0.171600 0.010493 0.048828 0.048828