0 0.054890 0.981690 0.048828 0.048828
0 0.016162 0.945796 0.048828 0.048828
0 0.054890 0.913680 0.048828 0.048828
0 0.040721 0.861727 0.048828 0.048828
0 0.129512 0.880619 0.048828 0.048828
0 0.124790 0.847558 0.048828 0.048828
0 0.155016 0.839057 0.048828 0.048828
0 0.014273 0.828667 0.048828 0.048828
0 0.455396 0.976022 0.048828 0.048828
0 0.331654 0.979801 0.048828 0.048828
0 0.411945 0.959020 0.048828 0.048828
0 0.376995 0.983579 0.048828 0.048828
0 0.343934 0.927848 0.048828 0.048828
0 0.297649 0.936350 0.048828 0.048828
0 0.429892 0.922181 0.048828 0.048828
0 0.472398 0.916513 0.048828 0.048828
0 0.430836 0.870228 0.048828 0.048828
0 0.404388 0.886286 0.048828 0.048828
0 0.358103 0.865506 0.048828 0.048828
0 0.364715 0.829611 0.048828 0.048828
0 0.329765 0.838112 0.048828 0.048828
0 0.322209 0.866450 0.048828 0.048828
0 0.263644 0.867395 0.048828 0.048828
0 0.257977 0.945796 0.048828 0.048828
0 0.210747 0.967521 0.048828 0.048828
0 0.210747 0.893843 0.048828 0.048828
0 0.177686 0.871173 0.048828 0.048828
0 0.172964 0.937294 0.048828 0.048828
0 0.509237 0.980745 0.048828 0.048828
0 0.540409 0.950519 0.048828 0.048828
0 0.504514 0.934460 0.048828 0.048828
0 0.530018 0.885342 0.048828 0.048828
0 0.495068 0.857004 0.048828 0.048828
0 0.477121 0.808830 0.048828 0.048828
0 0.409111 0.819221 0.048828 0.048828
0 0.411000 0.785215 0.048828 0.048828
0 0.354325 0.789938 0.048828 0.048828
0 0.319375 0.811664 0.048828 0.048828
0 0.316541 0.773880 0.048828 0.048828
0 0.288203 0.750266 0.048828 0.048828
0 0.249475 0.759712 0.048828 0.048828
0 0.287259 0.798440 0.048828 0.048828
0 0.235306 0.808830 0.048828 0.048828
0 0.145570 0.775770 0.048828 0.048828
0 0.105898 0.811664 0.048828 0.048828
0 0.049222 0.790883 0.048828 0.048828
0 0.098341 0.747432 0.048828 0.048828
0 0.512071 0.762545 0.048828 0.048828
0 0.553633 0.760656 0.048828 0.048828
0 0.617865 0.746487 0.048828 0.048828
0 0.678319 0.747432 0.048828 0.048828
0 0.753886 0.748376 0.048828 0.048828
0 0.825674 0.751210 0.048828 0.048828
0 0.849289 0.813553 0.048828 0.048828
0 0.781279 0.796551 0.048828 0.048828
0 0.717047 0.794661 0.048828 0.048828
0 0.652815 0.790883 0.048828 0.048828
0 0.604641 0.815442 0.048828 0.048828
0 0.529074 0.822054 0.048828 0.048828
0 0.581971 0.871173 0.048828 0.048828
0 0.641480 0.854170 0.048828 0.048828
0 0.695321 0.840946 0.048828 0.048828
0 0.749163 0.839057 0.048828 0.048828
0 0.582915 0.971299 0.048828 0.048828
0 0.623532 0.976022 0.048828 0.048828
0 0.683042 0.972244 0.048828 0.048828
0 0.734049 0.979801 0.048828 0.048828
0 0.780334 0.957131 0.048828 0.048828
0 0.736883 0.938239 0.048828 0.048828
0 0.660371 0.925959 0.048828 0.048828
0 0.609364 0.908957 0.048828 0.048828
0 0.690598 0.895732 0.048828 0.048828
0 0.769944 0.877785 0.048828 0.048828
0 0.820952 0.877785 0.048828 0.048828
0 0.849289 0.919347 0.048828 0.048828
0 0.896519 0.959964 0.048828 0.048828
0 0.947526 0.991136 0.048828 0.048828
0 0.963584 0.953352 0.048828 0.048828
0 0.987199 0.767268 0.048828 0.048828
0 0.955083 0.867395 0.048828 0.048828
0 0.928635 0.819221 0.048828 0.048828
0 0.936191 0.755933 0.048828 0.048828
0 0.884239 0.776714 0.048828 0.048828
0 0.886128 0.842835 0.048828 0.048828
0 0.901242 0.904234 0.048828 0.048828
0 0.990033 0.403602 0.048828 0.048828
0 0.976809 0.458388 0.048828 0.048828
0 0.993811 0.526398 0.048828 0.048828
0 0.986255 0.733263 0.048828 0.048828
0 0.990978 0.663363 0.048828 0.048828
0 0.987199 0.587796 0.048828 0.048828
0 0.947526 0.601965 0.048828 0.048828
0 0.933358 0.566071 0.048828 0.048828
0 0.881405 0.540567 0.048828 0.048828
0 0.905965 0.484836 0.048828 0.048828
0 0.953194 0.504673 0.048828 0.048828
0 0.875738 0.632192 0.048828 0.048828
0 0.895574 0.665253 0.048828 0.048828
0 0.939970 0.669031 0.048828 0.048828
0 0.922967 0.715316 0.048828 0.048828
0 0.871959 0.708704 0.048828 0.048828
0 0.742551 0.691701 0.048828 0.048828
0 0.782223 0.661474 0.048828 0.048828
0 0.781279 0.619912 0.048828 0.048828
0 0.836065 0.594408 0.048828 0.048828
0 0.791669 0.556625 0.048828 0.048828
0 0.829453 0.508451 0.048828 0.048828
0 0.873848 0.486725 0.048828 0.048828
0 0.853068 0.450831 0.048828 0.048828
0 0.884239 0.428161 0.048828 0.048828
0 0.903131 0.391322 0.048828 0.048828
0 0.936191 0.341259 0.048828 0.048828
0 0.937136 0.283639 0.048828 0.048828
0 0.939025 0.255301 0.048828 0.048828
0 0.942803 0.232631 0.048828 0.048828
0 0.973975 0.173122 0.048828 0.048828
0 0.914466 0.179734 0.048828 0.048828
0 0.940914 0.161787 0.048828 0.048828
0 0.954139 0.131560 0.048828 0.048828
0 0.900297 0.129671 0.048828 0.048828
0 0.923912 0.097555 0.048828 0.048828
0 0.953194 0.053159 0.048828 0.048828
0 0.959806 0.009708 0.048828 0.048828
0 0.905020 0.009708 0.048828 0.048828
0 0.905965 0.060716 0.048828 0.048828
0 0.873848 0.092832 0.048828 0.048828
0 0.855901 0.014431 0.048828 0.048828
0 0.832287 0.049381 0.048828 0.048828
0 0.826619 0.138172 0.048828 0.048828
0 0.872904 0.172177 0.048828 0.048828
0 0.868181 0.209016 0.048828 0.048828
0 0.886128 0.254356 0.048828 0.048828
0 0.882350 0.288362 0.048828 0.048828
0 0.840788 0.309143 0.048828 0.048828
0 0.888962 0.343148 0.048828 0.048828
0 0.828508 0.345982 0.048828 0.048828
0 0.833231 0.392266 0.048828 0.048828
0 0.807727 0.441385 0.048828 0.048828
0 0.780334 0.388488 0.048828 0.048828
0 0.745384 0.424382 0.048828 0.048828
0 0.762387 0.508451 0.048828 0.048828
0 0.722714 0.482947 0.048828 0.048828
0 0.718936 0.546234 0.048828 0.048828
0 0.734049 0.600076 0.048828 0.048828
0 0.694377 0.578350 0.048828 0.048828
0 0.650926 0.584963 0.048828 0.048828
0 0.683986 0.627469 0.048828 0.048828
0 0.732160 0.658641 0.048828 0.048828
0 0.677374 0.669976 0.048828 0.048828
0 0.618809 0.679421 0.048828 0.048828
0 0.567802 0.679421 0.048828 0.048828
0 0.512071 0.675643 0.048828 0.048828
0 0.508293 0.624635 0.048828 0.048828
0 0.481844 0.632192 0.048828 0.048828
0 0.562134 0.622746 0.048828 0.048828
0 0.612197 0.625580 0.048828 0.048828
0 0.567802 0.577406 0.048828 0.048828
0 0.604641 0.576461 0.048828 0.048828
0 0.666984 0.520731 0.048828 0.048828
0 0.670762 0.472557 0.048828 0.048828
0 0.637701 0.448942 0.048828 0.048828
0 0.686820 0.395100 0.048828 0.048828
0 0.726493 0.357317 0.048828 0.048828
0 0.767110 0.323311 0.048828 0.048828
0 0.719881 0.292140 0.048828 0.048828
0 0.657538 0.299697 0.048828 0.048828
0 0.623532 0.345982 0.048828 0.048828
0 0.588583 0.424382 0.048828 0.048828
0 0.578192 0.499005 0.048828 0.048828
0 0.556467 0.466889 0.048828 0.048828
0 0.540409 0.515063 0.048828 0.048828
0 0.511126 0.567015 0.048828 0.048828
0 0.451617 0.584963 0.048828 0.048828
0 0.487512 0.510340 0.048828 0.048828
0 0.508293 0.460277 0.048828 0.048828
0 0.515849 0.430995 0.048828 0.048828
0 0.540409 0.389433 0.048828 0.048828
0 0.591416 0.375264 0.048828 0.048828
0 0.512071 0.364873 0.048828 0.048828
0 0.562134 0.328979 0.048828 0.048828
0 0.528129 0.290251 0.048828 0.048828
0 0.493179 0.268525 0.048828 0.048828
0 0.478066 0.310087 0.048828 0.048828
0 0.461063 0.362040 0.048828 0.048828
0 0.502625 0.209016 0.048828 0.048828
0 0.541353 0.226963 0.048828 0.048828
0 0.587638 0.234520 0.048828 0.048828
0 0.594250 0.272304 0.048828 0.048828
0 0.654704 0.233576 0.048828 0.048828
0 0.702878 0.236409 0.048828 0.048828
0 0.716102 0.180679 0.048828 0.048828
0 0.770888 0.195792 0.048828 0.048828
0 0.805838 0.195792 0.048828 0.048828
0 0.839843 0.241132 0.048828 0.048828
0 0.793558 0.250578 0.048828 0.048828
0 0.777500 0.089998 0.048828 0.048828
0 0.742551 0.088109 0.048828 0.048828
0 0.721770 0.117391 0.048828 0.048828
0 0.673596 0.145729 0.048828 0.048828
0 0.673596 0.098499 0.048828 0.048828
0 0.683042 0.055993 0.048828 0.048828
0 0.643369 0.069217 0.048828 0.048828
0 0.638646 0.123059 0.048828 0.048828
0 0.598029 0.103222 0.048828 0.048828
0 0.598029 0.159898 0.048828 0.048828
0 0.638646 0.190124 0.048828 0.048828
0 0.770888 0.045602 0.048828 0.048828
0 0.749163 0.011597 0.048828 0.048828
0 0.795448 0.008763 0.048828 0.048828
0 0.598973 0.038990 0.048828 0.048828
0 0.534741 0.030489 0.048828 0.048828
0 0.547965 0.056937 0.048828 0.048828
0 0.547965 0.102278 0.048828 0.048828
0 0.535686 0.147618 0.048828 0.048828
0 0.485622 0.113613 0.048828 0.048828
0 0.481844 0.072995 0.048828 0.048828
0 0.470509 0.175956 0.048828 0.048828
0 0.425169 0.139117 0.048828 0.048828
0 0.435559 0.172177 0.048828 0.048828
0 0.438393 0.224130 0.048828 0.048828
0 0.433670 0.265692 0.048828 0.048828
0 0.425169 0.303475 0.048828 0.048828
0 0.437448 0.338425 0.048828 0.048828
0 0.465786 0.413992 0.048828 0.048828
0 0.413834 0.393211 0.048828 0.048828
0 0.449728 0.452720 0.048828 0.048828
0 0.424224 0.488615 0.048828 0.048828
0 0.383607 0.413992 0.048828 0.048828
0 0.389274 0.463111 0.048828 0.048828
0 0.391164 0.503728 0.048828 0.048828
0 0.384551 0.531121 0.048828 0.048828
0 0.409111 0.550957 0.048828 0.048828
0 0.373216 0.589686 0.048828 0.048828
0 0.356214 0.612356 0.048828 0.048828
0 0.408166 0.618023 0.048828 0.048828
0 0.352435 0.665253 0.048828 0.048828
0 0.402499 0.673754 0.048828 0.048828
0 0.411945 0.734208 0.048828 0.048828
0 0.447839 0.721928 0.048828 0.048828
0 0.521517 0.730429 0.048828 0.048828
0 0.339211 0.722873 0.048828 0.048828
0 0.314652 0.664308 0.048828 0.048828
0 0.287259 0.624635 0.048828 0.048828
0 0.242863 0.641638 0.048828 0.048828
0 0.260810 0.584018 0.048828 0.048828
0 0.256087 0.682255 0.048828 0.048828
0 0.274035 0.718150 0.048828 0.048828
0 0.223971 0.717205 0.048828 0.048828
0 0.192800 0.733263 0.048828 0.048828
0 0.202246 0.674699 0.048828 0.048828
0 0.127623 0.711538 0.048828 0.048828
0 0.042610 0.727596 0.048828 0.048828
0 0.010494 0.596298 0.048828 0.048828
0 0.072837 0.603854 0.048828 0.048828
0 0.019940 0.656751 0.048828 0.048828
0 0.057724 0.681311 0.048828 0.048828
0 0.178631 0.631247 0.048828 0.048828
0 0.223027 0.618023 0.048828 0.048828
0 0.220193 0.562292 0.048828 0.048828
0 0.271201 0.526398 0.048828 0.048828
0 0.314652 0.485781 0.048828 0.048828
0 0.361881 0.480113 0.048828 0.048828
0 0.341100 0.452720 0.048828 0.048828
0 0.338267 0.377153 0.048828 0.048828
0 0.372272 0.348815 0.048828 0.048828
0 0.373216 0.294029 0.048828 0.048828
0 0.393997 0.208072 0.048828 0.048828
0 0.349602 0.215628 0.048828 0.048828
0 0.345823 0.172177 0.048828 0.048828
0 0.384551 0.155175 0.048828 0.048828
0 0.308984 0.154230 0.048828 0.048828
0 0.260810 0.153285 0.048828 0.048828
0 0.218304 0.132505 0.048828 0.048828
0 0.295760 0.204293 0.048828 0.048828
0 0.255143 0.193903 0.048828 0.048828
0 0.203190 0.193903 0.048828 0.048828
0 0.324098 0.258135 0.048828 0.048828
0 0.270256 0.244911 0.048828 0.048828
0 0.227750 0.232631 0.048828 0.048828
0 0.173908 0.243021 0.048828 0.048828
0 0.143681 0.220351 0.048828 0.048828
0 0.181465 0.164621 0.048828 0.048828
0 0.191855 0.288362 0.048828 0.048828
0 0.232473 0.284583 0.048828 0.048828
0 0.275924 0.299697 0.048828 0.048828
0 0.310874 0.328979 0.048828 0.048828
0 0.282536 0.369596 0.048828 0.048828
0 0.252309 0.338425 0.048828 0.048828
0 0.242863 0.420604 0.048828 0.048828
0 0.187132 0.414937 0.048828 0.048828
0 0.184299 0.359206 0.048828 0.048828
0 0.158795 0.319533 0.048828 0.048828
0 0.148404 0.384710 0.048828 0.048828
0 0.172019 0.454609 0.048828 0.048828
0 0.212636 0.466889 0.048828 0.048828
0 0.167296 0.514118 0.048828 0.048828
0 0.138014 0.536789 0.048828 0.048828
0 0.144626 0.579295 0.048828 0.048828
0 0.110621 0.583073 0.048828 0.048828
0 0.115344 0.474446 0.048828 0.048828
0 0.106842 0.428161 0.048828 0.048828
0 0.030331 0.220351 0.048828 0.048828
0 0.000104 0.224130 0.048828 0.048828
0 0.037887 0.287417 0.048828 0.048828
0 0.054890 0.343148 0.048828 0.048828
0 0.055835 0.385654 0.048828 0.048828
0 0.053001 0.429105 0.048828 0.048828
0 0.013328 0.457443 0.048828 0.048828
0 0.025608 0.540567 0.048828 0.048828
0 0.068114 0.478224 0.048828 0.048828