0 0.062165 0.048526 0.048828 0.048828
0 0.053536 0.119476 0.048828 0.048828
0 0.030526 0.079207 0.048828 0.048828
0 0.001762 0.008258 0.048828 0.048828
0 0.036278 0.169332 0.048828 0.048828
0 0.043949 0.233570 0.048828 0.048828
0 0.039155 0.261374 0.048828 0.048828
0 0.009433 0.332324 0.048828 0.048828
0 0.002721 0.394644 0.048828 0.048828
0 0.064083 0.415737 0.048828 0.048828
0 0.095722 0.484769 0.048828 0.048828
0 0.012309 0.475181 0.048828 0.048828
0 0.018062 0.528873 0.048828 0.048828
0 0.133115 0.591193 0.048828 0.048828
0 0.112980 0.549007 0.048828 0.048828
0 0.078464 0.560513 0.048828 0.048828
0 0.124486 0.616122 0.048828 0.048828
0 0.084217 0.618039 0.048828 0.048828
0 0.033402 0.616122 0.048828 0.048828
0 0.018062 0.581606 0.048828 0.048828
0 0.036278 0.949776 0.048828 0.048828
0 0.025732 0.678442 0.048828 0.048828
0 0.064083 0.764732 0.048828 0.048828
0 0.101475 0.760897 0.048828 0.048828
0 0.142702 0.744597 0.048828 0.048828
0 0.074629 0.710082 0.048828 0.048828
0 0.096681 0.690906 0.048828 0.048828
0 0.148455 0.679401 0.048828 0.048828
0 0.159960 0.807877 0.048828 0.048828
0 0.102434 0.801165 0.048828 0.048828
0 0.034361 0.811712 0.048828 0.048828
0 0.051619 0.880744 0.048828 0.048828
0 0.088052 0.891290 0.048828 0.048828
0 0.161878 0.872115 0.048828 0.048828
0 0.149414 0.932518 0.048828 0.048828
0 0.096681 0.946899 0.048828 0.048828
0 0.143661 0.990044 0.048828 0.048828
0 0.188724 0.967033 0.048828 0.048828
0 0.680576 0.976621 0.048828 0.048828
0 0.723721 0.952652 0.048828 0.048828
0 0.682493 0.920053 0.048828 0.048828
0 0.781247 0.878826 0.048828 0.048828
0 0.837815 0.833764 0.048828 0.048828
0 0.880960 0.812671 0.048828 0.048828
0 0.920270 0.793495 0.048828 0.048828
0 0.928899 0.843351 0.048828 0.048828
0 0.970126 0.811712 0.048828 0.048828
0 0.983549 0.748433 0.048828 0.048828
0 0.894383 0.756103 0.048828 0.048828
0 0.833021 0.777196 0.048828 0.048828
0 0.832062 0.738845 0.048828 0.048828
0 0.779330 0.823217 0.048828 0.048828
0 0.759195 0.756103 0.048828 0.048828
0 0.716050 0.796371 0.048828 0.048828
0 0.718927 0.855815 0.048828 0.048828
0 0.664276 0.855815 0.048828 0.048828
0 0.613461 0.867321 0.048828 0.048828
0 0.584698 0.926765 0.048828 0.048828
0 0.611544 0.975662 0.048828 0.048828
0 0.576069 0.987168 0.048828 0.048828
0 0.517584 0.996756 0.048828 0.048828
0 0.520460 0.943064 0.048828 0.048828
0 0.465810 0.947858 0.048828 0.048828
0 0.339251 0.970869 0.048828 0.048828
0 0.399654 0.970869 0.048828 0.048828
0 0.346922 0.922930 0.048828 0.048828
0 0.414995 0.899919 0.048828 0.048828
0 0.467727 0.883620 0.048828 0.048828
0 0.537718 0.856774 0.048828 0.048828
0 0.287478 0.892249 0.048828 0.048828
0 0.261591 0.831846 0.048828 0.048828
0 0.298024 0.828970 0.048828 0.048828
0 0.297065 0.776237 0.048828 0.048828
0 0.364180 0.817464 0.048828 0.048828
0 0.335416 0.745556 0.048828 0.048828
0 0.391025 0.777196 0.048828 0.048828
0 0.444717 0.815547 0.048828 0.048828
0 0.503202 0.802124 0.048828 0.048828
0 0.567440 0.795413 0.048828 0.048828
0 0.461016 0.751309 0.048828 0.048828
0 0.514707 0.736927 0.048828 0.048828
0 0.435129 0.704329 0.048828 0.048828
0 0.369932 0.696659 0.048828 0.048828
0 0.328705 0.676524 0.048828 0.048828
0 0.275013 0.690906 0.048828 0.048828
0 0.272137 0.642008 0.048828 0.048828
0 0.298983 0.610369 0.048828 0.048828
0 0.252962 0.566265 0.048828 0.048828
0 0.213652 0.532708 0.048828 0.048828
0 0.259673 0.526955 0.048828 0.048828
0 0.228033 0.458882 0.048828 0.048828
0 0.298983 0.473264 0.048828 0.048828
0 0.352674 0.507780 0.048828 0.048828
0 0.326787 0.570100 0.048828 0.048828
0 0.361303 0.626668 0.048828 0.048828
0 0.418830 0.635297 0.048828 0.048828
0 0.395819 0.556677 0.048828 0.048828
0 0.452387 0.588317 0.048828 0.048828
0 0.484985 0.627627 0.048828 0.048828
0 0.498408 0.674607 0.048828 0.048828
0 0.500326 0.601740 0.048828 0.048828
0 0.507996 0.554760 0.048828 0.048828
0 0.541553 0.604616 0.048828 0.048828
0 0.564564 0.681318 0.048828 0.048828
0 0.613461 0.665978 0.048828 0.048828
0 0.571275 0.734051 0.048828 0.048828
0 0.623049 0.717752 0.048828 0.048828
0 0.642225 0.768567 0.048828 0.048828
0 0.682493 0.736927 0.048828 0.048828
0 0.672905 0.646802 0.048828 0.048828
0 0.737143 0.683236 0.048828 0.048828
0 0.797546 0.675566 0.048828 0.048828
0 0.984508 0.636256 0.048828 0.048828
0 0.960538 0.704329 0.048828 0.048828
0 0.910682 0.680360 0.048828 0.048828
0 0.907806 0.623792 0.048828 0.048828
0 0.846444 0.664060 0.048828 0.048828
0 0.846444 0.616122 0.048828 0.048828
0 0.849320 0.574894 0.048828 0.048828
0 0.800423 0.621874 0.048828 0.048828
0 0.770701 0.566265 0.048828 0.048828
0 0.750566 0.628586 0.048828 0.048828
0 0.722762 0.587358 0.048828 0.048828
0 0.664276 0.586399 0.048828 0.048828
0 0.677699 0.557636 0.048828 0.048828
0 0.615379 0.567224 0.048828 0.048828
0 0.721803 0.534626 0.048828 0.048828
0 0.727556 0.490522 0.048828 0.048828
0 0.677699 0.527914 0.048828 0.048828
0 0.634554 0.507780 0.048828 0.048828
0 0.566481 0.540378 0.048828 0.048828
0 0.590451 0.477099 0.048828 0.048828
0 0.525254 0.481893 0.048828 0.048828
0 0.461016 0.502027 0.048828 0.048828
0 0.421706 0.525038 0.048828 0.048828
0 0.401572 0.460800 0.048828 0.048828
0 0.453346 0.435872 0.048828 0.048828
0 0.547306 0.430119 0.048828 0.048828
0 0.618255 0.427243 0.048828 0.048828
0 0.659483 0.460800 0.048828 0.048828
0 0.709339 0.451212 0.048828 0.048828
0 0.998889 0.578729 0.048828 0.048828
0 0.942321 0.567224 0.048828 0.048828
0 0.893424 0.551884 0.048828 0.048828
0 0.973002 0.498192 0.048828 0.048828
0 0.987384 0.350541 0.048828 0.048828
0 0.950950 0.373551 0.048828 0.048828
0 0.884795 0.386974 0.048828 0.048828
0 0.914517 0.451212 0.048828 0.048828
0 0.870413 0.438748 0.048828 0.048828
0 0.858908 0.495316 0.048828 0.048828
0 0.817681 0.530790 0.048828 0.048828
0 0.791794 0.479975 0.048828 0.048828
0 0.801381 0.432037 0.048828 0.048828
0 0.762072 0.429160 0.048828 0.048828
0 0.827268 0.378345 0.048828 0.048828
0 0.765907 0.374510 0.048828 0.048828
0 0.690163 0.400397 0.048828 0.048828
0 0.638390 0.378345 0.048828 0.048828
0 0.574152 0.366840 0.048828 0.048828
0 0.542512 0.368757 0.048828 0.048828
0 0.501285 0.390809 0.048828 0.048828
0 0.370891 0.399438 0.048828 0.048828
0 0.304736 0.423408 0.048828 0.048828
0 0.252962 0.383139 0.048828 0.048828
0 0.316241 0.364922 0.048828 0.048828
0 0.429376 0.364922 0.048828 0.048828
0 0.519501 0.337118 0.048828 0.048828
0 0.587574 0.322736 0.048828 0.048828
0 0.651812 0.292055 0.048828 0.048828
0 0.704545 0.346706 0.048828 0.048828
0 0.768783 0.329448 0.048828 0.048828
0 0.271178 0.322736 0.048828 0.048828
0 0.326787 0.293014 0.048828 0.048828
0 0.384314 0.321777 0.048828 0.048828
0 0.440882 0.313148 0.048828 0.048828
0 0.492656 0.272880 0.048828 0.048828
0 0.546347 0.287261 0.048828 0.048828
0 0.598121 0.246993 0.048828 0.048828
0 0.670988 0.230694 0.048828 0.048828
0 0.728514 0.266168 0.048828 0.048828
0 0.780288 0.268086 0.048828 0.048828
0 0.840691 0.316983 0.048828 0.048828
0 0.941363 0.320819 0.048828 0.048828
0 0.906847 0.293014 0.048828 0.048828
0 0.850279 0.256581 0.048828 0.048828
0 0.903970 0.237405 0.048828 0.048828
0 0.940404 0.264251 0.048828 0.048828
0 0.987384 0.249869 0.048828 0.048828
0 0.953827 0.209601 0.048828 0.048828
0 0.960538 0.163579 0.048828 0.048828
0 0.973002 0.110847 0.048828 0.048828
0 0.946157 0.077290 0.048828 0.048828
0 0.914517 0.123311 0.048828 0.048828
0 0.893424 0.173167 0.048828 0.048828
0 0.846444 0.206724 0.048828 0.048828
0 0.853155 0.135775 0.048828 0.048828
0 0.862743 0.063867 0.048828 0.048828
0 0.817681 0.086877 0.048828 0.048828
0 0.809052 0.134816 0.048828 0.048828
0 0.774536 0.102218 0.048828 0.048828
0 0.743855 0.149198 0.048828 0.048828
0 0.728514 0.099341 0.048828 0.048828
0 0.658524 0.168373 0.048828 0.048828
0 0.723721 0.213436 0.048828 0.048828
0 0.670988 0.111805 0.048828 0.048828
0 0.612503 0.086877 0.048828 0.048828
0 0.619214 0.136734 0.048828 0.048828
0 0.600038 0.198095 0.048828 0.048828
0 0.548265 0.212477 0.048828 0.048828
0 0.547306 0.153992 0.048828 0.048828
0 0.558811 0.125228 0.048828 0.048828
0 0.550182 0.078248 0.048828 0.048828
0 0.489779 0.114682 0.048828 0.048828
0 0.426500 0.100300 0.048828 0.048828
0 0.377602 0.080166 0.048828 0.048828
0 0.312406 0.073454 0.048828 0.048828
0 0.243374 0.093589 0.048828 0.048828
0 0.249127 0.171250 0.048828 0.048828
0 0.325829 0.139610 0.048828 0.048828
0 0.377602 0.171250 0.048828 0.048828
0 0.411160 0.153033 0.048828 0.048828
0 0.484985 0.171250 0.048828 0.048828
0 0.427459 0.197136 0.048828 0.048828
0 0.448552 0.254663 0.048828 0.048828
0 0.400613 0.255622 0.048828 0.048828
0 0.282684 0.234529 0.048828 0.048828
0 0.217487 0.398479 0.048828 0.048828
0 0.201188 0.360128 0.048828 0.048828
0 0.121609 0.373551 0.048828 0.048828
0 0.162837 0.324654 0.048828 0.048828
0 0.131197 0.312190 0.048828 0.048828
0 0.203105 0.288220 0.048828 0.048828
0 0.164754 0.246993 0.048828 0.048828
0 0.217487 0.216312 0.048828 0.048828
0 0.192559 0.157827 0.048828 0.048828
0 0.187765 0.060990 0.048828 0.048828
0 0.249127 0.026474 0.048828 0.048828
0 0.356509 0.022639 0.048828 0.048828
0 0.414036 0.042774 0.048828 0.048828
0 0.499367 0.036062 0.048828 0.048828
0 0.554017 0.021681 0.048828 0.048828
0 0.595245 0.050444 0.048828 0.048828
0 0.617296 0.021681 0.048828 0.048828
0 0.704545 0.044691 0.048828 0.048828
0 0.755360 0.048526 0.048828 0.048828
0 0.817681 0.029351 0.048828 0.048828
0 0.928899 0.034145 0.048828 0.048828