0 0.999733 0.928367 0.048828 0.048828
0 0.986517 0.896648 0.048828 0.048828
0 0.962728 0.850392 0.048828 0.048828
0 0.973301 0.801493 0.048828 0.048828
0 0.919115 0.812066 0.048828 0.048828
0 0.913829 0.773740 0.048828 0.048828
0 0.954799 0.771097 0.048828 0.048828
0 0.878146 0.771097 0.048828 0.048828
0 0.818674 0.780348 0.048828 0.048828
0 0.851714 0.732770 0.048828 0.048828
0 0.942904 0.719554 0.048828 0.048828
0 0.920437 0.619113 0.048828 0.048828
0 0.956120 0.650831 0.048828 0.048828
0 0.953477 0.590038 0.048828 0.048828
0 0.991803 0.613827 0.048828 0.048828
0 0.860965 0.571536 0.048828 0.048828
0 0.919115 0.553033 0.048828 0.048828
0 0.960085 0.539817 0.048828 0.048828
0 0.937618 0.504134 0.048828 0.048828
0 0.808101 0.517350 0.048828 0.048828
0 0.837176 0.527923 0.048828 0.048828
0 0.855679 0.486953 0.048828 0.048828
0 0.756559 0.514707 0.048828 0.048828
0 0.782991 0.490918 0.048828 0.048828
0 0.802815 0.439376 0.048828 0.048828
0 0.894005 0.442019 0.048828 0.048828
0 0.723519 0.346864 0.048828 0.048828
0 0.745986 0.366688 0.048828 0.048828
0 0.771097 0.394442 0.048828 0.048828
0 0.760524 0.288714 0.048828 0.048828
0 0.786956 0.333648 0.048828 0.048828
0 0.802815 0.278141 0.048828 0.048828
0 0.833212 0.365366 0.048828 0.048828
0 0.880789 0.390477 0.048828 0.048828
0 0.934975 0.408979 0.048828 0.048828
0 0.953477 0.452592 0.048828 0.048828
0 0.995768 0.486953 0.048828 0.048828
0 0.937618 0.344221 0.048828 0.048828
0 0.995768 0.354794 0.048828 0.048828
0 0.961407 0.101047 0.048828 0.048828
0 0.997090 0.164484 0.048828 0.048828
0 0.953477 0.156554 0.048828 0.048828
0 0.968015 0.194880 0.048828 0.048828
0 0.998411 0.238493 0.048828 0.048828
0 0.954799 0.247744 0.048828 0.048828
0 0.949512 0.287392 0.048828 0.048828
0 0.923080 0.307216 0.048828 0.048828
0 0.907221 0.267568 0.048828 0.048828
0 0.876824 0.295322 0.048828 0.048828
0 0.871538 0.250388 0.048828 0.048828
0 0.886076 0.216026 0.048828 0.048828
0 0.923080 0.206775 0.048828 0.048828
0 0.838498 0.193559 0.048828 0.048828
0 0.888719 0.149946 0.048828 0.048828
0 0.886076 0.102369 0.048828 0.048828
0 0.929688 0.048183 0.048828 0.048828
0 0.999733 0.015143 0.048828 0.048828
0 0.897970 0.019108 0.048828 0.048828
0 0.835855 0.011178 0.048828 0.048828
0 0.839820 0.068007 0.048828 0.048828
0 0.821317 0.114263 0.048828 0.048828
0 0.805458 0.169770 0.048828 0.048828
0 0.773740 0.142017 0.048828 0.048828
0 0.767132 0.091796 0.048828 0.048828
0 0.776383 0.189594 0.048828 0.048828
0 0.765810 0.223956 0.048828 0.048828
0 0.718233 0.249066 0.048828 0.048828
0 0.637615 0.278141 0.048828 0.048828
0 0.678585 0.227920 0.048828 0.048828
0 0.730127 0.196202 0.048828 0.048828
0 0.734092 0.139373 0.048828 0.048828
0 0.710303 0.091796 0.048828 0.048828
0 0.660083 0.156554 0.048828 0.048828
0 0.612505 0.120871 0.048828 0.048828
0 0.570214 0.081223 0.048828 0.048828
0 0.600611 0.062721 0.048828 0.048828
0 0.674620 0.065364 0.048828 0.048828
0 0.664047 0.031002 0.048828 0.048828
0 0.710303 0.021751 0.048828 0.048828
0 0.738057 0.033646 0.048828 0.048828
0 0.781669 0.027038 0.048828 0.048828
0 0.564928 0.027038 0.048828 0.048828
0 0.525280 0.050826 0.048828 0.048828
0 0.419552 0.050826 0.048828 0.048828
0 0.452592 0.013822 0.048828 0.048828