0 0.029425 0.282366 0.048828 0.048828
0 0.051145 0.253405 0.048828 0.048828
0 0.110273 0.259439 0.048828 0.048828
0 0.174228 0.249785 0.048828 0.048828
0 0.243010 0.248579 0.048828 0.048828
0 0.325065 0.253405 0.048828 0.048828
0 0.284037 0.278746 0.048828 0.048828
0 0.322651 0.317360 0.048828 0.048828
0 0.253870 0.323393 0.048828 0.048828
0 0.216462 0.279953 0.048828 0.048828
0 0.166988 0.287193 0.048828 0.048828
0 0.100620 0.313740 0.048828 0.048828
0 0.059592 0.292019 0.048828 0.048828
0 0.036665 0.334254 0.048828 0.048828
0 0.078899 0.357181 0.048828 0.048828
0 0.133201 0.360801 0.048828 0.048828
0 0.212842 0.374075 0.048828 0.048828
0 0.195949 0.335460 0.048828 0.048828
0 0.362472 0.310120 0.048828 0.048828
0 0.369712 0.273919 0.048828 0.048828
0 0.410740 0.242545 0.048828 0.048828
0 0.411946 0.293226 0.048828 0.048828
0 0.398673 0.335460 0.048828 0.048828
0 0.451767 0.341494 0.048828 0.048828
0 0.502448 0.302880 0.048828 0.048828
0 0.454181 0.276332 0.048828 0.048828
0 0.492795 0.260645 0.048828 0.048828
0 0.588123 0.248579 0.048828 0.048828
0 0.630358 0.247372 0.048828 0.048828
0 0.602604 0.266679 0.048828 0.048828
0 0.536236 0.263059 0.048828 0.048828
0 0.563990 0.299260 0.048828 0.048828
0 0.539856 0.345114 0.048828 0.048828
0 0.605017 0.336667 0.048828 0.048828
0 0.597777 0.302880 0.048828 0.048828
0 0.646045 0.322187 0.048828 0.048828
0 0.685866 0.312533 0.048828 0.048828
0 0.703966 0.284779 0.048828 0.048828
0 0.656905 0.270299 0.048828 0.048828
0 0.747407 0.257025 0.048828 0.048828
0 0.837909 0.249785 0.048828 0.048828
0 0.887383 0.273919 0.048828 0.048828
0 0.922377 0.255819 0.048828 0.048828
0 0.957371 0.282366 0.048828 0.048828
0 0.857324 0.968229 0.048828 0.048828
0 0.937317 0.974462 0.048828 0.048828
0 0.976794 0.922519 0.048828 0.048828
0 0.980950 0.869536 0.048828 0.048828
0 0.889529 0.911091 0.048828 0.048828
0 0.930045 0.869536 0.048828 0.048828
0 0.943550 0.825904 0.048828 0.048828
0 0.978872 0.819670 0.048828 0.048828
0 0.925889 0.783310 0.048828 0.048828
0 0.978872 0.776038 0.048828 0.048828
0 0.930045 0.731366 0.048828 0.048828
0 0.968483 0.723055 0.048828 0.048828
0 0.996533 0.644101 0.048828 0.048828
0 0.782525 0.297117 0.048828 0.048828
0 0.841741 0.310623 0.048828 0.048828
0 0.887451 0.324128 0.048828 0.048828
0 0.936278 0.350100 0.048828 0.048828
0 0.987183 0.328284 0.048828 0.048828
0 0.972639 0.571380 0.048828 0.048828
0 0.947706 0.547486 0.048828 0.048828
0 0.920695 0.501775 0.048828 0.048828
0 0.956017 0.474765 0.048828 0.048828
0 0.980950 0.421782 0.048828 0.048828
0 0.944589 0.422821 0.048828 0.048828
0 0.896801 0.401005 0.048828 0.048828
0 0.911345 0.446715 0.048828 0.048828
0 0.860440 0.373994 0.048828 0.048828
0 0.803302 0.360489 0.048828 0.048828
0 0.825119 0.404121 0.048828 0.048828
0 0.845896 0.448793 0.048828 0.048828
0 0.859402 0.490348 0.048828 0.048828
0 0.818885 0.487231 0.048828 0.048828
0 0.878101 0.544369 0.048828 0.048828
0 0.927967 0.604624 0.048828 0.048828
0 0.932123 0.649295 0.048828 0.048828
0 0.910306 0.677345 0.048828 0.048828
0 0.887451 0.718900 0.048828 0.048828
0 0.881218 0.792660 0.048828 0.048828
0 0.835507 0.817593 0.048828 0.048828
0 0.869790 0.848759 0.048828 0.048828
0 0.840702 0.873692 0.048828 0.048828
0 0.811613 0.934985 0.048828 0.048828
0 0.755514 0.934985 0.048828 0.048828
0 0.767981 0.899663 0.048828 0.048828
0 0.784603 0.845642 0.048828 0.048828
0 0.786680 0.806165 0.048828 0.048828
0 0.767981 0.776038 0.048828 0.048828
0 0.728504 0.771882 0.048828 0.048828
0 0.778369 0.724094 0.048828 0.048828
0 0.802264 0.695006 0.048828 0.048828
0 0.830313 0.742794 0.048828 0.048828
0 0.844857 0.678384 0.048828 0.048828
0 0.739931 0.712666 0.048828 0.048828
0 0.755514 0.678384 0.048828 0.048828
0 0.742009 0.629557 0.048828 0.048828
0 0.757592 0.585924 0.048828 0.048828
0 0.803302 0.576574 0.048828 0.048828
0 0.835507 0.557874 0.048828 0.048828
0 0.796030 0.633712 0.048828 0.048828
0 0.832391 0.633712 0.048828 0.048828
0 0.840702 0.602546 0.048828 0.048828
0 0.879140 0.603585 0.048828 0.048828
0 0.803302 0.529825 0.048828 0.048828
0 0.731620 0.542291 0.048828 0.048828
0 0.716037 0.584885 0.048828 0.048828
0 0.738892 0.499698 0.048828 0.048828
0 0.773175 0.453987 0.048828 0.048828
0 0.760709 0.398927 0.048828 0.048828
0 0.744087 0.348022 0.048828 0.048828
0 0.712921 0.366722 0.048828 0.048828
0 0.677599 0.386461 0.048828 0.048828
0 0.702532 0.435288 0.048828 0.048828
0 0.662016 0.431132 0.048828 0.048828
0 0.680715 0.473726 0.048828 0.048828
0 0.667210 0.525669 0.048828 0.048828
0 0.667210 0.565147 0.048828 0.048828
0 0.665132 0.623323 0.048828 0.048828
0 0.653705 0.677345 0.048828 0.048828
0 0.692143 0.682539 0.048828 0.048828
0 0.697337 0.714744 0.048828 0.048828
0 0.662016 0.737599 0.048828 0.048828
0 0.725387 0.838370 0.048828 0.048828
0 0.733698 0.870575 0.048828 0.048828
0 0.709804 0.915247 0.048828 0.048828
0 0.664094 0.948490 0.048828 0.048828
0 0.695260 0.968229 0.048828 0.048828
0 0.747203 0.994201 0.048828 0.048828
0 0.626694 0.991084 0.048828 0.048828
0 0.602800 0.959918 0.048828 0.048828
0 0.549818 0.982773 0.048828 0.048828
0 0.493718 0.977579 0.048828 0.048828
0 0.443853 0.943296 0.048828 0.048828
0 0.494757 0.943296 0.048828 0.048828
0 0.475019 0.889275 0.048828 0.048828
0 0.462552 0.834215 0.048828 0.048828
0 0.518651 0.856031 0.048828 0.048828
0 0.538390 0.905897 0.048828 0.048828
0 0.594489 0.906936 0.048828 0.048828
0 0.625655 0.903819 0.048828 0.048828
0 0.673443 0.883042 0.048828 0.048828
0 0.647472 0.849798 0.048828 0.048828
0 0.686949 0.804087 0.048828 0.048828
0 0.631888 0.783310 0.048828 0.048828
0 0.619422 0.819670 0.048828 0.048828
0 0.583061 0.856031 0.048828 0.048828
0 0.566440 0.810320 0.048828 0.048828
0 0.503068 0.791621 0.048828 0.048828
0 0.430347 0.776038 0.048828 0.048828
0 0.467747 0.744871 0.048828 0.048828
0 0.524885 0.751105 0.048828 0.048828
0 0.588256 0.756299 0.048828 0.048828
0 0.613189 0.702278 0.048828 0.048828
0 0.561245 0.699161 0.048828 0.048828
0 0.428269 0.712666 0.048828 0.048828
0 0.417881 0.664878 0.048828 0.048828
0 0.483330 0.683578 0.048828 0.048828
0 0.542545 0.656567 0.048828 0.048828
0 0.600722 0.652412 0.048828 0.048828
0 0.613189 0.592157 0.048828 0.048828
0 0.567478 0.586963 0.048828 0.048828
0 0.521768 0.596313 0.048828 0.048828
0 0.470863 0.615012 0.048828 0.048828
0 0.423075 0.606701 0.048828 0.048828
0 0.472941 0.560991 0.048828 0.048828
0 0.434503 0.525669 0.048828 0.048828
0 0.508263 0.492426 0.048828 0.048828
0 0.541507 0.542291 0.048828 0.048828
0 0.611111 0.540214 0.048828 0.048828
0 0.584100 0.499698 0.048828 0.048828
0 0.621500 0.472687 0.048828 0.048828
0 0.547740 0.446715 0.048828 0.048828
0 0.557090 0.401005 0.048828 0.048828
0 0.611111 0.407238 0.048828 0.048828
0 0.605917 0.376072 0.048828 0.048828
0 0.504107 0.428015 0.048828 0.048828
0 0.451125 0.480998 0.048828 0.048828
0 0.436580 0.420743 0.048828 0.048828
0 0.490602 0.386461 0.048828 0.048828
0 0.425153 0.376072 0.048828 0.048828
0 0.338926 0.365683 0.048828 0.048828
0 0.270361 0.369839 0.048828 0.048828
0 0.377365 0.439443 0.048828 0.048828
0 0.319188 0.413471 0.048828 0.048828
0 0.325421 0.464376 0.048828 0.048828
0 0.293216 0.470609 0.048828 0.048828
0 0.281788 0.407238 0.048828 0.048828
0 0.228806 0.408277 0.048828 0.048828
0 0.169590 0.390616 0.048828 0.048828
0 0.105180 0.410355 0.048828 0.048828
0 0.054275 0.406199 0.048828 0.048828
0 0.027265 0.460220 0.048828 0.048828
0 0.085442 0.450871 0.048828 0.048828
0 0.013759 0.510086 0.048828 0.048828
0 0.064664 0.521514 0.048828 0.048828
0 0.009604 0.565147 0.048828 0.048828
0 0.111413 0.504892 0.048828 0.048828
0 0.162318 0.460220 0.048828 0.048828
0 0.225689 0.479959 0.048828 0.048828
0 0.103102 0.544369 0.048828 0.048828
0 0.150891 0.550602 0.048828 0.048828
0 0.185173 0.523592 0.048828 0.048828
0 0.182057 0.590080 0.048828 0.048828
0 0.223612 0.576574 0.048828 0.048828
0 0.278672 0.567224 0.048828 0.048828
0 0.261011 0.525669 0.048828 0.048828
0 0.328538 0.508009 0.048828 0.048828
0 0.366976 0.517358 0.048828 0.048828
0 0.351393 0.564108 0.048828 0.048828
0 0.399181 0.564108 0.048828 0.048828
0 0.373209 0.637868 0.048828 0.048828
0 0.323343 0.622285 0.048828 0.048828
0 0.257894 0.616051 0.048828 0.048828
0 0.288022 0.667995 0.048828 0.048828
0 0.319188 0.696044 0.048828 0.048828
0 0.376326 0.708511 0.048828 0.048828
0 0.380481 0.760455 0.048828 0.048828
0 0.341004 0.770843 0.048828 0.048828
0 0.297372 0.750066 0.048828 0.048828
0 0.264128 0.737599 0.048828 0.048828
0 0.236078 0.691889 0.048828 0.048828
0 0.204912 0.636829 0.048828 0.048828
0 0.162318 0.670073 0.048828 0.048828
0 0.083364 0.660723 0.048828 0.048828
0 0.136346 0.618129 0.048828 0.048828
0 0.088558 0.597352 0.048828 0.048828
0 0.055314 0.582807 0.048828 0.048828
0 0.014798 0.618129 0.048828 0.048828
0 0.040770 0.673189 0.048828 0.048828
0 0.039731 0.715783 0.048828 0.048828
0 0.002332 0.772921 0.048828 0.048828
0 0.064664 0.768766 0.048828 0.048828
0 0.059470 0.824865 0.048828 0.048828
0 0.109336 0.791621 0.048828 0.048828
0 0.039731 0.887197 0.048828 0.048828
0 0.018954 0.990045 0.048828 0.048828
0 0.033498 0.946413 0.048828 0.048828
0 0.093753 0.960957 0.048828 0.048828
0 0.144657 0.999395 0.048828 0.048828
0 0.155046 0.956801 0.048828 0.048828
0 0.197640 0.980696 0.048828 0.048828
0 0.194523 0.931869 0.048828 0.048828
0 0.158163 0.918363 0.048828 0.048828
0 0.126996 0.919402 0.048828 0.048828
0 0.101025 0.906936 0.048828 0.048828
0 0.139463 0.890314 0.048828 0.048828
0 0.194523 0.884080 0.048828 0.048828
0 0.111413 0.860186 0.048828 0.048828
0 0.099986 0.717861 0.048828 0.048828
0 0.175824 0.728250 0.048828 0.048828
0 0.161279 0.767727 0.048828 0.048828
0 0.156085 0.815515 0.048828 0.048828
0 0.197640 0.834215 0.048828 0.048828
0 0.212184 0.785388 0.048828 0.048828
0 0.269322 0.794737 0.048828 0.048828
0 0.315032 0.789543 0.048828 0.048828
0 0.261011 0.851875 0.048828 0.048828
0 0.318149 0.836292 0.048828 0.048828
0 0.358665 0.809282 0.048828 0.048828
0 0.374248 0.853953 0.048828 0.048828
0 0.403337 0.892391 0.048828 0.048828
0 0.353471 0.907974 0.048828 0.048828
0 0.312955 0.896547 0.048828 0.048828
0 0.259972 0.904858 0.048828 0.048828
0 0.249583 0.952646 0.048828 0.048828
0 0.331654 0.960957 0.048828 0.048828
0 0.379442 0.944335 0.048828 0.048828
0 0.380481 0.984851 0.048828 0.048828
0 0.261011 0.992123 0.048828 0.048828