0 0.975340 0.989509 0.048828 0.048828
0 0.893161 0.998955 0.048828 0.048828
0 0.981952 0.895050 0.048828 0.048828
0 0.962116 0.850654 0.048828 0.048828
0 0.962116 0.799646 0.048828 0.048828
0 0.926221 0.760918 0.048828 0.048828
0 0.866712 0.781699 0.048828 0.048828
0 0.903551 0.827984 0.048828 0.048828
0 0.846876 0.839319 0.048828 0.048828
0 0.794923 0.844987 0.048828 0.048828
0 0.805314 0.771309 0.048828 0.048828
0 0.765641 0.765641 0.048828 0.048828
0 0.728802 0.789256 0.048828 0.048828
0 0.739193 0.823261 0.048828 0.048828
0 0.713689 0.857266 0.048828 0.048828
0 0.650401 0.847820 0.048828 0.048828
0 0.675905 0.810981 0.048828 0.048828
0 0.674961 0.766586 0.048828 0.048828
0 0.631510 0.768475 0.048828 0.048828
0 0.604116 0.793979 0.048828 0.048828
0 0.588058 0.851599 0.048828 0.048828
0 0.567278 0.913942 0.048828 0.048828
0 0.622064 0.908274 0.048828 0.048828
0 0.562555 0.960226 0.048828 0.048828
0 0.602227 0.963060 0.048828 0.048828
0 0.655124 0.937556 0.048828 0.048828
0 0.717467 0.938501 0.048828 0.048828
0 0.757140 0.891271 0.048828 0.048828
0 0.791145 0.909219 0.048828 0.048828
0 0.861045 0.890327 0.048828 0.048828
0 0.916775 0.891271 0.048828 0.048828
0 0.951725 0.943224 0.048828 0.048828
0 0.889382 0.930944 0.048828 0.048828
0 0.838375 0.975340 0.048828 0.048828
0 0.781699 0.963060 0.048828 0.048828
0 0.725024 0.988564 0.048828 0.048828
0 0.665515 0.998010 0.048828 0.048828
0 0.211168 0.998955 0.048828 0.048828
0 0.084593 0.960226 0.048828 0.048828
0 0.140323 0.960226 0.048828 0.048828
0 0.196054 0.936612 0.048828 0.048828
0 0.523826 0.982897 0.048828 0.048828
0 0.533272 0.903551 0.048828 0.048828
0 0.489821 0.951725 0.048828 0.048828
0 0.441647 0.960226 0.048828 0.048828
0 0.484154 0.895050 0.048828 0.048828
0 0.519103 0.824206 0.048828 0.048828
0 0.452982 0.836485 0.048828 0.048828
0 0.433146 0.878992 0.048828 0.048828
0 0.403864 0.835541 0.048828 0.048828
0 0.351911 0.821372 0.048828 0.048828
0 0.296181 0.844042 0.048828 0.048828
0 0.224392 0.868601 0.048828 0.048828
0 0.279178 0.879936 0.048828 0.048828
0 0.271621 0.919609 0.048828 0.048828
0 0.321684 0.936612 0.048828 0.048828
0 0.352856 0.940390 0.048828 0.048828
0 0.397252 0.919609 0.048828 0.048828
0 0.350022 0.882770 0.048828 0.048828
0 0.346244 0.985730 0.048828 0.048828
0 0.296181 0.961171 0.048828 0.048828
0 0.193220 0.850654 0.048828 0.048828
0 0.184719 0.820427 0.048828 0.048828
0 0.138434 0.838375 0.048828 0.048828
0 0.119542 0.809092 0.048828 0.048828
0 0.046809 0.812871 0.048828 0.048828
0 0.078925 0.841208 0.048828 0.048828
0 0.026973 0.863878 0.048828 0.048828
0 0.035474 0.901662 0.048828 0.048828
0 0.109152 0.925277 0.048828 0.048828
0 0.008081 0.940390 0.048828 0.048828
0 0.032640 0.971562 0.048828 0.048828
0 0.042086 0.213057 0.048828 0.048828
0 0.001469 0.255563 0.048828 0.048828
0 0.040197 0.252729 0.048828 0.048828
0 0.101595 0.235727 0.048828 0.048828
0 0.138434 0.218724 0.048828 0.048828
0 0.177162 0.158271 0.048828 0.048828
0 0.105374 0.152603 0.048828 0.048828
0 0.180941 0.208334 0.048828 0.048828
0 0.146935 0.283901 0.048828 0.048828
0 0.083648 0.280122 0.048828 0.048828
0 0.103484 0.347188 0.048828 0.048828
0 0.055310 0.327352 0.048828 0.048828
0 0.021305 0.286735 0.048828 0.048828
0 0.005247 0.320740 0.048828 0.048828
0 0.009970 0.413310 0.048828 0.048828
0 0.060033 0.386861 0.048828 0.048828
0 0.174329 0.331130 0.048828 0.048828
0 0.177162 0.389695 0.048828 0.048828
0 0.128044 0.418977 0.048828 0.048828
0 0.159215 0.448259 0.048828 0.048828
0 0.101595 0.465262 0.048828 0.048828
0 0.151658 0.492655 0.048828 0.048828
0 0.124265 0.530439 0.048828 0.048828
0 0.146935 0.558776 0.048828 0.048828
0 0.080814 0.575779 0.048828 0.048828
0 0.087426 0.513436 0.048828 0.048828
0 0.064756 0.540829 0.048828 0.048828
0 0.009025 0.527605 0.048828 0.048828
0 0.033585 0.472819 0.048828 0.048828
0 0.013748 0.599394 0.048828 0.048828
0 0.179996 0.619230 0.048828 0.048828
0 0.106318 0.611673 0.048828 0.048828
0 0.077036 0.624897 0.048828 0.048828
0 0.012804 0.644734 0.048828 0.048828
0 0.058144 0.775087 0.048828 0.048828
0 0.079870 0.750528 0.048828 0.048828
0 0.129933 0.764697 0.048828 0.048828
0 0.171495 0.720301 0.048828 0.048828
0 0.147880 0.674961 0.048828 0.048828
0 0.113875 0.708021 0.048828 0.048828
0 0.043975 0.727858 0.048828 0.048828
0 0.054366 0.672127 0.048828 0.048828
0 0.304682 0.769420 0.048828 0.048828
0 0.408587 0.779810 0.048828 0.048828
0 0.410476 0.726913 0.048828 0.048828
0 0.452982 0.726913 0.048828 0.048828
0 0.464317 0.782644 0.048828 0.048828
0 0.498323 0.766586 0.048828 0.048828
0 0.546497 0.807203 0.048828 0.048828
0 0.550275 0.774142 0.048828 0.048828
0 0.557832 0.715578 0.048828 0.048828
0 0.626787 0.720301 0.048828 0.048828
0 0.686296 0.720301 0.048828 0.048828
0 0.737304 0.726913 0.048828 0.048828
0 0.796813 0.727858 0.048828 0.048828
0 0.849710 0.732581 0.048828 0.048828
0 0.978174 0.727858 0.048828 0.048828
0 0.937556 0.694797 0.048828 0.048828
0 0.964005 0.648512 0.048828 0.048828
0 0.971562 0.601283 0.048828 0.048828
0 0.963060 0.555942 0.048828 0.048828
0 0.973451 0.513436 0.048828 0.048828
0 0.907330 0.562555 0.048828 0.048828
0 0.910163 0.628676 0.048828 0.048828
0 0.818538 0.693852 0.048828 0.048828
0 0.843097 0.644734 0.048828 0.048828
0 0.848765 0.585225 0.048828 0.048828
0 0.848765 0.531383 0.048828 0.048828
0 0.888438 0.500212 0.048828 0.048828
0 0.836485 0.478486 0.048828 0.048828
0 0.773198 0.489821 0.048828 0.048828
0 0.698575 0.500212 0.048828 0.048828
0 0.665515 0.518159 0.048828 0.048828
0 0.601283 0.538940 0.048828 0.048828
0 0.648512 0.561610 0.048828 0.048828
0 0.705187 0.556887 0.048828 0.048828
0 0.767530 0.537051 0.048828 0.048828
0 0.810981 0.541774 0.048828 0.048828
0 0.800591 0.595615 0.048828 0.048828
0 0.782644 0.641900 0.048828 0.048828
0 0.734470 0.593726 0.048828 0.048828
0 0.698575 0.600338 0.048828 0.048828
0 0.756195 0.678739 0.048828 0.048828
0 0.716523 0.667404 0.048828 0.048828
0 0.675905 0.646623 0.048828 0.048828
0 0.609784 0.673071 0.048828 0.048828
0 0.600338 0.617341 0.048828 0.048828
0 0.497378 0.705187 0.048828 0.048828
0 0.526660 0.674961 0.048828 0.048828
0 0.551219 0.612618 0.048828 0.048828
0 0.539884 0.560665 0.048828 0.048828
0 0.423700 0.680628 0.048828 0.048828
0 0.452982 0.673071 0.048828 0.048828
0 0.476597 0.627731 0.048828 0.048828
0 0.437869 0.622064 0.048828 0.048828
0 0.395362 0.628676 0.048828 0.048828
0 0.194165 0.794923 0.048828 0.048828
0 0.202666 0.744860 0.048828 0.048828
0 0.222503 0.718412 0.048828 0.048828
0 0.197943 0.661736 0.048828 0.048828
0 0.229115 0.625842 0.048828 0.048828
0 0.260286 0.672127 0.048828 0.048828
0 0.285790 0.721245 0.048828 0.048828
0 0.362302 0.684407 0.048828 0.048828
0 0.314128 0.629620 0.048828 0.048828
0 0.351911 0.600338 0.048828 0.048828
0 0.275400 0.592781 0.048828 0.048828
0 0.261231 0.551219 0.048828 0.048828
0 0.206445 0.554998 0.048828 0.048828
0 0.205500 0.490766 0.048828 0.048828
0 0.247062 0.503045 0.048828 0.048828
0 0.309405 0.499267 0.048828 0.048828
0 0.343410 0.473763 0.048828 0.048828
0 0.320740 0.545552 0.048828 0.048828
0 0.350967 0.524771 0.048828 0.048828
0 0.416143 0.498323 0.048828 0.048828
0 0.420866 0.568222 0.048828 0.048828
0 0.467151 0.545552 0.048828 0.048828
0 0.472819 0.484154 0.048828 0.048828
0 0.511547 0.459594 0.048828 0.048828
0 0.435035 0.449204 0.048828 0.048828
0 0.530439 0.505879 0.048828 0.048828
0 0.568222 0.503045 0.048828 0.048828
0 0.568222 0.465262 0.048828 0.048828
0 0.625842 0.486043 0.048828 0.048828
0 0.664570 0.458650 0.048828 0.048828
0 0.740137 0.459594 0.048828 0.048828
0 0.793979 0.444481 0.048828 0.048828
0 0.865768 0.427478 0.048828 0.048828
0 0.899773 0.395362 0.048828 0.048828
0 0.948891 0.412365 0.048828 0.048828
0 0.949836 0.348133 0.048828 0.048828
0 0.980063 0.326407 0.048828 0.048828
0 0.964005 0.283901 0.048828 0.048828
0 0.898828 0.340576 0.048828 0.048828
0 0.893161 0.282956 0.048828 0.048828
0 0.912052 0.242339 0.048828 0.048828
0 0.876158 0.246117 0.048828 0.048828
0 0.960226 0.223447 0.048828 0.048828
0 0.937556 0.170550 0.048828 0.048828
0 0.948891 0.128988 0.048828 0.048828
0 0.967783 0.081759 0.048828 0.048828
0 0.915831 0.095928 0.048828 0.048828
0 0.854433 0.051532 0.048828 0.048828
0 0.823261 0.096872 0.048828 0.048828
0 0.806258 0.046809 0.048828 0.048828
0 0.791145 0.111041 0.048828 0.048828
0 0.837430 0.138434 0.048828 0.048828
0 0.836485 0.209278 0.048828 0.048828
0 0.786422 0.197943 0.048828 0.048828
0 0.745805 0.165827 0.048828 0.048828
0 0.734470 0.077036 0.048828 0.048828
0 0.710855 0.118598 0.048828 0.048828
0 0.693852 0.151658 0.048828 0.048828
0 0.704243 0.200777 0.048828 0.048828
0 0.738248 0.238561 0.048828 0.048828
0 0.819483 0.291458 0.048828 0.048828
0 0.765641 0.298070 0.048828 0.048828
0 0.725968 0.280122 0.048828 0.048828
0 0.688185 0.288624 0.048828 0.048828
0 0.657958 0.279178 0.048828 0.048828
0 0.659847 0.230059 0.048828 0.048828
0 0.658903 0.181885 0.048828 0.048828
0 0.660792 0.101595 0.048828 0.048828
0 0.697631 0.043975 0.048828 0.048828
0 0.835541 0.367969 0.048828 0.048828
0 0.793034 0.342465 0.048828 0.048828
0 0.774142 0.397252 0.048828 0.048828
0 0.728802 0.332075 0.048828 0.048828
0 0.709910 0.367025 0.048828 0.048828
0 0.663626 0.343410 0.048828 0.048828
0 0.717467 0.426534 0.048828 0.048828
0 0.663626 0.418977 0.048828 0.048828
0 0.611673 0.380249 0.048828 0.048828
0 0.614507 0.432201 0.048828 0.048828
0 0.574834 0.409531 0.048828 0.048828
0 0.557832 0.350967 0.048828 0.048828
0 0.508713 0.365135 0.048828 0.048828
0 0.503990 0.407642 0.048828 0.048828
0 0.452038 0.383083 0.048828 0.048828
0 0.435980 0.351911 0.048828 0.048828
0 0.401974 0.348133 0.048828 0.048828
0 0.401974 0.395362 0.048828 0.048828
0 0.367969 0.433146 0.048828 0.048828
0 0.343410 0.367025 0.048828 0.048828
0 0.269732 0.320740 0.048828 0.048828
0 0.299014 0.323574 0.048828 0.048828
0 0.342465 0.296181 0.048828 0.048828
0 0.391584 0.284845 0.048828 0.048828
0 0.308460 0.439758 0.048828 0.048828
0 0.296181 0.380249 0.048828 0.048828
0 0.247062 0.369858 0.048828 0.048828
0 0.230059 0.410476 0.048828 0.048828
0 0.232893 0.457705 0.048828 0.048828
0 0.209278 0.339632 0.048828 0.048828
0 0.221558 0.291458 0.048828 0.048828
0 0.239505 0.248951 0.048828 0.048828
0 0.208334 0.258397 0.048828 0.048828
0 0.231948 0.179051 0.048828 0.048828
0 0.264064 0.175273 0.048828 0.048828
0 0.299959 0.203611 0.048828 0.048828
0 0.303737 0.268787 0.048828 0.048828
0 0.355690 0.234782 0.048828 0.048828
0 0.394418 0.229115 0.048828 0.048828
0 0.376471 0.194165 0.048828 0.048828
0 0.341521 0.145046 0.048828 0.048828
0 0.303737 0.136545 0.048828 0.048828
0 0.399141 0.129933 0.048828 0.048828
0 0.433146 0.127099 0.048828 0.048828
0 0.431257 0.181885 0.048828 0.048828
0 0.471874 0.165827 0.048828 0.048828
0 0.436924 0.250840 0.048828 0.048828
0 0.463373 0.208334 0.048828 0.048828
0 0.502101 0.206445 0.048828 0.048828
0 0.479431 0.259342 0.048828 0.048828
0 0.503990 0.301848 0.048828 0.048828
0 0.535161 0.315072 0.048828 0.048828
0 0.537995 0.266898 0.048828 0.048828
0 0.579557 0.245173 0.048828 0.048828
0 0.554053 0.215890 0.048828 0.048828
0 0.609784 0.221558 0.048828 0.048828
0 0.622064 0.180941 0.048828 0.048828
0 0.611673 0.144102 0.048828 0.048828
0 0.585225 0.173384 0.048828 0.048828
0 0.523826 0.164883 0.048828 0.048828
0 0.520993 0.126155 0.048828 0.048828
0 0.566333 0.121432 0.048828 0.048828
0 0.595615 0.101595 0.048828 0.048828
0 0.630565 0.075147 0.048828 0.048828
0 0.614507 0.040197 0.048828 0.048828
0 0.559721 0.062867 0.048828 0.048828
0 0.452038 0.065701 0.048828 0.048828
0 0.401974 0.062867 0.048828 0.048828
0 0.374581 0.097817 0.048828 0.048828
0 0.317906 0.101595 0.048828 0.048828
0 0.280122 0.101595 0.048828 0.048828
0 0.235727 0.120487 0.048828 0.048828
0 0.179996 0.109152 0.048828 0.048828
0 0.123321 0.110096 0.048828 0.048828
0 0.078925 0.152603 0.048828 0.048828
0 0.028862 0.134656 0.048828 0.048828
0 0.043975 0.077036 0.048828 0.048828
0 0.125210 0.077036 0.048828 0.048828
0 0.215890 0.056255 0.048828 0.048828
0 0.272566 0.059089 0.048828 0.048828
0 0.342465 0.059089 0.048828 0.048828
0 0.378360 0.046809 0.048828 0.048828
0 0.958337 0.034529 0.048828 0.048828
0 0.995176 0.029806 0.048828 0.048828
0 0.984786 0.369858 0.048828 0.048828
0 0.998955 0.474708 0.048828 0.048828
0 0.999899 0.538940 0.048828 0.048828
0 0.890327 0.015638 0.048828 0.048828
0 0.749583 0.023194 0.048828 0.048828
0 0.653235 0.003358 0.048828 0.048828
0 0.567278 0.022250 0.048828 0.048828
0 0.520048 0.020361 0.048828 0.048828
0 0.471874 0.030751 0.048828 0.048828
0 0.400085 0.003358 0.048828 0.048828
0 0.351911 0.009025 0.048828 0.048828
0 0.320740 0.000524 0.048828 0.048828
0 0.279178 0.010915 0.048828 0.048828
0 0.157326 0.016582 0.048828 0.048828
0 0.111986 0.028862 0.048828 0.048828
0 0.072313 0.019416 0.048828 0.048828
0 0.003358 0.026028 0.048828 0.048828
0 0.590892 0.295236 0.048828 0.048828