0 0.574733 0.358628 0.048828 0.048828
0 0.523561 0.361827 0.048828 0.048828
0 0.465992 0.365025 0.048828 0.048828
0 0.437208 0.384214 0.048828 0.048828
0 0.410022 0.323447 0.048828 0.048828
0 0.470789 0.318650 0.048828 0.048828
0 0.541151 0.318650 0.048828 0.048828
0 0.589125 0.305857 0.048828 0.048828
0 0.621108 0.233896 0.048828 0.048828
0 0.576332 0.267478 0.048828 0.048828
0 0.505970 0.262680 0.048828 0.048828
0 0.432410 0.281870 0.048828 0.048828
0 0.462794 0.238693 0.048828 0.048828
0 0.672280 0.144345 0.048828 0.048828
0 0.622707 0.155539 0.048828 0.048828
0 0.565138 0.136349 0.048828 0.048828
0 0.561940 0.206711 0.048828 0.048828
0 0.509169 0.190719 0.048828 0.048828
0 0.485182 0.147543 0.048828 0.048828
0 0.446802 0.181125 0.048828 0.048828
0 0.430811 0.233896 0.048828 0.048828
0 0.395630 0.209909 0.048828 0.048828
0 0.389234 0.254685 0.048828 0.048828
0 0.350855 0.294663 0.048828 0.048828
0 0.320471 0.230698 0.048828 0.048828
0 0.293286 0.273874 0.048828 0.048828
0 0.229321 0.272275 0.048828 0.048828
0 0.171752 0.281870 0.048828 0.048828
0 0.242114 0.221103 0.048828 0.048828
0 0.269299 0.233896 0.048828 0.048828
0 0.285290 0.179526 0.048828 0.048828
0 0.256506 0.161935 0.048828 0.048828
0 0.210131 0.150741 0.048828 0.048828
0 0.162157 0.107565 0.048828 0.048828
0 0.099791 0.120358 0.048828 0.048828
0 0.093394 0.067586 0.048828 0.048828
0 0.067808 0.037203 0.048828 0.048828
0 0.142967 0.026009 0.048828 0.048828
0 0.198937 0.002022 0.048828 0.048828
0 0.162157 0.064388 0.048828 0.048828
0 0.192540 0.053194 0.048828 0.048828
0 0.229321 0.096371 0.048828 0.048828
0 0.270898 0.121957 0.048828 0.048828
0 0.331665 0.165133 0.048828 0.048828
0 0.370044 0.168332 0.048828 0.048828
0 0.418018 0.145944 0.048828 0.048828
0 0.462794 0.088375 0.048828 0.048828
0 0.497975 0.048397 0.048828 0.048828
0 0.442005 0.057992 0.048828 0.048828
0 0.374842 0.086776 0.048828 0.048828
0 0.307678 0.073983 0.048828 0.048828
0 0.290088 0.022811 0.048828 0.048828
0 0.342859 0.046798 0.048828 0.048828
0 0.392432 0.029207 0.048828 0.048828
0 0.523561 0.096371 0.048828 0.048828
0 0.576332 0.067586 0.048828 0.048828
0 0.619509 0.062789 0.048828 0.048828
0 0.657888 0.089974 0.048828 0.048828
0 0.665884 0.048397 0.048828 0.048828
0 0.721853 0.034005 0.048828 0.048828
0 0.648293 0.005220 0.048828 0.048828
0 0.795413 0.014815 0.048828 0.048828
0 0.354053 0.345835 0.048828 0.048828
0 0.290088 0.341038 0.048828 0.048828
0 0.264501 0.387413 0.048828 0.048828
0 0.341260 0.377818 0.048828 0.048828
0 0.298083 0.408201 0.048828 0.048828
0 0.309277 0.448180 0.048828 0.048828
0 0.354053 0.427391 0.048828 0.048828