0 0.987307 0.728159 0.048828 0.048828
0 0.933945 0.728159 0.048828 0.048828
0 0.886513 0.710372 0.048828 0.048828
0 0.824258 0.745946 0.048828 0.048828
0 0.827223 0.704443 0.048828 0.048828
0 0.759038 0.748911 0.048828 0.048828
0 0.305466 0.769663 0.048828 0.048828
0 0.006978 0.696004 0.048828 0.048828
0 0.003200 0.752679 0.048828 0.048828
0 0.031537 0.759291 0.048828 0.048828
0 0.065543 0.724341 0.048828 0.048828
0 0.018313 0.795186 0.048828 0.048828
0 0.089157 0.764014 0.048828 0.048828
0 0.173226 0.737566 0.048828 0.048828
0 0.240291 0.740399 0.048828 0.048828
0 0.294133 0.727175 0.048828 0.048828
0 0.354587 0.735676 0.048828 0.048828
0 0.390481 0.759291 0.048828 0.048828
0 0.440544 0.768737 0.048828 0.048828
0 0.487774 0.731898 0.048828 0.048828
0 0.598291 0.746067 0.048828 0.048828
0 0.644575 0.747011 0.048828 0.048828
0 0.687082 0.719618 0.048828 0.048828
0 0.786264 0.711117 0.048828 0.048828
0 0.735256 0.699782 0.048828 0.048828
0 0.656855 0.687502 0.048828 0.048828
0 0.681414 0.658220 0.048828 0.048828
0 0.620961 0.656331 0.048828 0.048828
0 0.580343 0.693170 0.048828 0.048828
0 0.542560 0.710173 0.048828 0.048828
0 0.415985 0.713006 0.048828 0.048828
0 0.258239 0.691281 0.048828 0.048828
0 0.192117 0.687502 0.048828 0.048828
0 0.133553 0.679946 0.048828 0.048828
0 0.852385 0.667666 0.048828 0.048828
0 0.800433 0.676167 0.048828 0.048828
0 0.763594 0.640273 0.048828 0.048828
0 0.700306 0.631772 0.048828 0.048828
0 0.671024 0.610991 0.048828 0.048828
0 0.731478 0.601545 0.048828 0.048828
0 0.715420 0.580764 0.048828 0.048828
0 0.746591 0.556205 0.048828 0.048828
0 0.804211 0.560927 0.048828 0.048828
0 0.841995 0.593988 0.048828 0.048828
0 0.876944 0.633661 0.048828 0.048828
0 0.924174 0.658220 0.048828 0.048828
0 0.951567 0.611935 0.048828 0.048828
0 0.969514 0.587376 0.048828 0.048828
0 0.945899 0.544869 0.048828 0.048828
0 0.979905 0.496695 0.048828 0.048828
0 0.985572 0.389957 0.048828 0.048828
0 0.961013 0.420184 0.048828 0.048828
0 0.931731 0.461746 0.048828 0.048828
0 0.880723 0.500474 0.048828 0.048828
0 0.882612 0.577930 0.048828 0.048828
0 0.989350 0.336115 0.048828 0.048828
0 0.943066 0.355007 0.048828 0.048828
0 0.886390 0.355952 0.048828 0.048828
0 0.920395 0.399403 0.048828 0.048828
0 0.875055 0.450411 0.048828 0.048828
0 0.854274 0.394680 0.048828 0.048828
0 0.922285 0.309667 0.048828 0.048828
0 0.992184 0.286052 0.048828 0.048828
0 0.967625 0.251102 0.048828 0.048828
0 0.972348 0.116971 0.048828 0.048828
0 0.943066 0.179314 0.048828 0.048828
0 0.927952 0.220875 0.048828 0.048828
0 0.894892 0.261493 0.048828 0.048828
0 0.870332 0.294553 0.048828 0.048828
0 0.836327 0.260548 0.048828 0.048828
0 0.850496 0.235989 0.048828 0.048828
0 0.868443 0.187815 0.048828 0.048828
0 0.858997 0.140585 0.048828 0.048828
0 0.902448 0.140585 0.048828 0.048828
0 0.895836 0.088633 0.048828 0.048828
0 0.954401 0.069741 0.048828 0.048828
0 0.993129 0.066907 0.048828 0.048828
0 0.944955 0.012121 0.048828 0.048828
0 0.907171 0.049905 0.048828 0.048828
0 0.859942 0.046127 0.048828 0.048828
0 0.840105 0.516532 0.048828 0.048828
0 0.818380 0.483471 0.048828 0.048828
0 0.813657 0.442854 0.048828 0.048828
0 0.767372 0.521255 0.048828 0.048828
0 0.758871 0.448521 0.048828 0.048828
0 0.775873 0.397514 0.048828 0.048828
0 0.818380 0.362564 0.048828 0.048828
0 0.806100 0.310611 0.048828 0.048828
0 0.804211 0.334226 0.048828 0.048828
0 0.769261 0.343672 0.048828 0.048828
0 0.804211 0.274717 0.048828 0.048828
0 0.802322 0.221820 0.048828 0.048828
0 0.759815 0.252992 0.048828 0.048828
0 0.756037 0.285108 0.048828 0.048828
0 0.717309 0.316279 0.048828 0.048828
0 0.713530 0.367287 0.048828 0.048828
0 0.677636 0.355952 0.048828 0.048828
0 0.641742 0.341783 0.048828 0.048828
0 0.613404 0.374843 0.048828 0.048828
0 0.592623 0.413572 0.048828 0.048828
0 0.624739 0.406015 0.048828 0.048828
0 0.645520 0.418295 0.048828 0.048828
0 0.709752 0.415461 0.048828 0.048828
0 0.719198 0.495751 0.048828 0.048828
0 0.667246 0.459856 0.048828 0.048828
0 0.604903 0.443798 0.048828 0.048828
0 0.623795 0.479693 0.048828 0.048828
0 0.564285 0.483471 0.048828 0.048828
0 0.616238 0.526922 0.048828 0.048828
0 0.691805 0.542980 0.048828 0.048828
0 0.618127 0.569429 0.048828 0.048828
0 0.578454 0.541091 0.048828 0.048828
0 0.550117 0.550537 0.048828 0.048828
0 0.527446 0.589265 0.048828 0.048828
0 0.584122 0.635550 0.048828 0.048828
0 0.531225 0.666721 0.048828 0.048828
0 0.478328 0.633661 0.048828 0.048828
0 0.457547 0.672389 0.048828 0.048828
0 0.410317 0.649719 0.048828 0.048828
0 0.329083 0.661998 0.048828 0.048828
0 0.295078 0.607212 0.048828 0.048828
0 0.241236 0.642162 0.048828 0.048828
0 0.192117 0.650663 0.048828 0.048828
0 0.207231 0.598711 0.048828 0.048828
0 0.245959 0.549592 0.048828 0.048828
0 0.211954 0.521255 0.048828 0.048828
0 0.330027 0.526922 0.048828 0.048828
0 0.338529 0.564706 0.048828 0.048828
0 0.350808 0.615714 0.048828 0.048828
0 0.412207 0.575096 0.048828 0.048828
0 0.469827 0.558094 0.048828 0.048828
0 0.510444 0.516532 0.048828 0.048828
0 0.508555 0.481582 0.048828 0.048828
0 0.443378 0.497640 0.048828 0.048828
0 0.393315 0.520310 0.048828 0.048828
0 0.392370 0.479693 0.048828 0.048828
0 0.448101 0.459856 0.048828 0.048828
0 0.535003 0.440965 0.048828 0.048828
0 0.343252 0.470247 0.048828 0.048828
0 0.280909 0.486305 0.048828 0.048828
0 0.220455 0.470247 0.048828 0.048828
0 0.234624 0.441909 0.048828 0.048828
0 0.324360 0.431519 0.048828 0.048828
0 0.401816 0.447577 0.048828 0.048828
0 0.379146 0.413572 0.048828 0.048828
0 0.370645 0.370121 0.048828 0.048828
0 0.426375 0.407904 0.048828 0.048828
0 0.474549 0.406959 0.048828 0.048828
0 0.524613 0.364453 0.048828 0.048828
0 0.565230 0.389012 0.048828 0.048828
0 0.583177 0.332337 0.048828 0.048828
0 0.628517 0.312501 0.048828 0.048828
0 0.686137 0.291720 0.048828 0.048828
0 0.671969 0.257714 0.048828 0.048828
0 0.626628 0.259604 0.048828 0.048828
0 0.583177 0.238823 0.048828 0.048828
0 0.577510 0.269994 0.048828 0.048828
0 0.445267 0.355007 0.048828 0.048828
0 0.485885 0.319113 0.048828 0.048828
0 0.524613 0.252992 0.048828 0.048828
0 0.473605 0.260548 0.048828 0.048828
0 0.415040 0.302110 0.048828 0.048828
0 0.417874 0.254881 0.048828 0.048828
0 0.386703 0.228432 0.048828 0.048828
0 0.443378 0.213319 0.048828 0.048828
0 0.488718 0.207651 0.048828 0.048828
0 0.550117 0.200095 0.048828 0.048828
0 0.610570 0.209540 0.048828 0.048828
0 0.679525 0.217097 0.048828 0.048828
0 0.730533 0.213319 0.048828 0.048828
0 0.759815 0.171757 0.048828 0.048828
0 0.707863 0.143419 0.048828 0.048828
0 0.749425 0.122638 0.048828 0.048828
0 0.825937 0.190649 0.048828 0.048828
0 0.825937 0.158533 0.048828 0.048828
0 0.799488 0.129250 0.048828 0.048828
0 0.808934 0.086744 0.048828 0.048828
0 0.044762 0.646885 0.048828 0.048828
0 0.104271 0.627049 0.048828 0.048828
0 0.148666 0.622326 0.048828 0.048828
0 0.177949 0.567540 0.048828 0.048828
0 0.125996 0.580764 0.048828 0.048828
0 0.135442 0.542036 0.048828 0.048828
0 0.145833 0.472136 0.048828 0.048828
0 0.142999 0.387123 0.048828 0.048828
0 0.202508 0.420184 0.048828 0.048828
0 0.262017 0.401292 0.048828 0.048828
0 0.318692 0.372010 0.048828 0.048828
0 0.323415 0.321002 0.048828 0.048828
0 0.275241 0.322891 0.048828 0.048828
0 0.225178 0.337060 0.048828 0.048828
0 0.153389 0.326669 0.048828 0.048828
0 0.128830 0.283218 0.048828 0.048828
0 0.156223 0.279440 0.048828 0.048828
0 0.191173 0.239767 0.048828 0.048828
0 0.239347 0.282274 0.048828 0.048828
0 0.289410 0.266216 0.048828 0.048828
0 0.354587 0.272828 0.048828 0.048828
0 0.329083 0.222765 0.048828 0.048828
0 0.281853 0.212374 0.048828 0.048828
0 0.242181 0.217097 0.048828 0.048828
0 0.253516 0.176480 0.048828 0.048828
0 0.283743 0.157588 0.048828 0.048828
0 0.353642 0.179314 0.048828 0.048828
0 0.323415 0.135862 0.048828 0.048828
0 0.379146 0.155699 0.048828 0.048828
0 0.426375 0.161366 0.048828 0.048828
0 0.475494 0.157588 0.048828 0.048828
0 0.514222 0.142475 0.048828 0.048828
0 0.567119 0.143419 0.048828 0.048828
0 0.625684 0.168923 0.048828 0.048828
0 0.648354 0.127361 0.048828 0.048828
0 0.706918 0.099968 0.048828 0.048828
0 0.404650 0.106580 0.048828 0.048828
0 0.446212 0.072575 0.048828 0.048828
0 0.475494 0.099024 0.048828 0.048828
0 0.480217 0.031958 0.048828 0.048828
0 0.535003 0.051794 0.048828 0.048828
0 0.564285 0.086744 0.048828 0.048828
0 0.622850 0.077298 0.048828 0.048828
0 0.672913 0.063129 0.048828 0.048828
0 0.706918 0.049905 0.048828 0.048828
0 0.682359 0.014955 0.048828 0.048828
0 0.641742 0.019678 0.048828 0.048828
0 0.601124 0.037625 0.048828 0.048828
0 0.560507 0.013066 0.048828 0.048828
0 0.398982 0.029124 0.048828 0.048828
0 0.348919 0.039514 0.048828 0.048828
0 0.347030 0.091467 0.048828 0.048828
0 0.295078 0.089578 0.048828 0.048828
0 0.242181 0.122638 0.048828 0.048828
0 0.201563 0.124527 0.048828 0.048828
0 0.228956 0.069741 0.048828 0.048828
0 0.174170 0.085799 0.048828 0.048828
0 0.289410 0.048016 0.048828 0.048828
0 0.229901 0.022512 0.048828 0.048828
0 0.165669 0.014011 0.048828 0.048828
0 0.125052 0.149087 0.048828 0.048828
0 0.111827 0.211430 0.048828 0.048828
0 0.075933 0.151920 0.048828 0.048828
0 0.051374 0.177424 0.048828 0.048828
0 0.051374 0.231266 0.048828 0.048828
0 0.073099 0.275662 0.048828 0.048828
0 0.013590 0.276606 0.048828 0.048828
0 0.038149 0.356896 0.048828 0.048828
0 0.074988 0.386179 0.048828 0.048828
0 0.092936 0.432463 0.048828 0.048828
0 0.099548 0.489139 0.048828 0.048828
0 0.050429 0.455134 0.048828 0.048828
0 0.063653 0.507086 0.048828 0.048828
0 0.086323 0.541091 0.048828 0.048828
0 0.024925 0.542980 0.048828 0.048828
0 0.039094 0.601545 0.048828 0.048828
0 0.007923 0.142475 0.048828 0.048828
0 0.101437 0.071630 0.048828 0.048828
0 0.045706 0.088633 0.048828 0.048828
0 0.059875 0.056517 0.048828 0.048828
0 0.112772 0.023456 0.048828 0.048828
0 0.056097 0.006454 0.048828 0.048828
0 0.726755 0.002675 0.048828 0.048828
0 0.804211 0.014955 0.048828 0.048828
0 0.769261 0.038570 0.048828 0.048828
0 0.753203 0.069741 0.048828 0.048828