0 0.999469 0.815818 0.048828 0.048828
0 0.995107 0.897228 0.048828 0.048828
0 0.948587 0.849254 0.048828 0.048828
0 0.922419 0.900136 0.048828 0.048828
0 0.867177 0.878330 0.048828 0.048828
0 0.884622 0.828902 0.048828 0.048828
0 0.803211 0.847801 0.048828 0.048828
0 0.794489 0.801280 0.048828 0.048828
0 0.848278 0.792558 0.048828 0.048828
0 0.923873 0.779474 0.048828 0.048828
0 0.983477 0.628283 0.048828 0.048828
0 0.999469 0.679165 0.048828 0.048828
0 0.954402 0.725685 0.048828 0.048828
0 0.916604 0.700971 0.048828 0.048828
0 0.916604 0.626830 0.048828 0.048828
0 0.886076 0.648636 0.048828 0.048828
0 0.833740 0.658812 0.048828 0.048828
0 0.871538 0.732954 0.048828 0.048828
0 0.813388 0.732954 0.048828 0.048828
0 0.772683 0.699517 0.048828 0.048828
0 0.966032 0.568679 0.048828 0.048828
0 0.918058 0.562864 0.048828 0.048828
0 0.980570 0.511983 0.048828 0.048828
0 0.912243 0.500353 0.048828 0.048828
0 0.846824 0.471278 0.048828 0.048828
0 0.852639 0.543966 0.048828 0.048828
0 0.870084 0.590486 0.048828 0.048828
0 0.835194 0.605023 0.048828 0.048828
0 0.782859 0.616653 0.048828 0.048828
0 0.784313 0.557049 0.048828 0.048828
0 0.800304 0.481454 0.048828 0.048828
0 0.736339 0.442203 0.048828 0.048828
0 0.688365 0.446564 0.048828 0.048828
0 0.724709 0.513437 0.048828 0.048828
0 0.736339 0.586124 0.048828 0.048828
0 0.708717 0.655905 0.048828 0.048828
0 0.660743 0.651544 0.048828 0.048828
0 0.686911 0.586124 0.048828 0.048828
0 0.669466 0.500353 0.048828 0.048828
0 0.617131 0.432026 0.048828 0.048828
0 0.624399 0.497445 0.048828 0.048828
0 0.620038 0.549781 0.048828 0.048828
0 0.605501 0.623922 0.048828 0.048828
0 0.622946 0.712601 0.048828 0.048828
0 0.742154 0.757668 0.048828 0.048828
0 0.739246 0.833263 0.048828 0.048828
0 0.672373 0.782382 0.048828 0.048828
0 0.612769 0.767844 0.048828 0.048828
0 0.647660 0.823087 0.048828 0.048828
0 0.669466 0.881237 0.048828 0.048828
0 0.628761 0.897228 0.048828 0.048828
0 0.592417 0.884145 0.048828 0.048828
0 0.577879 0.825994 0.048828 0.048828
0 0.553165 0.791104 0.048828 0.048828
0 0.553165 0.732954 0.048828 0.048828
0 0.563342 0.663174 0.048828 0.048828
0 0.515368 0.609385 0.048828 0.048828
0 0.512460 0.570133 0.048828 0.048828
0 0.566249 0.562864 0.048828 0.048828
0 0.560434 0.503260 0.048828 0.048828
0 0.558980 0.413127 0.048828 0.048828
0 0.499376 0.525067 0.048828 0.048828
0 0.511006 0.464009 0.048828 0.048828
0 0.483385 0.426211 0.048828 0.048828
0 0.484839 0.385506 0.048828 0.048828
0 0.431050 0.382599 0.048828 0.048828
0 0.397613 0.369515 0.048828 0.048828
0 0.394706 0.408766 0.048828 0.048828
0 0.390345 0.485815 0.048828 0.048828
0 0.415058 0.530882 0.048828 0.048828
0 0.445587 0.501807 0.048828 0.048828
0 0.461579 0.558503 0.048828 0.048828
0 0.479024 0.618107 0.048828 0.048828
0 0.431050 0.597755 0.048828 0.048828
0 0.465940 0.664627 0.048828 0.048828
0 0.511006 0.680619 0.048828 0.048828
0 0.506645 0.762029 0.048828 0.048828
0 0.465940 0.719870 0.048828 0.048828
0 0.495015 0.811457 0.048828 0.048828
0 0.528451 0.857977 0.048828 0.048828
0 0.465940 0.887052 0.048828 0.048828
0 0.444134 0.853616 0.048828 0.048828
0 0.381622 0.802734 0.048828 0.048828
0 0.419420 0.748945 0.048828 0.048828
0 0.394706 0.686434 0.048828 0.048828
0 0.377261 0.637006 0.048828 0.048828
0 0.388891 0.584671 0.048828 0.048828
0 0.361269 0.536697 0.048828 0.048828
0 0.308934 0.536697 0.048828 0.048828
0 0.319111 0.487269 0.048828 0.048828
0 0.340917 0.433480 0.048828 0.048828
0 0.324926 0.389867 0.048828 0.048828
0 0.303119 0.433480 0.048828 0.048828
0 0.262414 0.480000 0.048828 0.048828
0 0.258053 0.400044 0.048828 0.048828
0 0.234793 0.427665 0.048828 0.048828
0 0.199903 0.456740 0.048828 0.048828
0 0.178096 0.495992 0.048828 0.048828
0 0.195541 0.542512 0.048828 0.048828
0 0.255145 0.557049 0.048828 0.048828
0 0.279859 0.603570 0.048828 0.048828
0 0.333648 0.593393 0.048828 0.048828
0 0.322018 0.637006 0.048828 0.048828
0 0.300212 0.651544 0.048828 0.048828
0 0.349639 0.686434 0.048828 0.048828
0 0.301665 0.693702 0.048828 0.048828
0 0.362723 0.750399 0.048828 0.048828
0 0.323472 0.769298 0.048828 0.048828
0 0.320564 0.834717 0.048828 0.048828
0 0.269683 0.823087 0.048828 0.048828
0 0.288582 0.888506 0.048828 0.048828
0 0.367085 0.887052 0.048828 0.048828
0 0.227524 0.900136 0.048828 0.048828
0 0.202810 0.869607 0.048828 0.048828
0 0.188272 0.799827 0.048828 0.048828
0 0.218801 0.769298 0.048828 0.048828
0 0.258053 0.730046 0.048828 0.048828
0 0.217348 0.703879 0.048828 0.048828
0 0.249330 0.666081 0.048828 0.048828
0 0.210079 0.626830 0.048828 0.048828
0 0.154836 0.548327 0.048828 0.048828
0 0.150475 0.603570 0.048828 0.048828
0 0.154836 0.677711 0.048828 0.048828
0 0.163559 0.751853 0.048828 0.048828
0 0.137391 0.820179 0.048828 0.048828
0 0.108316 0.762029 0.048828 0.048828
0 0.112677 0.721324 0.048828 0.048828
0 0.115585 0.652997 0.048828 0.048828
0 0.093778 0.618107 0.048828 0.048828
0 0.138845 0.878330 0.048828 0.048828
0 0.115585 0.903043 0.048828 0.048828
0 0.034174 0.895775 0.048828 0.048828
0 0.013822 0.860884 0.048828 0.048828
0 0.074879 0.840532 0.048828 0.048828
0 0.071972 0.757668 0.048828 0.048828
0 0.009460 0.794012 0.048828 0.048828
0 0.008007 0.702425 0.048828 0.048828
0 0.073426 0.698064 0.048828 0.048828
0 0.051619 0.645729 0.048828 0.048828
0 0.016729 0.660266 0.048828 0.048828
0 0.007094 0.610946 0.048828 0.048828
0 0.079181 0.562888 0.048828 0.048828
0 0.017907 0.549672 0.048828 0.048828
0 0.019215 0.381555 0.048828 0.048828
0 0.001480 0.193119 0.048828 0.048828
0 0.041384 0.225264 0.048828 0.048828
0 0.192133 0.013551 0.048828 0.048828
0 0.184374 0.070082 0.048828 0.048828
0 0.141144 0.039045 0.048828 0.048828
0 0.132277 0.142131 0.048828 0.048828
0 0.175506 0.153215 0.048828 0.048828
0 0.188807 0.206421 0.048828 0.048828
0 0.188807 0.248542 0.048828 0.048828
0 0.136710 0.260734 0.048828 0.048828
0 0.138927 0.185360 0.048828 0.048828
0 0.096806 0.215288 0.048828 0.048828
0 0.101240 0.167625 0.048828 0.048828
0 0.050252 0.158757 0.048828 0.048828
0 0.092372 0.289554 0.048828 0.048828
0 0.046926 0.290662 0.048828 0.048828
0 0.023649 0.116636 0.048828 0.048828
0 0.052468 0.094468 0.048828 0.048828
0 0.085722 0.084492 0.048828 0.048828
0 0.084613 0.009117 0.048828 0.048828
0 0.030300 0.017985 0.048828 0.048828
0 0.018107 0.489074 0.048828 0.048828
0 0.070204 0.504593 0.048828 0.048828
0 0.105674 0.497942 0.048828 0.048828
0 0.035842 0.442520 0.048828 0.048828
0 0.087939 0.413700 0.048828 0.048828
0 0.116758 0.460255 0.048828 0.048828
0 0.148903 0.403724 0.048828 0.048828
0 0.188807 0.384880 0.048828 0.048828
0 0.975804 0.443628 0.048828 0.048828
0 0.922599 0.432544 0.048828 0.048828
0 0.979129 0.379338 0.048828 0.048828
0 0.857200 0.408158 0.048828 0.048828
0 0.816188 0.344976 0.048828 0.048828
0 0.874935 0.321699 0.048828 0.048828
0 0.930358 0.341651 0.048828 0.048828
0 0.975804 0.323916 0.048828 0.048828
0 0.992431 0.218614 0.048828 0.048828
0 0.955852 0.269602 0.048828 0.048828
0 0.935900 0.193119 0.048828 0.048828
0 0.910406 0.220830 0.048828 0.048828
0 0.892670 0.266277 0.048828 0.048828
0 0.852766 0.245216 0.048828 0.048828
0 0.812862 0.279578 0.048828 0.048828
0 0.788477 0.400399 0.048828 0.048828
0 0.703126 0.390423 0.048828 0.048828
0 0.744139 0.380447 0.048828 0.048828
0 0.743030 0.341651 0.048828 0.048828
0 0.725295 0.288446 0.048828 0.048828
0 0.756332 0.267385 0.048828 0.048828
0 0.788477 0.229698 0.048828 0.048828
0 0.839465 0.192011 0.048828 0.048828
0 0.867176 0.172059 0.048828 0.048828
0 0.654355 0.387097 0.048828 0.048828
0 0.638836 0.342759 0.048828 0.048828
0 0.672090 0.305072 0.048828 0.048828
0 0.574546 0.357169 0.048828 0.048828
0 0.588956 0.284012 0.048828 0.048828
0 0.509148 0.341651 0.048828 0.048828
0 0.533534 0.277361 0.048828 0.048828
0 0.479220 0.292879 0.048828 0.048828
0 0.429340 0.340543 0.048828 0.048828
0 0.413822 0.284012 0.048828 0.048828
0 0.371701 0.320591 0.048828 0.048828
0 0.330688 0.342759 0.048828 0.048828
0 0.276375 0.337217 0.048828 0.048828
0 0.223169 0.342759 0.048828 0.048828
0 0.111216 0.359386 0.048828 0.048828
0 0.217627 0.298422 0.048828 0.048828
0 0.271941 0.287337 0.048828 0.048828
0 0.266399 0.219722 0.048828 0.048828
0 0.227603 0.238566 0.048828 0.048828
0 0.219844 0.195336 0.048828 0.048828
0 0.208759 0.132155 0.048828 0.048828
0 0.265290 0.150998 0.048828 0.048828
0 0.319604 0.185360 0.048828 0.048828
0 0.320712 0.244108 0.048828 0.048828
0 0.373918 0.239674 0.048828 0.048828
0 0.403846 0.178709 0.048828 0.048828
0 0.451509 0.241891 0.048828 0.048828
0 0.467027 0.199770 0.048828 0.048828
0 0.503606 0.231915 0.048828 0.048828
0 0.478112 0.144348 0.048828 0.048828
0 0.556811 0.172059 0.048828 0.048828
0 0.592282 0.182035 0.048828 0.048828
0 0.586739 0.224156 0.048828 0.048828
0 0.638836 0.186469 0.048828 0.048828
0 0.654355 0.236349 0.048828 0.048828
0 0.733054 0.221939 0.048828 0.048828
0 0.708668 0.180926 0.048828 0.048828
0 0.765199 0.176493 0.048828 0.048828
0 0.796236 0.145456 0.048828 0.048828
0 0.866068 0.113311 0.048828 0.048828
0 0.825055 0.082275 0.048828 0.048828
0 0.772958 0.040154 0.048828 0.048828
0 0.765199 0.082275 0.048828 0.048828
0 0.696476 0.070082 0.048828 0.048828
0 0.717536 0.111094 0.048828 0.048828
0 0.652138 0.113311 0.048828 0.048828
0 0.606691 0.122179 0.048828 0.048828
0 0.512474 0.080058 0.048828 0.048828
0 0.575655 0.058997 0.048828 0.048828
0 0.460377 0.095576 0.048828 0.048828
0 0.428232 0.065648 0.048828 0.048828
0 0.372809 0.094468 0.048828 0.048828
0 0.358400 0.044587 0.048828 0.048828
0 0.328471 0.114420 0.048828 0.048828
0 0.291893 0.061214 0.048828 0.048828
0 0.316279 0.019093 0.048828 0.048828
0 0.247555 0.025744 0.048828 0.048828
0 0.243121 0.087817 0.048828 0.048828
0 0.550161 0.026852 0.048828 0.048828
0 0.597824 0.014659 0.048828 0.048828
0 0.623318 0.070082 0.048828 0.048828
0 0.486979 0.024635 0.048828 0.048828
0 0.417147 0.024635 0.048828 0.048828
0 0.655463 0.024635 0.048828 0.048828
0 0.714211 0.011334 0.048828 0.048828
0 0.971370 0.152107 0.048828 0.048828
0 0.981346 0.076732 0.048828 0.048828
0 0.933683 0.096684 0.048828 0.048828
0 0.909297 0.049021 0.048828 0.048828
0 0.971370 0.001358 0.048828 0.048828