0 0.373375 0.985468 0.048828 0.048828
0 0.354483 0.932571 0.048828 0.048828
0 0.431939 0.969410 0.048828 0.048828
0 0.496171 0.955241 0.048828 0.048828
0 0.537733 0.945796 0.048828 0.048828
0 0.573628 0.954297 0.048828 0.048828
0 0.585907 0.988302 0.048828 0.048828
0 0.624635 0.960909 0.048828 0.048828
0 0.688867 0.969410 0.048828 0.048828
0 0.742709 0.985468 0.048828 0.048828
0 0.788049 0.985468 0.048828 0.048828
0 0.976967 0.958075 0.048828 0.048828
0 0.905178 0.952408 0.048828 0.048828
0 0.979801 0.908957 0.048828 0.048828
0 0.923125 0.909901 0.048828 0.048828
0 0.878730 0.952408 0.048828 0.048828
0 0.828667 0.934460 0.048828 0.048828
0 0.798440 0.892899 0.048828 0.048828
0 0.843780 0.876841 0.048828 0.048828
0 0.925015 0.876841 0.048828 0.048828
0 0.959964 0.470667 0.048828 0.048828
0 0.336536 0.904234 0.048828 0.048828
0 0.379042 0.883453 0.048828 0.048828
0 0.362984 0.855115 0.048828 0.048828
0 0.404546 0.866450 0.048828 0.048828
0 0.416826 0.915569 0.048828 0.048828
0 0.420604 0.833389 0.048828 0.048828
0 0.396045 0.804107 0.048828 0.048828
0 0.433828 0.771047 0.048828 0.048828
0 0.442330 0.727596 0.048828 0.048828
0 0.504673 0.685089 0.048828 0.048828
0 0.600076 0.640693 0.048828 0.048828
0 0.659585 0.616134 0.048828 0.048828
0 0.705870 0.599131 0.048828 0.048828
0 0.756878 0.596298 0.048828 0.048828
0 0.775770 0.565126 0.048828 0.048828
0 0.815442 0.520731 0.048828 0.048828
0 0.816387 0.482947 0.048828 0.048828
0 0.862672 0.508451 0.048828 0.048828
0 0.864561 0.470667 0.048828 0.048828
0 0.908012 0.478224 0.048828 0.048828
0 0.478224 0.905178 0.048828 0.048828
0 0.526398 0.906123 0.048828 0.048828
0 0.576461 0.898566 0.048828 0.048828
0 0.623691 0.891009 0.048828 0.048828
0 0.663363 0.922181 0.048828 0.048828
0 0.718150 0.916513 0.048828 0.048828
0 0.748376 0.872118 0.048828 0.048828
0 0.698313 0.856060 0.048828 0.048828
0 0.623691 0.842835 0.048828 0.048828
0 0.564182 0.825833 0.048828 0.048828
0 0.531121 0.794661 0.048828 0.048828
0 0.485781 0.770102 0.048828 0.048828
0 0.486725 0.730429 0.048828 0.048828
0 0.515063 0.864561 0.048828 0.048828
0 0.478224 0.848503 0.048828 0.048828
0 0.420604 0.876841 0.048828 0.048828
0 0.586852 0.780493 0.048828 0.048828
0 0.640693 0.791828 0.048828 0.048828
0 0.601965 0.760656 0.048828 0.048828
0 0.577406 0.748376 0.048828 0.048828
0 0.599131 0.717205 0.048828 0.048828
0 0.543401 0.699258 0.048828 0.048828
0 0.579295 0.686978 0.048828 0.048828
0 0.663363 0.665253 0.048828 0.048828
0 0.656751 0.724762 0.048828 0.048828
0 0.700202 0.727596 0.048828 0.048828
0 0.698313 0.775770 0.048828 0.048828
0 0.701147 0.817331 0.048828 0.048828
0 0.761601 0.825833 0.048828 0.048828
0 0.773880 0.778603 0.048828 0.048828
0 0.798440 0.747432 0.048828 0.048828
0 0.760656 0.740820 0.048828 0.048828
0 0.776714 0.697369 0.048828 0.048828
0 0.736097 0.682255 0.048828 0.048828
0 0.714371 0.643527 0.048828 0.048828
0 0.755933 0.640693 0.048828 0.048828
0 0.804107 0.601965 0.048828 0.048828
0 0.807886 0.651084 0.048828 0.048828
0 0.840946 0.699258 0.048828 0.048828
0 0.845669 0.672809 0.048828 0.048828
0 0.852281 0.631247 0.048828 0.048828
0 0.852281 0.588741 0.048828 0.048828
0 0.845669 0.547179 0.048828 0.048828
0 0.917458 0.535844 0.048828 0.048828
0 0.898566 0.585907 0.048828 0.048828
0 0.986413 0.531121 0.048828 0.048828
0 0.986413 0.573628 0.048828 0.048828
0 0.950519 0.591575 0.048828 0.048828
0 0.924070 0.626525 0.048828 0.048828
0 0.905178 0.670920 0.048828 0.048828
0 0.969410 0.653918 0.048828 0.048828
0 0.957131 0.816387 0.048828 0.048828
0 0.911790 0.828667 0.048828 0.048828
0 0.872118 0.819221 0.048828 0.048828
0 0.803163 0.825833 0.048828 0.048828
0 0.843780 0.776714 0.048828 0.048828
0 0.891954 0.737041 0.048828 0.048828
0 0.929738 0.713427 0.048828 0.048828
0 0.984524 0.681311 0.048828 0.048828
0 0.994914 0.758767 0.048828 0.048828