0 0.988077 0.142600 0.048828 0.048828
0 0.954641 0.020485 0.048828 0.048828
0 0.963363 0.094626 0.048828 0.048828
0 0.937196 0.162953 0.048828 0.048828
0 0.908121 0.104802 0.048828 0.048828
0 0.912482 0.064097 0.048828 0.048828
0 0.938649 0.221103 0.048828 0.048828
0 0.915389 0.245817 0.048828 0.048828
0 0.833979 0.238548 0.048828 0.048828
0 0.780190 0.225464 0.048828 0.048828
0 0.813626 0.203658 0.048828 0.048828
0 0.874684 0.183305 0.048828 0.048828
0 0.871777 0.100441 0.048828 0.048828
0 0.809265 0.136785 0.048828 0.048828
0 0.774375 0.180398 0.048828 0.048828
0 0.807811 0.045198 0.048828 0.048828
0 0.873230 0.040837 0.048828 0.048828
0 0.816534 0.003040 0.048828 0.048828
0 0.742020 0.244471 0.048828 0.048828
0 0.721595 0.196413 0.048828 0.048828
0 0.705976 0.243270 0.048828 0.048828
0 0.629083 0.234860 0.048828 0.048828
0 0.606256 0.160370 0.048828 0.048828
0 0.651911 0.149557 0.048828 0.048828
0 0.728804 0.129132 0.048828 0.048828
0 0.770855 0.091887 0.048828 0.048828
0 0.728804 0.064253 0.048828 0.048828
0 0.680746 0.011390 0.048828 0.048828
0 0.660321 0.083477 0.048828 0.048828
0 0.618270 0.091887 0.048828 0.048828
0 0.582227 0.133938 0.048828 0.048828
0 0.528161 0.186802 0.048828 0.048828
0 0.530564 0.234860 0.048828 0.048828
0 0.477701 0.234860 0.048828 0.048828
0 0.399606 0.250478 0.048828 0.048828
0 0.416426 0.209629 0.048828 0.048828
0 0.456074 0.179593 0.048828 0.048828
0 0.525759 0.125528 0.048828 0.048828
0 0.466887 0.112312 0.048828 0.048828
0 0.424837 0.109909 0.048828 0.048828
0 0.394800 0.160370 0.048828 0.048828
0 0.345541 0.117117 0.048828 0.048828
0 0.301087 0.157967 0.048828 0.048828
0 0.352750 0.203622 0.048828 0.048828
0 0.311900 0.212032 0.048828 0.048828
0 0.235007 0.226449 0.048828 0.048828
0 0.184546 0.226449 0.048828 0.048828
0 0.215784 0.166377 0.048828 0.048828
0 0.231403 0.108707 0.048828 0.048828
0 0.298684 0.113513 0.048828 0.048828
0 0.388793 0.072664 0.048828 0.048828
0 0.310699 0.069059 0.048828 0.048828
0 0.268648 0.061851 0.048828 0.048828
0 0.230201 0.046232 0.048828 0.048828
0 0.197762 0.023404 0.048828 0.048828
0 0.239813 0.007785 0.048828 0.048828
0 0.308296 0.023404 0.048828 0.048828
0 0.350347 0.028210 0.048828 0.048828
0 0.442858 0.054642 0.048828 0.048828
0 0.508938 0.046232 0.048828 0.048828
0 0.571414 0.052239 0.048828 0.048828
0 0.611062 0.033016 0.048828 0.048828
0 0.141294 0.221644 0.048828 0.048828
0 0.099243 0.245673 0.048828 0.048828
0 0.028358 0.249277 0.048828 0.048828
0 0.003127 0.191607 0.048828 0.048828
0 0.025955 0.139945 0.048828 0.048828
0 0.088430 0.169981 0.048828 0.048828
0 0.148503 0.148355 0.048828 0.048828
0 0.174935 0.096693 0.048828 0.048828
0 0.112459 0.082275 0.048828 0.048828
0 0.130481 0.010188 0.048828 0.048828
0 0.066804 0.041426 0.048828 0.048828
0 0.003127 0.025807 0.048828 0.048828
0 0.025955 0.076268 0.048828 0.048828