0 0.910950 0.991818 0.048828 0.048828
0 0.794765 0.984262 0.048828 0.048828
0 0.831604 0.977649 0.048828 0.048828
0 0.841050 0.937032 0.048828 0.048828
0 0.840105 0.900193 0.048828 0.048828
0 0.882612 0.915307 0.048828 0.048828
0 0.891113 0.948367 0.048828 0.048828
0 0.965736 0.963481 0.048828 0.048828
0 0.980849 0.929475 0.048828 0.048828
0 0.931731 0.925697 0.048828 0.048828
0 0.919451 0.868077 0.048828 0.048828
0 0.968569 0.835961 0.048828 0.048828
0 0.976126 0.875634 0.048828 0.048828
0 0.745646 0.989929 0.048828 0.048828
0 0.174170 0.972927 0.048828 0.048828
0 0.114661 0.979539 0.048828 0.048828
0 0.141110 0.961591 0.048828 0.048828
0 0.154334 0.931365 0.048828 0.048828
0 0.100492 0.929475 0.048828 0.048828
0 0.124107 0.897359 0.048828 0.048828
0 0.153389 0.852964 0.048828 0.048828
0 0.160001 0.809513 0.048828 0.048828
0 0.105215 0.809513 0.048828 0.048828
0 0.106160 0.860520 0.048828 0.048828
0 0.074044 0.892636 0.048828 0.048828
0 0.056097 0.814236 0.048828 0.048828
0 0.032482 0.849185 0.048828 0.048828
0 0.026814 0.937977 0.048828 0.048828
0 0.073099 0.971982 0.048828 0.048828
0 0.006033 0.995597 0.048828 0.048828
0 0.030593 0.788732 0.048828 0.048828