0 0.058531 0.965317 0.048828 0.048828
0 0.084655 0.947901 0.048828 0.048828
0 0.108290 0.941682 0.048828 0.048828
0 0.134413 0.929242 0.048828 0.048828
0 0.145609 0.940438 0.048828 0.048828
0 0.184172 0.924266 0.048828 0.048828
0 0.202831 0.921778 0.048828 0.048828
0 0.215271 0.931730 0.048828 0.048828
0 0.215271 0.950389 0.048828 0.048828
0 0.250102 0.923022 0.048828 0.048828
0 0.294885 0.918046 0.048828 0.048828
0 0.425501 0.908095 0.048828 0.048828
0 0.451624 0.881971 0.048828 0.048828
0 0.481479 0.876995 0.048828 0.048828
0 0.498895 0.875751 0.048828 0.048828
0 0.520042 0.870776 0.048828 0.048828
0 0.692954 0.848384 0.048828 0.048828
0 0.727785 0.835945 0.048828 0.048828
0 0.597168 0.884459 0.048828 0.048828
0 0.865865 0.633178 0.048828 0.048828
0 0.909403 0.619495 0.048828 0.048828