0 0.758422 0.781521 0.048828 0.048828
0 0.479756 0.805237 0.048828 0.048828
0 0.156623 0.805237 0.048828 0.048828
0 0.017106 0.798019 0.048828 0.048828
0 0.076615 0.787629 0.048828 0.048828
0 0.108731 0.785740 0.048828 0.048828
0 0.179576 0.790463 0.048828 0.048828
0 0.213581 0.823523 0.048828 0.048828
0 0.253254 0.786684 0.048828 0.048828
0 0.284425 0.811244 0.048828 0.048828
0 0.305206 0.773460 0.048828 0.048828
0 0.031275 0.752679 0.048828 0.048828
0 0.128568 0.744178 0.048828 0.048828
0 0.189966 0.742289 0.048828 0.048828
0 0.251364 0.712062 0.048828 0.048828
0 0.312763 0.716785 0.048828 0.048828
0 0.411945 0.795186 0.048828 0.048828
0 0.379829 0.764959 0.048828 0.048828
0 0.454451 0.749845 0.048828 0.048828
0 0.416667 0.730953 0.048828 0.048828
0 0.371327 0.697893 0.048828 0.048828
0 0.424224 0.679946 0.048828 0.048828
0 0.526240 0.796130 0.048828 0.048828
0 0.605585 0.798019 0.048828 0.048828
0 0.649981 0.799908 0.048828 0.048828
0 0.659427 0.764959 0.048828 0.048828
0 0.709490 0.767792 0.048828 0.048828
0 0.683042 0.710173 0.048828 0.048828
0 0.618809 0.698837 0.048828 0.048828
0 0.534741 0.747956 0.048828 0.048828
0 0.507348 0.694115 0.048828 0.048828
0 0.494124 0.661998 0.048828 0.048828
0 0.563079 0.669555 0.048828 0.048828
0 0.636757 0.658220 0.048828 0.048828
0 0.684931 0.664832 0.048828 0.048828
0 0.730271 0.669555 0.048828 0.048828
0 0.786002 0.673334 0.048828 0.048828
0 0.806783 0.696004 0.048828 0.048828
0 0.803004 0.752679 0.048828 0.048828
0 0.831342 0.759291 0.048828 0.048828
0 0.865347 0.724341 0.048828 0.048828
0 0.818118 0.795186 0.048828 0.048828
0 0.888962 0.764014 0.048828 0.048828
0 0.973030 0.737566 0.048828 0.048828
0 0.991922 0.687502 0.048828 0.048828
0 0.933358 0.679946 0.048828 0.048828
0 0.991922 0.650663 0.048828 0.048828
0 0.844566 0.646885 0.048828 0.048828
0 0.904075 0.627049 0.048828 0.048828
0 0.948471 0.622326 0.048828 0.048828
0 0.977753 0.567540 0.048828 0.048828
0 0.925801 0.580764 0.048828 0.048828
0 0.935247 0.542036 0.048828 0.048828
0 0.945637 0.472136 0.048828 0.048828
0 0.942803 0.387123 0.048828 0.048828
0 0.953194 0.326669 0.048828 0.048828
0 0.928635 0.283218 0.048828 0.048828
0 0.956028 0.279440 0.048828 0.048828
0 0.990978 0.239767 0.048828 0.048828
0 0.973975 0.085799 0.048828 0.048828
0 0.965474 0.014011 0.048828 0.048828
0 0.924856 0.149087 0.048828 0.048828
0 0.911632 0.211430 0.048828 0.048828
0 0.875738 0.151920 0.048828 0.048828
0 0.851178 0.177424 0.048828 0.048828
0 0.851178 0.231266 0.048828 0.048828
0 0.872904 0.275662 0.048828 0.048828
0 0.813395 0.276606 0.048828 0.048828
0 0.837954 0.356896 0.048828 0.048828
0 0.874793 0.386179 0.048828 0.048828
0 0.892740 0.432463 0.048828 0.048828
0 0.899352 0.489139 0.048828 0.048828
0 0.850234 0.455134 0.048828 0.048828
0 0.863458 0.507086 0.048828 0.048828
0 0.886128 0.541091 0.048828 0.048828
0 0.824730 0.542980 0.048828 0.048828
0 0.838899 0.601545 0.048828 0.048828
0 0.794503 0.611935 0.048828 0.048828
0 0.725548 0.617603 0.048828 0.048828
0 0.752941 0.580764 0.048828 0.048828
0 0.771833 0.515587 0.048828 0.048828
0 0.772777 0.457967 0.048828 0.048828
0 0.777500 0.412627 0.048828 0.048828
0 0.781279 0.357841 0.048828 0.048828
0 0.775611 0.299276 0.048828 0.048828
0 0.775611 0.253936 0.048828 0.048828
0 0.771833 0.194427 0.048828 0.048828
0 0.807727 0.142475 0.048828 0.048828
0 0.901242 0.071630 0.048828 0.048828
0 0.845511 0.088633 0.048828 0.048828
0 0.859680 0.056517 0.048828 0.048828
0 0.912577 0.023456 0.048828 0.048828
0 0.855901 0.006454 0.048828 0.048828
0 0.785057 0.028179 0.048828 0.048828
0 0.793558 0.087688 0.048828 0.048828
0 0.762387 0.120749 0.048828 0.048828
0 0.720825 0.096190 0.048828 0.048828
0 0.718936 0.153810 0.048828 0.048828
0 0.718936 0.219931 0.048828 0.048828
0 0.691543 0.281329 0.048828 0.048828
0 0.748218 0.321946 0.048828 0.048828
0 0.696266 0.326669 0.048828 0.048828
0 0.647147 0.312501 0.048828 0.048828
0 0.639590 0.253936 0.048828 0.048828
0 0.654704 0.204817 0.048828 0.048828
0 0.585749 0.208596 0.048828 0.048828
0 0.596139 0.262437 0.048828 0.048828
0 0.554577 0.309667 0.048828 0.048828
0 0.596139 0.336115 0.048828 0.048828
0 0.648092 0.371065 0.048828 0.048828
0 0.720825 0.388068 0.048828 0.048828
0 0.721770 0.448521 0.048828 0.048828
0 0.666039 0.416405 0.048828 0.048828
0 0.610308 0.433408 0.048828 0.048828
0 0.573469 0.392791 0.048828 0.048828
0 0.529074 0.348395 0.048828 0.048828
0 0.516794 0.401292 0.048828 0.048828
0 0.537575 0.436242 0.048828 0.048828
0 0.552688 0.484416 0.048828 0.048828
0 0.641480 0.494806 0.048828 0.048828
0 0.524351 0.528811 0.048828 0.048828
0 0.532852 0.572263 0.048828 0.048828
0 0.584804 0.605323 0.048828 0.048828
0 0.660371 0.610046 0.048828 0.048828
0 0.635812 0.549592 0.048828 0.048828
0 0.683042 0.574152 0.048828 0.048828
0 0.725548 0.551482 0.048828 0.048828
0 0.697210 0.509920 0.048828 0.048828
0 0.538519 0.627993 0.048828 0.048828
0 0.478066 0.590210 0.048828 0.048828
0 0.467675 0.538257 0.048828 0.048828
0 0.486567 0.494806 0.048828 0.048828
0 0.483733 0.421128 0.048828 0.048828
0 0.471454 0.347450 0.048828 0.048828
0 0.508293 0.303999 0.048828 0.048828
0 0.445950 0.318168 0.048828 0.048828
0 0.470509 0.264327 0.048828 0.048828
0 0.519628 0.261493 0.048828 0.048828
0 0.508293 0.206707 0.048828 0.048828
0 0.550799 0.186870 0.048828 0.048828
0 0.632034 0.161366 0.048828 0.048828
0 0.657538 0.130195 0.048828 0.048828
0 0.670762 0.094301 0.048828 0.048828
0 0.674540 0.050849 0.048828 0.048828
0 0.632978 0.040459 0.048828 0.048828
0 0.611253 0.090522 0.048828 0.048828
0 0.550799 0.096190 0.048828 0.048828
0 0.535686 0.055572 0.048828 0.048828
0 0.545132 0.006454 0.048828 0.048828
0 0.502625 0.047071 0.048828 0.048828
0 0.526240 0.141530 0.048828 0.048828
0 0.475232 0.123583 0.048828 0.048828
0 0.457285 0.188759 0.048828 0.048828
0 0.445005 0.110359 0.048828 0.048828
0 0.418557 0.168923 0.048828 0.048828
0 0.436504 0.228432 0.048828 0.048828
0 0.419501 0.300221 0.048828 0.048828
0 0.387385 0.365398 0.048828 0.048828
0 0.339211 0.356896 0.048828 0.048828
0 0.402499 0.423018 0.048828 0.048828
0 0.345823 0.419239 0.048828 0.048828
0 0.366604 0.467413 0.048828 0.048828
0 0.416667 0.473081 0.048828 0.048828
0 0.406277 0.509920 0.048828 0.048828
0 0.404388 0.553371 0.048828 0.048828
0 0.357158 0.656331 0.048828 0.048828
0 0.342990 0.519366 0.048828 0.048828
0 0.304261 0.457023 0.048828 0.048828
0 0.274035 0.424907 0.048828 0.048828
0 0.286314 0.515587 0.048828 0.048828
0 0.236251 0.525978 0.048828 0.048828
0 0.233417 0.483471 0.048828 0.048828
0 0.209803 0.443798 0.048828 0.048828
0 0.226805 0.387123 0.048828 0.048828
0 0.291982 0.372954 0.048828 0.048828
0 0.382662 0.299276 0.048828 0.048828
0 0.370383 0.251102 0.048828 0.048828
0 0.318430 0.223709 0.048828 0.048828
0 0.351491 0.176480 0.048828 0.048828
0 0.284425 0.167979 0.048828 0.048828
0 0.307095 0.133973 0.048828 0.048828
0 0.376050 0.127361 0.048828 0.048828
0 0.228694 0.122638 0.048828 0.048828
0 0.277813 0.092411 0.048828 0.048828
0 0.343934 0.098079 0.048828 0.048828
0 0.395887 0.053683 0.048828 0.048828
0 0.423280 0.004565 0.048828 0.048828
0 0.318430 0.030069 0.048828 0.048828
0 0.258921 0.039514 0.048828 0.048828
0 0.235306 0.002675 0.048828 0.048828
0 0.206969 0.032902 0.048828 0.048828
0 0.150293 0.036681 0.048828 0.048828
0 0.177686 0.099968 0.048828 0.048828
0 0.139903 0.158533 0.048828 0.048828
0 0.185243 0.211430 0.048828 0.048828
0 0.242863 0.208596 0.048828 0.048828
0 0.262699 0.255825 0.048828 0.048828
0 0.315596 0.294553 0.048828 0.048828
0 0.246641 0.323836 0.048828 0.048828
0 0.208858 0.338005 0.048828 0.048828
0 0.169185 0.302110 0.048828 0.048828
0 0.170130 0.251102 0.048828 0.048828
0 0.122900 0.265271 0.048828 0.048828
0 0.148404 0.352173 0.048828 0.048828
0 0.104009 0.327614 0.048828 0.048828
0 0.148404 0.425851 0.048828 0.048828
0 0.069059 0.381456 0.048828 0.048828
0 0.036943 0.414516 0.048828 0.048828
0 0.070948 0.433408 0.048828 0.048828
0 0.134235 0.462690 0.048828 0.048828
0 0.184299 0.514643 0.048828 0.048828
0 0.116288 0.508975 0.048828 0.048828
0 0.052056 0.474025 0.048828 0.048828
0 0.017106 0.508975 0.048828 0.048828
0 0.028441 0.581708 0.048828 0.048828
0 0.071893 0.527867 0.048828 0.048828
0 0.106842 0.605323 0.048828 0.048828
0 0.128568 0.563761 0.048828 0.048828
0 0.321264 0.564706 0.048828 0.048828
0 0.305206 0.603434 0.048828 0.048828
0 0.255143 0.581708 0.048828 0.048828
0 0.210747 0.591154 0.048828 0.048828
0 0.301428 0.666721 0.048828 0.048828
0 0.432725 0.624215 0.048828 0.048828
0 0.263644 0.636495 0.048828 0.048828
0 0.206969 0.679946 0.048828 0.048828
0 0.140848 0.702616 0.048828 0.048828
0 0.146515 0.643107 0.048828 0.048828
0 0.104009 0.656331 0.048828 0.048828
0 0.051112 0.648774 0.048828 0.048828
0 0.002938 0.652553 0.048828 0.048828
0 0.091729 0.725286 0.048828 0.048828
0 0.043555 0.705450 0.048828 0.048828
0 0.042610 0.339894 0.048828 0.048828
0 0.008605 0.291720 0.048828 0.048828
0 0.045444 0.271883 0.048828 0.048828
0 0.056779 0.229377 0.048828 0.048828
0 0.093618 0.204817 0.048828 0.048828
0 0.094563 0.141530 0.048828 0.048828
0 0.117233 0.089578 0.048828 0.048828
0 0.088895 0.011177 0.048828 0.048828
0 0.065280 0.074464 0.048828 0.048828
0 0.049222 0.106580 0.048828 0.048828
0 0.052056 0.160422 0.048828 0.048828
0 0.003882 0.175535 0.048828 0.048828
0 0.013328 0.204817 0.048828 0.048828
0 0.022774 0.021567 0.048828 0.048828
0 0.721770 0.007398 0.048828 0.048828