0 0.038104 0.249785 0.048828 0.048828
0 0.087578 0.273919 0.048828 0.048828
0 0.122572 0.255819 0.048828 0.048828
0 0.157567 0.282366 0.048828 0.048828
0 0.229968 0.247372 0.048828 0.048828
0 0.219108 0.278746 0.048828 0.048828
0 0.274616 0.290813 0.048828 0.048828
0 0.347017 0.272712 0.048828 0.048828
0 0.410972 0.272712 0.048828 0.048828
0 0.432692 0.242545 0.048828 0.048828
0 0.477340 0.257025 0.048828 0.048828
0 0.590769 0.254612 0.048828 0.048828
0 0.658344 0.246165 0.048828 0.048828
0 0.379598 0.312533 0.048828 0.048828
0 0.437519 0.302880 0.048828 0.048828
0 0.494234 0.300466 0.048828 0.048828
0 0.333744 0.336667 0.048828 0.048828
0 0.392872 0.365628 0.048828 0.048828
0 0.450793 0.341494 0.048828 0.048828
0 0.587149 0.312533 0.048828 0.048828
0 0.526814 0.352354 0.048828 0.048828
0 0.608869 0.357181 0.048828 0.048828
0 0.652310 0.329427 0.048828 0.048828
0 0.676444 0.319773 0.048828 0.048828
0 0.705405 0.341494 0.048828 0.048828
0 0.721092 0.272712 0.048828 0.048828
0 0.758499 0.264266 0.048828 0.048828
0 0.818834 0.244959 0.048828 0.048828
0 0.857448 0.246165 0.048828 0.048828
0 0.940710 0.243752 0.048828 0.048828
0 0.918989 0.275126 0.048828 0.048828
0 0.958810 0.296846 0.048828 0.048828
0 0.946743 0.347527 0.048828 0.048828
0 0.902096 0.330634 0.048828 0.048828
0 0.850208 0.298053 0.048828 0.048828
0 0.822454 0.345114 0.048828 0.048828
0 0.775393 0.340287 0.048828 0.048828
0 0.768153 0.298053 0.048828 0.048828
0 0.836934 0.377695 0.048828 0.048828
0 0.880375 0.398208 0.048828 0.048828
0 0.905716 0.377695 0.048828 0.048828
0 0.995011 0.313740 0.048828 0.048828
0 0.990184 0.247372 0.048828 0.048828
0 0.394078 0.419929 0.048828 0.048828
0 0.445966 0.389762 0.048828 0.048828
0 0.494234 0.406655 0.048828 0.048828
0 0.550948 0.393382 0.048828 0.048828
0 0.646277 0.401828 0.048828 0.048828
0 0.722298 0.386141 0.048828 0.048828
0 0.754879 0.404242 0.048828 0.048828
0 0.641450 0.433202 0.048828 0.048828
0 0.710232 0.446476 0.048828 0.048828
0 0.756086 0.453716 0.048828 0.048828
0 0.814007 0.459750 0.048828 0.048828
0 0.909336 0.452510 0.048828 0.048828
0 0.966050 0.452510 0.048828 0.048828
0 0.978117 0.410275 0.048828 0.048828
0 0.963416 0.484115 0.048828 0.048828
0 0.915628 0.496581 0.048828 0.048828
0 0.906278 0.542291 0.048828 0.048828
0 0.866801 0.523592 0.048828 0.048828
0 0.852256 0.475804 0.048828 0.048828
0 0.822129 0.505931 0.048828 0.048828
0 0.957183 0.525669 0.048828 0.048828
0 0.959260 0.570341 0.048828 0.048828
0 0.985232 0.629557 0.048828 0.048828
0 0.973805 0.684617 0.048828 0.048828
0 0.912511 0.736561 0.048828 0.048828
0 0.883423 0.707472 0.048828 0.048828
0 0.852256 0.672150 0.048828 0.048828
0 0.914589 0.673189 0.048828 0.048828
0 0.892772 0.637868 0.048828 0.048828
0 0.936405 0.617090 0.048828 0.048828
0 0.908356 0.589041 0.048828 0.048828
0 0.853295 0.610857 0.048828 0.048828
0 0.826285 0.639945 0.048828 0.048828
0 0.806546 0.688772 0.048828 0.048828
0 0.831479 0.744871 0.048828 0.048828
0 0.843945 0.804087 0.048828 0.048828
0 0.885500 0.782271 0.048828 0.048828
0 0.902122 0.820709 0.048828 0.048828
0 0.860567 0.852914 0.048828 0.048828
0 0.946794 0.773960 0.048828 0.048828
0 0.985232 0.789543 0.048828 0.048828
0 0.990426 0.842525 0.048828 0.048828
0 0.977960 0.889275 0.048828 0.048828
0 0.957183 0.952646 0.048828 0.048828
0 0.913550 0.984851 0.048828 0.048828
0 0.057519 0.968229 0.048828 0.048828
0 0.137512 0.974462 0.048828 0.048828
0 0.219583 0.969268 0.048828 0.048828
0 0.176989 0.922519 0.048828 0.048828
0 0.271527 0.968229 0.048828 0.048828
0 0.879267 0.946413 0.048828 0.048828
0 0.917705 0.923558 0.048828 0.048828
0 0.940561 0.887197 0.048828 0.048828
0 0.943677 0.837331 0.048828 0.048828
0 0.894850 0.869536 0.048828 0.048828
0 0.839790 0.907974 0.048828 0.048828
0 0.799274 0.952646 0.048828 0.048828
0 0.758758 0.926674 0.048828 0.048828
0 0.727592 0.955763 0.048828 0.048828
0 0.678765 0.952646 0.048828 0.048828
0 0.713048 0.888236 0.048828 0.048828
0 0.758758 0.884080 0.048828 0.048828
0 0.795118 0.870575 0.048828 0.048828
0 0.799274 0.839409 0.048828 0.048828
0 0.794080 0.789543 0.048828 0.048828
0 0.761875 0.819670 0.048828 0.048828
0 0.730708 0.836292 0.048828 0.048828
0 0.718242 0.790582 0.048828 0.048828
0 0.753564 0.756299 0.048828 0.048828
0 0.761875 0.699161 0.048828 0.048828
0 0.718242 0.677345 0.048828 0.048828
0 0.768108 0.639945 0.048828 0.048828
0 0.706814 0.631634 0.048828 0.048828
0 0.716164 0.578652 0.048828 0.048828
0 0.672532 0.582807 0.048828 0.048828
0 0.693309 0.531903 0.048828 0.048828
0 0.732786 0.519436 0.048828 0.048828
0 0.754602 0.556836 0.048828 0.048828
0 0.789924 0.597352 0.048828 0.048828
0 0.834596 0.565147 0.048828 0.048828
0 0.702659 0.486192 0.048828 0.048828
0 0.661104 0.493464 0.048828 0.048828
0 0.643443 0.538136 0.048828 0.048828
0 0.591499 0.566185 0.048828 0.048828
0 0.575916 0.603585 0.048828 0.048828
0 0.644482 0.621246 0.048828 0.048828
0 0.696426 0.708511 0.048828 0.048828
0 0.656948 0.725133 0.048828 0.048828
0 0.673570 0.780193 0.048828 0.048828
0 0.637210 0.811359 0.048828 0.048828
0 0.595655 0.824865 0.048828 0.048828
0 0.665259 0.836292 0.048828 0.048828
0 0.664221 0.887197 0.048828 0.048828
0 0.622666 0.895508 0.048828 0.048828
0 0.623705 0.952646 0.048828 0.048828
0 0.641365 0.999395 0.048828 0.048828
0 0.583189 0.982773 0.048828 0.048828
0 0.569683 0.940179 0.048828 0.048828
0 0.514623 0.976540 0.048828 0.048828
0 0.472029 0.953685 0.048828 0.048828
0 0.520856 0.923558 0.048828 0.048828
0 0.392036 0.963035 0.048828 0.048828
0 0.325548 0.937063 0.048828 0.048828
0 0.339053 0.986929 0.048828 0.048828
0 0.239322 0.919402 0.048828 0.048828
0 0.181145 0.869536 0.048828 0.048828
0 0.225816 0.849798 0.048828 0.048828
0 0.089724 0.911091 0.048828 0.048828
0 0.130240 0.869536 0.048828 0.048828
0 0.143745 0.825904 0.048828 0.048828
0 0.179067 0.819670 0.048828 0.048828
0 0.126085 0.783310 0.048828 0.048828
0 0.179067 0.776038 0.048828 0.048828
0 0.130240 0.731366 0.048828 0.048828
0 0.168678 0.723055 0.048828 0.048828
0 0.205039 0.693967 0.048828 0.048828
0 0.196728 0.644101 0.048828 0.048828
0 0.242438 0.661762 0.048828 0.048828
0 0.250749 0.622285 0.048828 0.048828
0 0.252827 0.580730 0.048828 0.048828
0 0.212311 0.590080 0.048828 0.048828
0 0.307887 0.607740 0.048828 0.048828
0 0.283993 0.664878 0.048828 0.048828
0 0.264255 0.759416 0.048828 0.048828
0 0.282954 0.715783 0.048828 0.048828
0 0.303732 0.760455 0.048828 0.048828
0 0.289188 0.794737 0.048828 0.048828
0 0.277760 0.826942 0.048828 0.048828
0 0.277760 0.890314 0.048828 0.048828
0 0.343209 0.887197 0.048828 0.048828
0 0.373336 0.905897 0.048828 0.048828
0 0.330743 0.845642 0.048828 0.048828
0 0.354637 0.804087 0.048828 0.048828
0 0.380608 0.856031 0.048828 0.048828
0 0.422163 0.846681 0.048828 0.048828
0 0.419047 0.808243 0.048828 0.048828
0 0.440863 0.914208 0.048828 0.048828
0 0.487612 0.894469 0.048828 0.048828
0 0.558256 0.865381 0.048828 0.048828
0 0.571761 0.788504 0.048828 0.048828
0 0.617471 0.753182 0.048828 0.048828
0 0.562411 0.724094 0.048828 0.048828
0 0.613316 0.701239 0.048828 0.048828
0 0.549945 0.639945 0.048828 0.048828
0 0.516701 0.601507 0.048828 0.048828
0 0.516701 0.558913 0.048828 0.048828
0 0.550983 0.528786 0.048828 0.048828
0 0.548906 0.478920 0.048828 0.048828
0 0.572800 0.435288 0.048828 0.048828
0 0.491768 0.509047 0.048828 0.048828
0 0.463718 0.549563 0.048828 0.048828
0 0.453329 0.607740 0.048828 0.048828
0 0.403464 0.583846 0.048828 0.048828
0 0.411775 0.642023 0.048828 0.048828
0 0.460602 0.660723 0.048828 0.048828
0 0.499040 0.695006 0.048828 0.048828
0 0.457485 0.700200 0.048828 0.048828
0 0.414891 0.731366 0.048828 0.048828
0 0.407619 0.679423 0.048828 0.048828
0 0.389958 0.768766 0.048828 0.048828
0 0.438785 0.773960 0.048828 0.048828
0 0.485535 0.773960 0.048828 0.048828
0 0.521895 0.799932 0.048828 0.048828
0 0.462679 0.800971 0.048828 0.048828
0 0.488651 0.842525 0.048828 0.048828
0 0.041936 0.310623 0.048828 0.048828
0 0.087646 0.324128 0.048828 0.048828
0 0.136473 0.350100 0.048828 0.048828
0 0.187378 0.328284 0.048828 0.048828
0 0.240361 0.333478 0.048828 0.048828
0 0.288149 0.372955 0.048828 0.048828
0 0.332820 0.410355 0.048828 0.048828
0 0.275682 0.424899 0.048828 0.048828
0 0.470990 0.440482 0.048828 0.048828
0 0.425280 0.462298 0.048828 0.048828
0 0.466835 0.483076 0.048828 0.048828
0 0.425280 0.504892 0.048828 0.048828
0 0.389958 0.540214 0.048828 0.048828
0 0.363986 0.505931 0.048828 0.048828
0 0.320354 0.526708 0.048828 0.048828
0 0.330743 0.579691 0.048828 0.048828
0 0.361909 0.592157 0.048828 0.048828
0 0.365025 0.628518 0.048828 0.048828
0 0.353598 0.670073 0.048828 0.048828
0 0.353598 0.719939 0.048828 0.048828
0 0.220622 0.795776 0.048828 0.048828
0 0.317237 0.492426 0.048828 0.048828
0 0.298537 0.460220 0.048828 0.048828
0 0.356714 0.446715 0.048828 0.048828
0 0.238283 0.464376 0.048828 0.048828
0 0.205039 0.498659 0.048828 0.048828
0 0.224778 0.536058 0.048828 0.048828
0 0.172834 0.571380 0.048828 0.048828
0 0.147901 0.547486 0.048828 0.048828
0 0.120890 0.501775 0.048828 0.048828
0 0.156212 0.474765 0.048828 0.048828
0 0.181145 0.421782 0.048828 0.048828
0 0.211272 0.372955 0.048828 0.048828
0 0.144784 0.422821 0.048828 0.048828
0 0.096996 0.401005 0.048828 0.048828
0 0.111540 0.446715 0.048828 0.048828
0 0.060636 0.373994 0.048828 0.048828
0 0.003498 0.360489 0.048828 0.048828
0 0.025314 0.404121 0.048828 0.048828
0 0.046091 0.448793 0.048828 0.048828
0 0.059597 0.490348 0.048828 0.048828
0 0.019081 0.487231 0.048828 0.048828
0 0.078297 0.544369 0.048828 0.048828
0 0.128162 0.604624 0.048828 0.048828
0 0.132318 0.649295 0.048828 0.048828
0 0.110502 0.677345 0.048828 0.048828
0 0.087646 0.718900 0.048828 0.048828
0 0.081413 0.792660 0.048828 0.048828
0 0.035703 0.817593 0.048828 0.048828
0 0.069986 0.848759 0.048828 0.048828
0 0.040897 0.873692 0.048828 0.048828
0 0.011809 0.934985 0.048828 0.048828
0 0.002459 0.695006 0.048828 0.048828
0 0.030508 0.742794 0.048828 0.048828
0 0.045053 0.678384 0.048828 0.048828
0 0.003498 0.576574 0.048828 0.048828
0 0.035703 0.557874 0.048828 0.048828
0 0.032586 0.633712 0.048828 0.048828
0 0.040897 0.602546 0.048828 0.048828
0 0.079335 0.603585 0.048828 0.048828
0 0.003498 0.529825 0.048828 0.048828