0 0.177162 0.958075 0.048828 0.048828
0 0.105374 0.952408 0.048828 0.048828
0 0.937556 0.970355 0.048828 0.048828
0 0.948891 0.928793 0.048828 0.048828
0 0.967783 0.881564 0.048828 0.048828
0 0.915831 0.895732 0.048828 0.048828
0 0.854433 0.851337 0.048828 0.048828
0 0.823261 0.896677 0.048828 0.048828
0 0.806258 0.846614 0.048828 0.048828
0 0.791145 0.910846 0.048828 0.048828
0 0.837430 0.938239 0.048828 0.048828
0 0.786422 0.997748 0.048828 0.048828
0 0.745805 0.965632 0.048828 0.048828
0 0.734470 0.876841 0.048828 0.048828
0 0.710855 0.918402 0.048828 0.048828
0 0.693852 0.951463 0.048828 0.048828
0 0.658903 0.981690 0.048828 0.048828
0 0.660792 0.901400 0.048828 0.048828
0 0.697631 0.843780 0.048828 0.048828
0 0.231948 0.978856 0.048828 0.048828
0 0.264064 0.975078 0.048828 0.048828
0 0.376471 0.993970 0.048828 0.048828
0 0.341521 0.944851 0.048828 0.048828
0 0.303737 0.936350 0.048828 0.048828
0 0.399141 0.929738 0.048828 0.048828
0 0.433146 0.926904 0.048828 0.048828
0 0.431257 0.981690 0.048828 0.048828
0 0.471874 0.965632 0.048828 0.048828
0 0.622064 0.980745 0.048828 0.048828
0 0.611673 0.943906 0.048828 0.048828
0 0.585225 0.973189 0.048828 0.048828
0 0.523826 0.964687 0.048828 0.048828
0 0.520993 0.925959 0.048828 0.048828
0 0.566333 0.921236 0.048828 0.048828
0 0.595615 0.901400 0.048828 0.048828
0 0.630565 0.874951 0.048828 0.048828
0 0.614507 0.840002 0.048828 0.048828
0 0.559721 0.862672 0.048828 0.048828
0 0.452038 0.865506 0.048828 0.048828
0 0.401974 0.862672 0.048828 0.048828
0 0.374581 0.897622 0.048828 0.048828
0 0.317906 0.901400 0.048828 0.048828
0 0.280122 0.901400 0.048828 0.048828
0 0.235727 0.920292 0.048828 0.048828
0 0.179996 0.908957 0.048828 0.048828
0 0.123321 0.909901 0.048828 0.048828
0 0.078925 0.952408 0.048828 0.048828
0 0.028862 0.934460 0.048828 0.048828
0 0.043975 0.876841 0.048828 0.048828
0 0.125210 0.876841 0.048828 0.048828
0 0.215890 0.856060 0.048828 0.048828
0 0.272566 0.858893 0.048828 0.048828
0 0.342465 0.858893 0.048828 0.048828
0 0.378360 0.846614 0.048828 0.048828
0 0.958337 0.834334 0.048828 0.048828
0 0.995176 0.829611 0.048828 0.048828
0 0.999899 0.764434 0.048828 0.048828
0 0.964949 0.796551 0.048828 0.048828
0 0.947947 0.761601 0.048828 0.048828
0 0.956448 0.709648 0.048828 0.048828
0 0.902607 0.727596 0.048828 0.048828
0 0.861989 0.768213 0.048828 0.048828
0 0.890327 0.815442 0.048828 0.048828
0 0.815704 0.798440 0.048828 0.048828
0 0.788311 0.752155 0.048828 0.048828
0 0.749583 0.822999 0.048828 0.048828
0 0.744860 0.757822 0.048828 0.048828
0 0.693852 0.783326 0.048828 0.048828
0 0.653235 0.803163 0.048828 0.048828
0 0.567278 0.822054 0.048828 0.048828
0 0.496433 0.776714 0.048828 0.048828
0 0.520048 0.820165 0.048828 0.048828
0 0.471874 0.830556 0.048828 0.048828
0 0.452038 0.792772 0.048828 0.048828
0 0.452038 0.737041 0.048828 0.048828
0 0.476597 0.688867 0.048828 0.048828
0 0.575779 0.737986 0.048828 0.048828
0 0.593726 0.788049 0.048828 0.048828
0 0.610729 0.713427 0.048828 0.048828
0 0.671182 0.748376 0.048828 0.048828
0 0.692908 0.695480 0.048828 0.048828
0 0.742026 0.678477 0.048828 0.048828
0 0.775087 0.706815 0.048828 0.048828
0 0.823261 0.709648 0.048828 0.048828
0 0.793979 0.652973 0.048828 0.048828
0 0.860100 0.687923 0.048828 0.048828
0 0.916775 0.675643 0.048828 0.048828
0 0.967783 0.656751 0.048828 0.048828
0 0.990453 0.080552 0.048828 0.048828
0 0.954559 0.131560 0.048828 0.048828
0 0.947002 0.182568 0.048828 0.048828
0 0.983841 0.184457 0.048828 0.048828
0 0.981952 0.226019 0.048828 0.048828
0 0.975340 0.282694 0.048828 0.048828
0 0.923388 0.278916 0.048828 0.048828
0 0.915831 0.229797 0.048828 0.048828
0 0.859155 0.217518 0.048828 0.048828
0 0.866712 0.287417 0.048828 0.048828
0 0.844042 0.307253 0.048828 0.048828
0 0.844987 0.349760 0.048828 0.048828
0 0.864823 0.386599 0.048828 0.048828
0 0.938501 0.378098 0.048828 0.048828
0 0.889382 0.321422 0.048828 0.048828
0 0.945113 0.329924 0.048828 0.048828
0 0.916775 0.610467 0.048828 0.048828
0 0.955504 0.583073 0.048828 0.048828
0 0.986675 0.546234 0.048828 0.048828
0 0.954559 0.515063 0.048828 0.048828
0 0.961171 0.449886 0.048828 0.048828
0 0.976284 0.405491 0.048828 0.048828
0 0.905440 0.423438 0.048828 0.048828
0 0.902607 0.465000 0.048828 0.048828
0 0.882770 0.543401 0.048828 0.048828
0 0.852543 0.521675 0.048828 0.048828
0 0.840264 0.473501 0.048828 0.048828
0 0.816649 0.421549 0.048828 0.048828
0 0.787367 0.463111 0.048828 0.048828
0 0.742971 0.472557 0.048828 0.048828
0 0.741082 0.520731 0.048828 0.048828
0 0.797757 0.538678 0.048828 0.048828
0 0.751472 0.570794 0.048828 0.048828
0 0.787367 0.574572 0.048828 0.048828
0 0.824206 0.583073 0.048828 0.048828
0 0.867657 0.617079 0.048828 0.048828
0 0.771309 0.625580 0.048828 0.048828
0 0.704243 0.627469 0.048828 0.048828
0 0.692908 0.547179 0.048828 0.048828
0 0.670238 0.652028 0.048828 0.048828
0 0.652291 0.542456 0.048828 0.048828
0 0.642845 0.567960 0.048828 0.048828
0 0.628676 0.624635 0.048828 0.048828
0 0.590892 0.603854 0.048828 0.048828
0 0.569167 0.658641 0.048828 0.048828
0 0.624897 0.669976 0.048828 0.048828
0 0.685351 0.429105 0.048828 0.048828
0 0.714633 0.424382 0.048828 0.048828
0 0.764697 0.404546 0.048828 0.048828
0 0.802480 0.373375 0.048828 0.048828
0 0.748639 0.359206 0.048828 0.048828
0 0.761863 0.322367 0.048828 0.048828
0 0.808148 0.308198 0.048828 0.048828
0 0.738248 0.295918 0.048828 0.048828
0 0.744860 0.259079 0.048828 0.048828
0 0.813815 0.260969 0.048828 0.048828
0 0.799646 0.196737 0.048828 0.048828
0 0.835541 0.151396 0.048828 0.048828
0 0.835541 0.118336 0.048828 0.048828
0 0.857266 0.084331 0.048828 0.048828
0 0.883715 0.080552 0.048828 0.048828
0 0.799646 0.094721 0.048828 0.048828
0 0.788311 0.139117 0.048828 0.048828
0 0.649457 0.500894 0.048828 0.048828
0 0.687240 0.331813 0.048828 0.048828
0 0.681573 0.239243 0.048828 0.048828
0 0.720301 0.222240 0.048828 0.048828
0 0.742026 0.139117 0.048828 0.048828
0 0.638122 0.236409 0.048828 0.048828
0 0.606006 0.223185 0.048828 0.048828
0 0.657958 0.276082 0.048828 0.048828
0 0.623008 0.282694 0.048828 0.048828
0 0.648512 0.311032 0.048828 0.048828
0 0.642845 0.344092 0.048828 0.048828
0 0.602227 0.336536 0.048828 0.048828
0 0.635288 0.404546 0.048828 0.048828
0 0.629620 0.440441 0.048828 0.048828
0 0.579557 0.469723 0.048828 0.048828
0 0.584280 0.538678 0.048828 0.048828
0 0.546497 0.567015 0.048828 0.048828
0 0.524771 0.603854 0.048828 0.048828
0 0.503990 0.647305 0.048828 0.048828
0 0.468096 0.632192 0.048828 0.048828
0 0.472819 0.596298 0.048828 0.048828
0 0.505879 0.555680 0.048828 0.048828
0 0.537051 0.512229 0.048828 0.048828
0 0.441647 0.550013 0.048828 0.048828
0 0.479431 0.516008 0.048828 0.048828
0 0.435035 0.516008 0.048828 0.048828
0 0.423700 0.469723 0.048828 0.048828
0 0.535161 0.471612 0.048828 0.048828
0 0.491710 0.450831 0.048828 0.048828
0 0.559721 0.427216 0.048828 0.048828
0 0.594671 0.404546 0.048828 0.048828
0 0.563499 0.378098 0.048828 0.048828
0 0.513436 0.389433 0.048828 0.048828
0 0.443536 0.418715 0.048828 0.048828
0 0.400085 0.415881 0.048828 0.048828
0 0.416143 0.380931 0.048828 0.048828
0 0.345299 0.382821 0.048828 0.048828
0 0.357579 0.362040 0.048828 0.048828
0 0.469040 0.358261 0.048828 0.048828
0 0.520993 0.349760 0.048828 0.048828
0 0.540829 0.324256 0.048828 0.048828
0 0.561610 0.277027 0.048828 0.048828
0 0.557832 0.230742 0.048828 0.048828
0 0.525716 0.242077 0.048828 0.048828
0 0.488877 0.240188 0.048828 0.048828
0 0.517214 0.299697 0.048828 0.048828
0 0.483209 0.282694 0.048828 0.048828
0 0.450148 0.318589 0.048828 0.048828
0 0.432201 0.283639 0.048828 0.048828
0 0.403864 0.309143 0.048828 0.048828
0 0.301848 0.411158 0.048828 0.048828
0 0.337742 0.462166 0.048828 0.048828
0 0.281067 0.454609 0.048828 0.048828
0 0.246117 0.430995 0.048828 0.048828
0 0.248951 0.469723 0.048828 0.048828
0 0.204555 0.444219 0.048828 0.048828
0 0.160160 0.470667 0.048828 0.048828
0 0.015638 0.520731 0.048828 0.048828
0 0.016582 0.482947 0.048828 0.048828
0 0.062867 0.508451 0.048828 0.048828
0 0.064756 0.470667 0.048828 0.048828
0 0.108207 0.478224 0.048828 0.048828
0 0.004303 0.601965 0.048828 0.048828
0 0.008081 0.651084 0.048828 0.048828
0 0.041142 0.699258 0.048828 0.048828
0 0.045864 0.672809 0.048828 0.048828
0 0.052477 0.631247 0.048828 0.048828
0 0.052477 0.588741 0.048828 0.048828
0 0.045864 0.547179 0.048828 0.048828
0 0.117653 0.535844 0.048828 0.048828
0 0.098761 0.585907 0.048828 0.048828
0 0.186608 0.531121 0.048828 0.048828
0 0.241394 0.520731 0.048828 0.048828
0 0.339632 0.509395 0.048828 0.048828
0 0.385916 0.530176 0.048828 0.048828
0 0.383083 0.582129 0.048828 0.048828
0 0.353800 0.559459 0.048828 0.048828
0 0.298070 0.562292 0.048828 0.048828
0 0.229115 0.553791 0.048828 0.048828
0 0.231948 0.596298 0.048828 0.048828
0 0.186608 0.573628 0.048828 0.048828
0 0.150714 0.591575 0.048828 0.048828
0 0.124265 0.626525 0.048828 0.048828
0 0.105374 0.670920 0.048828 0.048828
0 0.169606 0.653918 0.048828 0.048828
0 0.218724 0.657696 0.048828 0.048828
0 0.267843 0.631247 0.048828 0.048828
0 0.314128 0.621802 0.048828 0.048828
0 0.346244 0.654862 0.048828 0.048828
0 0.401974 0.632192 0.048828 0.048828
0 0.422755 0.663363 0.048828 0.048828
0 0.401974 0.708704 0.048828 0.048828
0 0.414254 0.744598 0.048828 0.048828
0 0.370803 0.760656 0.048828 0.048828
0 0.400085 0.803163 0.048828 0.048828
0 0.351911 0.808830 0.048828 0.048828
0 0.320740 0.800329 0.048828 0.048828
0 0.279178 0.810719 0.048828 0.048828
0 0.226281 0.794661 0.048828 0.048828
0 0.157326 0.816387 0.048828 0.048828
0 0.111986 0.828667 0.048828 0.048828
0 0.072313 0.819221 0.048828 0.048828
0 0.003358 0.825833 0.048828 0.048828
0 0.043975 0.776714 0.048828 0.048828
0 0.092149 0.737041 0.048828 0.048828
0 0.129933 0.713427 0.048828 0.048828
0 0.184719 0.681311 0.048828 0.048828
0 0.195109 0.758767 0.048828 0.048828
0 0.231948 0.726651 0.048828 0.048828
0 0.263120 0.764434 0.048828 0.048828
0 0.307516 0.750266 0.048828 0.048828
0 0.291458 0.716260 0.048828 0.048828
0 0.346244 0.712482 0.048828 0.048828
0 0.263120 0.670920 0.048828 0.048828