0 0.948669 0.684617 0.048828 0.048828
0 0.949729 0.629498 0.048828 0.048828
0 0.980468 0.593460 0.048828 0.048828
0 0.995308 0.523502 0.048828 0.048828
0 0.909451 0.502303 0.048828 0.048828
0 0.959269 0.484283 0.048828 0.048828
0 0.986828 0.450364 0.048828 0.048828
0 0.914750 0.449304 0.048828 0.048828
0 0.947609 0.428105 0.048828 0.048828
0 0.904151 0.401606 0.048828 0.048828
0 0.890371 0.357087 0.048828 0.048828
0 0.948669 0.369807 0.048828 0.048828
0 0.999548 0.387826 0.048828 0.048828
0 0.929590 0.318929 0.048828 0.048828
0 0.960329 0.285010 0.048828 0.048828
0 0.992128 0.257451 0.048828 0.048828
0 0.997428 0.322108 0.048828 0.048828
0 0.993188 0.209752 0.048828 0.048828
0 0.994248 0.172653 0.048828 0.048828
0 0.978348 0.160994 0.048828 0.048828