0 0.843945 0.004283 0.048828 0.048828
0 0.902122 0.020904 0.048828 0.048828
0 0.860567 0.053110 0.048828 0.048828
0 0.990426 0.042721 0.048828 0.048828
0 0.977960 0.089470 0.048828 0.048828
0 0.993543 0.268156 0.048828 0.048828
0 0.939522 0.254651 0.048828 0.048828
0 0.960299 0.220368 0.048828 0.048828
0 0.957183 0.152841 0.048828 0.048828
0 0.913550 0.185046 0.048828 0.048828
0 0.879267 0.240107 0.048828 0.048828
0 0.893811 0.313866 0.048828 0.048828
0 0.874073 0.349188 0.048828 0.048828
0 0.919783 0.379315 0.048828 0.048828
0 0.938483 0.320100 0.048828 0.048828
0 0.987310 0.382432 0.048828 0.048828
0 0.997699 0.406326 0.048828 0.048828
0 0.957183 0.429181 0.048828 0.048828
0 0.993543 0.525796 0.048828 0.048828
0 0.948872 0.489436 0.048828 0.048828
0 0.916667 0.436453 0.048828 0.048828
0 0.875112 0.434376 0.048828 0.048828
0 0.854334 0.385549 0.048828 0.048828
0 0.863684 0.488397 0.048828 0.048828
0 0.916667 0.535146 0.048828 0.048828
0 0.998737 0.334644 0.048828 0.048828
0 0.997699 0.860313 0.048828 0.048828
0 0.976921 0.907063 0.048828 0.048828
0 0.974843 0.809409 0.048828 0.048828
0 0.936405 0.758504 0.048828 0.048828
0 0.933288 0.849925 0.048828 0.048828
0 0.933288 0.888363 0.048828 0.048828
0 0.936405 0.949656 0.048828 0.048828
0 0.924978 0.996406 0.048828 0.048828
0 0.883423 0.967317 0.048828 0.048828
0 0.887578 0.898752 0.048828 0.048828
0 0.896928 0.849925 0.048828 0.048828
0 0.877189 0.826031 0.048828 0.048828
0 0.873034 0.762659 0.048828 0.048828
0 0.904200 0.758504 0.048828 0.048828
0 0.862645 0.713832 0.048828 0.048828
0 0.916667 0.707599 0.048828 0.048828
0 0.894850 0.678511 0.048828 0.048828
0 0.918744 0.641111 0.048828 0.048828
0 0.962377 0.696172 0.048828 0.048828
0 0.974843 0.645267 0.048828 0.048828
0 0.942638 0.587090 0.048828 0.048828
0 0.884461 0.598518 0.048828 0.048828
0 0.849140 0.616178 0.048828 0.048828
0 0.808624 0.594362 0.048828 0.048828
0 0.830440 0.555924 0.048828 0.048828
0 0.874073 0.548652 0.048828 0.048828
0 0.815896 0.510213 0.048828 0.048828
0 0.989388 0.977706 0.048828 0.048828
0 0.822129 0.969395 0.048828 0.048828
0 0.773302 0.977706 0.048828 0.048828
0 0.834596 0.929918 0.048828 0.048828
0 0.816935 0.891480 0.048828 0.048828
0 0.830440 0.842653 0.048828 0.048828
0 0.785769 0.842653 0.048828 0.048828
0 0.776419 0.918490 0.048828 0.048828
0 0.750447 0.871741 0.048828 0.048828
0 0.727592 0.836419 0.048828 0.048828
0 0.702659 0.906024 0.048828 0.048828
0 0.705775 0.970434 0.048828 0.048828
0 0.129201 0.979784 0.048828 0.048828
0 0.172834 0.983939 0.048828 0.048828
0 0.233089 0.976667 0.048828 0.048828
0 0.275682 0.993289 0.048828 0.048828
0 0.344248 0.974589 0.048828 0.048828
0 0.306848 0.955890 0.048828 0.048828
0 0.268410 0.919529 0.048828 0.048828
0 0.206078 0.921607 0.048828 0.048828
0 0.143745 0.935112 0.048828 0.048828
0 0.369181 0.920568 0.048828 0.048828
0 0.351520 0.864469 0.048828 0.048828
0 0.323470 0.889402 0.048828 0.048828
0 0.385803 0.848886 0.048828 0.048828
0 0.351520 0.820836 0.048828 0.048828
0 0.406580 0.808370 0.048828 0.048828
0 0.449174 0.816681 0.048828 0.048828
0 0.495923 0.811486 0.048828 0.048828
0 0.496962 0.865508 0.048828 0.048828
0 0.453329 0.919529 0.048828 0.048828
0 0.431513 0.966278 0.048828 0.048828
0 0.470990 0.987056 0.048828 0.048828
0 0.516701 0.916412 0.048828 0.048828
0 0.532284 0.953812 0.048828 0.048828
0 0.590461 0.941345 0.048828 0.048828
0 0.601888 0.993289 0.048828 0.048828
0 0.649676 0.954851 0.048828 0.048828
0 0.621627 0.908101 0.048828 0.048828
0 0.560333 0.864469 0.048828 0.048828
0 0.611238 0.857197 0.048828 0.048828
0 0.666298 0.863430 0.048828 0.048828
0 0.533323 0.787592 0.048828 0.048828
0 0.585266 0.805253 0.048828 0.048828
0 0.618510 0.786553 0.048828 0.048828
0 0.680843 0.803175 0.048828 0.048828
0 0.725514 0.795903 0.048828 0.048828
0 0.833557 0.770970 0.048828 0.048828
0 0.803429 0.725260 0.048828 0.048828
0 0.773302 0.720066 0.048828 0.048828
0 0.781613 0.795903 0.048828 0.048828
0 0.847062 0.666044 0.048828 0.048828
0 0.804468 0.673316 0.048828 0.048828
0 0.777458 0.639034 0.048828 0.048828
0 0.716164 0.686822 0.048828 0.048828
0 0.693309 0.727338 0.048828 0.048828
0 0.641365 0.723182 0.048828 0.048828
0 0.653832 0.670200 0.048828 0.048828
0 0.714086 0.627606 0.048828 0.048828
0 0.746291 0.579818 0.048828 0.048828
0 0.788885 0.567351 0.048828 0.048828
0 0.783691 0.525796 0.048828 0.048828
0 0.779535 0.487358 0.048828 0.048828
0 0.790963 0.467620 0.048828 0.048828
0 0.827324 0.464503 0.048828 0.048828
0 0.808624 0.406326 0.048828 0.048828
0 0.757719 0.391782 0.048828 0.048828
0 0.757719 0.440609 0.048828 0.048828
0 0.722397 0.426065 0.048828 0.048828
0 0.710970 0.484242 0.048828 0.048828
0 0.673570 0.474892 0.048828 0.048828
0 0.671493 0.426065 0.048828 0.048828
0 0.722397 0.372043 0.048828 0.048828
0 0.641365 0.372043 0.048828 0.048828
0 0.574878 0.434376 0.048828 0.048828
0 0.613316 0.483203 0.048828 0.048828
0 0.657987 0.521641 0.048828 0.048828
0 0.598772 0.545535 0.048828 0.048828
0 0.643443 0.578779 0.048828 0.048828
0 0.699542 0.569429 0.048828 0.048828
0 0.665259 0.624489 0.048828 0.048828
0 0.614355 0.615139 0.048828 0.048828
0 0.600849 0.679550 0.048828 0.048828
0 0.588383 0.734610 0.048828 0.048828
0 0.457485 0.763698 0.048828 0.048828
0 0.494884 0.739804 0.048828 0.048828
0 0.529167 0.699288 0.048828 0.048828
0 0.562411 0.655655 0.048828 0.048828
0 0.129201 0.892518 0.048828 0.048828
0 0.194650 0.880052 0.048828 0.048828
0 0.251788 0.856158 0.048828 0.048828
0 0.290226 0.853041 0.048828 0.048828
0 0.135435 0.835380 0.048828 0.048828
0 0.195689 0.824992 0.048828 0.048828
0 0.251788 0.799020 0.048828 0.048828
0 0.306848 0.804214 0.048828 0.048828
0 0.357753 0.776165 0.048828 0.048828
0 0.419047 0.742921 0.048828 0.048828
0 0.465796 0.683705 0.048828 0.048828
0 0.484496 0.632800 0.048828 0.048828
0 0.533323 0.607867 0.048828 0.048828
0 0.476185 0.566312 0.048828 0.048828
0 0.510467 0.558001 0.048828 0.048828
0 0.553061 0.508136 0.048828 0.048828
0 0.518778 0.474892 0.048828 0.048828
0 0.481379 0.502941 0.048828 0.048828
0 0.498001 0.437492 0.048828 0.048828
0 0.457485 0.408404 0.048828 0.048828
0 0.423202 0.457231 0.048828 0.048828
0 0.404502 0.402171 0.048828 0.048828
0 0.527089 0.383471 0.048828 0.048828
0 0.817974 0.326333 0.048828 0.048828
0 0.783691 0.322177 0.048828 0.048828
0 0.720320 0.303478 0.048828 0.048828
0 0.642404 0.328411 0.048828 0.048828
0 0.579033 0.351266 0.048828 0.048828
0 0.538517 0.315944 0.048828 0.048828
0 0.486573 0.350227 0.048828 0.048828
0 0.456446 0.311789 0.048828 0.048828
0 0.442941 0.357499 0.048828 0.048828
0 0.389958 0.337761 0.048828 0.048828
0 0.352559 0.307633 0.048828 0.048828
0 0.320354 0.345033 0.048828 0.048828
0 0.350481 0.388665 0.048828 0.048828
0 0.352559 0.455153 0.048828 0.048828
0 0.372297 0.481125 0.048828 0.048828
0 0.359831 0.502941 0.048828 0.048828
0 0.353598 0.583973 0.048828 0.048828
0 0.370220 0.548652 0.048828 0.048828
0 0.429435 0.525796 0.048828 0.048828
0 0.400347 0.594362 0.048828 0.048828
0 0.399308 0.641111 0.048828 0.048828
0 0.339053 0.621373 0.048828 0.048828
0 0.359831 0.670200 0.048828 0.048828
0 0.388919 0.697210 0.048828 0.048828
0 0.344248 0.721104 0.048828 0.048828
0 0.307887 0.689938 0.048828 0.048828
0 0.278799 0.640072 0.048828 0.048828
0 0.236205 0.627606 0.048828 0.048828
0 0.255944 0.589168 0.048828 0.048828
0 0.306848 0.544496 0.048828 0.048828
0 0.321393 0.494630 0.048828 0.048828
0 0.264255 0.516447 0.048828 0.048828
0 0.268410 0.458270 0.048828 0.048828
0 0.294382 0.427104 0.048828 0.048828
0 0.261138 0.380354 0.048828 0.048828
0 0.249710 0.320100 0.048828 0.048828
0 0.204000 0.338799 0.048828 0.048828
0 0.195689 0.376199 0.048828 0.048828
0 0.199845 0.433337 0.048828 0.048828
0 0.204000 0.491514 0.048828 0.048828
0 0.198806 0.692016 0.048828 0.048828
0 0.244516 0.708638 0.048828 0.048828
0 0.288149 0.741882 0.048828 0.048828
0 0.223739 0.763698 0.048828 0.048828
0 0.199845 0.743960 0.048828 0.048828
0 0.139590 0.782398 0.048828 0.048828
0 0.124007 0.710716 0.048828 0.048828
0 0.110502 0.641111 0.048828 0.048828
0 0.159329 0.631761 0.048828 0.048828
0 0.134396 0.572546 0.048828 0.048828
0 0.149979 0.349188 0.048828 0.048828
0 0.104268 0.362693 0.048828 0.048828
0 0.141668 0.422948 0.048828 0.048828
0 0.090763 0.421909 0.048828 0.048828
0 0.151018 0.479047 0.048828 0.048828
0 0.156212 0.546574 0.048828 0.048828
0 0.099074 0.523719 0.048828 0.048828
0 0.195689 0.567351 0.048828 0.048828
0 0.065830 0.320100 0.048828 0.048828
0 0.051286 0.281661 0.048828 0.048828
0 0.064791 0.239068 0.048828 0.048828
0 0.110502 0.216212 0.048828 0.048828
0 0.057519 0.168424 0.048828 0.048828
0 0.137512 0.174658 0.048828 0.048828
0 0.147901 0.257767 0.048828 0.048828
0 0.133357 0.297245 0.048828 0.048828
0 0.182184 0.291011 0.048828 0.048828
0 0.219583 0.269195 0.048828 0.048828
0 0.195689 0.219329 0.048828 0.048828
0 0.219583 0.169463 0.048828 0.048828
0 0.176989 0.122714 0.048828 0.048828
0 0.283993 0.201668 0.048828 0.048828
0 0.271527 0.168424 0.048828 0.048828
0 0.302693 0.274389 0.048828 0.048828
0 0.348403 0.240107 0.048828 0.048828
0 0.405541 0.228679 0.048828 0.048828
0 0.420086 0.281661 0.048828 0.048828
0 0.485535 0.262962 0.048828 0.048828
0 0.576955 0.262962 0.048828 0.048828
0 0.632016 0.286856 0.048828 0.048828
0 0.663182 0.259845 0.048828 0.048828
0 0.734864 0.269195 0.048828 0.048828
0 0.815896 0.275428 0.048828 0.048828
0 0.831479 0.209979 0.048828 0.048828
0 0.775380 0.222446 0.048828 0.048828
0 0.722397 0.214135 0.048828 0.048828
0 0.879267 0.146608 0.048828 0.048828
0 0.917705 0.123753 0.048828 0.048828
0 0.940561 0.087392 0.048828 0.048828
0 0.943677 0.037526 0.048828 0.048828
0 0.894850 0.069731 0.048828 0.048828
0 0.839790 0.108170 0.048828 0.048828
0 0.799274 0.152841 0.048828 0.048828
0 0.758758 0.126869 0.048828 0.048828
0 0.727592 0.155958 0.048828 0.048828
0 0.678765 0.152841 0.048828 0.048828
0 0.713048 0.088431 0.048828 0.048828
0 0.758758 0.084276 0.048828 0.048828
0 0.795118 0.070770 0.048828 0.048828
0 0.799274 0.039604 0.048828 0.048828
0 0.761875 0.019866 0.048828 0.048828
0 0.730708 0.036488 0.048828 0.048828
0 0.637210 0.011555 0.048828 0.048828
0 0.595655 0.025060 0.048828 0.048828
0 0.665259 0.036488 0.048828 0.048828
0 0.664221 0.087392 0.048828 0.048828
0 0.622666 0.095703 0.048828 0.048828
0 0.623705 0.152841 0.048828 0.048828
0 0.641365 0.199591 0.048828 0.048828
0 0.623705 0.233873 0.048828 0.048828
0 0.583189 0.182969 0.048828 0.048828
0 0.569683 0.140375 0.048828 0.048828
0 0.531245 0.222446 0.048828 0.048828
0 0.514623 0.176735 0.048828 0.048828
0 0.472029 0.153880 0.048828 0.048828
0 0.520856 0.123753 0.048828 0.048828
0 0.392036 0.163230 0.048828 0.048828
0 0.325548 0.137258 0.048828 0.048828
0 0.339053 0.187124 0.048828 0.048828
0 0.239322 0.119597 0.048828 0.048828
0 0.181145 0.069731 0.048828 0.048828
0 0.225816 0.049993 0.048828 0.048828
0 0.089724 0.111286 0.048828 0.048828
0 0.130240 0.069731 0.048828 0.048828
0 0.143745 0.026099 0.048828 0.048828
0 0.179067 0.019866 0.048828 0.048828
0 0.277760 0.027138 0.048828 0.048828
0 0.277760 0.090509 0.048828 0.048828
0 0.343209 0.087392 0.048828 0.048828
0 0.373336 0.106092 0.048828 0.048828
0 0.330743 0.045837 0.048828 0.048828
0 0.354637 0.004283 0.048828 0.048828
0 0.380608 0.056226 0.048828 0.048828
0 0.422163 0.046876 0.048828 0.048828
0 0.419047 0.008438 0.048828 0.048828
0 0.440863 0.114403 0.048828 0.048828
0 0.487612 0.094664 0.048828 0.048828
0 0.558256 0.065576 0.048828 0.048828
0 0.521895 0.000127 0.048828 0.048828
0 0.462679 0.001166 0.048828 0.048828
0 0.488651 0.042721 0.048828 0.048828
0 0.035703 0.017788 0.048828 0.048828
0 0.069986 0.048954 0.048828 0.048828
0 0.040897 0.073887 0.048828 0.048828
0 0.011809 0.135180 0.048828 0.048828
0 0.021159 0.203746 0.048828 0.048828
0 0.008692 0.259845 0.048828 0.048828
0 0.003498 0.307633 0.048828 0.048828
0 0.032586 0.343994 0.048828 0.048828
0 0.036742 0.410482 0.048828 0.048828
0 0.065830 0.468658 0.048828 0.048828
0 0.019081 0.483203 0.048828 0.048828
0 0.029470 0.542418 0.048828 0.048828
0 0.080374 0.595401 0.048828 0.048828
0 0.009731 0.593323 0.048828 0.048828
0 0.027392 0.656694 0.048828 0.048828
0 0.001420 0.707599 0.048828 0.048828
0 0.082452 0.700327 0.048828 0.048828
0 0.080374 0.761620 0.048828 0.048828
0 0.027392 0.753310 0.048828 0.048828
0 0.081413 0.829147 0.048828 0.048828
0 0.029470 0.811486 0.048828 0.048828
0 0.032586 0.861352 0.048828 0.048828
0 0.067908 0.911218 0.048828 0.048828
0 0.071024 0.962123 0.048828 0.048828
0 0.035703 0.994328 0.048828 0.048828
0 0.018042 0.939268 0.048828 0.048828