0 0.984351 0.226449 0.048828 0.048828
0 0.997567 0.023404 0.048828 0.048828
0 0.941099 0.221644 0.048828 0.048828
0 0.899048 0.245673 0.048828 0.048828
0 0.828162 0.249277 0.048828 0.048828
0 0.757277 0.246874 0.048828 0.048828
0 0.716427 0.249277 0.048828 0.048828
0 0.651549 0.237263 0.048828 0.048828
0 0.587872 0.221644 0.048828 0.048828
0 0.560239 0.186802 0.048828 0.048828
0 0.615505 0.185600 0.048828 0.048828
0 0.675578 0.189204 0.048828 0.048828
0 0.735651 0.196413 0.048828 0.048828
0 0.736852 0.151959 0.048828 0.048828
0 0.802932 0.191607 0.048828 0.048828
0 0.825759 0.139945 0.048828 0.048828
0 0.888235 0.169981 0.048828 0.048828
0 0.948307 0.148355 0.048828 0.048828
0 0.974739 0.096693 0.048828 0.048828
0 0.912264 0.082275 0.048828 0.048828
0 0.930286 0.010188 0.048828 0.048828
0 0.866609 0.041426 0.048828 0.048828
0 0.802932 0.025807 0.048828 0.048828
0 0.775298 0.039023 0.048828 0.048828
0 0.825759 0.076268 0.048828 0.048828
0 0.786111 0.089484 0.048828 0.048828
0 0.706816 0.109909 0.048828 0.048828
0 0.683988 0.084678 0.048828 0.048828
0 0.696003 0.025807 0.048828 0.048828
0 0.614304 0.006584 0.048828 0.048828
0 0.641937 0.014994 0.048828 0.048828
0 0.519389 0.232457 0.048828 0.048828
0 0.521792 0.162773 0.048828 0.048828
0 0.560239 0.132736 0.048828 0.048828
0 0.586670 0.136341 0.048828 0.048828
0 0.641937 0.120722 0.048828 0.048828
0 0.620311 0.070261 0.048828 0.048828
0 0.579462 0.070261 0.048828 0.048828
0 0.537411 0.028210 0.048828 0.048828
0 0.512180 0.102700 0.048828 0.048828
0 0.448504 0.083477 0.048828 0.048828
0 0.468928 0.040224 0.048828 0.048828
0 0.369208 0.072664 0.048828 0.048828
0 0.363200 0.028210 0.048828 0.048828
0 0.327157 0.060649 0.048828 0.048828
0 0.294718 0.018598 0.048828 0.048828
0 0.335567 0.149557 0.048828 0.048828
0 0.348783 0.196413 0.048828 0.048828
0 0.402848 0.167578 0.048828 0.048828
0 0.464122 0.178391 0.048828 0.048828
0 0.408856 0.224047 0.048828 0.048828
0 0.361999 0.244471 0.048828 0.048828
0 0.402848 0.256486 0.048828 0.048828