0 0.138649 0.133831 0.048828 0.048828
0 0.264607 0.045234 0.048828 0.048828
0 0.303034 0.353722 0.048828 0.048828
0 0.358541 0.345183 0.048828 0.048828
0 0.335057 0.424173 0.048828 0.048828
0 0.847426 0.275800 0.048828 0.048828
0 0.851696 0.250181 0.048828 0.048828
0 0.896528 0.280069 0.048828 0.048828
0 0.937091 0.240574 0.048828 0.048828
0 0.972316 0.229900 0.048828 0.048828
0 0.760964 0.441252 0.048828 0.048828
0 0.836752 0.384678 0.048828 0.048828
0 0.923214 0.361194 0.048828 0.048828
0 0.974451 0.386813 0.048828 0.048828