0 0.998571 0.396655 0.048828 0.048828
0 0.911575 0.427359 0.048828 0.048828
0 0.849142 0.641269 0.048828 0.048828
0 0.812296 0.647410 0.048828 0.048828
0 0.829695 0.663785 0.048828 0.048828
0 0.815367 0.676067 0.048828 0.048828
0 0.385501 0.326034 0.048828 0.048828
0 0.390618 0.356738 0.048828 0.048828
0 0.405971 0.347527 0.048828 0.048828
0 0.481709 0.365950 0.048828 0.048828
0 0.513437 0.366973 0.048828 0.048828
0 0.565635 0.364926 0.048828 0.048828
0 0.520602 0.737477 0.048828 0.048828
0 0.483756 0.734406 0.048828 0.048828
0 0.490920 0.752829 0.048828 0.048828
0 0.468404 0.757946 0.048828 0.048828
0 0.446910 0.750782 0.048828 0.048828
0 0.420300 0.747711 0.048828 0.048828
0 0.613521 0.850856 0.048828 0.048828
0 0.597387 0.888165 0.048828 0.048828
0 0.658896 0.889173 0.048828 0.048828
0 0.721414 0.895223 0.048828 0.048828
0 0.777881 0.842789 0.048828 0.048828
0 0.812165 0.842789 0.048828 0.048828
0 0.844432 0.822622 0.048828 0.048828
0 0.702255 0.759097 0.048828 0.048828
0 0.932158 0.999083 0.048828 0.048828
0 0.970475 0.991016 0.048828 0.048828