0 0.981923 0.213666 0.048828 0.048828
0 0.932821 0.178441 0.048828 0.048828
0 0.948832 0.210464 0.048828 0.048828
0 0.914675 0.247824 0.048828 0.048828
0 0.884786 0.213666 0.048828 0.048828
0 0.859168 0.258498 0.048828 0.048828
0 0.847426 0.223273 0.048828 0.048828
0 0.804729 0.193385 0.048828 0.048828
0 0.784447 0.210464 0.048828 0.048828
0 0.726806 0.212599 0.048828 0.048828
0 0.718267 0.189115 0.048828 0.048828
0 0.692648 0.220071 0.048828 0.048828
0 0.638209 0.217936 0.048828 0.048828
0 0.607253 0.217936 0.048828 0.048828
0 0.576298 0.226475 0.048828 0.048828
0 0.552814 0.248891 0.048828 0.048828
0 0.523993 0.272375 0.048828 0.048828
0 0.542140 0.290521 0.048828 0.048828
0 0.592309 0.294791 0.048828 0.048828
0 0.681974 0.290521 0.048828 0.048828
0 0.644614 0.444232 0.048828 0.048828
0 0.567758 0.548841 0.048828 0.048828
0 0.620063 0.547773 0.048828 0.048828
0 0.723604 0.571257 0.048828 0.048828
0 0.725739 0.536031 0.048828 0.048828
0 0.755627 0.467715 0.048828 0.048828
0 0.138649 0.790081 0.048828 0.048828
0 0.264607 0.701484 0.048828 0.048828
0 0.502645 0.545638 0.048828 0.048828
0 0.500510 0.449569 0.048828 0.048828
0 0.847426 0.932050 0.048828 0.048828
0 0.851696 0.906431 0.048828 0.048828
0 0.896528 0.936319 0.048828 0.048828
0 0.937091 0.896824 0.048828 0.048828
0 0.972316 0.886150 0.048828 0.048828