0 0.030354 0.270299 0.048828 0.048828
0 0.038801 0.323393 0.048828 0.048828
0 0.087068 0.343907 0.048828 0.048828
0 0.101549 0.302880 0.048828 0.048828
0 0.153436 0.288399 0.048828 0.048828
0 0.095515 0.248579 0.048828 0.048828
0 0.059314 0.237718 0.048828 0.048828
0 0.177570 0.376488 0.048828 0.048828
0 0.187224 0.335460 0.048828 0.048828
0 0.125682 0.386141 0.048828 0.048828
0 0.208944 0.293226 0.048828 0.048828
0 0.248765 0.277539 0.048828 0.048828
0 0.276519 0.237718 0.048828 0.048828
0 0.323580 0.273919 0.048828 0.048828
0 0.376674 0.254612 0.048828 0.048828
0 0.485277 0.242545 0.048828 0.048828
0 0.531131 0.243752 0.048828 0.048828
0 0.710928 0.241338 0.048828 0.048828
0 0.656627 0.250992 0.048828 0.048828
0 0.601119 0.263059 0.048828 0.048828
0 0.568538 0.289606 0.048828 0.048828
0 0.522684 0.293226 0.048828 0.048828
0 0.461143 0.292019 0.048828 0.048828
0 0.405635 0.289606 0.048828 0.048828
0 0.348920 0.310120 0.048828 0.048828
0 0.284966 0.328220 0.048828 0.048828
0 0.432182 0.331840 0.048828 0.048828
0 0.522684 0.331840 0.048828 0.048828
0 0.620426 0.316153 0.048828 0.048828
0 0.660247 0.334254 0.048828 0.048828
0 0.661454 0.292019 0.048828 0.048828
0 0.689208 0.294433 0.048828 0.048828
0 0.733855 0.334254 0.048828 0.048828
0 0.782123 0.348734 0.048828 0.048828
0 0.790570 0.317360 0.048828 0.048828
0 0.753162 0.287193 0.048828 0.048828
0 0.772469 0.254612 0.048828 0.048828
0 0.818324 0.276332 0.048828 0.048828
0 0.925719 0.250992 0.048828 0.048828
0 0.896759 0.343907 0.048828 0.048828
0 0.853318 0.333047 0.048828 0.048828
0 0.858145 0.299260 0.048828 0.048828
0 0.821944 0.366834 0.048828 0.048828
0 0.800223 0.384935 0.048828 0.048828
0 0.209131 0.999818 0.048828 0.048828
0 0.168118 0.946613 0.048828 0.048828
0 0.130431 0.967673 0.048828 0.048828
0 0.071683 0.967673 0.048828 0.048828
0 0.024020 0.987625 0.048828 0.048828
0 0.031779 0.931095 0.048828 0.048828
0 0.112696 0.929986 0.048828 0.048828
0 0.098286 0.880106 0.048828 0.048828
0 0.151492 0.887865 0.048828 0.048828
0 0.191396 0.891191 0.048828 0.048828
0 0.172552 0.850178 0.048828 0.048828
0 0.119347 0.805840 0.048828 0.048828
0 0.173661 0.792539 0.048828 0.048828
0 0.154817 0.765936 0.048828 0.048828
0 0.138190 0.720490 0.048828 0.048828
0 0.176986 0.717165 0.048828 0.048828
0 0.544990 0.984300 0.048828 0.048828
0 0.508411 0.945504 0.048828 0.048828
0 0.540556 0.873455 0.048828 0.048828
0 0.536122 0.802515 0.048828 0.048828
0 0.489568 0.831334 0.048828 0.048828
0 0.490676 0.871239 0.048828 0.048828
0 0.457423 0.853503 0.048828 0.048828
0 0.478483 0.917793 0.048828 0.048828
0 0.457423 0.957697 0.048828 0.048828
0 0.411976 0.958806 0.048828 0.048828
0 0.338819 0.984300 0.048828 0.048828
0 0.358771 0.944396 0.048828 0.048828
0 0.302240 0.949938 0.048828 0.048828
0 0.253469 0.952155 0.048828 0.048828
0 0.227974 0.908926 0.048828 0.048828
0 0.267878 0.913359 0.048828 0.048828
0 0.329951 0.911143 0.048828 0.048828
0 0.377615 0.906709 0.048828 0.048828
0 0.437471 0.904492 0.048828 0.048828
0 0.406434 0.866805 0.048828 0.048828
0 0.414193 0.829118 0.048828 0.048828
0 0.352120 0.843527 0.048828 0.048828
0 0.314433 0.872347 0.048828 0.048828
0 0.251252 0.857937 0.048828 0.048828
0 0.240167 0.819142 0.048828 0.048828
0 0.300023 0.823575 0.048828 0.048828
0 0.317759 0.769262 0.048828 0.048828
0 0.362096 0.786997 0.048828 0.048828
0 0.250143 0.775912 0.048828 0.048828
0 0.208022 0.755960 0.048828 0.048828
0 0.210239 0.709405 0.048828 0.048828
0 0.246818 0.736008 0.048828 0.048828
0 0.276746 0.723815 0.048828 0.048828
0 0.237950 0.685020 0.048828 0.048828
0 0.142624 0.661742 0.048828 0.048828
0 0.148166 0.612971 0.048828 0.048828
0 0.147058 0.556440 0.048828 0.048828
0 0.148166 0.519861 0.048828 0.048828
0 0.142624 0.443378 0.048828 0.048828
0 0.180311 0.415667 0.048828 0.048828
0 0.180311 0.479957 0.048828 0.048828
0 0.211348 0.535379 0.048828 0.048828
0 0.221324 0.578609 0.048828 0.048828
0 0.206914 0.641790 0.048828 0.048828
0 0.241276 0.640682 0.048828 0.048828
0 0.286722 0.682803 0.048828 0.048828
0 0.342144 0.702755 0.048828 0.048828
0 0.376506 0.717165 0.048828 0.048828
0 0.423061 0.742659 0.048828 0.048828
0 0.464073 0.781454 0.048828 0.048828
0 0.492893 0.755960 0.048828 0.048828
0 0.517279 0.716056 0.048828 0.048828
0 0.544990 0.745984 0.048828 0.048828
0 0.579352 0.722707 0.048828 0.048828
0 0.590436 0.762611 0.048828 0.048828
0 0.619256 0.714948 0.048828 0.048828
0 0.629232 0.672827 0.048828 0.048828
0 0.586002 0.681694 0.048828 0.048828
0 0.546098 0.652875 0.048828 0.048828
0 0.551641 0.608537 0.048828 0.048828
0 0.610388 0.618513 0.048828 0.048828
0 0.604846 0.579717 0.048828 0.048828
0 0.559400 0.566416 0.048828 0.048828
0 0.650292 0.607428 0.048828 0.048828
0 0.679112 0.644007 0.048828 0.048828
0 0.693522 0.604103 0.048828 0.048828
0 0.713474 0.558657 0.048828 0.048828
0 0.661377 0.559765 0.048828 0.048828
0 0.600412 0.536488 0.048828 0.048828
0 0.642533 0.516536 0.048828 0.048828
0 0.709040 0.524295 0.048828 0.048828
0 0.303992 0.642511 0.048828 0.048828
0 0.283121 0.597789 0.048828 0.048828
0 0.327843 0.594807 0.048828 0.048828
0 0.371075 0.590335 0.048828 0.048828
0 0.421760 0.600770 0.048828 0.048828
0 0.353186 0.641020 0.048828 0.048828
0 0.414307 0.654437 0.048828 0.048828
0 0.479899 0.664872 0.048828 0.048828
0 0.463501 0.718539 0.048828 0.048828
0 0.478409 0.612696 0.048828 0.048828
0 0.475427 0.557539 0.048828 0.048828
0 0.438159 0.535177 0.048828 0.048828
0 0.380020 0.530705 0.048828 0.048828
0 0.298029 0.533687 0.048828 0.048828
0 0.245853 0.502381 0.048828 0.048828
0 0.289084 0.484492 0.048828 0.048828
0 0.345732 0.484492 0.048828 0.048828
0 0.260760 0.429335 0.048828 0.048828
0 0.311445 0.424862 0.048828 0.048828
0 0.227964 0.368214 0.048828 0.048828
0 0.277158 0.369705 0.048828 0.048828
0 0.323371 0.335418 0.048828 0.048828
0 0.344242 0.390575 0.048828 0.048828
0 0.385983 0.415918 0.048828 0.048828
0 0.380020 0.363742 0.048828 0.048828
0 0.439649 0.375668 0.048828 0.048828
0 0.442631 0.438279 0.048828 0.048828
0 0.426233 0.484492 0.048828 0.048828
0 0.464992 0.490455 0.048828 0.048828
0 0.529094 0.526233 0.048828 0.048828
0 0.538039 0.483001 0.048828 0.048828
0 0.508224 0.456168 0.048828 0.048828
0 0.487353 0.405483 0.048828 0.048828
0 0.484372 0.368214 0.048828 0.048828
0 0.552946 0.354797 0.048828 0.048828
0 0.557418 0.426353 0.048828 0.048828
0 0.581270 0.401010 0.048828 0.048828
0 0.602141 0.435298 0.048828 0.048828
0 0.664752 0.415918 0.048828 0.048828
0 0.603631 0.480020 0.048828 0.048828
0 0.645372 0.465112 0.048828 0.048828
0 0.687113 0.450205 0.048828 0.048828
0 0.696057 0.493437 0.048828 0.048828
0 0.739289 0.483001 0.048828 0.048828
0 0.755687 0.438279 0.048828 0.048828
0 0.718419 0.398029 0.048828 0.048828
0 0.763141 0.389084 0.048828 0.048828
0 0.718419 0.354797 0.048828 0.048828
0 0.652826 0.360760 0.048828 0.048828
0 0.594687 0.354797 0.048828 0.048828
0 0.028452 0.828814 0.048828 0.048828
0 0.048613 0.767213 0.048828 0.048828
0 0.041893 0.642891 0.048828 0.048828
0 0.008292 0.677611 0.048828 0.048828
0 0.060933 0.719052 0.048828 0.048828
0 0.104614 0.675371 0.048828 0.048828
0 0.086693 0.607050 0.048828 0.048828
0 0.088933 0.563369 0.048828 0.048828
0 0.039653 0.539849 0.048828 0.048828
0 0.020612 0.486088 0.048828 0.048828
0 0.069893 0.500648 0.048828 0.048828
0 0.069893 0.454728 0.048828 0.048828
0 0.101254 0.414407 0.048828 0.048828
0 0.048613 0.376326 0.048828 0.048828
0 0.004932 0.358406 0.048828 0.048828
0 0.017252 0.441287 0.048828 0.048828