0 0.139792 0.978514 0.048828 0.048828
0 0.179696 0.939719 0.048828 0.048828
0 0.137575 0.913116 0.048828 0.048828
0 0.175262 0.869886 0.048828 0.048828
0 0.110972 0.831091 0.048828 0.048828
0 0.083261 0.861019 0.048828 0.048828
0 0.046683 0.903140 0.048828 0.048828
0 0.082153 0.953020 0.048828 0.048828
0 0.020080 0.961887 0.048828 0.048828
0 0.037815 0.866561 0.048828 0.048828
0 0.051116 0.824440 0.048828 0.048828
0 0.092129 0.782319 0.048828 0.048828
0 0.146443 0.783428 0.048828 0.048828
0 0.022297 0.783428 0.048828 0.048828
0 0.002345 0.729114 0.048828 0.048828
0 0.087695 0.736873 0.048828 0.048828
0 0.072177 0.695860 0.048828 0.048828
0 0.129816 0.723572 0.048828 0.048828
0 0.184130 0.737981 0.048828 0.048828
0 0.165286 0.671475 0.048828 0.048828
0 0.091020 0.645980 0.048828 0.048828
0 0.018971 0.680342 0.048828 0.048828
0 0.024514 0.631571 0.048828 0.048828
0 0.064418 0.585016 0.048828 0.048828
0 0.130924 0.597209 0.048828 0.048828
0 0.171937 0.608293 0.048828 0.048828
0 0.171937 0.545112 0.048828 0.048828
0 0.144226 0.508533 0.048828 0.048828
0 0.074394 0.519618 0.048828 0.048828
0 0.045574 0.544003 0.048828 0.048828
0 0.035598 0.490798 0.048828 0.048828
0 0.052225 0.407664 0.048828 0.048828
0 0.086587 0.401014 0.048828 0.048828
0 0.102105 0.449785 0.048828 0.048828
0 0.151985 0.454219 0.048828 0.048828
0 0.122057 0.392146 0.048828 0.048828
0 0.487844 0.970755 0.048828 0.048828
0 0.432422 0.988490 0.048828 0.048828
0 0.381433 0.980731 0.048828 0.048828
0 0.339312 0.959671 0.048828 0.048828
0 0.299408 0.997358 0.048828 0.048828
0 0.201865 0.990707 0.048828 0.048828
0 0.239552 0.978514 0.048828 0.048828
0 0.225142 0.897598 0.048828 0.048828
0 0.271697 0.938610 0.048828 0.048828
0 0.210733 0.797837 0.048828 0.048828
0 0.266155 0.784536 0.048828 0.048828
0 0.253962 0.833308 0.048828 0.048828
0 0.267263 0.885405 0.048828 0.048828
0 0.314926 0.854368 0.048828 0.048828
0 0.326011 0.785645 0.048828 0.048828
0 0.290541 0.740198 0.048828 0.048828
0 0.237335 0.700294 0.048828 0.048828
0 0.204082 0.667041 0.048828 0.048828
0 0.229576 0.609402 0.048828 0.048828
0 0.269480 0.652631 0.048828 0.048828
0 0.316035 0.669258 0.048828 0.048828
0 0.354831 0.708053 0.048828 0.048828
0 0.343746 0.761259 0.048828 0.048828
0 0.369240 0.765693 0.048828 0.048828
0 0.396951 0.820006 0.048828 0.048828
0 0.383650 0.884296 0.048828 0.048828
0 0.318252 0.921983 0.048828 0.048828
0 0.376999 0.927526 0.048828 0.048828
0 0.431313 0.930851 0.048828 0.048828
0 0.493386 0.939719 0.048828 0.048828
0 0.525531 0.919766 0.048828 0.048828
0 0.506688 0.868778 0.048828 0.048828
0 0.474543 0.896489 0.048828 0.048828
0 0.437964 0.856585 0.048828 0.048828
0 0.477868 0.839958 0.048828 0.048828
0 0.496712 0.806705 0.048828 0.048828
0 0.534399 0.788970 0.048828 0.048828
0 0.455699 0.791187 0.048828 0.048828
0 0.483410 0.766801 0.048828 0.048828
0 0.525531 0.739090 0.048828 0.048828
0 0.488952 0.715812 0.048828 0.048828
0 0.456808 0.729114 0.048828 0.048828
0 0.402494 0.739090 0.048828 0.048828
0 0.500037 0.653739 0.048828 0.048828
0 0.462350 0.659282 0.048828 0.048828
0 0.435747 0.673691 0.048828 0.048828
0 0.374783 0.651523 0.048828 0.048828
0 0.272806 0.588341 0.048828 0.048828
0 0.330445 0.601643 0.048828 0.048828
0 0.371457 0.603859 0.048828 0.048828
0 0.441289 0.619378 0.048828 0.048828
0 0.480085 0.607185 0.048828 0.048828
0 0.507796 0.577257 0.048828 0.048828
0 0.453482 0.560630 0.048828 0.048828
0 0.404711 0.565064 0.048828 0.048828
0 0.474543 0.505208 0.048828 0.048828
0 0.435747 0.522943 0.048828 0.048828
0 0.381433 0.522943 0.048828 0.048828
0 0.323794 0.531810 0.048828 0.048828
0 0.260613 0.526268 0.048828 0.048828
0 0.204082 0.506316 0.048828 0.048828
0 0.190781 0.383279 0.048828 0.048828
0 0.199648 0.419857 0.048828 0.048828
0 0.252853 0.463087 0.048828 0.048828
0 0.323794 0.456436 0.048828 0.048828
0 0.354831 0.439809 0.048828 0.048828
0 0.306059 0.409881 0.048828 0.048828
0 0.262830 0.416532 0.048828 0.048828
0 0.271697 0.368869 0.048828 0.048828
0 0.094346 0.355567 0.048828 0.048828
0 0.140900 0.338941 0.048828 0.048828
0 0.192997 0.341158 0.048828 0.048828
0 0.031164 0.369977 0.048828 0.048828
0 0.003453 0.342266 0.048828 0.048828
0 0.048899 0.315663 0.048828 0.048828
0 0.359264 0.497449 0.048828 0.048828
0 0.394735 0.498557 0.048828 0.048828
0 0.396951 0.458653 0.048828 0.048828
0 0.434639 0.455328 0.048828 0.048828
0 0.472326 0.442026 0.048828 0.048828
0 0.418012 0.408773 0.048828 0.048828
0 0.370349 0.405448 0.048828 0.048828
0 0.354831 0.365544 0.048828 0.048828
0 0.395843 0.365544 0.048828 0.048828
0 0.434639 0.377736 0.048828 0.048828
0 0.450157 0.330073 0.048828 0.048828
0 0.347071 0.323423 0.048828 0.048828
0 0.290541 0.332290 0.048828 0.048828
0 0.243986 0.318989 0.048828 0.048828
0 0.219600 0.292386 0.048828 0.048828
0 0.164178 0.282410 0.048828 0.048828
0 0.082153 0.279085 0.048828 0.048828
0 0.272806 0.279085 0.048828 0.048828
0 0.446832 0.263566 0.048828 0.048828
0 0.357047 0.273542 0.048828 0.048828
0 0.400277 0.316772 0.048828 0.048828
0 0.320469 0.266892 0.048828 0.048828
0 0.291649 0.228096 0.048828 0.048828
0 0.249528 0.225879 0.048828 0.048828
0 0.190781 0.244723 0.048828 0.048828
0 0.120948 0.235855 0.048828 0.048828
0 0.118732 0.166023 0.048828 0.048828
0 0.163069 0.193734 0.048828 0.048828
0 0.215166 0.191517 0.048828 0.048828
0 0.269480 0.201494 0.048828 0.048828
0 0.310493 0.183758 0.048828 0.048828
0 0.361481 0.209253 0.048828 0.048828
0 0.411361 0.214795 0.048828 0.048828
0 0.436856 0.193734 0.048828 0.048828
0 0.420229 0.160481 0.048828 0.048828
0 0.423554 0.112818 0.048828 0.048828
0 0.386975 0.127228 0.048828 0.048828
0 0.330445 0.137204 0.048828 0.048828
0 0.289432 0.142746 0.048828 0.048828
0 0.229576 0.129445 0.048828 0.048828
0 0.179696 0.129445 0.048828 0.048828
0 0.067743 0.207036 0.048828 0.048828
0 0.025622 0.253590 0.048828 0.048828
0 0.002345 0.180433 0.048828 0.048828
0 0.038923 0.119469 0.048828 0.048828
0 0.069960 0.101733 0.048828 0.048828
0 0.120948 0.083998 0.048828 0.048828
0 0.147551 0.049636 0.048828 0.048828
0 0.208516 0.075131 0.048828 0.048828
0 0.299408 0.091757 0.048828 0.048828
0 0.255070 0.054070 0.048828 0.048828
0 0.201865 0.014166 0.048828 0.048828
0 0.341529 0.016383 0.048828 0.048828
0 0.349288 0.071805 0.048828 0.048828
0 0.398060 0.071805 0.048828 0.048828
0 0.437964 0.038552 0.048828 0.048828
0 0.394735 0.017491 0.048828 0.048828
0 0.086587 0.034118 0.048828 0.048828
0 0.020080 0.064046 0.048828 0.048828