0 0.956428 0.805237 0.048828 0.048828
0 0.514714 0.814131 0.048828 0.048828
0 0.135254 0.828953 0.048828 0.048828
0 0.007398 0.789518 0.048828 0.048828
0 0.062185 0.823523 0.048828 0.048828
0 0.108469 0.803687 0.048828 0.048828
0 0.196316 0.822579 0.048828 0.048828
0 0.167979 0.784795 0.048828 0.048828
0 0.139641 0.752679 0.048828 0.048828
0 0.086744 0.723397 0.048828 0.048828
0 0.028179 0.739455 0.048828 0.048828
0 0.014955 0.678057 0.048828 0.048828
0 0.083910 0.674278 0.048828 0.048828
0 0.141530 0.674278 0.048828 0.048828
0 0.178369 0.710173 0.048828 0.048828
0 0.234100 0.676167 0.048828 0.048828
0 0.249213 0.703560 0.048828 0.048828
0 0.223709 0.774405 0.048828 0.048828
0 0.264327 0.793296 0.048828 0.048828
0 0.301166 0.744178 0.048828 0.048828
0 0.341783 0.783850 0.048828 0.048828
0 0.389012 0.791407 0.048828 0.048828
0 0.443798 0.777238 0.048828 0.048828
0 0.484416 0.762125 0.048828 0.048828
0 0.535424 0.768737 0.048828 0.048828
0 0.604379 0.778183 0.048828 0.048828
0 0.422073 0.747956 0.048828 0.048828
0 0.372954 0.702616 0.048828 0.048828
0 0.429630 0.689392 0.048828 0.048828
0 0.471192 0.712062 0.048828 0.048828
0 0.525033 0.716785 0.048828 0.048828
0 0.564706 0.713006 0.048828 0.048828
0 0.637439 0.708283 0.048828 0.048828
0 0.662943 0.739455 0.048828 0.048828
0 0.678057 0.781961 0.048828 0.048828
0 0.745122 0.784795 0.048828 0.048828
0 0.816911 0.798019 0.048828 0.048828
0 0.876420 0.787629 0.048828 0.048828
0 0.908536 0.785740 0.048828 0.048828
0 0.979380 0.790463 0.048828 0.048828
0 0.769682 0.755513 0.048828 0.048828
0 0.831080 0.752679 0.048828 0.048828
0 0.928373 0.744178 0.048828 0.048828
0 0.989771 0.742289 0.048828 0.048828
0 0.950098 0.036681 0.048828 0.048828
0 0.977491 0.099968 0.048828 0.048828
0 0.939708 0.158533 0.048828 0.048828
0 0.985048 0.211430 0.048828 0.048828
0 0.968990 0.302110 0.048828 0.048828
0 0.969934 0.251102 0.048828 0.048828
0 0.922705 0.265271 0.048828 0.048828
0 0.948209 0.352173 0.048828 0.048828
0 0.903813 0.327614 0.048828 0.048828
0 0.948209 0.425851 0.048828 0.048828
0 0.868863 0.381456 0.048828 0.048828
0 0.836747 0.414516 0.048828 0.048828
0 0.870753 0.433408 0.048828 0.048828
0 0.934040 0.462690 0.048828 0.048828
0 0.984103 0.514643 0.048828 0.048828
0 0.916093 0.508975 0.048828 0.048828
0 0.851861 0.474025 0.048828 0.048828
0 0.816911 0.508975 0.048828 0.048828
0 0.828246 0.581708 0.048828 0.048828
0 0.871697 0.527867 0.048828 0.048828
0 0.906647 0.605323 0.048828 0.048828
0 0.928373 0.563761 0.048828 0.048828
0 0.940652 0.702616 0.048828 0.048828
0 0.946320 0.643107 0.048828 0.048828
0 0.903813 0.656331 0.048828 0.048828
0 0.850916 0.648774 0.048828 0.048828
0 0.802742 0.652553 0.048828 0.048828
0 0.891534 0.725286 0.048828 0.048828
0 0.843360 0.705450 0.048828 0.048828
0 0.760236 0.692225 0.048828 0.048828
0 0.731898 0.639328 0.048828 0.048828
0 0.760236 0.591154 0.048828 0.048828
0 0.763069 0.521255 0.048828 0.048828
0 0.779128 0.474025 0.048828 0.048828
0 0.765903 0.425851 0.048828 0.048828
0 0.754568 0.382400 0.048828 0.048828
0 0.793296 0.371065 0.048828 0.048828
0 0.842415 0.339894 0.048828 0.048828
0 0.808410 0.291720 0.048828 0.048828
0 0.845249 0.271883 0.048828 0.048828
0 0.856584 0.229377 0.048828 0.048828
0 0.893423 0.204817 0.048828 0.048828
0 0.894367 0.141530 0.048828 0.048828
0 0.917037 0.089578 0.048828 0.048828
0 0.888700 0.011177 0.048828 0.048828
0 0.865085 0.074464 0.048828 0.048828
0 0.849027 0.106580 0.048828 0.048828
0 0.851861 0.160422 0.048828 0.048828
0 0.803687 0.175535 0.048828 0.048828
0 0.813133 0.204817 0.048828 0.048828
0 0.766848 0.244490 0.048828 0.048828
0 0.750790 0.324780 0.048828 0.048828
0 0.695059 0.268105 0.048828 0.048828
0 0.658220 0.320057 0.048828 0.048828
0 0.695059 0.366342 0.048828 0.048828
0 0.616658 0.374843 0.048828 0.048828
0 0.671444 0.416405 0.048828 0.048828
0 0.713006 0.450411 0.048828 0.048828
0 0.725286 0.504252 0.048828 0.048828
0 0.689392 0.533534 0.048828 0.048828
0 0.730953 0.563761 0.048828 0.048828
0 0.709228 0.617603 0.048828 0.048828
0 0.663888 0.644051 0.048828 0.048828
0 0.648774 0.607212 0.048828 0.048828
0 0.627049 0.557149 0.048828 0.048828
0 0.597766 0.605323 0.048828 0.048828
0 0.557149 0.569429 0.048828 0.048828
0 0.512753 0.533534 0.048828 0.048828
0 0.525978 0.460801 0.048828 0.048828
0 0.527867 0.408849 0.048828 0.048828
0 0.590210 0.429630 0.048828 0.048828
0 0.601545 0.491028 0.048828 0.048828
0 0.643107 0.474970 0.048828 0.048828
0 0.822579 0.021567 0.048828 0.048828
0 0.757402 0.013066 0.048828 0.048828
0 0.792352 0.070686 0.048828 0.048828
0 0.797075 0.110359 0.048828 0.048828
0 0.745122 0.105636 0.048828 0.048828
0 0.730953 0.153810 0.048828 0.048828
0 0.688447 0.146253 0.048828 0.048828
0 0.688447 0.096190 0.048828 0.048828
0 0.671444 0.013066 0.048828 0.048828
0 0.595877 0.010232 0.048828 0.048828
0 0.559983 0.056517 0.048828 0.048828
0 0.507086 0.033847 0.048828 0.048828
0 0.625160 0.072575 0.048828 0.048828
0 0.588321 0.101857 0.048828 0.048828
0 0.547703 0.130195 0.048828 0.048828
0 0.500474 0.123583 0.048828 0.048828
0 0.637439 0.140585 0.048828 0.048828
0 0.528811 0.170812 0.048828 0.048828
0 0.587376 0.177424 0.048828 0.048828
0 0.629882 0.189704 0.048828 0.048828
0 0.708283 0.206707 0.048828 0.048828
0 0.763069 0.174591 0.048828 0.048828
0 0.638384 0.269050 0.048828 0.048828
0 0.610046 0.239767 0.048828 0.048828
0 0.548648 0.256770 0.048828 0.048828
0 0.508031 0.303055 0.048828 0.048828
0 0.593044 0.313445 0.048828 0.048828
0 0.540147 0.344617 0.048828 0.048828
0 0.576041 0.650663 0.048828 0.048828
0 0.511809 0.668611 0.048828 0.048828
0 0.695059 0.702616 0.048828 0.048828
0 0.314390 0.684669 0.048828 0.048828
0 0.351229 0.651608 0.048828 0.048828
0 0.412627 0.661054 0.048828 0.048828
0 0.424907 0.633661 0.048828 0.048828
0 0.409793 0.589265 0.048828 0.048828
0 0.483471 0.588321 0.048828 0.048828
0 0.458912 0.540147 0.048828 0.048828
0 0.422073 0.531645 0.048828 0.048828
0 0.385234 0.541091 0.048828 0.048828
0 0.341783 0.587376 0.048828 0.048828
0 0.277551 0.609102 0.048828 0.048828
0 0.234100 0.634605 0.048828 0.048828
0 0.197261 0.611935 0.048828 0.048828
0 0.182147 0.564706 0.048828 0.048828
0 0.225598 0.559983 0.048828 0.048828
0 0.247324 0.498585 0.048828 0.048828
0 0.305888 0.512753 0.048828 0.048828
0 0.355952 0.491028 0.048828 0.048828
0 0.373899 0.446632 0.048828 0.048828
0 0.420184 0.427740 0.048828 0.048828
0 0.462690 0.448521 0.048828 0.048828
0 0.435297 0.374843 0.048828 0.048828
0 0.474970 0.367287 0.048828 0.048828
0 0.404126 0.330448 0.048828 0.048828
0 0.451355 0.273772 0.048828 0.048828
0 0.491972 0.240712 0.048828 0.048828
0 0.464579 0.208596 0.048828 0.048828
0 0.492917 0.160422 0.048828 0.048828
0 0.449466 0.144364 0.048828 0.048828
0 0.419239 0.184037 0.048828 0.048828
0 0.405070 0.242601 0.048828 0.048828
0 0.369176 0.317224 0.048828 0.048828
0 0.365398 0.376733 0.048828 0.048828
0 0.322891 0.328559 0.048828 0.048828
0 0.302110 0.390901 0.048828 0.048828
0 0.265271 0.347450 0.048828 0.048828
0 0.221820 0.361619 0.048828 0.048828
0 0.228432 0.417350 0.048828 0.048828
0 0.254881 0.463635 0.048828 0.048828
0 0.331392 0.440020 0.048828 0.048828
0 0.188759 0.476859 0.048828 0.048828
0 0.186870 0.419239 0.048828 0.048828
0 0.133973 0.440965 0.048828 0.048828
0 0.100913 0.470247 0.048828 0.048828
0 0.145308 0.475914 0.048828 0.048828
0 0.142475 0.524089 0.048828 0.048828
0 0.133029 0.597766 0.048828 0.048828
0 0.073520 0.607212 0.048828 0.048828
0 0.025346 0.598711 0.048828 0.048828
0 0.018733 0.552426 0.048828 0.048828
0 0.062185 0.530701 0.048828 0.048828
0 0.049905 0.473081 0.048828 0.048828
0 0.014955 0.497640 0.048828 0.048828
0 0.011177 0.432463 0.048828 0.048828
0 0.079187 0.413572 0.048828 0.048828
0 0.133029 0.390901 0.048828 0.048828
0 0.170812 0.350284 0.048828 0.048828
0 0.095245 0.357841 0.048828 0.048828
0 0.126417 0.311556 0.048828 0.048828
0 0.174591 0.270939 0.048828 0.048828
0 0.203873 0.305888 0.048828 0.048828
0 0.246379 0.254881 0.048828 0.048828
0 0.303055 0.268105 0.048828 0.048828
0 0.357841 0.226543 0.048828 0.048828
0 0.346506 0.177424 0.048828 0.048828
0 0.299276 0.201984 0.048828 0.048828
0 0.228432 0.216153 0.048828 0.048828
0 0.175535 0.189704 0.048828 0.048828
0 0.137752 0.213319 0.048828 0.048828
0 0.121694 0.260548 0.048828 0.048828
0 0.056517 0.266216 0.048828 0.048828
0 0.093356 0.199150 0.048828 0.048828
0 0.246379 0.166089 0.048828 0.048828
0 0.303055 0.128306 0.048828 0.048828
0 0.415461 0.111303 0.048828 0.048828
0 0.472136 0.066907 0.048828 0.048828
0 0.474025 0.018733 0.048828 0.048828
0 0.438131 0.020623 0.048828 0.048828
0 0.351229 0.018733 0.048828 0.048828
0 0.299276 0.018733 0.048828 0.048828
0 0.270939 0.030069 0.048828 0.048828
0 0.314390 0.063129 0.048828 0.048828
0 0.257714 0.104691 0.048828 0.048828
0 0.222765 0.056517 0.048828 0.048828
0 0.182147 0.095245 0.048828 0.048828
0 0.162311 0.050849 0.048828 0.048828
0 0.103746 0.028179 0.048828 0.048828
0 0.047071 0.039514 0.048828 0.048828
0 0.061240 0.090522 0.048828 0.048828
0 0.116971 0.091467 0.048828 0.048828
0 0.151920 0.143419 0.048828 0.048828
0 0.203873 0.140585 0.048828 0.048828
0 0.089578 0.131140 0.048828 0.048828
0 0.038570 0.175535 0.048828 0.048828
0 0.013066 0.216153 0.048828 0.048828
0 0.062185 0.338949 0.048828 0.048828
0 0.005509 0.381456 0.048828 0.048828