0 0.595698 0.077111 0.048828 0.048828
0 0.556859 0.043985 0.048828 0.048828
0 0.529444 0.186772 0.048828 0.048828
0 0.443772 0.182203 0.048828 0.048828
0 0.408360 0.091961 0.048828 0.048828
0 0.286134 0.081680 0.048828 0.048828
0 0.645959 0.424371 0.048828 0.048828
0 0.593413 0.417517 0.048828 0.048828
0 0.570567 0.447217 0.048828 0.048828
0 0.516879 0.440363 0.048828 0.048828
0 0.500887 0.417517 0.048828 0.048828
0 0.184469 0.391244 0.048828 0.048828
0 0.022263 0.382106 0.048828 0.048828
0 0.008555 0.425513 0.048828 0.048828