0 0.983159 0.792090 0.048828 0.048828
0 0.950098 0.836485 0.048828 0.048828
0 0.977491 0.899773 0.048828 0.048828
0 0.939708 0.958337 0.048828 0.048828
0 0.894367 0.941335 0.048828 0.048828
0 0.917037 0.889382 0.048828 0.048828
0 0.888700 0.810981 0.048828 0.048828
0 0.865085 0.874269 0.048828 0.048828
0 0.849027 0.906385 0.048828 0.048828
0 0.851861 0.960226 0.048828 0.048828
0 0.803687 0.975340 0.048828 0.048828
0 0.822579 0.821372 0.048828 0.048828
0 0.757402 0.812871 0.048828 0.048828
0 0.792352 0.870491 0.048828 0.048828
0 0.797075 0.910163 0.048828 0.048828
0 0.745122 0.905440 0.048828 0.048828
0 0.730953 0.953614 0.048828 0.048828
0 0.688447 0.946058 0.048828 0.048828
0 0.688447 0.895994 0.048828 0.048828
0 0.671444 0.812871 0.048828 0.048828
0 0.595877 0.810037 0.048828 0.048828
0 0.559983 0.856322 0.048828 0.048828
0 0.507086 0.833652 0.048828 0.048828
0 0.625160 0.872380 0.048828 0.048828
0 0.588321 0.901662 0.048828 0.048828
0 0.547703 0.930000 0.048828 0.048828
0 0.500474 0.923388 0.048828 0.048828
0 0.637439 0.940390 0.048828 0.048828
0 0.528811 0.970617 0.048828 0.048828
0 0.587376 0.977229 0.048828 0.048828
0 0.629882 0.989509 0.048828 0.048828
0 0.763069 0.974395 0.048828 0.048828
0 0.492917 0.960226 0.048828 0.048828
0 0.449466 0.944168 0.048828 0.048828
0 0.419239 0.983841 0.048828 0.048828
0 0.346506 0.977229 0.048828 0.048828
0 0.175535 0.989509 0.048828 0.048828
0 0.093356 0.998955 0.048828 0.048828
0 0.246379 0.965894 0.048828 0.048828
0 0.303055 0.928110 0.048828 0.048828
0 0.415461 0.911108 0.048828 0.048828
0 0.472136 0.866712 0.048828 0.048828
0 0.474025 0.818538 0.048828 0.048828
0 0.493862 0.778865 0.048828 0.048828
0 0.635550 0.762807 0.048828 0.048828
0 0.666721 0.754306 0.048828 0.048828
0 0.708283 0.769420 0.048828 0.048828
0 0.419239 0.780755 0.048828 0.048828
0 0.438131 0.820427 0.048828 0.048828
0 0.351229 0.818538 0.048828 0.048828
0 0.338949 0.768475 0.048828 0.048828
0 0.268105 0.759974 0.048828 0.048828
0 0.299276 0.818538 0.048828 0.048828
0 0.270939 0.829873 0.048828 0.048828
0 0.237878 0.792090 0.048828 0.048828
0 0.314390 0.862934 0.048828 0.048828
0 0.257714 0.904496 0.048828 0.048828
0 0.222765 0.856322 0.048828 0.048828
0 0.182147 0.895050 0.048828 0.048828
0 0.162311 0.850654 0.048828 0.048828
0 0.162311 0.799646 0.048828 0.048828
0 0.126417 0.760918 0.048828 0.048828
0 0.066907 0.781699 0.048828 0.048828
0 0.103746 0.827984 0.048828 0.048828
0 0.047071 0.839319 0.048828 0.048828
0 0.005509 0.771309 0.048828 0.048828
0 0.061240 0.890327 0.048828 0.048828
0 0.116971 0.891271 0.048828 0.048828
0 0.151920 0.943224 0.048828 0.048828
0 0.203873 0.940390 0.048828 0.048828
0 0.089578 0.930944 0.048828 0.048828
0 0.038570 0.975340 0.048828 0.048828
0 0.049905 0.732581 0.048828 0.048828
0 0.178369 0.727858 0.048828 0.048828
0 0.137752 0.694797 0.048828 0.048828
0 0.164200 0.648512 0.048828 0.048828
0 0.171757 0.601283 0.048828 0.048828
0 0.163256 0.555942 0.048828 0.048828
0 0.173646 0.513436 0.048828 0.048828
0 0.107525 0.562555 0.048828 0.048828
0 0.110359 0.628676 0.048828 0.048828
0 0.018733 0.693852 0.048828 0.048828
0 0.043293 0.644734 0.048828 0.048828
0 0.048960 0.585225 0.048828 0.048828
0 0.048960 0.531383 0.048828 0.048828
0 0.088633 0.500212 0.048828 0.048828
0 0.036681 0.478486 0.048828 0.048828
0 0.011177 0.541774 0.048828 0.048828
0 0.000786 0.595615 0.048828 0.048828
0 0.065963 0.427478 0.048828 0.048828
0 0.099968 0.395362 0.048828 0.048828
0 0.149087 0.412365 0.048828 0.048828
0 0.150031 0.348133 0.048828 0.048828
0 0.180258 0.326407 0.048828 0.048828
0 0.164200 0.283901 0.048828 0.048828
0 0.099024 0.340576 0.048828 0.048828
0 0.093356 0.282956 0.048828 0.048828
0 0.112248 0.242339 0.048828 0.048828
0 0.076353 0.246117 0.048828 0.048828
0 0.160422 0.223447 0.048828 0.048828
0 0.137752 0.170550 0.048828 0.048828
0 0.149087 0.128988 0.048828 0.048828
0 0.167979 0.081759 0.048828 0.048828
0 0.116026 0.095928 0.048828 0.048828
0 0.054628 0.051532 0.048828 0.048828
0 0.023456 0.096872 0.048828 0.048828
0 0.006454 0.046809 0.048828 0.048828
0 0.037625 0.138434 0.048828 0.048828
0 0.036681 0.209278 0.048828 0.048828
0 0.019678 0.291458 0.048828 0.048828
0 0.035736 0.367969 0.048828 0.048828
0 0.158533 0.034529 0.048828 0.048828
0 0.195372 0.029806 0.048828 0.048828
0 0.270939 0.047754 0.048828 0.048828
0 0.236933 0.072313 0.048828 0.048828
0 0.321002 0.024139 0.048828 0.048828
0 0.366342 0.020361 0.048828 0.048828
0 0.353118 0.071368 0.048828 0.048828
0 0.313445 0.081759 0.048828 0.048828
0 0.340838 0.102540 0.048828 0.048828
0 0.354063 0.129933 0.048828 0.048828
0 0.384289 0.158271 0.048828 0.048828
0 0.373899 0.204555 0.048828 0.048828
0 0.313445 0.204555 0.048828 0.048828
0 0.309667 0.158271 0.048828 0.048828
0 0.277551 0.156381 0.048828 0.048828
0 0.252047 0.110096 0.048828 0.048828
0 0.202928 0.142213 0.048828 0.048828
0 0.230321 0.204555 0.048828 0.048828
0 0.208596 0.248951 0.048828 0.048828
0 0.235989 0.268787 0.048828 0.048828
0 0.234100 0.322629 0.048828 0.048828
0 0.184981 0.369858 0.048828 0.048828
0 0.207651 0.411420 0.048828 0.048828
0 0.199150 0.474708 0.048828 0.048828
0 0.200095 0.538940 0.048828 0.048828
0 0.231266 0.716523 0.048828 0.048828
0 0.252992 0.671182 0.048828 0.048828
0 0.306833 0.715578 0.048828 0.048828
0 0.372010 0.732581 0.048828 0.048828
0 0.450411 0.742971 0.048828 0.048828
0 0.499529 0.731636 0.048828 0.048828
0 0.587376 0.720301 0.048828 0.048828
0 0.565650 0.762807 0.048828 0.048828
0 0.661998 0.592781 0.048828 0.048828
0 0.602489 0.621119 0.048828 0.048828
0 0.573207 0.665515 0.048828 0.048828
0 0.516532 0.674016 0.048828 0.048828
0 0.474025 0.674016 0.048828 0.048828
0 0.472136 0.635288 0.048828 0.048828
0 0.476859 0.581446 0.048828 0.048828
0 0.527867 0.609784 0.048828 0.048828
0 0.548648 0.566333 0.048828 0.048828
0 0.598711 0.570111 0.048828 0.048828
0 0.636495 0.538940 0.048828 0.048828
0 0.593988 0.510602 0.048828 0.048828
0 0.591154 0.457705 0.048828 0.048828
0 0.584542 0.419922 0.048828 0.048828
0 0.556205 0.502101 0.048828 0.048828
0 0.490083 0.521937 0.048828 0.048828
0 0.505197 0.473763 0.048828 0.048828
0 0.443798 0.452982 0.048828 0.048828
0 0.453244 0.403864 0.048828 0.048828
0 0.410738 0.418032 0.048828 0.048828
0 0.415461 0.370803 0.048828 0.048828
0 0.377677 0.359468 0.048828 0.048828
0 0.338005 0.379304 0.048828 0.048828
0 0.356896 0.437869 0.048828 0.048828
0 0.310611 0.444481 0.048828 0.048828
0 0.332337 0.487932 0.048828 0.048828
0 0.373899 0.516270 0.048828 0.048828
0 0.423962 0.518159 0.048828 0.048828
0 0.416405 0.574834 0.048828 0.048828
0 0.405070 0.628676 0.048828 0.048828
0 0.417350 0.674961 0.048828 0.048828
0 0.363508 0.611673 0.048828 0.048828
0 0.363508 0.565388 0.048828 0.048828
0 0.329503 0.621119 0.048828 0.048828
0 0.347450 0.674961 0.048828 0.048828
0 0.278495 0.623008 0.048828 0.048828
0 0.231266 0.592781 0.048828 0.048828
0 0.267160 0.570111 0.048828 0.048828
0 0.245435 0.523826 0.048828 0.048828
0 0.307778 0.542718 0.048828 0.048828
0 0.279440 0.497378 0.048828 0.048828
0 0.277551 0.455816 0.048828 0.048828
0 0.236933 0.441647 0.048828 0.048828
0 0.252992 0.419922 0.048828 0.048828
0 0.287941 0.307516 0.048828 0.048828
0 0.324780 0.286735 0.048828 0.048828
0 0.336115 0.337742 0.048828 0.048828
0 0.385234 0.310349 0.048828 0.048828
0 0.441909 0.298070 0.048828 0.048828
0 0.487250 0.311294 0.048828 0.048828
0 0.482527 0.386861 0.048828 0.048828
0 0.547703 0.397252 0.048828 0.048828
0 0.564706 0.351911 0.048828 0.048828
0 0.637439 0.387806 0.048828 0.048828
0 0.631772 0.333964 0.048828 0.048828
0 0.679946 0.442592 0.048828 0.048828
0 0.686558 0.300903 0.048828 0.048828
0 0.691281 0.246117 0.048828 0.048828
0 0.732843 0.240450 0.048828 0.048828
0 0.722452 0.166772 0.048828 0.048828
0 0.680890 0.161104 0.048828 0.048828
0 0.696004 0.091205 0.048828 0.048828
0 0.768737 0.031696 0.048828 0.048828
0 0.669555 0.050587 0.048828 0.048828
0 0.611935 0.043031 0.048828 0.048828
0 0.624215 0.085537 0.048828 0.048828
0 0.630827 0.138434 0.048828 0.048828
0 0.627049 0.218724 0.048828 0.048828
0 0.593044 0.193220 0.048828 0.048828
0 0.622326 0.258397 0.048828 0.048828
0 0.579819 0.277289 0.048828 0.048828
0 0.534479 0.294291 0.048828 0.048828
0 0.553371 0.231948 0.048828 0.048828
0 0.490083 0.241394 0.048828 0.048828
0 0.444743 0.231948 0.048828 0.048828
0 0.386179 0.262175 0.048828 0.048828
0 0.328559 0.233838 0.048828 0.048828
0 0.450411 0.194165 0.048828 0.048828
0 0.494806 0.177162 0.048828 0.048828
0 0.464579 0.143157 0.048828 0.048828
0 0.533534 0.134656 0.048828 0.048828
0 0.584542 0.143157 0.048828 0.048828
0 0.574152 0.097817 0.048828 0.048828
0 0.490083 0.102540 0.048828 0.048828
0 0.519366 0.077036 0.048828 0.048828
0 0.559038 0.040197 0.048828 0.048828
0 0.498585 0.029806 0.048828 0.048828
0 0.439076 0.035474 0.048828 0.048828
0 0.400347 0.107263 0.048828 0.048828
0 0.656331 0.705187 0.048828 0.048828
0 0.659165 0.665515 0.048828 0.048828
0 0.704505 0.649457 0.048828 0.048828
0 0.730953 0.685351 0.048828 0.048828
0 0.706394 0.724079 0.048828 0.048828
0 0.788573 0.774142 0.048828 0.048828
0 0.798964 0.725024 0.048828 0.048828
0 0.812188 0.669293 0.048828 0.048828
0 0.770626 0.634343 0.048828 0.048828
0 0.730009 0.571056 0.048828 0.048828
0 0.730953 0.535161 0.048828 0.048828
0 0.777238 0.583336 0.048828 0.048828
0 0.827302 0.606950 0.048828 0.048828
0 0.870753 0.615452 0.048828 0.048828
0 0.908536 0.652291 0.048828 0.048828
0 0.911370 0.703298 0.048828 0.048828
0 0.860362 0.680628 0.048828 0.048828
0 0.852805 0.750528 0.048828 0.048828
0 0.918927 0.764697 0.048828 0.048828
0 0.953876 0.699520 0.048828 0.048828
0 0.949154 0.608839 0.048828 0.048828
0 0.898146 0.554998 0.048828 0.048828
0 0.854695 0.547441 0.048828 0.048828
0 0.784795 0.529494 0.048828 0.048828
0 0.776294 0.483209 0.048828 0.048828
0 0.814077 0.478486 0.048828 0.048828
0 0.865085 0.488877 0.048828 0.048828
0 0.912315 0.478486 0.048828 0.048828
0 0.927428 0.420866 0.048828 0.048828
0 0.847138 0.432201 0.048828 0.048828
0 0.770626 0.446370 0.048828 0.048828
0 0.732843 0.395362 0.048828 0.048828
0 0.793296 0.398196 0.048828 0.048828
0 0.849027 0.393473 0.048828 0.048828
0 0.897201 0.358523 0.048828 0.048828
0 0.943486 0.319795 0.048828 0.048828
0 0.940652 0.242339 0.048828 0.048828
0 0.907592 0.275400 0.048828 0.048828
0 0.868863 0.304682 0.048828 0.048828
0 0.808410 0.338687 0.048828 0.048828
0 0.741344 0.308460 0.048828 0.048828
0 0.793296 0.284845 0.048828 0.048828
0 0.814077 0.247062 0.048828 0.048828
0 0.870753 0.253674 0.048828 0.048828
0 0.914204 0.213057 0.048828 0.048828
0 0.854695 0.181885 0.048828 0.048828
0 0.770626 0.186608 0.048828 0.048828
0 0.815966 0.145991 0.048828 0.048828
0 0.773460 0.113875 0.048828 0.048828
0 0.796130 0.086482 0.048828 0.048828
0 0.854695 0.113875 0.048828 0.048828
0 0.840526 0.061922 0.048828 0.048828
0 0.929317 0.080814 0.048828 0.048828
0 0.924594 0.047754 0.048828 0.048828
0 0.954821 0.039252 0.048828 0.048828
0 0.814077 0.028862 0.048828 0.048828
0 0.210485 0.655124 0.048828 0.048828
0 0.986937 0.739193 0.048828 0.048828
0 0.976547 0.513436 0.048828 0.048828
0 0.977491 0.637177 0.048828 0.048828
0 0.965212 0.562555 0.048828 0.048828
0 0.983159 0.388750 0.048828 0.048828
0 0.993549 0.217780 0.048828 0.048828
0 0.977491 0.071368 0.048828 0.048828
0 0.972768 0.137490 0.048828 0.048828
0 0.905702 0.011859 0.048828 0.048828
0 0.736621 0.005247 0.048828 0.048828
0 0.090522 0.015638 0.048828 0.048828