0 0.118732 0.965828 0.048828 0.048828
0 0.163069 0.993539 0.048828 0.048828
0 0.215166 0.991322 0.048828 0.048828
0 0.310493 0.983563 0.048828 0.048828
0 0.436856 0.993539 0.048828 0.048828
0 0.420229 0.960286 0.048828 0.048828
0 0.423554 0.912623 0.048828 0.048828
0 0.386975 0.927032 0.048828 0.048828
0 0.330445 0.937008 0.048828 0.048828
0 0.289432 0.942551 0.048828 0.048828
0 0.229576 0.929249 0.048828 0.048828
0 0.179696 0.929249 0.048828 0.048828
0 0.002345 0.980238 0.048828 0.048828
0 0.038923 0.919273 0.048828 0.048828
0 0.069960 0.901538 0.048828 0.048828
0 0.120948 0.883803 0.048828 0.048828
0 0.147551 0.849441 0.048828 0.048828
0 0.208516 0.874935 0.048828 0.048828
0 0.299408 0.891562 0.048828 0.048828
0 0.255070 0.853875 0.048828 0.048828
0 0.201865 0.813971 0.048828 0.048828
0 0.248420 0.789585 0.048828 0.048828
0 0.292758 0.791802 0.048828 0.048828
0 0.323794 0.775175 0.048828 0.048828
0 0.341529 0.816188 0.048828 0.048828
0 0.349288 0.871610 0.048828 0.048828
0 0.398060 0.871610 0.048828 0.048828
0 0.437964 0.838357 0.048828 0.048828
0 0.394735 0.817296 0.048828 0.048828
0 0.383650 0.756332 0.048828 0.048828
0 0.358156 0.718644 0.048828 0.048828
0 0.304950 0.729729 0.048828 0.048828
0 0.215166 0.756332 0.048828 0.048828
0 0.271697 0.717536 0.048828 0.048828
0 0.210733 0.706452 0.048828 0.048828
0 0.164178 0.679849 0.048828 0.048828
0 0.143117 0.705343 0.048828 0.048828
0 0.092129 0.694259 0.048828 0.048828
0 0.132033 0.789585 0.048828 0.048828
0 0.086587 0.833923 0.048828 0.048828
0 0.063309 0.772958 0.048828 0.048828
0 0.020080 0.863851 0.048828 0.048828
0 0.035598 0.791802 0.048828 0.048828
0 0.026731 0.734163 0.048828 0.048828
0 0.043357 0.693150 0.048828 0.048828
0 0.050008 0.641053 0.048828 0.048828
0 0.342638 0.672090 0.048828 0.048828
0 0.309384 0.642162 0.048828 0.048828
0 0.280565 0.672090 0.048828 0.048828
0 0.219600 0.642162 0.048828 0.048828
0 0.179696 0.606691 0.048828 0.048828
0 0.149768 0.638836 0.048828 0.048828
0 0.076611 0.613342 0.048828 0.048828
0 0.125382 0.583414 0.048828 0.048828
0 0.056659 0.566787 0.048828 0.048828
0 0.010104 0.593390 0.048828 0.048828
0 0.007887 0.539076 0.048828 0.048828
0 0.011212 0.336231 0.048828 0.048828
0 0.062201 0.339556 0.048828 0.048828
0 0.122057 0.332905 0.048828 0.048828
0 0.021188 0.380568 0.048828 0.048828
0 0.073285 0.381677 0.048828 0.048828
0 0.160852 0.379460 0.048828 0.048828
0 0.204082 0.396087 0.048828 0.048828
0 0.032273 0.443750 0.048828 0.048828
0 0.054442 0.475895 0.048828 0.048828
0 0.093237 0.495847 0.048828 0.048828
0 0.138684 0.535751 0.048828 0.048828
0 0.179696 0.563462 0.048828 0.048828
0 0.220709 0.583414 0.048828 0.048828
0 0.265046 0.593390 0.048828 0.048828
0 0.329336 0.602258 0.048828 0.048828
0 0.330445 0.556811 0.048828 0.048828
0 0.303842 0.560137 0.048828 0.048828
0 0.251745 0.537968 0.048828 0.048828
0 0.206299 0.529100 0.048828 0.048828
0 0.312710 0.530209 0.048828 0.048828
0 0.291649 0.508040 0.048828 0.048828
0 0.247311 0.481437 0.048828 0.048828
0 0.239552 0.428232 0.048828 0.048828
0 0.198540 0.449292 0.048828 0.048828
0 0.153093 0.490305 0.048828 0.048828
0 0.132033 0.442641 0.048828 0.048828
0 0.082153 0.423798 0.048828 0.048828
0 0.055550 0.294110 0.048828 0.048828