0 0.084711 0.982791 0.048828 0.048828
0 0.141539 0.992042 0.048828 0.048828
0 0.195725 0.993364 0.048828 0.048828
0 0.142861 0.931248 0.048828 0.048828
0 0.145504 0.865169 0.048828 0.048828
0 0.103213 0.871777 0.048828 0.048828
0 0.083389 0.931248 0.048828 0.048828
0 0.000128 0.960324 0.048828 0.048828
0 0.071495 0.824199 0.048828 0.048828
0 0.022596 0.877063 0.048828 0.048828
0 0.018631 0.797767 0.048828 0.048828
0 0.108499 0.746225 0.048828 0.048828
0 0.089997 0.705255 0.048828 0.048828
0 0.008058 0.742260 0.048828 0.048828
0 0.023917 0.706577 0.048828 0.048828
0 0.017309 0.633889 0.048828 0.048828
0 0.084711 0.639176 0.048828 0.048828
0 0.092640 0.598206 0.048828 0.048828
0 0.138896 0.570453 0.048828 0.048828
0 0.158720 0.480584 0.048828 0.048828
0 0.191760 0.440936 0.048828 0.048828
0 0.236694 0.413183 0.048828 0.048828
0 0.103213 0.529483 0.048828 0.048828
0 0.134931 0.409218 0.048828 0.048828
0 0.214227 0.364283 0.048828 0.048828
0 0.136253 0.368248 0.048828 0.048828
0 0.285593 0.344460 0.048828 0.048828
0 0.230086 0.311420 0.048828 0.048828
0 0.154755 0.332565 0.048828 0.048828
0 0.084711 0.311420 0.048828 0.048828
0 0.018631 0.339173 0.048828 0.048828
0 0.063565 0.405253 0.048828 0.048828
0 0.068852 0.462082 0.048828 0.048828
0 0.034490 0.500408 0.048828 0.048828
0 0.042420 0.549307 0.048828 0.048828
0 0.031847 0.590277 0.048828 0.048828
0 0.001948 0.293973 0.048828 0.048828
0 0.017288 0.248910 0.048828 0.048828
0 0.053722 0.261374 0.048828 0.048828
0 0.111248 0.241240 0.048828 0.048828
0 0.069062 0.213436 0.048828 0.048828
0 0.005783 0.190425 0.048828 0.048828
0 0.023041 0.164538 0.048828 0.048828
0 0.044134 0.133857 0.048828 0.048828
0 0.004824 0.108929 0.048828 0.048828
0 0.048928 0.073454 0.048828 0.048828
0 0.001948 0.029351 0.048828 0.048828
0 0.066186 0.013052 0.048828 0.048828
0 0.104537 0.042774 0.048828 0.048828
0 0.154393 0.094547 0.048828 0.048828
0 0.137135 0.178920 0.048828 0.048828
0 0.105496 0.164538 0.048828 0.048828
0 0.157270 0.276715 0.048828 0.048828
0 0.211920 0.273839 0.048828 0.048828
0 0.203291 0.204807 0.048828 0.048828
0 0.260817 0.230694 0.048828 0.048828
0 0.303004 0.276715 0.048828 0.048828
0 0.329849 0.245075 0.048828 0.048828
0 0.358613 0.190425 0.048828 0.048828
0 0.399840 0.137692 0.048828 0.048828
0 0.415180 0.083042 0.048828 0.048828
0 0.432438 0.028392 0.048828 0.048828
0 0.350942 0.047567 0.048828 0.048828
0 0.325055 0.090712 0.048828 0.048828
0 0.337520 0.134816 0.048828 0.048828
0 0.305880 0.048526 0.048828 0.048828
0 0.259859 0.091671 0.048828 0.048828
0 0.226302 0.072496 0.048828 0.048828
0 0.208085 0.096465 0.048828 0.048828
0 0.225343 0.013052 0.048828 0.048828
0 0.188909 0.008258 0.048828 0.048828
0 0.163022 0.037980 0.048828 0.048828
0 0.287663 0.190425 0.048828 0.048828
0 0.239724 0.142486 0.048828 0.048828
0 0.206167 0.597905 0.048828 0.048828
0 0.224384 0.532708 0.048828 0.048828
0 0.263694 0.478058 0.048828 0.048828
0 0.298210 0.423408 0.048828 0.048828
0 0.305880 0.395603 0.048828 0.048828
0 0.356695 0.403273 0.048828 0.048828
0 0.345190 0.334241 0.048828 0.048828
0 0.412304 0.356293 0.048828 0.048828
0 0.436273 0.308354 0.048828 0.048828
0 0.388335 0.268086 0.048828 0.048828
0 0.424768 0.178920 0.048828 0.048828
0 0.446820 0.112764 0.048828 0.048828
0 0.477501 0.066743 0.048828 0.048828
0 0.492841 0.013052 0.048828 0.048828
0 0.861970 0.048526 0.048828 0.048828
0 0.853341 0.119476 0.048828 0.048828
0 0.830330 0.079207 0.048828 0.048828
0 0.801567 0.008258 0.048828 0.048828
0 0.539821 0.021681 0.048828 0.048828
0 0.589678 0.010175 0.048828 0.048828
0 0.759381 0.044691 0.048828 0.048828
0 0.700896 0.038938 0.048828 0.048828
0 0.773763 0.075372 0.048828 0.048828
0 0.710483 0.084001 0.048828 0.048828
0 0.634740 0.054279 0.048828 0.048828
0 0.540780 0.074413 0.048828 0.048828
0 0.487089 0.120434 0.048828 0.048828
0 0.487089 0.146321 0.048828 0.048828
0 0.533110 0.129063 0.048828 0.048828
0 0.577214 0.183714 0.048828 0.048828
0 0.591595 0.131940 0.048828 0.048828
0 0.651998 0.117558 0.048828 0.048828
0 0.731576 0.135775 0.048828 0.048828
0 0.770886 0.152074 0.048828 0.048828
0 0.836083 0.169332 0.048828 0.048828
0 0.843753 0.233570 0.048828 0.048828
0 0.838959 0.261374 0.048828 0.048828
0 0.778556 0.282468 0.048828 0.048828
0 0.809237 0.332324 0.048828 0.048828
0 0.740205 0.324654 0.048828 0.048828
0 0.766092 0.231652 0.048828 0.048828
0 0.719112 0.206724 0.048828 0.048828
0 0.721030 0.271921 0.048828 0.048828
0 0.661586 0.260416 0.048828 0.048828
0 0.675967 0.164538 0.048828 0.048828
0 0.650080 0.211518 0.048828 0.048828
0 0.598307 0.247952 0.048828 0.048828
0 0.556120 0.219188 0.048828 0.048828
0 0.510099 0.267127 0.048828 0.048828
0 0.471748 0.270003 0.048828 0.048828
0 0.442026 0.243158 0.048828 0.048828
0 0.497635 0.197136 0.048828 0.048828
0 0.496676 0.339035 0.048828 0.048828
0 0.537904 0.317942 0.048828 0.048828
0 0.593513 0.321777 0.048828 0.048828
0 0.683638 0.326571 0.048828 0.048828
0 0.674050 0.394644 0.048828 0.048828
0 0.648163 0.355335 0.048828 0.048828
0 0.609812 0.386015 0.048828 0.048828
0 0.609812 0.419572 0.048828 0.048828
0 0.622276 0.454088 0.048828 0.048828
0 0.567626 0.419572 0.048828 0.048828
0 0.578172 0.472305 0.048828 0.048828
0 0.515852 0.486687 0.048828 0.048828
0 0.502429 0.433954 0.048828 0.048828
0 0.531192 0.376428 0.048828 0.048828
0 0.461202 0.455047 0.048828 0.048828
0 0.453531 0.511615 0.048828 0.048828
0 0.414222 0.478058 0.048828 0.048828
0 0.389293 0.404232 0.048828 0.048828
0 0.468872 0.386015 0.048828 0.048828
0 0.333684 0.449295 0.048828 0.048828
0 0.320262 0.504904 0.048828 0.048828
0 0.359571 0.521203 0.048828 0.048828
0 0.413263 0.532708 0.048828 0.048828
0 0.353819 0.565306 0.048828 0.048828
0 0.296292 0.564348 0.048828 0.048828
0 0.303962 0.606534 0.048828 0.048828
0 0.743082 0.383139 0.048828 0.048828
0 0.767051 0.386015 0.048828 0.048828
0 0.802526 0.394644 0.048828 0.048828
0 0.863887 0.415737 0.048828 0.048828
0 0.895527 0.484769 0.048828 0.048828
0 0.812114 0.475181 0.048828 0.048828
0 0.736370 0.439707 0.048828 0.048828
0 0.689390 0.475181 0.048828 0.048828
0 0.743082 0.505862 0.048828 0.048828
0 0.781433 0.506821 0.048828 0.048828
0 0.817866 0.528873 0.048828 0.048828
0 0.932919 0.591193 0.048828 0.048828
0 0.912785 0.549007 0.048828 0.048828
0 0.878269 0.560513 0.048828 0.048828
0 0.924290 0.616122 0.048828 0.048828
0 0.884022 0.618039 0.048828 0.048828
0 0.833207 0.616122 0.048828 0.048828
0 0.817866 0.581606 0.048828 0.048828
0 0.776639 0.572977 0.048828 0.048828
0 0.715277 0.574894 0.048828 0.048828
0 0.772804 0.620915 0.048828 0.048828
0 0.745958 0.636256 0.048828 0.048828
0 0.711442 0.625709 0.048828 0.048828
0 0.683638 0.610369 0.048828 0.048828
0 0.680761 0.545172 0.048828 0.048828
0 0.633781 0.561471 0.048828 0.048828
0 0.605977 0.602699 0.048828 0.048828
0 0.560914 0.578729 0.048828 0.048828
0 0.552285 0.532708 0.048828 0.048828
0 0.618441 0.515450 0.048828 0.048828
0 0.536945 0.622833 0.048828 0.048828
0 0.502429 0.571059 0.048828 0.048828
0 0.449696 0.588317 0.048828 0.048828
0 0.465037 0.634338 0.048828 0.048828
0 0.422851 0.629544 0.048828 0.048828
0 0.363407 0.620915 0.048828 0.048828
0 0.385458 0.578729 0.048828 0.048828
0 0.146723 0.694741 0.048828 0.048828
0 0.210961 0.682277 0.048828 0.048828
0 0.263694 0.657349 0.048828 0.048828
0 0.178363 0.754185 0.048828 0.048828
0 0.225343 0.740762 0.048828 0.048828
0 0.272323 0.698576 0.048828 0.048828
0 0.306839 0.681318 0.048828 0.048828
0 0.353819 0.689947 0.048828 0.048828
0 0.417098 0.702411 0.048828 0.048828
0 0.457367 0.698576 0.048828 0.048828
0 0.513934 0.678442 0.048828 0.048828
0 0.582966 0.649679 0.048828 0.048828
0 0.649122 0.673648 0.048828 0.048828
0 0.706648 0.683236 0.048828 0.048828
0 0.670215 0.730216 0.048828 0.048828
0 0.607894 0.720628 0.048828 0.048828
0 0.528316 0.715834 0.048828 0.048828
0 0.498594 0.765691 0.048828 0.048828
0 0.433397 0.773361 0.048828 0.048828
0 0.390252 0.761855 0.048828 0.048828
0 0.326973 0.730216 0.048828 0.048828
0 0.334643 0.789660 0.048828 0.048828
0 0.280952 0.755144 0.048828 0.048828
0 0.206167 0.818423 0.048828 0.048828
0 0.270405 0.838558 0.048828 0.048828
0 0.222466 0.884579 0.048828 0.048828
0 0.294375 0.912383 0.048828 0.048828
0 0.352860 0.855815 0.048828 0.048828
0 0.240683 0.954569 0.048828 0.048828
0 0.258900 0.998673 0.048828 0.048828
0 0.328891 0.988127 0.048828 0.048828
0 0.699937 0.975662 0.048828 0.048828
0 0.750752 0.954569 0.048828 0.048828
0 0.836083 0.949776 0.048828 0.048828
0 0.791021 0.908548 0.048828 0.048828
0 0.709525 0.906631 0.048828 0.048828
0 0.683638 0.940188 0.048828 0.048828
0 0.627070 0.950734 0.048828 0.048828
0 0.603100 0.994838 0.048828 0.048828
0 0.558997 0.973745 0.048828 0.048828
0 0.494759 0.973745 0.048828 0.048828
0 0.414222 0.974704 0.048828 0.048828
0 0.369159 0.931559 0.048828 0.048828
0 0.412304 0.907589 0.048828 0.048828
0 0.437232 0.852939 0.048828 0.048828
0 0.400799 0.821300 0.048828 0.048828
0 0.455449 0.917177 0.048828 0.048828
0 0.505305 0.910466 0.048828 0.048828
0 0.525440 0.842393 0.048828 0.048828
0 0.470789 0.814588 0.048828 0.048828
0 0.559956 0.786784 0.048828 0.048828
0 0.591595 0.799248 0.048828 0.048828
0 0.621317 0.783907 0.048828 0.048828
0 0.601183 0.857733 0.048828 0.048828
0 0.650080 0.830887 0.048828 0.048828
0 0.684596 0.791578 0.048828 0.048828
0 0.584884 0.920053 0.048828 0.048828
0 0.658709 0.892249 0.048828 0.048828
0 0.710483 0.857733 0.048828 0.048828
0 0.773763 0.863486 0.048828 0.048828
0 0.763216 0.810753 0.048828 0.048828
0 0.739247 0.758979 0.048828 0.048828
0 0.781433 0.707205 0.048828 0.048828
0 0.825536 0.678442 0.048828 0.048828
0 0.799650 0.761855 0.048828 0.048828
0 0.863887 0.764732 0.048828 0.048828
0 0.901280 0.760897 0.048828 0.048828
0 0.942507 0.744597 0.048828 0.048828
0 0.874434 0.710082 0.048828 0.048828
0 0.896486 0.690906 0.048828 0.048828
0 0.948260 0.679401 0.048828 0.048828
0 0.959765 0.807877 0.048828 0.048828
0 0.902239 0.801165 0.048828 0.048828
0 0.834165 0.811712 0.048828 0.048828
0 0.851423 0.880744 0.048828 0.048828
0 0.887857 0.891290 0.048828 0.048828
0 0.961683 0.872115 0.048828 0.048828
0 0.949219 0.932518 0.048828 0.048828
0 0.896486 0.946899 0.048828 0.048828
0 0.943466 0.990044 0.048828 0.048828
0 0.988528 0.967033 0.048828 0.048828
0 0.921414 0.373551 0.048828 0.048828
0 0.962641 0.324654 0.048828 0.048828
0 0.931002 0.312190 0.048828 0.048828
0 0.964559 0.246993 0.048828 0.048828
0 0.992363 0.157827 0.048828 0.048828
0 0.987570 0.060990 0.048828 0.048828