0 0.999469 0.158591 0.048828 0.048828
0 0.995107 0.240002 0.048828 0.048828
0 0.948587 0.192028 0.048828 0.048828
0 0.922419 0.242909 0.048828 0.048828
0 0.867177 0.221103 0.048828 0.048828
0 0.884622 0.171675 0.048828 0.048828
0 0.803211 0.190574 0.048828 0.048828
0 0.794489 0.144054 0.048828 0.048828
0 0.848278 0.135331 0.048828 0.048828
0 0.923873 0.122248 0.048828 0.048828
0 0.999469 0.021938 0.048828 0.048828
0 0.954402 0.068459 0.048828 0.048828
0 0.916604 0.043745 0.048828 0.048828
0 0.833740 0.001586 0.048828 0.048828
0 0.871538 0.075727 0.048828 0.048828
0 0.813388 0.075727 0.048828 0.048828
0 0.772683 0.042291 0.048828 0.048828
0 0.622946 0.055375 0.048828 0.048828
0 0.742154 0.100441 0.048828 0.048828
0 0.739246 0.176037 0.048828 0.048828
0 0.672373 0.125155 0.048828 0.048828
0 0.612769 0.110617 0.048828 0.048828
0 0.647660 0.165860 0.048828 0.048828
0 0.669466 0.224010 0.048828 0.048828
0 0.628761 0.240002 0.048828 0.048828
0 0.592417 0.226918 0.048828 0.048828
0 0.577879 0.168768 0.048828 0.048828
0 0.553165 0.133878 0.048828 0.048828
0 0.553165 0.075727 0.048828 0.048828
0 0.563342 0.005947 0.048828 0.048828
0 0.465940 0.007401 0.048828 0.048828
0 0.511006 0.023392 0.048828 0.048828
0 0.506645 0.104802 0.048828 0.048828
0 0.465940 0.062644 0.048828 0.048828
0 0.495015 0.154230 0.048828 0.048828
0 0.528451 0.200750 0.048828 0.048828
0 0.465940 0.229826 0.048828 0.048828
0 0.444134 0.196389 0.048828 0.048828
0 0.381622 0.145508 0.048828 0.048828
0 0.419420 0.091719 0.048828 0.048828
0 0.394706 0.029207 0.048828 0.048828
0 0.349639 0.029207 0.048828 0.048828
0 0.301665 0.036476 0.048828 0.048828
0 0.362723 0.093172 0.048828 0.048828
0 0.323472 0.112071 0.048828 0.048828
0 0.320564 0.177490 0.048828 0.048828
0 0.269683 0.165860 0.048828 0.048828
0 0.288582 0.231279 0.048828 0.048828
0 0.367085 0.229826 0.048828 0.048828
0 0.227524 0.242909 0.048828 0.048828
0 0.202810 0.212380 0.048828 0.048828
0 0.188272 0.142600 0.048828 0.048828
0 0.218801 0.112071 0.048828 0.048828
0 0.258053 0.072820 0.048828 0.048828
0 0.217348 0.046652 0.048828 0.048828
0 0.249330 0.008855 0.048828 0.048828
0 0.154836 0.020485 0.048828 0.048828
0 0.163559 0.094626 0.048828 0.048828
0 0.137391 0.162953 0.048828 0.048828
0 0.108316 0.104802 0.048828 0.048828
0 0.112677 0.064097 0.048828 0.048828
0 0.138845 0.221103 0.048828 0.048828
0 0.115585 0.245817 0.048828 0.048828
0 0.034174 0.238548 0.048828 0.048828
0 0.013822 0.203658 0.048828 0.048828
0 0.074879 0.183305 0.048828 0.048828
0 0.071972 0.100441 0.048828 0.048828
0 0.009460 0.136785 0.048828 0.048828
0 0.008007 0.045198 0.048828 0.048828
0 0.073426 0.040837 0.048828 0.048828
0 0.016729 0.003040 0.048828 0.048828