0 0.005783 0.990230 0.048828 0.048828
0 0.023041 0.964343 0.048828 0.048828
0 0.044134 0.933662 0.048828 0.048828
0 0.004824 0.908734 0.048828 0.048828
0 0.048928 0.873259 0.048828 0.048828
0 0.001948 0.829155 0.048828 0.048828
0 0.066186 0.812856 0.048828 0.048828
0 0.104537 0.842578 0.048828 0.048828
0 0.154393 0.894352 0.048828 0.048828
0 0.137135 0.978724 0.048828 0.048828
0 0.105496 0.964343 0.048828 0.048828
0 0.358613 0.990230 0.048828 0.048828
0 0.399840 0.937497 0.048828 0.048828
0 0.415180 0.882847 0.048828 0.048828
0 0.432438 0.828197 0.048828 0.048828
0 0.444902 0.781217 0.048828 0.048828
0 0.447779 0.716979 0.048828 0.048828
0 0.442985 0.662328 0.048828 0.048828
0 0.441067 0.606719 0.048828 0.048828
0 0.451614 0.525223 0.048828 0.048828
0 0.402716 0.519471 0.048828 0.048828
0 0.404634 0.564533 0.048828 0.048828
0 0.364365 0.614390 0.048828 0.048828
0 0.388335 0.656576 0.048828 0.048828
0 0.398881 0.717937 0.048828 0.048828
0 0.375871 0.758206 0.048828 0.048828
0 0.371077 0.799433 0.048828 0.048828
0 0.340396 0.698762 0.048828 0.048828
0 0.311633 0.655617 0.048828 0.048828
0 0.294375 0.617266 0.048828 0.048828
0 0.317385 0.565492 0.048828 0.048828
0 0.236848 0.647947 0.048828 0.048828
0 0.250271 0.697803 0.048828 0.048828
0 0.269446 0.735195 0.048828 0.048828
0 0.311633 0.787928 0.048828 0.048828
0 0.350942 0.847372 0.048828 0.048828
0 0.325055 0.890517 0.048828 0.048828
0 0.337520 0.934621 0.048828 0.048828
0 0.305880 0.848331 0.048828 0.048828
0 0.259859 0.891476 0.048828 0.048828
0 0.226302 0.872300 0.048828 0.048828
0 0.208085 0.896270 0.048828 0.048828
0 0.225343 0.812856 0.048828 0.048828
0 0.188909 0.808062 0.048828 0.048828
0 0.163022 0.837784 0.048828 0.048828
0 0.123713 0.788887 0.048828 0.048828
0 0.145764 0.741907 0.048828 0.048828
0 0.159187 0.687257 0.048828 0.048828
0 0.191786 0.633565 0.048828 0.048828
0 0.102619 0.648906 0.048828 0.048828
0 0.102619 0.696844 0.048828 0.048828
0 0.078650 0.742866 0.048828 0.048828
0 0.033588 0.756288 0.048828 0.048828
0 0.287663 0.990230 0.048828 0.048828
0 0.239724 0.942291 0.048828 0.048828
0 0.025917 0.700679 0.048828 0.048828
0 0.007701 0.619184 0.048828 0.048828
0 0.074815 0.612472 0.048828 0.048828
0 0.143847 0.609596 0.048828 0.048828
0 0.197538 0.583709 0.048828 0.048828
0 0.259859 0.555904 0.048828 0.048828
0 0.345190 0.484955 0.048828 0.048828
0 0.291498 0.493584 0.048828 0.048828
0 0.266570 0.481120 0.048828 0.048828
0 0.219590 0.518512 0.048828 0.048828
0 0.158228 0.533852 0.048828 0.048828
0 0.097826 0.546317 0.048828 0.048828
0 0.040299 0.532894 0.048828 0.048828
0 0.005783 0.560698 0.048828 0.048828
0 0.047010 0.489749 0.048828 0.048828
0 0.093991 0.486872 0.048828 0.048828
0 0.023041 0.450439 0.048828 0.048828
0 0.020165 0.390036 0.048828 0.048828
0 0.076733 0.390036 0.048828 0.048828
0 0.123713 0.425511 0.048828 0.048828
0 0.027835 0.305664 0.048828 0.048828
0 0.057557 0.344974 0.048828 0.048828
0 0.103578 0.346891 0.048828 0.048828
0 0.204250 0.337303 0.048828 0.048828
0 0.171651 0.412088 0.048828 0.048828
0 0.215755 0.414964 0.048828 0.048828
0 0.160146 0.455233 0.048828 0.048828
0 0.200415 0.476326 0.048828 0.048828
0 0.249312 0.442769 0.048828 0.048828
0 0.285746 0.421676 0.048828 0.048828
0 0.313550 0.455233 0.048828 0.048828
0 0.370118 0.443728 0.048828 0.048828
0 0.406551 0.448521 0.048828 0.048828
0 0.470789 0.456192 0.048828 0.048828
0 0.420933 0.385242 0.048828 0.048828
0 0.461202 0.365108 0.048828 0.048828
0 0.377788 0.332510 0.048828 0.048828
0 0.406551 0.322922 0.048828 0.048828
0 0.326014 0.311416 0.048828 0.048828
0 0.306839 0.364149 0.048828 0.048828
0 0.268488 0.338262 0.048828 0.048828
0 0.258900 0.382366 0.048828 0.048828
0 0.108372 0.294159 0.048828 0.048828
0 0.474625 0.297994 0.048828 0.048828
0 0.500511 0.316210 0.048828 0.048828
0 0.557079 0.317169 0.048828 0.048828
0 0.555162 0.355520 0.048828 0.048828
0 0.516811 0.394830 0.048828 0.048828
0 0.407510 0.273065 0.048828 0.048828
0 0.470789 0.260601 0.048828 0.048828
0 0.457367 0.211704 0.048828 0.048828
0 0.412304 0.195405 0.048828 0.048828
0 0.457367 0.156095 0.048828 0.048828
0 0.443944 0.109115 0.048828 0.048828
0 0.447779 0.069805 0.048828 0.048828
0 0.460243 0.020907 0.048828 0.048828
0 0.518728 0.007485 0.048828 0.048828
0 0.535027 0.062135 0.048828 0.048828
0 0.542698 0.113909 0.048828 0.048828
0 0.489006 0.111991 0.048828 0.048828
0 0.499553 0.148425 0.048828 0.048828
0 0.538862 0.191570 0.048828 0.048828
0 0.582966 0.159930 0.048828 0.048828
0 0.617482 0.200198 0.048828 0.048828
0 0.646245 0.245261 0.048828 0.048828
0 0.596389 0.246220 0.048828 0.048828
0 0.547491 0.257725 0.048828 0.048828
0 0.372994 0.156095 0.048828 0.048828
0 0.378747 0.109115 0.048828 0.048828
0 0.376829 0.038165 0.048828 0.048828
0 0.714318 0.217456 0.048828 0.048828
0 0.674050 0.184858 0.048828 0.048828
0 0.665421 0.139796 0.048828 0.048828
0 0.664462 0.078434 0.048828 0.048828
0 0.615565 0.067887 0.048828 0.048828
0 0.568585 0.065970 0.048828 0.048828
0 0.584884 0.009402 0.048828 0.048828
0 0.629946 0.009402 0.048828 0.048828
0 0.680761 0.026660 0.048828 0.048828
0 0.738288 0.108156 0.048828 0.048828
0 0.740205 0.179105 0.048828 0.048828
0 0.783350 0.177188 0.048828 0.048828
0 0.785268 0.225127 0.048828 0.048828
0 0.837042 0.209786 0.048828 0.048828
0 0.877310 0.195405 0.048828 0.048828
0 0.938672 0.172394 0.048828 0.048828
0 0.847588 0.152260 0.048828 0.048828
0 0.847588 0.109115 0.048828 0.048828
0 0.814031 0.129249 0.048828 0.048828
0 0.902239 0.086104 0.048828 0.048828
0 0.913744 0.031454 0.048828 0.048828
0 0.837042 0.052547 0.048828 0.048828
0 0.752669 0.065011 0.048828 0.048828
0 0.220549 0.025701 0.048828 0.048828
0 0.176445 0.042000 0.048828 0.048828
0 0.140971 0.006526 0.048828 0.048828
0 0.093991 0.004608 0.048828 0.048828
0 0.118919 0.059258 0.048828 0.048828
0 0.331767 0.042000 0.048828 0.048828
0 0.270405 0.050629 0.048828 0.048828
0 0.220549 0.071723 0.048828 0.048828
0 0.329849 0.093774 0.048828 0.048828
0 0.266570 0.100486 0.048828 0.048828
0 0.201373 0.131167 0.048828 0.048828
0 0.164940 0.093774 0.048828 0.048828
0 0.114125 0.102403 0.048828 0.048828
0 0.127548 0.135002 0.048828 0.048828
0 0.145764 0.170476 0.048828 0.048828
0 0.326014 0.167600 0.048828 0.048828
0 0.334643 0.225127 0.048828 0.048828
0 0.280952 0.223209 0.048828 0.048828
0 0.240683 0.212663 0.048828 0.048828
0 0.211920 0.179105 0.048828 0.048828
0 0.188909 0.223209 0.048828 0.048828
0 0.216714 0.256766 0.048828 0.048828
0 0.272323 0.294159 0.048828 0.048828
0 0.160146 0.272107 0.048828 0.048828
0 0.075774 0.262519 0.048828 0.048828
0 0.014412 0.252931 0.048828 0.048828
0 0.012495 0.178147 0.048828 0.048828
0 0.054681 0.134043 0.048828 0.048828
0 0.023041 0.116785 0.048828 0.048828
0 0.058516 0.076516 0.048828 0.048828
0 0.003866 0.054465 0.048828 0.048828
0 0.082485 0.219374 0.048828 0.048828
0 0.981817 0.000773 0.048828 0.048828
0 0.959765 0.098568 0.048828 0.048828
0 0.958806 0.220333 0.048828 0.048828
0 0.921414 0.257725 0.048828 0.048828
0 0.990446 0.360314 0.048828 0.048828
0 0.944425 0.322922 0.048828 0.048828
0 0.967435 0.396748 0.048828 0.048828
0 0.929084 0.380448 0.048828 0.048828
0 0.888816 0.396748 0.048828 0.048828
0 0.851423 0.390036 0.048828 0.048828
0 0.808278 0.390036 0.048828 0.048828
0 0.872516 0.343056 0.048828 0.048828
0 0.816907 0.346891 0.048828 0.048828
0 0.778556 0.344015 0.048828 0.048828
0 0.743082 0.325798 0.048828 0.048828
0 0.722947 0.404418 0.048828 0.048828
0 0.676926 0.414964 0.048828 0.048828
0 0.636658 0.363190 0.048828 0.048828
0 0.743082 0.261560 0.048828 0.048828
0 0.686514 0.256766 0.048828 0.048828
0 0.595430 0.433181 0.048828 0.048828
0 0.548450 0.419758 0.048828 0.048828
0 0.554203 0.473450 0.048828 0.048828
0 0.518728 0.527141 0.048828 0.048828
0 0.577214 0.532894 0.048828 0.048828
0 0.521605 0.578915 0.048828 0.048828
0 0.587760 0.574121 0.048828 0.048828
0 0.668297 0.582750 0.048828 0.048828
0 0.673091 0.544399 0.048828 0.048828
0 0.669256 0.493584 0.048828 0.048828
0 0.687473 0.451398 0.048828 0.048828
0 0.721030 0.519471 0.048828 0.048828
0 0.769927 0.551110 0.048828 0.048828
0 0.779515 0.503172 0.048828 0.048828
0 0.822660 0.486872 0.048828 0.048828
0 0.792938 0.452357 0.048828 0.048828
0 0.729659 0.453315 0.048828 0.048828
0 0.871558 0.439892 0.048828 0.048828
0 0.861970 0.491666 0.048828 0.048828
0 0.889774 0.491666 0.048828 0.048828
0 0.929084 0.447563 0.048828 0.048828
0 0.962641 0.450439 0.048828 0.048828
0 0.994281 0.452357 0.048828 0.048828
0 0.962641 0.496460 0.048828 0.048828
0 0.934837 0.519471 0.048828 0.048828
0 0.940590 0.557822 0.048828 0.048828
0 0.893610 0.545358 0.048828 0.048828
0 0.840877 0.547275 0.048828 0.048828
0 0.698019 0.300870 0.048828 0.048828
0 0.424768 0.978724 0.048828 0.048828
0 0.446820 0.912569 0.048828 0.048828
0 0.477501 0.866548 0.048828 0.048828
0 0.492841 0.812856 0.048828 0.048828
0 0.495718 0.761082 0.048828 0.048828
0 0.499553 0.693009 0.048828 0.048828
0 0.507223 0.650823 0.048828 0.048828
0 0.555162 0.638359 0.048828 0.048828
0 0.624194 0.618225 0.048828 0.048828
0 0.653916 0.661370 0.048828 0.048828
0 0.751711 0.659452 0.048828 0.048828
0 0.784309 0.604802 0.048828 0.048828
0 0.810196 0.653699 0.048828 0.048828
0 0.834165 0.606719 0.048828 0.048828
0 0.872516 0.644112 0.048828 0.048828
0 0.887857 0.587544 0.048828 0.048828
0 0.953054 0.622060 0.048828 0.048828
0 0.983734 0.619184 0.048828 0.048828
0 0.999075 0.660411 0.048828 0.048828
0 0.974147 0.693009 0.048828 0.048828
0 0.999075 0.781217 0.048828 0.048828
0 0.906074 0.712185 0.048828 0.048828
0 0.861970 0.697803 0.048828 0.048828
0 0.818825 0.707391 0.048828 0.048828
0 0.865805 0.743824 0.048828 0.048828
0 0.846630 0.781217 0.048828 0.048828
0 0.861970 0.848331 0.048828 0.048828
0 0.853341 0.919280 0.048828 0.048828
0 0.830330 0.879012 0.048828 0.048828
0 0.801567 0.808062 0.048828 0.048828
0 0.762257 0.707391 0.048828 0.048828
0 0.704731 0.699721 0.048828 0.048828
0 0.713360 0.746701 0.048828 0.048828
0 0.656792 0.753412 0.048828 0.048828
0 0.612688 0.685339 0.048828 0.048828
0 0.589678 0.735195 0.048828 0.048828
0 0.554203 0.692050 0.048828 0.048828
0 0.554203 0.750536 0.048828 0.048828
0 0.539821 0.821485 0.048828 0.048828
0 0.589678 0.809980 0.048828 0.048828
0 0.651039 0.795598 0.048828 0.048828
0 0.746917 0.790804 0.048828 0.048828
0 0.759381 0.844496 0.048828 0.048828
0 0.700896 0.838743 0.048828 0.048828
0 0.773763 0.875177 0.048828 0.048828
0 0.710483 0.883806 0.048828 0.048828
0 0.634740 0.854084 0.048828 0.048828
0 0.540780 0.874218 0.048828 0.048828
0 0.487089 0.920239 0.048828 0.048828
0 0.487089 0.946126 0.048828 0.048828
0 0.533110 0.928868 0.048828 0.048828
0 0.577214 0.983518 0.048828 0.048828
0 0.591595 0.931744 0.048828 0.048828
0 0.651998 0.917363 0.048828 0.048828
0 0.731576 0.935580 0.048828 0.048828
0 0.770886 0.951879 0.048828 0.048828
0 0.836083 0.969137 0.048828 0.048828
0 0.675967 0.964343 0.048828 0.048828
0 0.497635 0.996941 0.048828 0.048828
0 0.992363 0.957631 0.048828 0.048828
0 0.987570 0.860795 0.048828 0.048828