0 0.918536 0.965828 0.048828 0.048828
0 0.962874 0.993539 0.048828 0.048828
0 0.979501 0.929249 0.048828 0.048828
0 0.802149 0.980238 0.048828 0.048828
0 0.746727 0.956960 0.048828 0.048828
0 0.786631 0.935900 0.048828 0.048828
0 0.838728 0.919273 0.048828 0.048828
0 0.869765 0.901538 0.048828 0.048828
0 0.920753 0.883803 0.048828 0.048828
0 0.947356 0.849441 0.048828 0.048828
0 0.963983 0.679849 0.048828 0.048828
0 0.942922 0.705343 0.048828 0.048828
0 0.891934 0.694259 0.048828 0.048828
0 0.931838 0.789585 0.048828 0.048828
0 0.886391 0.833923 0.048828 0.048828
0 0.863114 0.772958 0.048828 0.048828
0 0.782197 0.802886 0.048828 0.048828
0 0.819885 0.863851 0.048828 0.048828
0 0.771113 0.880478 0.048828 0.048828
0 0.835403 0.791802 0.048828 0.048828
0 0.757812 0.840574 0.048828 0.048828
0 0.707931 0.832814 0.048828 0.048828
0 0.709040 0.883803 0.048828 0.048828
0 0.642533 0.835031 0.048828 0.048828
0 0.644750 0.903755 0.048828 0.048828
0 0.695739 0.951418 0.048828 0.048828
0 0.650292 0.953635 0.048828 0.048828
0 0.143732 0.994648 0.048828 0.048828
0 0.213565 0.984672 0.048828 0.048828
0 0.158142 0.949201 0.048828 0.048828
0 0.262336 0.949201 0.048828 0.048828
0 0.234625 0.902647 0.048828 0.048828
0 0.179203 0.892670 0.048828 0.048828
0 0.594870 0.976912 0.048828 0.048828
0 0.516170 0.976912 0.048828 0.048828
0 0.462965 0.989105 0.048828 0.048828
0 0.404217 0.980238 0.048828 0.048828
0 0.344361 0.983563 0.048828 0.048828
0 0.318867 0.937008 0.048828 0.048828
0 0.284505 0.899321 0.048828 0.048828
0 0.392024 0.922599 0.048828 0.048828
0 0.436362 0.893779 0.048828 0.048828
0 0.481809 0.943659 0.048828 0.048828
0 0.395350 0.868285 0.048828 0.048828
0 0.338819 0.853875 0.048828 0.048828
0 0.277854 0.830598 0.048828 0.048828
0 0.222432 0.823947 0.048828 0.048828
0 0.175877 0.829489 0.048828 0.048828
0 0.167010 0.791802 0.048828 0.048828
0 0.225757 0.751898 0.048828 0.048828
0 0.180311 0.720861 0.048828 0.048828
0 0.283397 0.750789 0.048828 0.048828
0 0.309999 0.797344 0.048828 0.048828
0 0.353229 0.790693 0.048828 0.048828
0 0.420844 0.820621 0.048828 0.048828
0 0.481809 0.853875 0.048828 0.048828
0 0.526146 0.899321 0.048828 0.048828
0 0.588219 0.925924 0.048828 0.048828
0 0.582677 0.856092 0.048828 0.048828
0 0.539448 0.818405 0.048828 0.048828
0 0.600412 0.792910 0.048828 0.048828
0 0.671353 0.782934 0.048828 0.048828
0 0.724558 0.788477 0.048828 0.048828
0 0.779980 0.764091 0.048828 0.048828
0 0.826535 0.734163 0.048828 0.048828
0 0.744510 0.727512 0.048828 0.048828
0 0.703498 0.750789 0.048828 0.048828
0 0.632557 0.741922 0.048828 0.048828
0 0.542773 0.768525 0.048828 0.048828
0 0.482917 0.787368 0.048828 0.048828
0 0.319975 0.709777 0.048828 0.048828
0 0.369855 0.714211 0.048828 0.048828
0 0.298915 0.662114 0.048828 0.048828
0 0.260119 0.696476 0.048828 0.048828
0 0.369855 0.623318 0.048828 0.048828
0 0.400892 0.666548 0.048828 0.048828
0 0.454097 0.731946 0.048828 0.048828
0 0.530580 0.724187 0.048828 0.048828
0 0.461856 0.683174 0.048828 0.048828
0 0.471832 0.631077 0.048828 0.048828
0 0.512845 0.657680 0.048828 0.048828
0 0.517279 0.574546 0.048828 0.048828
0 0.561617 0.555703 0.048828 0.048828
0 0.568267 0.648812 0.048828 0.048828
0 0.584894 0.602258 0.048828 0.048828
0 0.621473 0.663222 0.048828 0.048828
0 0.578243 0.718644 0.048828 0.048828
0 0.678003 0.706452 0.048828 0.048828
0 0.673570 0.636619 0.048828 0.048828
0 0.646967 0.580089 0.048828 0.048828
0 0.617039 0.527992 0.048828 0.048828
0 0.684654 0.536859 0.048828 0.048828
0 0.696847 0.586739 0.048828 0.048828
0 0.732317 0.612234 0.048828 0.048828
0 0.735643 0.675415 0.048828 0.048828
0 0.789956 0.670981 0.048828 0.048828
0 0.843162 0.693150 0.048828 0.048828
0 0.849813 0.641053 0.048828 0.048828
0 0.979501 0.606691 0.048828 0.048828
0 0.949573 0.638836 0.048828 0.048828
0 0.876415 0.613342 0.048828 0.048828
0 0.925187 0.583414 0.048828 0.048828
0 0.856463 0.566787 0.048828 0.048828
0 0.809909 0.593390 0.048828 0.048828
0 0.745619 0.563462 0.048828 0.048828
0 0.807692 0.539076 0.048828 0.048828
0 0.674678 0.470353 0.048828 0.048828
0 0.680220 0.414930 0.048828 0.048828
0 0.689088 0.362833 0.048828 0.048828
0 0.721233 0.462593 0.048828 0.048828
0 0.526146 0.492521 0.048828 0.048828
0 0.605954 0.445967 0.048828 0.048828
0 0.550532 0.442641 0.048828 0.048828
0 0.608171 0.393870 0.048828 0.048828
0 0.567159 0.373918 0.048828 0.048828
0 0.656943 0.369484 0.048828 0.048828
0 0.636991 0.332905 0.048828 0.048828
0 0.764462 0.338447 0.048828 0.048828
0 0.811017 0.336231 0.048828 0.048828
0 0.862005 0.339556 0.048828 0.048828
0 0.921862 0.332905 0.048828 0.048828
0 0.776655 0.380568 0.048828 0.048828
0 0.820993 0.380568 0.048828 0.048828
0 0.873090 0.381677 0.048828 0.048828
0 0.960657 0.379460 0.048828 0.048828
0 0.764462 0.437099 0.048828 0.048828
0 0.774438 0.490305 0.048828 0.048828
0 0.832077 0.443750 0.048828 0.048828
0 0.854246 0.475895 0.048828 0.048828
0 0.893042 0.495847 0.048828 0.048828
0 0.938488 0.535751 0.048828 0.048828
0 0.979501 0.563462 0.048828 0.048828
0 0.998344 0.449292 0.048828 0.048828
0 0.952898 0.490305 0.048828 0.048828
0 0.931838 0.442641 0.048828 0.048828
0 0.881958 0.423798 0.048828 0.048828
0 0.855355 0.294110 0.048828 0.048828
0 0.766679 0.286351 0.048828 0.048828
0 0.763354 0.235362 0.048828 0.048828
0 0.669136 0.212085 0.048828 0.048828
0 0.663594 0.279700 0.048828 0.048828
0 0.648075 0.250880 0.048828 0.048828
0 0.610388 0.246446 0.048828 0.048828
0 0.564942 0.232037 0.048828 0.048828
0 0.615930 0.291893 0.048828 0.048828
0 0.573810 0.299652 0.048828 0.048828
0 0.521713 0.330688 0.048828 0.048828
0 0.512845 0.258639 0.048828 0.048828
0 0.468507 0.281917 0.048828 0.048828
0 0.466290 0.335122 0.048828 0.048828
0 0.465182 0.377243 0.048828 0.048828
0 0.516170 0.383894 0.048828 0.048828
0 0.498435 0.441533 0.048828 0.048828
0 0.448555 0.437099 0.048828 0.048828
0 0.458531 0.482545 0.048828 0.048828
0 0.445230 0.542402 0.048828 0.048828
0 0.421952 0.608908 0.048828 0.048828
0 0.129323 0.696476 0.048828 0.048828
0 0.160359 0.668764 0.048828 0.048828
0 0.212456 0.694259 0.048828 0.048828
0 0.241276 0.656571 0.048828 0.048828
0 0.216890 0.611125 0.048828 0.048828
0 0.165901 0.600041 0.048828 0.048828
0 0.190287 0.549052 0.048828 0.048828
0 0.236842 0.581197 0.048828 0.048828
0 0.300023 0.596715 0.048828 0.048828
0 0.343253 0.557920 0.048828 0.048828
0 0.294481 0.535751 0.048828 0.048828
0 0.157034 0.512474 0.048828 0.048828
0 0.210239 0.495847 0.048828 0.048828
0 0.202480 0.462593 0.048828 0.048828
0 0.143732 0.458160 0.048828 0.048828
0 0.096069 0.486979 0.048828 0.048828
0 0.086093 0.547944 0.048828 0.048828
0 0.119347 0.572330 0.048828 0.048828
0 0.059491 0.583414 0.048828 0.048828
0 0.113804 0.627752 0.048828 0.048828
0 0.072792 0.624427 0.048828 0.048828
0 0.067250 0.679849 0.048828 0.048828
0 0.075009 0.723078 0.048828 0.048828
0 0.065033 0.771850 0.048828 0.048828
0 0.116021 0.807320 0.048828 0.048828
0 0.051731 0.816188 0.048828 0.048828
0 0.097178 0.842790 0.048828 0.048828
0 0.056165 0.861634 0.048828 0.048828
0 0.096069 0.883803 0.048828 0.048828
0 0.619256 0.198783 0.048828 0.048828
0 0.608171 0.157771 0.048828 0.048828
0 0.632557 0.103457 0.048828 0.048828
0 0.577135 0.115650 0.048828 0.048828
0 0.566050 0.169964 0.048828 0.048828
0 0.542773 0.132277 0.048828 0.048828
0 0.513953 0.185482 0.048828 0.048828
0 0.500652 0.120084 0.048828 0.048828
0 0.466290 0.218735 0.048828 0.048828
0 0.441904 0.142253 0.048828 0.048828
0 0.420844 0.199892 0.048828 0.048828
0 0.415302 0.265290 0.048828 0.048828
0 0.402000 0.324038 0.048828 0.048828
0 0.399784 0.392761 0.048828 0.048828
0 0.376506 0.433774 0.048828 0.048828
0 0.403109 0.498064 0.048828 0.048828
0 0.318867 0.474786 0.048828 0.048828
0 0.262336 0.493630 0.048828 0.048828
0 0.294481 0.452617 0.048828 0.048828
0 0.329951 0.394978 0.048828 0.048828
0 0.273421 0.351749 0.048828 0.048828
0 0.309999 0.327363 0.048828 0.048828
0 0.347687 0.288567 0.048828 0.048828
0 0.104937 0.416039 0.048828 0.048828
0 0.051731 0.401629 0.048828 0.048828
0 0.062816 0.351749 0.048828 0.048828
0 0.125997 0.357291 0.048828 0.048828
0 0.104937 0.309628 0.048828 0.048828
0 0.198046 0.361725 0.048828 0.048828
0 0.232408 0.325146 0.048828 0.048828
0 0.145949 0.401629 0.048828 0.048828
0 0.268987 0.286351 0.048828 0.048828
0 0.316650 0.253097 0.048828 0.048828
0 0.363205 0.205434 0.048828 0.048828
0 0.375398 0.156662 0.048828 0.048828
0 0.321084 0.171072 0.048828 0.048828
0 0.282288 0.212085 0.048828 0.048828
0 0.236842 0.196566 0.048828 0.048828
0 0.232408 0.253097 0.048828 0.048828
0 0.186962 0.293001 0.048828 0.048828
0 0.151492 0.308519 0.048828 0.048828
0 0.151492 0.247555 0.048828 0.048828
0 0.100503 0.237579 0.048828 0.048828
0 0.067250 0.203217 0.048828 0.048828
0 0.061707 0.253097 0.048828 0.048828
0 0.050623 0.311845 0.048828 0.048828
0 0.090527 0.153337 0.048828 0.048828
0 0.147058 0.187699 0.048828 0.048828
0 0.191396 0.162205 0.048828 0.048828
0 0.063924 0.023649 0.048828 0.048828
0 0.110479 0.074637 0.048828 0.048828
0 0.153708 0.117867 0.048828 0.048828
0 0.160359 0.076854 0.048828 0.048828
0 0.203589 0.103457 0.048828 0.048828
0 0.274529 0.106782 0.048828 0.048828
0 0.255686 0.157771 0.048828 0.048828
0 0.324409 0.115650 0.048828 0.048828
0 0.380940 0.108999 0.048828 0.048828
0 0.455206 0.087939 0.048828 0.048828
0 0.532797 0.076854 0.048828 0.048828
0 0.566050 0.045818 0.048828 0.048828
0 0.609280 0.039167 0.048828 0.048828
0 0.571593 0.000371 0.048828 0.048828
0 0.512845 0.003697 0.048828 0.048828
0 0.503977 0.051360 0.048828 0.048828
0 0.465182 0.013673 0.048828 0.048828
0 0.424169 0.016998 0.048828 0.048828
0 0.404217 0.064661 0.048828 0.048828
0 0.373181 0.018107 0.048828 0.048828
0 0.318867 0.013673 0.048828 0.048828
0 0.339927 0.067987 0.048828 0.048828
0 0.282288 0.056902 0.048828 0.048828
0 0.231300 0.065770 0.048828 0.048828
0 0.209131 0.014781 0.048828 0.048828
0 0.019587 0.031408 0.048828 0.048828
0 0.038430 0.079071 0.048828 0.048828
0 0.005177 0.118975 0.048828 0.048828
0 0.135973 0.020324 0.048828 0.048828
0 0.063982 0.977123 0.048828 0.048828
0 0.022241 0.901095 0.048828 0.048828
0 0.014787 0.938364 0.048828 0.048828
0 0.035657 0.461325 0.048828 0.048828
0 0.008824 0.544807 0.048828 0.048828
0 0.011806 0.610400 0.048828 0.048828
0 0.017769 0.659594 0.048828 0.048828