0 0.973975 0.972927 0.048828 0.048828
0 0.914466 0.979539 0.048828 0.048828
0 0.940914 0.961591 0.048828 0.048828
0 0.954139 0.931365 0.048828 0.048828
0 0.900297 0.929475 0.048828 0.048828
0 0.923912 0.897359 0.048828 0.048828
0 0.953194 0.852964 0.048828 0.048828
0 0.959806 0.809513 0.048828 0.048828
0 0.905020 0.809513 0.048828 0.048828
0 0.905965 0.860520 0.048828 0.048828
0 0.873848 0.892636 0.048828 0.048828
0 0.855901 0.814236 0.048828 0.048828
0 0.832287 0.849185 0.048828 0.048828
0 0.826619 0.937977 0.048828 0.048828
0 0.872904 0.971982 0.048828 0.048828
0 0.716102 0.980483 0.048828 0.048828
0 0.770888 0.995597 0.048828 0.048828
0 0.805838 0.995597 0.048828 0.048828
0 0.777500 0.889803 0.048828 0.048828
0 0.742551 0.887914 0.048828 0.048828
0 0.721770 0.917196 0.048828 0.048828
0 0.673596 0.945533 0.048828 0.048828
0 0.673596 0.898304 0.048828 0.048828
0 0.683042 0.855798 0.048828 0.048828
0 0.643369 0.869022 0.048828 0.048828
0 0.638646 0.922863 0.048828 0.048828
0 0.598029 0.903027 0.048828 0.048828
0 0.598029 0.959702 0.048828 0.048828
0 0.638646 0.989929 0.048828 0.048828
0 0.770888 0.845407 0.048828 0.048828
0 0.749163 0.811402 0.048828 0.048828
0 0.724603 0.783064 0.048828 0.048828
0 0.795448 0.808568 0.048828 0.048828
0 0.797337 0.773618 0.048828 0.048828
0 0.830397 0.788732 0.048828 0.048828
0 0.598973 0.838795 0.048828 0.048828
0 0.534741 0.830294 0.048828 0.048828
0 0.547965 0.856742 0.048828 0.048828
0 0.547965 0.902082 0.048828 0.048828
0 0.535686 0.947423 0.048828 0.048828
0 0.485622 0.913417 0.048828 0.048828
0 0.481844 0.872800 0.048828 0.048828
0 0.470509 0.975760 0.048828 0.048828
0 0.425169 0.938921 0.048828 0.048828
0 0.435559 0.971982 0.048828 0.048828
0 0.345823 0.971982 0.048828 0.048828
0 0.384551 0.954979 0.048828 0.048828
0 0.308984 0.954035 0.048828 0.048828
0 0.260810 0.953090 0.048828 0.048828
0 0.218304 0.932309 0.048828 0.048828
0 0.255143 0.993707 0.048828 0.048828
0 0.203190 0.993707 0.048828 0.048828
0 0.181465 0.964425 0.048828 0.048828