0 0.984351 0.883676 0.048828 0.048828
0 0.997567 0.680631 0.048828 0.048828
0 0.941099 0.878870 0.048828 0.048828
0 0.899048 0.902899 0.048828 0.048828
0 0.828162 0.906504 0.048828 0.048828
0 0.757277 0.904101 0.048828 0.048828
0 0.716427 0.906504 0.048828 0.048828
0 0.651549 0.894489 0.048828 0.048828
0 0.587872 0.878870 0.048828 0.048828
0 0.560239 0.844028 0.048828 0.048828
0 0.615505 0.842827 0.048828 0.048828
0 0.675578 0.846431 0.048828 0.048828
0 0.735651 0.853640 0.048828 0.048828
0 0.736852 0.809186 0.048828 0.048828
0 0.802932 0.848834 0.048828 0.048828
0 0.825759 0.797171 0.048828 0.048828
0 0.888235 0.827208 0.048828 0.048828
0 0.948307 0.805582 0.048828 0.048828
0 0.974739 0.753919 0.048828 0.048828
0 0.912264 0.739502 0.048828 0.048828
0 0.930286 0.667415 0.048828 0.048828
0 0.866609 0.698652 0.048828 0.048828
0 0.875019 0.638580 0.048828 0.048828
0 0.905055 0.619357 0.048828 0.048828
0 0.960322 0.602536 0.048828 0.048828
0 0.893041 0.567694 0.048828 0.048828
0 0.977142 0.514830 0.048828 0.048828
0 0.992761 0.454758 0.048828 0.048828
0 0.931487 0.478787 0.048828 0.048828
0 0.893041 0.481190 0.048828 0.048828
0 0.822155 0.512427 0.048828 0.048828
0 0.771694 0.532852 0.048828 0.048828
0 0.739255 0.537658 0.048828 0.048828
0 0.769291 0.578507 0.048828 0.048828
0 0.769291 0.614551 0.048828 0.048828
0 0.802932 0.683034 0.048828 0.048828
0 0.775298 0.696250 0.048828 0.048828
0 0.825759 0.733495 0.048828 0.048828
0 0.786111 0.746711 0.048828 0.048828
0 0.706816 0.767135 0.048828 0.048828
0 0.683988 0.741905 0.048828 0.048828
0 0.696003 0.683034 0.048828 0.048828
0 0.726039 0.640983 0.048828 0.048828
0 0.714024 0.582112 0.048828 0.048828
0 0.669571 0.529248 0.048828 0.048828
0 0.668369 0.608544 0.048828 0.048828
0 0.632326 0.549672 0.048828 0.048828
0 0.608297 0.601335 0.048828 0.048828
0 0.614304 0.663810 0.048828 0.048828
0 0.641937 0.672221 0.048828 0.048828
0 0.519389 0.889683 0.048828 0.048828
0 0.521792 0.819999 0.048828 0.048828
0 0.560239 0.789963 0.048828 0.048828
0 0.586670 0.793567 0.048828 0.048828
0 0.641937 0.777948 0.048828 0.048828
0 0.620311 0.727487 0.048828 0.048828
0 0.579462 0.727487 0.048828 0.048828
0 0.537411 0.685436 0.048828 0.048828
0 0.512180 0.759926 0.048828 0.048828
0 0.448504 0.740703 0.048828 0.048828
0 0.468928 0.697451 0.048828 0.048828
0 0.369208 0.729890 0.048828 0.048828
0 0.363200 0.685436 0.048828 0.048828
0 0.327157 0.717876 0.048828 0.048828
0 0.294718 0.675825 0.048828 0.048828
0 0.335567 0.806783 0.048828 0.048828
0 0.348783 0.853640 0.048828 0.048828
0 0.402848 0.824805 0.048828 0.048828
0 0.464122 0.835618 0.048828 0.048828
0 0.408856 0.881273 0.048828 0.048828
0 0.361999 0.901698 0.048828 0.048828
0 0.402848 0.913712 0.048828 0.048828
0 0.441295 0.640983 0.048828 0.048828
0 0.472533 0.600133 0.048828 0.048828
0 0.536210 0.574903 0.048828 0.048828
0 0.478540 0.550874 0.048828 0.048828
0 0.431683 0.532852 0.048828 0.048828
0 0.371611 0.529248 0.048828 0.048828
0 0.352387 0.571299 0.048828 0.048828
0 0.368006 0.610946 0.048828 0.048828
0 0.419669 0.601335 0.048828 0.048828
0 0.305531 0.574903 0.048828 0.048828
0 0.201005 0.443945 0.048828 0.048828
0 0.221429 0.411506 0.048828 0.048828
0 0.267084 0.362246 0.048828 0.048828
0 0.311538 0.376663 0.048828 0.048828
0 0.371611 0.399491 0.048828 0.048828
0 0.412460 0.377865 0.048828 0.048828
0 0.387230 0.475182 0.048828 0.048828
0 0.414863 0.447549 0.048828 0.048828
0 0.269487 0.439139 0.048828 0.048828
0 0.450906 0.494406 0.048828 0.048828
0 0.188929 0.377121 0.048828 0.048828
0 0.223291 0.364928 0.048828 0.048828
0 0.224399 0.332783 0.048828 0.048828
0 0.212206 0.299530 0.048828 0.048828
0 0.246568 0.299530 0.048828 0.048828
0 0.146808 0.275144 0.048828 0.048828
0 0.191146 0.249650 0.048828 0.048828
0 0.235484 0.236349 0.048828 0.048828
0 0.275388 0.225264 0.048828 0.048828
0 0.316400 0.206421 0.048828 0.048828
0 0.249894 0.183143 0.048828 0.048828
0 0.288689 0.176493 0.048828 0.048828
0 0.346328 0.160974 0.048828 0.048828
0 0.369606 0.100010 0.048828 0.048828
0 0.307533 0.104444 0.048828 0.048828
0 0.266520 0.115528 0.048828 0.048828
0 0.233267 0.134372 0.048828 0.048828
0 0.228833 0.098901 0.048828 0.048828
0 0.272063 0.071190 0.048828 0.048828
0 0.304208 0.053455 0.048828 0.048828
0 0.335244 0.066756 0.048828 0.048828
0 0.369606 0.026852 0.048828 0.048828
0 0.285364 0.010226 0.048828 0.048828
0 0.436113 0.009117 0.048828 0.048828
0 0.702140 0.011334 0.048828 0.048828
0 0.642284 0.014659 0.048828 0.048828
0 0.591295 0.025744 0.048828 0.048828
0 0.555825 0.008009 0.048828 0.048828
0 0.545849 0.062323 0.048828 0.048828
0 0.477125 0.041262 0.048828 0.048828
0 0.485993 0.080058 0.048828 0.048828
0 0.431679 0.081166 0.048828 0.048828
0 0.398425 0.158757 0.048828 0.048828
0 0.468258 0.148781 0.048828 0.048828
0 0.531439 0.113311 0.048828 0.048828
0 0.576885 0.116636 0.048828 0.048828
0 0.611247 0.142131 0.048828 0.048828
0 0.677754 0.170950 0.048828 0.048828
0 0.717658 0.125504 0.048828 0.048828
0 0.698814 0.081166 0.048828 0.048828
0 0.367389 0.219722 0.048828 0.048828
0 0.413944 0.199770 0.048828 0.048828
0 0.539198 0.170950 0.048828 0.048828
0 0.307533 0.268494 0.048828 0.048828
0 0.358521 0.262951 0.048828 0.048828
0 0.377365 0.323916 0.048828 0.048828
0 0.324160 0.326133 0.048828 0.048828
0 0.214423 0.490183 0.048828 0.048828
0 0.501511 0.493508 0.048828 0.048828
0 0.545849 0.501267 0.048828 0.048828
0 0.583536 0.460255 0.048828 0.048828
0 0.531439 0.440303 0.048828 0.048828
0 0.468258 0.446953 0.048828 0.048828
0 0.484884 0.413700 0.048828 0.048828
0 0.478234 0.371579 0.048828 0.048828
0 0.541415 0.382664 0.048828 0.048828
0 0.453848 0.339434 0.048828 0.048828
0 0.511487 0.333892 0.048828 0.048828
0 0.565801 0.310615 0.048828 0.048828
0 0.620115 0.292879 0.048828 0.048828
0 0.664452 0.331675 0.048828 0.048828
0 0.664452 0.285120 0.048828 0.048828
0 0.707682 0.346085 0.048828 0.048828
0 0.589078 0.353844 0.048828 0.048828
0 0.601271 0.381555 0.048828 0.048828
0 0.634524 0.380447 0.048828 0.048828
0 0.723200 0.333892 0.048828 0.048828
0 0.786382 0.322807 0.048828 0.048828
0 0.753128 0.281795 0.048828 0.048828
0 0.685513 0.209746 0.048828 0.048828
0 0.431679 0.290662 0.048828 0.048828
0 0.426137 0.238566 0.048828 0.048828
0 0.474908 0.290662 0.048828 0.048828
0 0.489318 0.223047 0.048828 0.048828
0 0.525897 0.267385 0.048828 0.048828
0 0.552499 0.216397 0.048828 0.048828
0 0.580211 0.256301 0.048828 0.048828
0 0.630091 0.200878 0.048828 0.048828
0 0.786382 0.200878 0.048828 0.048828
0 0.761996 0.162083 0.048828 0.048828
0 0.795249 0.109986 0.048828 0.048828
0 0.787490 0.049021 0.048828 0.048828
0 0.848454 0.046804 0.048828 0.048828
0 0.828502 0.092251 0.048828 0.048828
0 0.851780 0.133263 0.048828 0.048828
0 0.899443 0.019093 0.048828 0.048828
0 0.900551 0.085600 0.048828 0.048828
0 0.907202 0.129938 0.048828 0.048828
0 0.908311 0.167625 0.048828 0.048828
0 0.865081 0.197553 0.048828 0.048828
0 0.916070 0.251867 0.048828 0.048828
0 0.888359 0.237457 0.048828 0.048828
0 0.917178 0.288446 0.048828 0.048828
0 0.877274 0.271819 0.048828 0.048828
0 0.865081 0.316157 0.048828 0.048828
0 0.810767 0.250758 0.048828 0.048828
0 0.965950 0.331675 0.048828 0.048828
0 0.958191 0.366037 0.048828 0.048828
0 0.928263 0.414808 0.048828 0.048828
0 0.876166 0.363820 0.048828 0.048828
0 0.875057 0.419242 0.048828 0.048828
0 0.834045 0.432544 0.048828 0.048828
0 0.778622 0.425893 0.048828 0.048828
0 0.745369 0.458038 0.048828 0.048828
0 0.714333 0.428110 0.048828 0.048828
0 0.674428 0.417025 0.048828 0.048828
0 0.673320 0.475773 0.048828 0.048828
0 0.789707 0.473556 0.048828 0.048828
0 0.995878 0.260734 0.048828 0.048828
0 0.983685 0.193119 0.048828 0.048828
0 0.996986 0.132155 0.048828 0.048828
0 0.949323 0.148781 0.048828 0.048828
0 0.964841 0.096684 0.048828 0.048828
0 0.933805 0.045696 0.048828 0.048828
0 0.967058 0.016876 0.048828 0.048828