0 0.058283 0.232788 0.048828 0.048828
0 0.022099 0.185962 0.048828 0.048828
0 0.062540 0.160421 0.048828 0.048828
0 0.164705 0.190219 0.048828 0.048828
0 0.209403 0.217889 0.048828 0.048828
0 0.283898 0.226403 0.048828 0.048828
0 0.256228 0.164678 0.048828 0.048828
0 0.311568 0.154035 0.048828 0.048828
0 0.211531 0.137008 0.048828 0.048828
0 0.128522 0.119980 0.048828 0.048828
0 0.077439 0.105081 0.048828 0.048828
0 0.017843 0.115723 0.048828 0.048828
0 0.364779 0.209375 0.048828 0.048828
0 0.409476 0.226403 0.048828 0.048828
0 0.462688 0.237045 0.048828 0.048828
0 0.518766 0.223342 0.048828 0.048828
0 0.548670 0.219824 0.048828 0.048828
0 0.592646 0.225101 0.048828 0.048828
0 0.611995 0.181125 0.048828 0.048828
0 0.583851 0.167052 0.048828 0.048828
0 0.536356 0.151221 0.048828 0.048828
0 0.518766 0.098450 0.048828 0.048828
0 0.562742 0.098450 0.048828 0.048828
0 0.620791 0.133630 0.048828 0.048828
0 0.611995 0.103727 0.048828 0.048828
0 0.626068 0.079100 0.048828 0.048828
0 0.654212 0.038642 0.048828 0.048828
0 0.582092 0.049196 0.048828 0.048828
0 0.603200 0.001702 0.048828 0.048828
0 0.560983 0.012256 0.048828 0.048828
0 0.506453 0.049196 0.048828 0.048828
0 0.444886 0.050955 0.048828 0.048828
0 0.471272 0.107245 0.048828 0.048828
0 0.483585 0.182884 0.048828 0.048828
0 0.443127 0.174088 0.048828 0.048828
0 0.427296 0.096691 0.048828 0.048828
0 0.372765 0.080859 0.048828 0.048828
0 0.393874 0.038642 0.048828 0.048828
0 0.337584 0.038642 0.048828 0.048828
0 0.281295 0.040401 0.048828 0.048828
0 0.325271 0.100209 0.048828 0.048828
0 0.276018 0.098450 0.048828 0.048828
0 0.202138 0.084377 0.048828 0.048828
0 0.219728 0.036883 0.048828 0.048828
0 0.168716 0.054473 0.048828 0.048828
0 0.096595 0.035124 0.048828 0.048828
0 0.022715 0.054473 0.048828 0.048828