0 0.783229 0.019784 0.048828 0.048828
0 0.817498 0.025495 0.048828 0.048828
0 0.867760 0.068903 0.048828 0.048828
0 0.820925 0.094033 0.048828 0.048828
0 0.783229 0.078041 0.048828 0.048828
0 0.735253 0.081468 0.048828 0.048828
0 0.706695 0.055195 0.048828 0.048828
0 0.678138 0.083753 0.048828 0.048828
0 0.666715 0.050626 0.048828 0.048828
0 0.648438 0.047199 0.048828 0.048828
0 0.648438 0.066618 0.048828 0.048828
0 0.606173 0.074614 0.048828 0.048828
0 0.609600 0.042630 0.048828 0.048828
0 0.575331 0.072330 0.048828 0.048828
0 0.574188 0.038061 0.048828 0.048828
0 0.517073 0.060907 0.048828 0.048828
0 0.984274 0.722299 0.048828 0.048828
0 0.822068 0.713160 0.048828 0.048828
0 0.808360 0.756568 0.048828 0.048828
0 0.734110 0.774844 0.048828 0.048828
0 0.503366 0.811398 0.048828 0.048828
0 0.608457 0.540673 0.048828 0.048828
0 0.521643 0.529250 0.048828 0.048828
0 0.480520 0.524681 0.048828 0.048828
0 0.391420 0.523538 0.048828 0.048828
0 0.090995 0.629772 0.048828 0.048828
0 0.499744 0.742453 0.048828 0.048828
0 0.050974 0.417338 0.048828 0.048828
0 0.149620 0.649364 0.048828 0.048828
0 0.226036 0.609072 0.048828 0.048828