0 0.412304 0.995209 0.048828 0.048828
0 0.457367 0.955899 0.048828 0.048828
0 0.443944 0.908919 0.048828 0.048828
0 0.447779 0.869610 0.048828 0.048828
0 0.460243 0.820712 0.048828 0.048828
0 0.455449 0.775650 0.048828 0.048828
0 0.454490 0.723876 0.048828 0.048828
0 0.419016 0.679772 0.048828 0.048828
0 0.488047 0.645256 0.048828 0.048828
0 0.490924 0.715247 0.048828 0.048828
0 0.497635 0.762227 0.048828 0.048828
0 0.518728 0.807289 0.048828 0.048828
0 0.535027 0.861939 0.048828 0.048828
0 0.542698 0.913713 0.048828 0.048828
0 0.489006 0.911796 0.048828 0.048828
0 0.499553 0.948229 0.048828 0.048828
0 0.538862 0.991374 0.048828 0.048828
0 0.582966 0.959735 0.048828 0.048828
0 0.372994 0.955899 0.048828 0.048828
0 0.378747 0.908919 0.048828 0.048828
0 0.376829 0.837970 0.048828 0.048828
0 0.370118 0.787155 0.048828 0.048828
0 0.674050 0.984663 0.048828 0.048828
0 0.665421 0.939600 0.048828 0.048828
0 0.664462 0.878239 0.048828 0.048828
0 0.615565 0.867692 0.048828 0.048828
0 0.568585 0.865775 0.048828 0.048828
0 0.584884 0.809207 0.048828 0.048828
0 0.629946 0.809207 0.048828 0.048828
0 0.680761 0.826465 0.048828 0.048828
0 0.738288 0.907961 0.048828 0.048828
0 0.740205 0.978910 0.048828 0.048828
0 0.783350 0.976993 0.048828 0.048828
0 0.877310 0.995209 0.048828 0.048828
0 0.938672 0.972199 0.048828 0.048828
0 0.847588 0.952064 0.048828 0.048828
0 0.847588 0.908919 0.048828 0.048828
0 0.814031 0.929054 0.048828 0.048828
0 0.902239 0.885909 0.048828 0.048828
0 0.913744 0.831259 0.048828 0.048828
0 0.837042 0.852352 0.048828 0.048828
0 0.752669 0.864816 0.048828 0.048828
0 0.756505 0.797701 0.048828 0.048828
0 0.819784 0.793866 0.048828 0.048828
0 0.869640 0.784279 0.048828 0.048828
0 0.926208 0.784279 0.048828 0.048828
0 0.906074 0.740175 0.048828 0.048828
0 0.850465 0.735381 0.048828 0.048828
0 0.774721 0.762227 0.048828 0.048828
0 0.768969 0.717164 0.048828 0.048828
0 0.815949 0.696071 0.048828 0.048828
0 0.879228 0.678813 0.048828 0.048828
0 0.702813 0.776608 0.048828 0.048828
0 0.669256 0.765103 0.048828 0.048828
0 0.691308 0.713329 0.048828 0.048828
0 0.710483 0.665390 0.048828 0.048828
0 0.749793 0.627998 0.048828 0.048828
0 0.800608 0.629916 0.048828 0.048828
0 0.867723 0.635668 0.048828 0.048828
0 0.923332 0.667308 0.048828 0.048828
0 0.947301 0.618410 0.048828 0.048828
0 0.907991 0.574307 0.048828 0.048828
0 0.919496 0.511028 0.048828 0.048828
0 0.857176 0.551296 0.048828 0.048828
0 0.772804 0.579101 0.048828 0.048828
0 0.706648 0.585812 0.048828 0.048828
0 0.683638 0.630874 0.048828 0.048828
0 0.648163 0.667308 0.048828 0.048828
0 0.639534 0.721958 0.048828 0.048828
0 0.606936 0.764144 0.048828 0.048828
0 0.558997 0.740175 0.048828 0.048828
0 0.585842 0.710453 0.048828 0.048828
0 0.550368 0.692236 0.048828 0.048828
0 0.581049 0.629916 0.048828 0.048828
0 0.633781 0.616493 0.048828 0.048828
0 0.572420 0.592523 0.048828 0.048828
0 0.531192 0.606905 0.048828 0.048828
0 0.530234 0.555131 0.048828 0.048828
0 0.583925 0.547461 0.048828 0.048828
0 0.628987 0.566637 0.048828 0.048828
0 0.640493 0.527327 0.048828 0.048828
0 0.705689 0.533079 0.048828 0.048828
0 0.778556 0.521574 0.048828 0.048828
0 0.858135 0.496646 0.048828 0.048828
0 0.907032 0.484182 0.048828 0.048828
0 0.687473 0.483223 0.048828 0.048828
0 0.642410 0.481305 0.048828 0.048828
0 0.592554 0.492811 0.048828 0.048828
0 0.534069 0.495687 0.048828 0.048828
0 0.332726 0.512945 0.048828 0.048828
0 0.282869 0.503357 0.048828 0.048828
0 0.228219 0.488017 0.048828 0.048828
0 0.323138 0.572389 0.048828 0.048828
0 0.273282 0.567595 0.048828 0.048828
0 0.224384 0.547461 0.048828 0.048828
0 0.183157 0.525409 0.048828 0.048828
0 0.122754 0.513904 0.048828 0.048828
0 0.037423 0.501440 0.048828 0.048828
0 0.012495 0.558008 0.048828 0.048828
0 0.080568 0.556090 0.048828 0.048828
0 0.133300 0.563760 0.048828 0.048828
0 0.351901 0.622246 0.048828 0.048828
0 0.298210 0.625122 0.048828 0.048828
0 0.231095 0.620328 0.048828 0.048828
0 0.152476 0.623204 0.048828 0.048828
0 0.087279 0.607864 0.048828 0.048828
0 0.039340 0.609781 0.048828 0.048828
0 0.008659 0.693195 0.048828 0.048828
0 0.064268 0.664432 0.048828 0.048828
0 0.117960 0.667308 0.048828 0.048828
0 0.159187 0.684566 0.048828 0.048828
0 0.215755 0.706618 0.048828 0.048828
0 0.239724 0.673061 0.048828 0.048828
0 0.279034 0.706618 0.048828 0.048828
0 0.334643 0.677854 0.048828 0.048828
0 0.330808 0.723876 0.048828 0.048828
0 0.321220 0.789072 0.048828 0.048828
0 0.269446 0.792908 0.048828 0.048828
0 0.256982 0.756474 0.048828 0.048828
0 0.220549 0.825506 0.048828 0.048828
0 0.179322 0.765103 0.048828 0.048828
0 0.176445 0.841805 0.048828 0.048828
0 0.140971 0.806330 0.048828 0.048828
0 0.124671 0.739216 0.048828 0.048828
0 0.093991 0.804413 0.048828 0.048828
0 0.118919 0.859063 0.048828 0.048828
0 0.331767 0.841805 0.048828 0.048828
0 0.270405 0.850434 0.048828 0.048828
0 0.220549 0.871527 0.048828 0.048828
0 0.329849 0.893579 0.048828 0.048828
0 0.266570 0.900290 0.048828 0.048828
0 0.201373 0.930971 0.048828 0.048828
0 0.164940 0.893579 0.048828 0.048828
0 0.114125 0.902208 0.048828 0.048828
0 0.127548 0.934806 0.048828 0.048828
0 0.145764 0.970281 0.048828 0.048828
0 0.326014 0.967405 0.048828 0.048828
0 0.211920 0.978910 0.048828 0.048828
0 0.012495 0.977951 0.048828 0.048828
0 0.054681 0.933848 0.048828 0.048828
0 0.023041 0.916590 0.048828 0.048828
0 0.058516 0.876321 0.048828 0.048828
0 0.003866 0.854269 0.048828 0.048828
0 0.049887 0.771815 0.048828 0.048828
0 0.006742 0.751680 0.048828 0.048828
0 0.072897 0.714288 0.048828 0.048828
0 0.964559 0.481305 0.048828 0.048828
0 0.964559 0.574307 0.048828 0.048828
0 0.981817 0.659638 0.048828 0.048828
0 0.981817 0.800578 0.048828 0.048828
0 0.959765 0.898373 0.048828 0.048828