0 0.929006 0.979784 0.048828 0.048828
0 0.972639 0.983939 0.048828 0.048828
0 0.943550 0.935112 0.048828 0.048828
0 0.929006 0.892518 0.048828 0.048828
0 0.994455 0.880052 0.048828 0.048828
0 0.935239 0.835380 0.048828 0.048828
0 0.995494 0.824992 0.048828 0.048828
0 0.995494 0.376199 0.048828 0.048828
0 0.999649 0.433337 0.048828 0.048828
0 0.998610 0.692016 0.048828 0.048828
0 0.999649 0.743960 0.048828 0.048828
0 0.939395 0.782398 0.048828 0.048828
0 0.923812 0.710716 0.048828 0.048828
0 0.910306 0.641111 0.048828 0.048828
0 0.959133 0.631761 0.048828 0.048828
0 0.934200 0.572546 0.048828 0.048828
0 0.949783 0.349188 0.048828 0.048828
0 0.904073 0.362693 0.048828 0.048828
0 0.941472 0.422948 0.048828 0.048828
0 0.890568 0.421909 0.048828 0.048828
0 0.950822 0.479047 0.048828 0.048828
0 0.956017 0.546574 0.048828 0.048828
0 0.898879 0.523719 0.048828 0.048828
0 0.995494 0.567351 0.048828 0.048828
0 0.865635 0.320100 0.048828 0.048828
0 0.851091 0.281661 0.048828 0.048828
0 0.864596 0.239068 0.048828 0.048828
0 0.910306 0.216212 0.048828 0.048828
0 0.857324 0.168424 0.048828 0.048828
0 0.937317 0.174658 0.048828 0.048828
0 0.947706 0.257767 0.048828 0.048828
0 0.933161 0.297245 0.048828 0.048828
0 0.981988 0.291011 0.048828 0.048828
0 0.995494 0.219329 0.048828 0.048828
0 0.976794 0.122714 0.048828 0.048828
0 0.980950 0.069731 0.048828 0.048828
0 0.889529 0.111286 0.048828 0.048828
0 0.930045 0.069731 0.048828 0.048828
0 0.943550 0.026099 0.048828 0.048828
0 0.978872 0.019866 0.048828 0.048828
0 0.835507 0.017788 0.048828 0.048828
0 0.869790 0.048954 0.048828 0.048828
0 0.840702 0.073887 0.048828 0.048828
0 0.811613 0.135180 0.048828 0.048828
0 0.820963 0.203746 0.048828 0.048828
0 0.755514 0.135180 0.048828 0.048828
0 0.767981 0.099859 0.048828 0.048828
0 0.784603 0.045837 0.048828 0.048828
0 0.786680 0.006360 0.048828 0.048828
0 0.725387 0.038565 0.048828 0.048828
0 0.733698 0.070770 0.048828 0.048828
0 0.709804 0.115442 0.048828 0.048828
0 0.664094 0.148686 0.048828 0.048828
0 0.695260 0.168424 0.048828 0.048828
0 0.747203 0.194396 0.048828 0.048828
0 0.781486 0.218290 0.048828 0.048828
0 0.657860 0.215174 0.048828 0.048828
0 0.626694 0.191280 0.048828 0.048828
0 0.602800 0.160113 0.048828 0.048828
0 0.592411 0.213096 0.048828 0.048828
0 0.549818 0.182969 0.048828 0.048828
0 0.495796 0.232834 0.048828 0.048828
0 0.493718 0.177774 0.048828 0.048828
0 0.441775 0.239068 0.048828 0.048828
0 0.443853 0.202707 0.048828 0.048828
0 0.443853 0.143491 0.048828 0.048828
0 0.494757 0.143491 0.048828 0.048828
0 0.475019 0.089470 0.048828 0.048828
0 0.462552 0.034410 0.048828 0.048828
0 0.518651 0.056226 0.048828 0.048828
0 0.538390 0.106092 0.048828 0.048828
0 0.594489 0.107131 0.048828 0.048828
0 0.625655 0.104014 0.048828 0.048828
0 0.673443 0.083237 0.048828 0.048828
0 0.647472 0.049993 0.048828 0.048828
0 0.686949 0.004283 0.048828 0.048828
0 0.619422 0.019866 0.048828 0.048828
0 0.583061 0.056226 0.048828 0.048828
0 0.566440 0.010516 0.048828 0.048828
0 0.059470 0.025060 0.048828 0.048828
0 0.039731 0.087392 0.048828 0.048828
0 0.018954 0.190241 0.048828 0.048828
0 0.033498 0.146608 0.048828 0.048828
0 0.053237 0.212057 0.048828 0.048828
0 0.093753 0.161152 0.048828 0.048828
0 0.144657 0.199591 0.048828 0.048828
0 0.155046 0.156997 0.048828 0.048828
0 0.197640 0.180891 0.048828 0.048828
0 0.194523 0.132064 0.048828 0.048828
0 0.158163 0.118558 0.048828 0.048828
0 0.126996 0.119597 0.048828 0.048828
0 0.101025 0.107131 0.048828 0.048828
0 0.139463 0.090509 0.048828 0.048828
0 0.194523 0.084276 0.048828 0.048828
0 0.111413 0.060382 0.048828 0.048828
0 0.156085 0.015710 0.048828 0.048828
0 0.197640 0.034410 0.048828 0.048828
0 0.261011 0.052071 0.048828 0.048828
0 0.318149 0.036488 0.048828 0.048828
0 0.358665 0.009477 0.048828 0.048828
0 0.374248 0.054148 0.048828 0.048828
0 0.403337 0.092587 0.048828 0.048828
0 0.353471 0.108170 0.048828 0.048828
0 0.312955 0.096742 0.048828 0.048828
0 0.259972 0.105053 0.048828 0.048828
0 0.249583 0.152841 0.048828 0.048828
0 0.331654 0.161152 0.048828 0.048828
0 0.379442 0.144530 0.048828 0.048828
0 0.380481 0.185046 0.048828 0.048828
0 0.346199 0.216212 0.048828 0.048828
0 0.297372 0.226601 0.048828 0.048828
0 0.261011 0.192318 0.048828 0.048828
0 0.194523 0.224523 0.048828 0.048828
0 0.808497 0.259845 0.048828 0.048828
0 0.755514 0.254651 0.048828 0.048828
0 0.724348 0.265039 0.048828 0.048828
0 0.679677 0.264001 0.048828 0.048828
0 0.631888 0.268156 0.048828 0.048828
0 0.572673 0.258806 0.048828 0.048828
0 0.577867 0.300361 0.048828 0.048828
0 0.605917 0.315944 0.048828 0.048828
0 0.534234 0.289972 0.048828 0.048828
0 0.471902 0.280623 0.048828 0.048828
0 0.550856 0.331527 0.048828 0.048828
0 0.486446 0.330488 0.048828 0.048828
0 0.444891 0.339838 0.048828 0.048828
0 0.412686 0.305556 0.048828 0.048828
0 0.387753 0.253612 0.048828 0.048828
0 0.324382 0.352305 0.048828 0.048828
0 0.318149 0.316983 0.048828 0.048828
0 0.301527 0.276467 0.048828 0.048828
0 0.246467 0.257767 0.048828 0.048828
0 0.192445 0.279584 0.048828 0.048828
0 0.232961 0.325294 0.048828 0.048828
0 0.254778 0.388665 0.048828 0.048828
0 0.208029 0.381393 0.048828 0.048828
0 0.169590 0.398015 0.048828 0.048828
0 0.143618 0.375160 0.048828 0.048828
0 0.188290 0.336722 0.048828 0.048828
0 0.162318 0.347110 0.048828 0.048828
0 0.142580 0.306594 0.048828 0.048828
0 0.096869 0.338799 0.048828 0.048828
0 0.069859 0.365810 0.048828 0.048828
0 0.155046 0.261923 0.048828 0.048828
0 0.126996 0.240107 0.048828 0.048828
0 0.069859 0.248418 0.048828 0.048828
0 0.057392 0.294128 0.048828 0.048828
0 0.016876 0.264001 0.048828 0.048828
0 0.011682 0.297245 0.048828 0.048828
0 0.004410 0.359577 0.048828 0.048828
0 0.028304 0.432298 0.048828 0.048828
0 0.064664 0.409443 0.048828 0.048828
0 0.107258 0.455153 0.048828 0.048828
0 0.131152 0.421909 0.048828 0.048828
0 0.159202 0.467620 0.048828 0.048828
0 0.128035 0.509174 0.048828 0.048828
0 0.050120 0.532030 0.048828 0.048828
0 0.062586 0.622412 0.048828 0.048828
0 0.040770 0.593323 0.048828 0.048828
0 0.069859 0.565274 0.048828 0.048828
0 0.104141 0.559040 0.048828 0.048828
0 0.170629 0.558001 0.048828 0.048828
0 0.197640 0.519563 0.048828 0.048828
0 0.238156 0.491514 0.048828 0.048828
0 0.212184 0.450998 0.048828 0.048828
0 0.305683 0.456192 0.048828 0.048828
0 0.313994 0.399054 0.048828 0.048828
0 0.362821 0.430220 0.048828 0.048828
0 0.365937 0.475931 0.048828 0.048828
0 0.431386 0.475931 0.048828 0.048828
0 0.503068 0.483203 0.048828 0.048828
0 0.463591 0.521641 0.048828 0.048828
0 0.407492 0.509174 0.048828 0.048828
0 0.378404 0.551768 0.048828 0.048828
0 0.332693 0.536185 0.048828 0.048828
0 0.276594 0.529952 0.048828 0.048828
0 0.299449 0.582934 0.048828 0.048828
0 0.348276 0.615139 0.048828 0.048828
0 0.401259 0.612023 0.048828 0.048828
0 0.256856 0.615139 0.048828 0.048828
0 0.214262 0.601634 0.048828 0.048828
0 0.224651 0.548652 0.048828 0.048828
0 0.149852 0.619295 0.048828 0.048828
0 0.411648 0.368927 0.048828 0.048828
0 0.457358 0.388665 0.048828 0.048828
0 0.414764 0.420870 0.048828 0.048828
0 0.466708 0.428142 0.048828 0.048828
0 0.511379 0.413598 0.048828 0.048828
0 0.500991 0.367888 0.048828 0.048828
0 0.546701 0.386588 0.048828 0.048828
0 0.566440 0.430220 0.048828 0.048828
0 0.610072 0.437492 0.048828 0.048828
0 0.613189 0.399054 0.048828 0.048828
0 0.593450 0.357499 0.048828 0.048828
0 0.652666 0.324255 0.048828 0.048828
0 0.684871 0.325294 0.048828 0.048828
0 0.750320 0.321139 0.048828 0.048828
0 0.803302 0.307633 0.048828 0.048828
0 0.832391 0.343994 0.048828 0.048828
0 0.796030 0.367888 0.048828 0.048828
0 0.836546 0.410482 0.048828 0.048828
0 0.769020 0.399054 0.048828 0.048828
0 0.712921 0.360616 0.048828 0.048828
0 0.658899 0.365810 0.048828 0.048828
0 0.705648 0.408404 0.048828 0.048828
0 0.655783 0.404248 0.048828 0.048828
0 0.664094 0.428142 0.048828 0.048828
0 0.664094 0.469697 0.048828 0.048828
0 0.721231 0.461386 0.048828 0.048828
0 0.783564 0.439570 0.048828 0.048828
0 0.865635 0.468658 0.048828 0.048828
0 0.818885 0.483203 0.048828 0.048828
0 0.754475 0.492553 0.048828 0.048828
0 0.683832 0.524758 0.048828 0.048828
0 0.596567 0.507097 0.048828 0.048828
0 0.565401 0.575662 0.048828 0.048828
0 0.528001 0.529952 0.048828 0.048828
0 0.509302 0.568390 0.048828 0.048828
0 0.461513 0.643189 0.048828 0.048828
0 0.439697 0.700327 0.048828 0.048828
0 0.398142 0.704483 0.048828 0.048828
0 0.413725 0.759543 0.048828 0.048828
0 0.370093 0.667083 0.048828 0.048828
0 0.311916 0.668122 0.048828 0.048828
0 0.335810 0.722143 0.048828 0.048828
0 0.343082 0.766815 0.048828 0.048828
0 0.372170 0.818758 0.048828 0.048828
0 0.636044 0.567351 0.048828 0.048828
0 0.670327 0.580857 0.048828 0.048828
0 0.736815 0.547613 0.048828 0.048828
0 0.784603 0.543457 0.048828 0.048828
0 0.829274 0.542418 0.048828 0.048828
0 0.880179 0.595401 0.048828 0.048828
0 0.809536 0.593323 0.048828 0.048828
0 0.756553 0.606828 0.048828 0.048828
0 0.692143 0.641111 0.048828 0.048828
0 0.638122 0.607867 0.048828 0.048828
0 0.636044 0.657733 0.048828 0.048828
0 0.579945 0.620334 0.048828 0.048828
0 0.568517 0.656694 0.048828 0.048828
0 0.521768 0.628645 0.048828 0.048828
0 0.487485 0.666044 0.048828 0.048828
0 0.481252 0.715910 0.048828 0.048828
0 0.479174 0.763698 0.048828 0.048828
0 0.436580 0.788631 0.048828 0.048828
0 0.432425 0.833303 0.048828 0.048828
0 0.534234 0.789670 0.048828 0.048828
0 0.613189 0.749154 0.048828 0.048828
0 0.567478 0.705521 0.048828 0.048828
0 0.643316 0.708638 0.048828 0.048828
0 0.594489 0.804214 0.048828 0.048828
0 0.550856 0.839536 0.048828 0.048828
0 0.589295 0.858236 0.048828 0.048828
0 0.656821 0.829147 0.048828 0.048828
0 0.649549 0.777204 0.048828 0.048828
0 0.630850 0.897713 0.048828 0.048828
0 0.555012 0.908101 0.048828 0.048828
0 0.498913 0.879013 0.048828 0.048828
0 0.684871 0.862391 0.048828 0.048828
0 0.731620 0.864469 0.048828 0.048828
0 0.709804 0.822914 0.048828 0.048828
0 0.724348 0.775126 0.048828 0.048828
0 0.694221 0.703444 0.048828 0.048828
0 0.740970 0.720066 0.048828 0.048828
0 0.764864 0.670200 0.048828 0.048828
0 0.827196 0.656694 0.048828 0.048828
0 0.801225 0.707599 0.048828 0.048828
0 0.882257 0.700327 0.048828 0.048828
0 0.880179 0.761620 0.048828 0.048828
0 0.827196 0.753310 0.048828 0.048828
0 0.881218 0.829147 0.048828 0.048828
0 0.829274 0.811486 0.048828 0.048828
0 0.780447 0.791748 0.048828 0.048828
0 0.783564 0.843691 0.048828 0.048828
0 0.832391 0.861352 0.048828 0.048828
0 0.867712 0.911218 0.048828 0.048828
0 0.870829 0.962123 0.048828 0.048828
0 0.835507 0.994328 0.048828 0.048828
0 0.788758 0.998483 0.048828 0.048828
0 0.725387 0.973550 0.048828 0.048828
0 0.695260 0.929918 0.048828 0.048828
0 0.747203 0.930957 0.048828 0.048828
0 0.817847 0.939268 0.048828 0.048828
0 0.798108 0.897713 0.048828 0.048828
0 0.763825 0.896674 0.048828 0.048828
0 0.698376 0.894596 0.048828 0.048828
0 0.657860 0.999522 0.048828 0.048828
0 0.612150 0.969395 0.048828 0.048828
0 0.562284 0.970434 0.048828 0.048828
0 0.515535 0.942384 0.048828 0.048828
0 0.503068 0.998483 0.048828 0.048828
0 0.448008 0.995367 0.048828 0.048828
0 0.461513 0.949656 0.048828 0.048828
0 0.451125 0.907063 0.048828 0.048828
0 0.407492 0.939268 0.048828 0.048828
0 0.361782 0.900829 0.048828 0.048828
0 0.363859 0.961084 0.048828 0.048828
0 0.337888 0.950695 0.048828 0.048828
0 0.285944 0.969395 0.048828 0.048828
0 0.306721 0.916412 0.048828 0.048828
0 0.280750 0.868624 0.048828 0.048828
0 0.300488 0.819797 0.048828 0.048828
0 0.241272 0.827069 0.048828 0.048828
0 0.273478 0.763698 0.048828 0.048828
0 0.228806 0.782398 0.048828 0.048828
0 0.271400 0.715910 0.048828 0.048828
0 0.240234 0.666044 0.048828 0.048828
0 0.194523 0.673316 0.048828 0.048828
0 0.231923 0.713832 0.048828 0.048828
0 0.178940 0.725260 0.048828 0.048828
0 0.142580 0.677472 0.048828 0.048828
0 0.108297 0.762659 0.048828 0.048828
0 0.098947 0.810447 0.048828 0.048828
0 0.103102 0.863430 0.048828 0.048828
0 0.158163 0.782398 0.048828 0.048828
0 0.157124 0.841614 0.048828 0.048828
0 0.198679 0.868624 0.048828 0.048828
0 0.234000 0.900829 0.048828 0.048828
0 0.190368 0.917451 0.048828 0.048828
0 0.143618 0.918490 0.048828 0.048828
0 0.093753 0.947579 0.048828 0.048828
0 0.213223 0.975628 0.048828 0.048828
0 0.161279 0.980823 0.048828 0.048828
0 0.130113 0.973550 0.048828 0.048828
0 0.053237 0.933034 0.048828 0.048828
0 0.016876 0.939268 0.048828 0.048828
0 0.004410 0.880052 0.048828 0.048828
0 0.043887 0.874858 0.048828 0.048828
0 0.068820 0.812525 0.048828 0.048828
0 0.030381 0.809409 0.048828 0.048828
0 0.003371 0.760582 0.048828 0.048828
0 0.060509 0.755387 0.048828 0.048828
0 0.077131 0.688899 0.048828 0.048828
0 0.024148 0.711755 0.048828 0.048828
0 0.038692 0.669161 0.048828 0.048828