0 0.969491 0.673917 0.048828 0.048828
0 0.905650 0.653757 0.048828 0.048828
0 0.979571 0.616796 0.048828 0.048828
0 0.928050 0.570875 0.048828 0.048828
0 0.977331 0.537275 0.048828 0.048828
0 0.985171 0.395033 0.048828 0.048828
0 0.980691 0.341272 0.048828 0.048828
0 0.938130 0.332312 0.048828 0.048828
0 0.898930 0.360312 0.048828 0.048828
0 0.993011 0.719838 0.048828 0.048828
0 0.929170 0.729918 0.048828 0.048828
0 0.856369 0.711998 0.048828 0.048828
0 0.856369 0.630236 0.048828 0.048828
0 0.885489 0.570875 0.048828 0.048828
0 0.910130 0.519355 0.048828 0.048828
0 0.948210 0.451033 0.048828 0.048828
0 0.954931 0.493594 0.048828 0.048828
0 0.867569 0.458874 0.048828 0.048828
0 0.826128 0.500314 0.048828 0.048828
0 0.828368 0.559675 0.048828 0.048828
0 0.794768 0.634717 0.048828 0.048828
0 0.792528 0.701918 0.048828 0.048828
0 0.785808 0.752319 0.048828 0.048828
0 0.754447 0.778079 0.048828 0.048828
0 0.749967 0.666077 0.048828 0.048828
0 0.739887 0.717598 0.048828 0.048828
0 0.727567 0.608956 0.048828 0.048828
0 0.780208 0.595516 0.048828 0.048828
0 0.745487 0.545115 0.048828 0.048828
0 0.717487 0.495834 0.048828 0.048828
0 0.775728 0.481274 0.048828 0.048828
0 0.802608 0.433113 0.048828 0.048828
0 0.839569 0.389432 0.048828 0.048828
0 0.781328 0.386072 0.048828 0.048828
0 0.825008 0.332312 0.048828 0.048828
0 0.864209 0.299831 0.048828 0.048828
0 0.978451 0.262870 0.048828 0.048828
0 0.940370 0.268470 0.048828 0.048828
0 0.870929 0.231510 0.048828 0.048828
0 0.975091 0.762399 0.048828 0.048828
0 0.979571 0.821760 0.048828 0.048828
0 0.984051 0.884481 0.048828 0.048828
0 0.962771 0.965122 0.048828 0.048828
0 0.930290 0.915841 0.048828 0.048828
0 0.926930 0.858720 0.048828 0.048828
0 0.872049 0.869920 0.048828 0.048828
0 0.863089 0.809439 0.048828 0.048828
0 0.889969 0.770239 0.048828 0.048828
0 0.822768 0.751199 0.048828 0.048828
0 0.817168 0.836320 0.048828 0.048828
0 0.788048 0.874401 0.048828 0.048828
0 0.810448 0.922561 0.048828 0.048828
0 0.873169 0.944962 0.048828 0.048828
0 0.841809 0.998723 0.048828 0.048828
0 0.754447 0.955042 0.048828 0.048828
0 0.967251 0.195669 0.048828 0.048828
0 0.914610 0.177749 0.048828 0.048828
0 0.986291 0.118388 0.048828 0.048828
0 0.987411 0.037747 0.048828 0.048828
0 0.929170 0.055667 0.048828 0.048828
0 0.894450 0.080307 0.048828 0.048828
0 0.886609 0.005266 0.048828 0.048828
0 0.940370 0.003026 0.048828 0.048828
0 0.799248 0.004146 0.048828 0.048828
0 0.826128 0.038867 0.048828 0.048828
0 0.839569 0.093748 0.048828 0.048828
0 0.864209 0.140788 0.048828 0.048828
0 0.846289 0.196789 0.048828 0.048828
0 0.819408 0.151989 0.048828 0.048828
0 0.789168 0.108308 0.048828 0.048828
0 0.772368 0.056787 0.048828 0.048828
0 0.726447 0.041107 0.048828 0.048828
0 0.665966 0.017586 0.048828 0.048828
0 0.665966 0.098228 0.048828 0.048828
0 0.721967 0.098228 0.048828 0.048828
0 0.698446 0.147508 0.048828 0.048828
0 0.738767 0.151989 0.048828 0.048828
0 0.713007 0.192309 0.048828 0.048828
0 0.788048 0.213590 0.048828 0.048828
0 0.788048 0.267350 0.048828 0.048828
0 0.751087 0.306551 0.048828 0.048828
0 0.705166 0.294231 0.048828 0.048828
0 0.678286 0.248310 0.048828 0.048828
0 0.654766 0.303191 0.048828 0.048828
0 0.699566 0.345752 0.048828 0.048828
0 0.718607 0.405113 0.048828 0.048828
0 0.668206 0.391673 0.048828 0.048828
0 0.663726 0.568635 0.048828 0.048828
0 0.698446 0.682877 0.048828 0.048828
0 0.742127 0.850880 0.048828 0.048828
0 0.690606 0.913601 0.048828 0.048828
0 0.701806 0.750078 0.048828 0.048828
0 0.698446 0.783679 0.048828 0.048828
0 0.674926 0.837440 0.048828 0.048828
0 0.645805 0.887841 0.048828 0.048828
0 0.612205 0.894561 0.048828 0.048828
0 0.587564 0.950562 0.048828 0.048828
0 0.661486 0.958402 0.048828 0.048828
0 0.517003 0.978562 0.048828 0.048828
0 0.549484 0.937122 0.048828 0.048828
0 0.548364 0.886721 0.048828 0.048828
0 0.462122 0.980802 0.048828 0.048828
0 0.466602 0.932642 0.048828 0.048828
0 0.480043 0.863200 0.048828 0.048828
0 0.531563 0.828480 0.048828 0.048828
0 0.604365 0.827360 0.048828 0.048828
0 0.646925 0.770239 0.048828 0.048828
0 0.480043 0.789279 0.048828 0.048828
0 0.553964 0.742238 0.048828 0.048828
0 0.627885 0.697438 0.048828 0.048828
0 0.512523 0.725438 0.048828 0.048828
0 0.547244 0.690717 0.048828 0.048828
0 0.501323 0.687357 0.048828 0.048828
0 0.523723 0.658237 0.048828 0.048828
0 0.458762 0.615676 0.048828 0.048828
0 0.514763 0.619036 0.048828 0.048828
0 0.487883 0.593276 0.048828 0.048828
0 0.493483 0.551835 0.048828 0.048828
0 0.548364 0.567515 0.048828 0.048828
0 0.562924 0.616796 0.048828 0.048828
0 0.629005 0.638077 0.048828 0.048828
0 0.622285 0.596636 0.048828 0.048828
0 0.597645 0.569755 0.048828 0.048828
0 0.652526 0.500314 0.048828 0.048828
0 0.578604 0.499194 0.048828 0.048828
0 0.527083 0.490234 0.048828 0.048828
0 0.626765 0.453274 0.048828 0.048828
0 0.559564 0.449913 0.048828 0.048828
0 0.623405 0.367032 0.048828 0.048828
0 0.601005 0.405113 0.048828 0.048828
0 0.555084 0.416313 0.048828 0.048828
0 0.468842 0.459994 0.048828 0.048828
0 0.500203 0.392793 0.048828 0.048828
0 0.559564 0.371512 0.048828 0.048828
0 0.464362 0.367032 0.048828 0.048828
0 0.474443 0.328951 0.048828 0.048828
0 0.537164 0.321111 0.048828 0.048828
0 0.594285 0.305431 0.048828 0.048828
0 0.475563 0.268470 0.048828 0.048828
0 0.537164 0.259510 0.048828 0.048828
0 0.589804 0.248310 0.048828 0.048828
0 0.644685 0.209109 0.048828 0.048828
0 0.611085 0.136308 0.048828 0.048828
0 0.606605 0.171029 0.048828 0.048828
0 0.558444 0.193429 0.048828 0.048828
0 0.494603 0.212470 0.048828 0.048828
0 0.478923 0.157589 0.048828 0.048828
0 0.518123 0.163189 0.048828 0.048828
0 0.551724 0.137428 0.048828 0.048828
0 0.500203 0.093748 0.048828 0.048828
0 0.558444 0.076947 0.048828 0.048828
0 0.622285 0.085907 0.048828 0.048828
0 0.606605 0.019826 0.048828 0.048828
0 0.531563 0.031026 0.048828 0.048828
0 0.467722 0.038867 0.048828 0.048828
0 0.341258 0.051286 0.048828 0.048828
0 0.409824 0.034664 0.048828 0.048828
0 0.430601 0.106346 0.048828 0.048828
0 0.390085 0.100113 0.048828 0.048828
0 0.353725 0.146862 0.048828 0.048828
0 0.424368 0.193611 0.048828 0.048828
0 0.428524 0.253866 0.048828 0.048828
0 0.394241 0.226855 0.048828 0.048828
0 0.397357 0.142707 0.048828 0.048828
0 0.328792 0.215428 0.048828 0.048828
0 0.311131 0.170756 0.048828 0.048828
0 0.272693 0.219583 0.048828 0.048828
0 0.285159 0.258021 0.048828 0.048828
0 0.324636 0.295421 0.048828 0.048828
0 0.368269 0.282954 0.048828 0.048828
0 0.403591 0.327626 0.048828 0.048828
0 0.356841 0.335937 0.048828 0.048828
0 0.323597 0.375414 0.048828 0.048828
0 0.389046 0.378531 0.048828 0.048828
0 0.448262 0.414891 0.048828 0.048828
0 0.404629 0.428397 0.048828 0.048828
0 0.394241 0.481379 0.048828 0.048828
0 0.357880 0.433591 0.048828 0.048828
0 0.333986 0.481379 0.048828 0.048828
0 0.293470 0.473068 0.048828 0.048828
0 0.279965 0.422163 0.048828 0.048828
0 0.236332 0.482418 0.048828 0.048828
0 0.204127 0.457485 0.048828 0.048828
0 0.206205 0.398269 0.048828 0.048828
0 0.246721 0.317237 0.048828 0.048828
0 0.244643 0.271527 0.048828 0.048828
0 0.218671 0.231011 0.048828 0.048828
0 0.211399 0.181145 0.048828 0.048828
0 0.270615 0.128162 0.048828 0.048828
0 0.223866 0.112579 0.048828 0.048828
0 0.231138 0.076219 0.048828 0.048828
0 0.285159 0.049208 0.048828 0.048828
0 0.291392 0.005575 0.048828 0.048828
0 0.225943 0.018042 0.048828 0.048828
0 0.164650 0.002459 0.048828 0.048828
0 0.177116 0.046091 0.048828 0.048828
0 0.113745 0.087646 0.048828 0.048828
0 0.128289 0.145823 0.048828 0.048828
0 0.078424 0.111540 0.048828 0.048828
0 0.095046 0.172834 0.048828 0.048828
0 0.151145 0.207117 0.048828 0.048828
0 0.171922 0.267371 0.048828 0.048828
0 0.197894 0.329704 0.048828 0.048828
0 0.155300 0.389958 0.048828 0.048828
0 0.119978 0.327626 0.048828 0.048828
0 0.117901 0.264255 0.048828 0.048828
0 0.071151 0.228933 0.048828 0.048828
0 0.051413 0.274643 0.048828 0.048828
0 0.034791 0.222700 0.048828 0.048828
0 0.035830 0.163484 0.048828 0.048828
0 0.047257 0.329704 0.048828 0.048828
0 0.092968 0.456446 0.048828 0.048828
0 0.143873 0.447096 0.048828 0.048828
0 0.053491 0.435669 0.048828 0.048828
0 0.009858 0.416969 0.048828 0.048828
0 0.004664 0.369181 0.048828 0.048828
0 0.030635 0.069986 0.048828 0.048828
0 0.084657 0.054402 0.048828 0.048828
0 0.034791 0.019081 0.048828 0.048828
0 0.000508 0.997699 0.048828 0.048828
0 0.015052 0.740058 0.048828 0.048828
0 0.041024 0.804468 0.048828 0.048828
0 0.048296 0.873034 0.048828 0.048828
0 0.009858 0.957183 0.048828 0.048828
0 0.076346 0.939522 0.048828 0.048828
0 0.096084 0.989388 0.048828 0.048828
0 0.379697 0.930172 0.048828 0.048828
0 0.426446 0.891734 0.048828 0.048828
0 0.421251 0.810702 0.048828 0.048828
0 0.437873 0.732786 0.048828 0.048828
0 0.459690 0.667337 0.048828 0.048828
0 0.415018 0.681881 0.048828 0.048828
0 0.388008 0.629938 0.048828 0.048828
0 0.430601 0.556178 0.048828 0.048828
0 0.436835 0.508390 0.048828 0.048828
0 0.389046 0.548906 0.048828 0.048828
0 0.353725 0.515662 0.048828 0.048828
0 0.291392 0.530206 0.048828 0.048828
0 0.335025 0.595655 0.048828 0.048828
0 0.322559 0.649676 0.048828 0.048828
0 0.371386 0.700581 0.048828 0.048828
0 0.374502 0.735903 0.048828 0.048828
0 0.383852 0.775380 0.048828 0.048828
0 0.360997 0.877189 0.048828 0.048828
0 0.340219 0.830440 0.048828 0.048828
0 0.311131 0.759797 0.048828 0.048828
0 0.319442 0.707853 0.048828 0.048828
0 0.258148 0.672532 0.048828 0.048828
0 0.267498 0.725514 0.048828 0.048828
0 0.260226 0.768108 0.048828 0.048828
0 0.284120 0.829401 0.048828 0.048828
0 0.223866 0.808624 0.048828 0.048828
0 0.296587 0.910433 0.048828 0.048828
0 0.247760 0.870956 0.048828 0.048828
0 0.294509 0.964455 0.048828 0.048828
0 0.250876 0.930172 0.048828 0.048828
0 0.208283 0.950949 0.048828 0.048828
0 0.186466 0.904200 0.048828 0.048828
0 0.135562 0.940561 0.048828 0.048828
0 0.095046 0.908356 0.048828 0.048828
0 0.117901 0.873034 0.048828 0.048828
0 0.176078 0.855373 0.048828 0.048828
0 0.155300 0.785769 0.048828 0.048828
0 0.102318 0.809663 0.048828 0.048828
0 0.096084 0.754602 0.048828 0.048828
0 0.146989 0.747330 0.048828 0.048828
0 0.201011 0.736942 0.048828 0.048828
0 0.139717 0.704737 0.048828 0.048828
0 0.187505 0.662143 0.048828 0.048828
0 0.261265 0.607083 0.048828 0.048828
0 0.230099 0.555139 0.048828 0.048828
0 0.162572 0.532284 0.048828 0.048828
0 0.127251 0.507351 0.048828 0.048828
0 0.178155 0.591499 0.048828 0.048828
0 0.154261 0.611238 0.048828 0.048828
0 0.131406 0.645521 0.048828 0.048828
0 0.125173 0.579033 0.048828 0.048828
0 0.065957 0.571761 0.048828 0.048828
0 0.036869 0.503195 0.048828 0.048828
0 0.026480 0.610199 0.048828 0.048828
0 0.071151 0.681881 0.048828 0.048828
0 0.079462 0.614355 0.048828 0.048828