0 0.137752 0.970355 0.048828 0.048828
0 0.149087 0.928793 0.048828 0.048828
0 0.167979 0.881564 0.048828 0.048828
0 0.116026 0.895732 0.048828 0.048828
0 0.054628 0.851337 0.048828 0.048828
0 0.023456 0.896677 0.048828 0.048828
0 0.006454 0.846614 0.048828 0.048828
0 0.037625 0.938239 0.048828 0.048828
0 0.158533 0.834334 0.048828 0.048828
0 0.195372 0.829611 0.048828 0.048828
0 0.270939 0.847558 0.048828 0.048828
0 0.236933 0.872118 0.048828 0.048828
0 0.321002 0.823944 0.048828 0.048828
0 0.366342 0.820165 0.048828 0.048828
0 0.353118 0.871173 0.048828 0.048828
0 0.313445 0.881564 0.048828 0.048828
0 0.340838 0.902344 0.048828 0.048828
0 0.354063 0.929738 0.048828 0.048828
0 0.384289 0.958075 0.048828 0.048828
0 0.309667 0.958075 0.048828 0.048828
0 0.277551 0.956186 0.048828 0.048828
0 0.252047 0.909901 0.048828 0.048828
0 0.202928 0.942017 0.048828 0.048828
0 0.722452 0.966577 0.048828 0.048828
0 0.680890 0.960909 0.048828 0.048828
0 0.696004 0.891009 0.048828 0.048828
0 0.768737 0.831500 0.048828 0.048828
0 0.669555 0.850392 0.048828 0.048828
0 0.611935 0.842835 0.048828 0.048828
0 0.624215 0.885342 0.048828 0.048828
0 0.630827 0.938239 0.048828 0.048828
0 0.593044 0.993025 0.048828 0.048828
0 0.450411 0.993970 0.048828 0.048828
0 0.494806 0.976967 0.048828 0.048828
0 0.464579 0.942962 0.048828 0.048828
0 0.533534 0.934460 0.048828 0.048828
0 0.584542 0.942962 0.048828 0.048828
0 0.574152 0.897622 0.048828 0.048828
0 0.490083 0.902344 0.048828 0.048828
0 0.519366 0.876841 0.048828 0.048828
0 0.559038 0.840002 0.048828 0.048828
0 0.498585 0.829611 0.048828 0.048828
0 0.439076 0.835279 0.048828 0.048828
0 0.400347 0.907067 0.048828 0.048828
0 0.854695 0.981690 0.048828 0.048828
0 0.770626 0.986413 0.048828 0.048828
0 0.815966 0.945796 0.048828 0.048828
0 0.773460 0.913680 0.048828 0.048828
0 0.796130 0.886286 0.048828 0.048828
0 0.854695 0.913680 0.048828 0.048828
0 0.840526 0.861727 0.048828 0.048828
0 0.929317 0.880619 0.048828 0.048828
0 0.924594 0.847558 0.048828 0.048828
0 0.954821 0.839057 0.048828 0.048828
0 0.814077 0.828667 0.048828 0.048828
0 0.977491 0.871173 0.048828 0.048828
0 0.972768 0.937294 0.048828 0.048828
0 0.945375 0.775770 0.048828 0.048828
0 0.905702 0.811664 0.048828 0.048828
0 0.849027 0.790883 0.048828 0.048828
0 0.898146 0.747432 0.048828 0.048828
0 0.787629 0.777659 0.048828 0.048828
0 0.760236 0.748376 0.048828 0.048828
0 0.736621 0.805052 0.048828 0.048828
0 0.725286 0.770102 0.048828 0.048828
0 0.669555 0.797495 0.048828 0.048828
0 0.992605 0.733263 0.048828 0.048828
0 0.927428 0.711538 0.048828 0.048828
0 0.842415 0.727596 0.048828 0.048828
0 0.796130 0.728540 0.048828 0.048828
0 0.730009 0.693590 0.048828 0.048828
0 0.747011 0.657696 0.048828 0.048828
0 0.756457 0.604799 0.048828 0.048828
0 0.810299 0.596298 0.048828 0.048828
0 0.872642 0.603854 0.048828 0.048828
0 0.819745 0.656751 0.048828 0.048828
0 0.857528 0.681311 0.048828 0.048828
0 0.978436 0.631247 0.048828 0.048828
0 0.973713 0.243021 0.048828 0.048828
0 0.943486 0.220351 0.048828 0.048828
0 0.981270 0.164621 0.048828 0.048828
0 0.991660 0.288362 0.048828 0.048828
0 0.986937 0.414937 0.048828 0.048828
0 0.984103 0.359206 0.048828 0.048828
0 0.958599 0.319533 0.048828 0.048828
0 0.948209 0.384710 0.048828 0.048828
0 0.971824 0.454609 0.048828 0.048828
0 0.967101 0.514118 0.048828 0.048828
0 0.937818 0.536789 0.048828 0.048828
0 0.944431 0.579295 0.048828 0.048828
0 0.910425 0.583073 0.048828 0.048828
0 0.915148 0.474446 0.048828 0.048828
0 0.906647 0.428161 0.048828 0.048828
0 0.830135 0.220351 0.048828 0.048828
0 0.799908 0.224130 0.048828 0.048828
0 0.766848 0.215628 0.048828 0.048828
0 0.714895 0.219407 0.048828 0.048828
0 0.681835 0.239243 0.048828 0.048828
0 0.653497 0.209961 0.048828 0.048828
0 0.605323 0.211850 0.048828 0.048828
0 0.625160 0.249634 0.048828 0.048828
0 0.578875 0.276082 0.048828 0.048828
0 0.576985 0.326145 0.048828 0.048828
0 0.641218 0.315755 0.048828 0.048828
0 0.664832 0.278916 0.048828 0.048828
0 0.728120 0.299697 0.048828 0.048828
0 0.735676 0.261913 0.048828 0.048828
0 0.789518 0.271359 0.048828 0.048828
0 0.837692 0.287417 0.048828 0.048828
0 0.793296 0.314810 0.048828 0.048828
0 0.854695 0.343148 0.048828 0.048828
0 0.855639 0.385654 0.048828 0.048828
0 0.852805 0.429105 0.048828 0.048828
0 0.813133 0.457443 0.048828 0.048828
0 0.793296 0.377153 0.048828 0.048828
0 0.783850 0.416826 0.048828 0.048828
0 0.734732 0.355428 0.048828 0.048828
0 0.742289 0.398879 0.048828 0.048828
0 0.701671 0.412103 0.048828 0.048828
0 0.674278 0.344092 0.048828 0.048828
0 0.623270 0.373375 0.048828 0.048828
0 0.632716 0.428161 0.048828 0.048828
0 0.576041 0.411158 0.048828 0.048828
0 0.582653 0.455554 0.048828 0.048828
0 0.642162 0.471612 0.048828 0.048828
0 0.688447 0.486725 0.048828 0.048828
0 0.772515 0.470667 0.048828 0.048828
0 0.795186 0.502783 0.048828 0.048828
0 0.825412 0.540567 0.048828 0.048828
0 0.867919 0.478224 0.048828 0.048828
0 0.740399 0.553791 0.048828 0.048828
0 0.696948 0.546234 0.048828 0.048828
0 0.708283 0.593464 0.048828 0.048828
0 0.654442 0.585907 0.048828 0.048828
0 0.642162 0.530176 0.048828 0.048828
0 0.612880 0.501839 0.048828 0.048828
0 0.680890 0.735152 0.048828 0.048828
0 0.629882 0.714371 0.048828 0.048828
0 0.623270 0.636915 0.048828 0.048828
0 0.582653 0.601021 0.048828 0.048828
0 0.557149 0.525454 0.048828 0.048828
0 0.512753 0.563237 0.048828 0.048828
0 0.526922 0.635970 0.048828 0.048828
0 0.542036 0.680366 0.048828 0.048828
0 0.583598 0.696424 0.048828 0.048828
0 0.523144 0.737041 0.048828 0.048828
0 0.542980 0.774825 0.048828 0.048828
0 0.594933 0.795606 0.048828 0.048828
0 0.475914 0.783326 0.048828 0.048828
0 0.492917 0.745543 0.048828 0.048828
0 0.448521 0.731374 0.048828 0.048828
0 0.456078 0.677532 0.048828 0.048828
0 0.477804 0.680366 0.048828 0.048828
0 0.457023 0.613300 0.048828 0.048828
0 0.445688 0.566071 0.048828 0.048828
0 0.479693 0.518841 0.048828 0.048828
0 0.505197 0.493337 0.048828 0.048828
0 0.463635 0.472557 0.048828 0.048828
0 0.505197 0.430050 0.048828 0.048828
0 0.512753 0.366763 0.048828 0.048828
0 0.513698 0.313866 0.048828 0.048828
0 0.554315 0.226019 0.048828 0.048828
0 0.514643 0.247744 0.048828 0.048828
0 0.503308 0.213739 0.048828 0.048828
0 0.498585 0.172177 0.048828 0.048828
0 0.544869 0.167454 0.048828 0.048828
0 0.394680 0.774825 0.048828 0.048828
0 0.337060 0.784271 0.048828 0.048828
0 0.302110 0.766324 0.048828 0.048828
0 0.257714 0.755933 0.048828 0.048828
0 0.200095 0.764434 0.048828 0.048828
0 0.165145 0.796551 0.048828 0.048828
0 0.148142 0.761601 0.048828 0.048828
0 0.156643 0.709648 0.048828 0.048828
0 0.102802 0.727596 0.048828 0.048828
0 0.062185 0.768213 0.048828 0.048828
0 0.090522 0.815442 0.048828 0.048828
0 0.015900 0.798440 0.048828 0.048828
0 0.023456 0.709648 0.048828 0.048828
0 0.060295 0.687923 0.048828 0.048828
0 0.116971 0.675643 0.048828 0.048828
0 0.167979 0.656751 0.048828 0.048828
0 0.216153 0.626525 0.048828 0.048828
0 0.286997 0.640693 0.048828 0.048828
0 0.373899 0.653918 0.048828 0.048828
0 0.347450 0.714371 0.048828 0.048828
0 0.290775 0.686034 0.048828 0.048828
0 0.404126 0.679421 0.048828 0.048828
0 0.412627 0.623691 0.048828 0.048828
0 0.382400 0.602910 0.048828 0.048828
0 0.370121 0.562292 0.048828 0.048828
0 0.348395 0.515063 0.048828 0.048828
0 0.389957 0.471612 0.048828 0.048828
0 0.405070 0.423438 0.048828 0.048828
0 0.441909 0.379042 0.048828 0.048828
0 0.460801 0.332757 0.048828 0.048828
0 0.443798 0.297808 0.048828 0.048828
0 0.457023 0.243021 0.048828 0.048828
0 0.438131 0.216573 0.048828 0.048828
0 0.434353 0.165565 0.048828 0.048828
0 0.363508 0.184457 0.048828 0.048828
0 0.421128 0.254356 0.048828 0.048828
0 0.375788 0.256246 0.048828 0.048828
0 0.339894 0.226019 0.048828 0.048828
0 0.311556 0.184457 0.048828 0.048828
0 0.255825 0.204293 0.048828 0.048828
0 0.282274 0.175011 0.048828 0.048828
0 0.263382 0.150452 0.048828 0.048828
0 0.305888 0.114557 0.048828 0.048828
0 0.264327 0.114557 0.048828 0.048828
0 0.190649 0.080552 0.048828 0.048828
0 0.154754 0.131560 0.048828 0.048828
0 0.147198 0.182568 0.048828 0.048828
0 0.184037 0.184457 0.048828 0.048828
0 0.182147 0.226019 0.048828 0.048828
0 0.175535 0.282694 0.048828 0.048828
0 0.123583 0.278916 0.048828 0.048828
0 0.116026 0.229797 0.048828 0.048828
0 0.059351 0.217518 0.048828 0.048828
0 0.066907 0.287417 0.048828 0.048828
0 0.044237 0.307253 0.048828 0.048828
0 0.045182 0.349760 0.048828 0.048828
0 0.065018 0.386599 0.048828 0.048828
0 0.138696 0.378098 0.048828 0.048828
0 0.089578 0.321422 0.048828 0.048828
0 0.145308 0.329924 0.048828 0.048828
0 0.225598 0.294974 0.048828 0.048828
0 0.273772 0.260969 0.048828 0.048828
0 0.327614 0.283639 0.048828 0.048828
0 0.389957 0.306309 0.048828 0.048828
0 0.387123 0.347871 0.048828 0.048828
0 0.329503 0.345982 0.048828 0.048828
0 0.271883 0.316699 0.048828 0.048828
0 0.218042 0.365818 0.048828 0.048828
0 0.226543 0.396045 0.048828 0.048828
0 0.227488 0.434773 0.048828 0.048828
0 0.263382 0.482947 0.048828 0.048828
0 0.290775 0.538678 0.048828 0.048828
0 0.302110 0.591575 0.048828 0.048828
0 0.247324 0.587796 0.048828 0.048828
0 0.245435 0.532066 0.048828 0.048828
0 0.215208 0.488615 0.048828 0.048828
0 0.332337 0.452720 0.048828 0.048828
0 0.306833 0.402657 0.048828 0.048828
0 0.363508 0.396989 0.048828 0.048828
0 0.230321 0.696424 0.048828 0.048828
0 0.116971 0.610467 0.048828 0.048828
0 0.155699 0.583073 0.048828 0.048828
0 0.186870 0.546234 0.048828 0.048828
0 0.154754 0.515063 0.048828 0.048828
0 0.161366 0.449886 0.048828 0.048828
0 0.176480 0.405491 0.048828 0.048828
0 0.105636 0.423438 0.048828 0.048828
0 0.102802 0.465000 0.048828 0.048828
0 0.082966 0.543401 0.048828 0.048828
0 0.052739 0.521675 0.048828 0.048828
0 0.040459 0.473501 0.048828 0.048828
0 0.016844 0.421549 0.048828 0.048828
0 0.024401 0.583073 0.048828 0.048828
0 0.067852 0.617079 0.048828 0.048828
0 0.002675 0.373375 0.048828 0.048828
0 0.008343 0.308198 0.048828 0.048828
0 0.014011 0.260969 0.048828 0.048828
0 0.035736 0.151396 0.048828 0.048828
0 0.035736 0.118336 0.048828 0.048828
0 0.057462 0.084331 0.048828 0.048828
0 0.083910 0.080552 0.048828 0.048828