0 0.166003 0.027860 0.048828 0.048828
0 0.406997 0.038951 0.048828 0.048828
0 0.395905 0.009709 0.048828 0.048828
0 0.445314 0.025843 0.048828 0.048828
0 0.511865 0.118611 0.048828 0.048828
0 0.537074 0.113569 0.048828 0.048828
0 0.574383 0.111552 0.048828 0.048828
0 0.603625 0.107519 0.048828 0.048828
0 0.641942 0.101469 0.048828 0.048828
0 0.680259 0.195245 0.048828 0.048828
0 0.752860 0.176086 0.048828 0.048828
0 0.295071 0.226503 0.048828 0.048828
0 0.309188 0.229529 0.048828 0.048828
0 0.262804 0.236587 0.048828 0.048828
0 0.281962 0.246670 0.048828 0.048828
0 0.299104 0.241629 0.048828 0.048828
0 0.312213 0.243645 0.048828 0.048828
0 0.327338 0.248687 0.048828 0.048828
0 0.352547 0.238604 0.048828 0.048828
0 0.318263 0.259779 0.048828 0.048828
0 0.303138 0.258771 0.048828 0.048828
0 0.262804 0.257762 0.048828 0.048828
0 0.373722 0.324313 0.048828 0.048828
0 0.385822 0.331371 0.048828 0.048828
0 0.393889 0.318263 0.048828 0.048828
0 0.424139 0.312213 0.048828 0.048828
0 0.450356 0.310196 0.048828 0.048828
0 0.471531 0.304146 0.048828 0.048828
0 0.492707 0.313221 0.048828 0.048828