0 0.072816 0.933414 0.048828 0.048828
0 0.123037 0.940022 0.048828 0.048828
0 0.181187 0.942666 0.048828 0.048828
0 0.239337 0.934736 0.048828 0.048828
0 0.232730 0.984957 0.048828 0.048828
0 0.203654 0.880551 0.048828 0.048828
0 0.183830 0.913590 0.048828 0.048828
0 0.157398 0.896410 0.048828 0.048828
0 0.101891 0.892445 0.048828 0.048828
0 0.047706 0.875264 0.048828 0.048828
0 0.129645 0.848832 0.048828 0.048828
0 0.191760 0.818436 0.048828 0.048828
0 0.039776 0.798612 0.048828 0.048828
0 0.111143 0.809184 0.048828 0.048828
0 0.183830 0.769536 0.048828 0.048828
0 0.227443 0.752356 0.048828 0.048828
0 0.268413 0.717994 0.048828 0.048828
0 0.301453 0.666452 0.048828 0.048828
0 0.259161 0.677025 0.048828 0.048828
0 0.257840 0.634734 0.048828 0.048828
0 0.290880 0.595086 0.048828 0.048828
0 0.281629 0.505217 0.048828 0.048828
0 0.252553 0.552795 0.048828 0.048828
0 0.198368 0.621518 0.048828 0.048828
0 0.201011 0.555438 0.048828 0.048828
0 0.144183 0.641342 0.048828 0.048828
0 0.207619 0.667773 0.048828 0.048828
0 0.174579 0.716673 0.048828 0.048828
0 0.116429 0.699492 0.048828 0.048828
0 0.116429 0.752356 0.048828 0.048828
0 0.054314 0.729889 0.048828 0.048828
0 0.054314 0.686276 0.048828 0.048828
0 0.074138 0.636055 0.048828 0.048828
0 0.140218 0.575262 0.048828 0.048828
0 0.086032 0.588478 0.048828 0.048828
0 0.038455 0.630769 0.048828 0.048828
0 0.030525 0.596407 0.048828 0.048828
0 0.019952 0.538257 0.048828 0.048828
0 0.097927 0.536935 0.048828 0.048828
0 0.010701 0.480107 0.048828 0.048828
0 0.133610 0.507860 0.048828 0.048828
0 0.185152 0.489358 0.048828 0.048828
0 0.142861 0.465569 0.048828 0.048828
0 0.099248 0.461604 0.048828 0.048828
0 0.042420 0.448388 0.048828 0.048828
0 0.010701 0.386273 0.048828 0.048828
0 0.059600 0.403454 0.048828 0.048828
0 0.156077 0.429886 0.048828 0.048828
0 0.104535 0.390238 0.048828 0.048828
0 0.063565 0.347947 0.048828 0.048828
0 0.030525 0.309621 0.048828 0.048828
0 0.006736 0.169531 0.048828 0.048828
0 0.001450 0.230325 0.048828 0.048828
0 0.049028 0.256757 0.048828 0.048828
0 0.101891 0.314907 0.048828 0.048828
0 0.107178 0.281867 0.048828 0.048828
0 0.109821 0.246184 0.048828 0.048828
0 0.152112 0.217109 0.048828 0.048828
0 0.112464 0.156316 0.048828 0.048828
0 0.281629 0.465569 0.048828 0.048828
0 0.333171 0.449710 0.048828 0.048828
0 0.350352 0.377022 0.048828 0.048828
0 0.297488 0.379665 0.048828 0.048828
0 0.282950 0.415348 0.048828 0.048828
0 0.227443 0.440459 0.048828 0.048828
0 0.161363 0.382309 0.048828 0.048828
0 0.228765 0.371736 0.048828 0.048828
0 0.285593 0.329445 0.048828 0.048828
0 0.230086 0.321515 0.048828 0.048828
0 0.208941 0.309621 0.048828 0.048828
0 0.173258 0.322837 0.048828 0.048828
0 0.263126 0.262043 0.048828 0.048828
0 0.302774 0.255435 0.048828 0.048828
0 0.367532 0.226360 0.048828 0.048828
0 0.327884 0.165567 0.048828 0.048828
0 0.280307 0.218431 0.048828 0.048828
0 0.224800 0.180104 0.048828 0.048828
0 0.259161 0.127240 0.048828 0.048828
0 0.211584 0.117989 0.048828 0.048828
0 0.160042 0.160280 0.048828 0.048828
0 0.152112 0.096844 0.048828 0.048828
0 0.013344 0.115346 0.048828 0.048828
0 0.062244 0.112703 0.048828 0.048828
0 0.095283 0.073055 0.048828 0.048828
0 0.083389 0.041337 0.048828 0.048828
0 0.018631 0.045301 0.048828 0.048828
0 0.160042 0.040015 0.048828 0.048828
0 0.203654 0.030764 0.048828 0.048828
0 0.216870 0.079663 0.048828 0.048828
0 0.276342 0.053231 0.048828 0.048828
0 0.282950 0.004332 0.048828 0.048828