0 0.935059 0.828953 0.048828 0.048828
0 0.641571 0.843776 0.048828 0.048828
0 0.354012 0.864527 0.048828 0.048828
0 0.051631 0.879350 0.048828 0.048828
0 0.009970 0.878309 0.048828 0.048828
0 0.037363 0.818800 0.048828 0.048828
0 0.096872 0.825412 0.048828 0.048828
0 0.131822 0.872642 0.048828 0.048828
0 0.186608 0.876420 0.048828 0.048828
0 0.164883 0.828246 0.048828 0.048828
0 0.236671 0.828246 0.048828 0.048828
0 0.209278 0.780072 0.048828 0.048828
0 0.264064 0.850916 0.048828 0.048828
0 0.298070 0.878309 0.048828 0.048828
0 0.306571 0.838637 0.048828 0.048828
0 0.350022 0.825412 0.048828 0.048828
0 0.327352 0.787629 0.048828 0.048828
0 0.271621 0.784795 0.048828 0.048828
0 0.141268 0.778183 0.048828 0.048828
0 0.070424 0.783850 0.048828 0.048828
0 0.013748 0.726231 0.048828 0.048828
0 0.070424 0.727175 0.048828 0.048828
0 0.107263 0.736621 0.048828 0.048828
0 0.173384 0.728120 0.048828 0.048828
0 0.240450 0.726231 0.048828 0.048828
0 0.286735 0.716785 0.048828 0.048828
0 0.341521 0.746067 0.048828 0.048828
0 0.377415 0.767792 0.048828 0.048828
0 0.494544 0.863196 0.048828 0.048828
0 0.433146 0.847138 0.048828 0.048828
0 0.464317 0.820689 0.048828 0.048828
0 0.435980 0.780072 0.048828 0.048828
0 0.510602 0.784795 0.048828 0.048828
0 0.480375 0.745122 0.048828 0.048828
0 0.530439 0.757402 0.048828 0.048828
0 0.410476 0.705450 0.048828 0.048828
0 0.352856 0.700727 0.048828 0.048828
0 0.289568 0.676167 0.048828 0.048828
0 0.213057 0.684669 0.048828 0.048828
0 0.158271 0.654442 0.048828 0.048828
0 0.103484 0.679946 0.048828 0.048828
0 0.070424 0.648774 0.048828 0.048828
0 0.021305 0.657276 0.048828 0.048828
0 0.023194 0.613824 0.048828 0.048828
0 0.114819 0.624215 0.048828 0.048828
0 0.540829 0.705450 0.048828 0.048828
0 0.581446 0.699782 0.048828 0.048828
0 0.592781 0.803687 0.048828 0.048828
0 0.708966 0.836747 0.048828 0.048828
0 0.650401 0.803687 0.048828 0.048828
0 0.685351 0.798019 0.048828 0.048828
0 0.702354 0.739455 0.048828 0.048828
0 0.648512 0.758347 0.048828 0.048828
0 0.657958 0.728120 0.048828 0.048828
0 0.699520 0.701671 0.048828 0.048828
0 0.738248 0.682779 0.048828 0.048828
0 0.623008 0.688447 0.048828 0.048828
0 0.660792 0.675223 0.048828 0.048828
0 0.605061 0.641218 0.048828 0.048828
0 0.534217 0.635550 0.048828 0.048828
0 0.486987 0.639328 0.048828 0.048828
0 0.450148 0.696948 0.048828 0.048828
0 0.798702 0.846193 0.048828 0.048828
0 0.768475 0.810299 0.048828 0.048828
0 0.807203 0.789518 0.048828 0.048828
0 0.759029 0.723397 0.048828 0.048828
0 0.861989 0.823523 0.048828 0.048828
0 0.908274 0.803687 0.048828 0.048828
0 0.996121 0.822579 0.048828 0.048828
0 0.967783 0.784795 0.048828 0.048828
0 0.939446 0.752679 0.048828 0.048828
0 0.886549 0.723397 0.048828 0.048828
0 0.827984 0.739455 0.048828 0.048828
0 0.814760 0.678057 0.048828 0.048828
0 0.883715 0.674278 0.048828 0.048828
0 0.941335 0.674278 0.048828 0.048828
0 0.978174 0.710173 0.048828 0.048828
0 0.997065 0.611935 0.048828 0.048828
0 0.981952 0.564706 0.048828 0.048828
0 0.988564 0.476859 0.048828 0.048828
0 0.986675 0.419239 0.048828 0.048828
0 0.933778 0.440965 0.048828 0.048828
0 0.900717 0.470247 0.048828 0.048828
0 0.945113 0.475914 0.048828 0.048828
0 0.942279 0.524089 0.048828 0.048828
0 0.932833 0.597766 0.048828 0.048828
0 0.873324 0.607212 0.048828 0.048828
0 0.825150 0.598711 0.048828 0.048828
0 0.818538 0.552426 0.048828 0.048828
0 0.861989 0.530701 0.048828 0.048828
0 0.849710 0.473081 0.048828 0.048828
0 0.814760 0.497640 0.048828 0.048828
0 0.757140 0.512753 0.048828 0.048828
0 0.756195 0.579819 0.048828 0.048828
0 0.758084 0.621381 0.048828 0.048828
0 0.699520 0.621381 0.048828 0.048828
0 0.646623 0.611935 0.048828 0.048828
0 0.683462 0.566595 0.048828 0.048828
0 0.686296 0.505197 0.048828 0.048828
0 0.640955 0.533534 0.048828 0.048828
0 0.598449 0.583598 0.048828 0.048828
0 0.603172 0.506141 0.048828 0.048828
0 0.648512 0.459856 0.048828 0.048828
0 0.697631 0.468358 0.048828 0.048828
0 0.694797 0.428685 0.048828 0.048828
0 0.731636 0.427740 0.048828 0.048828
0 0.760918 0.442854 0.048828 0.048828
0 0.810981 0.432463 0.048828 0.048828
0 0.878992 0.413572 0.048828 0.048828
0 0.932833 0.390901 0.048828 0.048828
0 0.970617 0.350284 0.048828 0.048828
0 0.895050 0.357841 0.048828 0.048828
0 0.926221 0.311556 0.048828 0.048828
0 0.974395 0.270939 0.048828 0.048828
0 0.975340 0.189704 0.048828 0.048828
0 0.937556 0.213319 0.048828 0.048828
0 0.921498 0.260548 0.048828 0.048828
0 0.856322 0.266216 0.048828 0.048828
0 0.893161 0.199150 0.048828 0.048828
0 0.981952 0.095245 0.048828 0.048828
0 0.962116 0.050849 0.048828 0.048828
0 0.903551 0.028179 0.048828 0.048828
0 0.846876 0.039514 0.048828 0.048828
0 0.794923 0.045182 0.048828 0.048828
0 0.739193 0.023456 0.048828 0.048828
0 0.713689 0.057462 0.048828 0.048828
0 0.650401 0.048016 0.048828 0.048828
0 0.675905 0.011177 0.048828 0.048828
0 0.588058 0.051794 0.048828 0.048828
0 0.567278 0.114137 0.048828 0.048828
0 0.622064 0.108469 0.048828 0.048828
0 0.562555 0.160422 0.048828 0.048828
0 0.602227 0.163256 0.048828 0.048828
0 0.655124 0.137752 0.048828 0.048828
0 0.717467 0.138696 0.048828 0.048828
0 0.757140 0.091467 0.048828 0.048828
0 0.791145 0.109414 0.048828 0.048828
0 0.861045 0.090522 0.048828 0.048828
0 0.916775 0.091467 0.048828 0.048828
0 0.951725 0.143419 0.048828 0.048828
0 0.889382 0.131140 0.048828 0.048828
0 0.838375 0.175535 0.048828 0.048828
0 0.781699 0.163256 0.048828 0.048828
0 0.812871 0.216153 0.048828 0.048828
0 0.760918 0.245435 0.048828 0.048828
0 0.795868 0.293609 0.048828 0.048828
0 0.725024 0.188759 0.048828 0.048828
0 0.665515 0.198205 0.048828 0.048828
0 0.683462 0.248269 0.048828 0.048828
0 0.633399 0.234100 0.048828 0.048828
0 0.572945 0.215208 0.048828 0.048828
0 0.611673 0.299276 0.048828 0.048828
0 0.657958 0.281329 0.048828 0.048828
0 0.716523 0.297387 0.048828 0.048828
0 0.756195 0.342727 0.048828 0.048828
0 0.696686 0.345561 0.048828 0.048828
0 0.645678 0.327614 0.048828 0.048828
0 0.861989 0.338949 0.048828 0.048828
0 0.805314 0.381456 0.048828 0.048828
0 0.732581 0.388068 0.048828 0.048828
0 0.655124 0.388068 0.048828 0.048828
0 0.599394 0.348395 0.048828 0.048828
0 0.576723 0.376733 0.048828 0.048828
0 0.598449 0.409793 0.048828 0.048828
0 0.590892 0.442854 0.048828 0.048828
0 0.395362 0.644996 0.048828 0.048828
0 0.443536 0.635550 0.048828 0.048828
0 0.408587 0.568484 0.048828 0.048828
0 0.473763 0.587376 0.048828 0.048828
0 0.523826 0.585487 0.048828 0.048828
0 0.484154 0.557149 0.048828 0.048828
0 0.542718 0.530701 0.048828 0.048828
0 0.535161 0.463635 0.048828 0.048828
0 0.490766 0.485360 0.048828 0.048828
0 0.453927 0.516532 0.048828 0.048828
0 0.452038 0.469302 0.048828 0.048828
0 0.478486 0.431519 0.048828 0.048828
0 0.460539 0.403181 0.048828 0.048828
0 0.527605 0.423962 0.048828 0.048828
0 0.512491 0.387123 0.048828 0.048828
0 0.489821 0.330448 0.048828 0.048828
0 0.546497 0.298332 0.048828 0.048828
0 0.517214 0.245435 0.048828 0.048828
0 0.463373 0.257714 0.048828 0.048828
0 0.441647 0.291720 0.048828 0.048828
0 0.419922 0.365398 0.048828 0.048828
0 0.402919 0.438131 0.048828 0.048828
0 0.382138 0.395624 0.048828 0.048828
0 0.384027 0.333282 0.048828 0.048828
0 0.337742 0.362564 0.048828 0.048828
0 0.331130 0.321002 0.048828 0.048828
0 0.291458 0.350284 0.048828 0.048828
0 0.325463 0.410738 0.048828 0.048828
0 0.348133 0.488194 0.048828 0.048828
0 0.379304 0.512753 0.048828 0.048828
0 0.339632 0.583598 0.048828 0.048828
0 0.323574 0.533534 0.048828 0.048828
0 0.299014 0.473081 0.048828 0.048828
0 0.279178 0.507086 0.048828 0.048828
0 0.266898 0.408849 0.048828 0.048828
0 0.248951 0.443798 0.048828 0.048828
0 0.204555 0.408849 0.048828 0.048828
0 0.211168 0.474970 0.048828 0.048828
0 0.227226 0.523144 0.048828 0.048828
0 0.165827 0.488194 0.048828 0.048828
0 0.183774 0.535424 0.048828 0.048828
0 0.128044 0.511809 0.048828 0.048828
0 0.137490 0.567540 0.048828 0.048828
0 0.203611 0.593988 0.048828 0.048828
0 0.272566 0.585487 0.048828 0.048828
0 0.302793 0.624215 0.048828 0.048828
0 0.232893 0.644051 0.048828 0.048828
0 0.028862 0.457023 0.048828 0.048828
0 0.056255 0.491028 0.048828 0.048828
0 0.079870 0.532590 0.048828 0.048828
0 0.155437 0.441909 0.048828 0.048828
0 0.089316 0.438131 0.048828 0.048828
0 0.160160 0.391846 0.048828 0.048828
0 0.222503 0.365398 0.048828 0.048828
0 0.238561 0.316279 0.048828 0.048828
0 0.173384 0.295498 0.048828 0.048828
0 0.128044 0.304944 0.048828 0.048828
0 0.111986 0.349340 0.048828 0.048828
0 0.098761 0.396569 0.048828 0.048828
0 0.059089 0.398458 0.048828 0.048828
0 0.056255 0.356896 0.048828 0.048828
0 0.026973 0.321002 0.048828 0.048828
0 0.072313 0.312501 0.048828 0.048828
0 0.251785 0.273772 0.048828 0.048828
0 0.296181 0.289830 0.048828 0.048828
0 0.364191 0.300221 0.048828 0.048828
0 0.378360 0.265271 0.048828 0.048828
0 0.327352 0.246379 0.048828 0.048828
0 0.299014 0.214263 0.048828 0.048828
0 0.257452 0.204817 0.048828 0.048828
0 0.211168 0.199150 0.048828 0.048828
0 0.150714 0.259604 0.048828 0.048828
0 0.161104 0.219931 0.048828 0.048828
0 0.119542 0.257714 0.048828 0.048828
0 0.079870 0.252992 0.048828 0.048828
0 0.107263 0.217097 0.048828 0.048828
0 0.084593 0.160422 0.048828 0.048828
0 0.140323 0.160422 0.048828 0.048828
0 0.196054 0.136807 0.048828 0.048828
0 0.523826 0.183092 0.048828 0.048828
0 0.533272 0.103746 0.048828 0.048828
0 0.489821 0.151920 0.048828 0.048828
0 0.474708 0.211430 0.048828 0.048828
0 0.441647 0.160422 0.048828 0.048828
0 0.484154 0.095245 0.048828 0.048828
0 0.519103 0.024401 0.048828 0.048828
0 0.452982 0.036681 0.048828 0.048828
0 0.433146 0.079187 0.048828 0.048828
0 0.403864 0.035736 0.048828 0.048828
0 0.351911 0.021567 0.048828 0.048828
0 0.296181 0.044237 0.048828 0.048828
0 0.224392 0.068797 0.048828 0.048828
0 0.279178 0.080132 0.048828 0.048828
0 0.271621 0.119804 0.048828 0.048828
0 0.321684 0.136807 0.048828 0.048828
0 0.352856 0.140585 0.048828 0.048828
0 0.397252 0.119804 0.048828 0.048828
0 0.350022 0.082966 0.048828 0.048828
0 0.346244 0.185926 0.048828 0.048828
0 0.296181 0.161366 0.048828 0.048828
0 0.395362 0.209540 0.048828 0.048828
0 0.193220 0.050849 0.048828 0.048828
0 0.184719 0.020623 0.048828 0.048828
0 0.138434 0.038570 0.048828 0.048828
0 0.119542 0.009288 0.048828 0.048828
0 0.046809 0.013066 0.048828 0.048828
0 0.078925 0.041404 0.048828 0.048828
0 0.026973 0.064074 0.048828 0.048828
0 0.035474 0.101857 0.048828 0.048828
0 0.109152 0.125472 0.048828 0.048828
0 0.008081 0.140585 0.048828 0.048828
0 0.032640 0.171757 0.048828 0.048828
0 0.026028 0.232211 0.048828 0.048828
0 0.010915 0.273772 0.048828 0.048828
0 0.546497 0.007398 0.048828 0.048828