0 0.091198 0.256567 0.048828 0.048828
0 0.246483 0.133549 0.048828 0.048828
0 0.287825 0.141615 0.048828 0.048828
0 0.316059 0.124474 0.048828 0.048828
0 0.397735 0.108340 0.048828 0.048828
0 0.415885 0.096240 0.048828 0.048828
0 0.444119 0.102290 0.048828 0.048828
0 0.464286 0.104307 0.048828 0.048828
0 0.504620 0.101282 0.048828 0.048828
0 0.529828 0.097248 0.048828 0.048828
0 0.621588 0.101282 0.048828 0.048828
0 0.653855 0.093215 0.048828 0.048828
0 0.756706 0.127499 0.048828 0.048828
0 0.730489 0.143632 0.048828 0.048828
0 0.766789 0.120440 0.048828 0.048828
0 0.790990 0.121449 0.048828 0.048828
0 0.818215 0.114390 0.048828 0.048828
0 0.779898 0.133549 0.048828 0.048828
0 0.920058 0.084140 0.048828 0.048828