0 0.001480 0.992924 0.048828 0.048828
0 0.061336 0.357784 0.048828 0.048828
0 0.049143 0.295711 0.048828 0.048828
0 0.106782 0.297928 0.048828 0.048828
0 0.151120 0.297928 0.048828 0.048828
0 0.161096 0.335615 0.048828 0.048828
0 0.186590 0.393255 0.048828 0.048828
0 0.192133 0.446460 0.048828 0.048828
0 0.130060 0.394363 0.048828 0.048828
0 0.136710 0.448677 0.048828 0.048828
0 0.147795 0.481930 0.048828 0.048828
0 0.187699 0.512967 0.048828 0.048828
0 0.089047 0.506316 0.048828 0.048828
0 0.054685 0.479713 0.048828 0.048828
0 0.042492 0.417640 0.048828 0.048828
0 0.045818 0.539570 0.048828 0.048828
0 0.082396 0.572823 0.048828 0.048828
0 0.145578 0.553979 0.048828 0.048828
0 0.163313 0.603859 0.048828 0.048828
0 0.128951 0.672583 0.048828 0.048828
0 0.077963 0.640438 0.048828 0.048828
0 0.092372 0.701403 0.048828 0.048828
0 0.147795 0.733548 0.048828 0.048828
0 0.196566 0.704728 0.048828 0.048828
0 0.192133 0.813356 0.048828 0.048828
0 0.150012 0.791187 0.048828 0.048828
0 0.184374 0.869886 0.048828 0.048828
0 0.141144 0.838850 0.048828 0.048828
0 0.132277 0.941935 0.048828 0.048828
0 0.175506 0.953020 0.048828 0.048828
0 0.138927 0.985165 0.048828 0.048828
0 0.101240 0.967430 0.048828 0.048828
0 0.050252 0.958562 0.048828 0.048828
0 0.023649 0.916441 0.048828 0.048828
0 0.052468 0.894272 0.048828 0.048828
0 0.085722 0.884296 0.048828 0.048828
0 0.084613 0.808922 0.048828 0.048828
0 0.093481 0.746849 0.048828 0.048828
0 0.046926 0.757933 0.048828 0.048828
0 0.038059 0.685884 0.048828 0.048828
0 0.019215 0.613835 0.048828 0.048828
0 0.002588 0.777885 0.048828 0.048828
0 0.030300 0.817789 0.048828 0.048828
0 0.935900 0.992924 0.048828 0.048828
0 0.839465 0.991815 0.048828 0.048828
0 0.867176 0.971863 0.048828 0.048828
0 0.219844 0.995141 0.048828 0.048828
0 0.208759 0.931959 0.048828 0.048828
0 0.265290 0.950803 0.048828 0.048828
0 0.319604 0.985165 0.048828 0.048828
0 0.403846 0.978514 0.048828 0.048828
0 0.467027 0.999575 0.048828 0.048828
0 0.478112 0.944152 0.048828 0.048828
0 0.556811 0.971863 0.048828 0.048828
0 0.592282 0.981839 0.048828 0.048828
0 0.638836 0.986273 0.048828 0.048828
0 0.708668 0.980731 0.048828 0.048828
0 0.765199 0.976297 0.048828 0.048828
0 0.796236 0.945261 0.048828 0.048828
0 0.866068 0.913116 0.048828 0.048828
0 0.825055 0.882079 0.048828 0.048828
0 0.772958 0.839958 0.048828 0.048828
0 0.765199 0.882079 0.048828 0.048828
0 0.696476 0.869886 0.048828 0.048828
0 0.717536 0.910899 0.048828 0.048828
0 0.652138 0.913116 0.048828 0.048828
0 0.606691 0.921983 0.048828 0.048828
0 0.512474 0.879862 0.048828 0.048828
0 0.575655 0.858802 0.048828 0.048828
0 0.460377 0.895381 0.048828 0.048828
0 0.428232 0.865453 0.048828 0.048828
0 0.372809 0.894272 0.048828 0.048828
0 0.358400 0.844392 0.048828 0.048828
0 0.328471 0.914224 0.048828 0.048828
0 0.291893 0.861019 0.048828 0.048828
0 0.316279 0.818898 0.048828 0.048828
0 0.247555 0.825549 0.048828 0.048828
0 0.273049 0.767909 0.048828 0.048828
0 0.208759 0.775669 0.048828 0.048828
0 0.242013 0.719138 0.048828 0.048828
0 0.243121 0.887622 0.048828 0.048828
0 0.334014 0.773452 0.048828 0.048828
0 0.382785 0.757933 0.048828 0.048828
0 0.368376 0.708053 0.048828 0.048828
0 0.316279 0.733548 0.048828 0.048828
0 0.319604 0.684776 0.048828 0.048828
0 0.280808 0.661499 0.048828 0.048828
0 0.222061 0.643763 0.048828 0.048828
0 0.217627 0.573931 0.048828 0.048828
0 0.267507 0.557305 0.048828 0.048828
0 0.256422 0.495232 0.048828 0.048828
0 0.288567 0.502991 0.048828 0.048828
0 0.332905 0.548437 0.048828 0.048828
0 0.347315 0.601643 0.048828 0.048828
0 0.365050 0.655956 0.048828 0.048828
0 0.416039 0.670366 0.048828 0.048828
0 0.441533 0.702511 0.048828 0.048828
0 0.482545 0.719138 0.048828 0.048828
0 0.513582 0.742415 0.048828 0.048828
0 0.540185 0.767909 0.048828 0.048828
0 0.550161 0.826657 0.048828 0.048828
0 0.597824 0.814464 0.048828 0.048828
0 0.623318 0.869886 0.048828 0.048828
0 0.486979 0.824440 0.048828 0.048828
0 0.477003 0.774560 0.048828 0.048828
0 0.434882 0.754608 0.048828 0.048828
0 0.417147 0.824440 0.048828 0.048828
0 0.655463 0.824440 0.048828 0.048828
0 0.714211 0.811139 0.048828 0.048828
0 0.971370 0.951911 0.048828 0.048828
0 0.981346 0.876537 0.048828 0.048828
0 0.933683 0.896489 0.048828 0.048828
0 0.909297 0.848826 0.048828 0.048828
0 0.971370 0.801163 0.048828 0.048828
0 0.922599 0.759042 0.048828 0.048828
0 0.893779 0.770126 0.048828 0.048828
0 0.851658 0.740198 0.048828 0.048828
0 0.847224 0.787861 0.048828 0.048828
0 0.792910 0.741307 0.048828 0.048828
0 0.771850 0.774560 0.048828 0.048828
0 0.679849 0.769018 0.048828 0.048828
0 0.714211 0.739090 0.048828 0.048828
0 0.756332 0.711379 0.048828 0.048828
0 0.807320 0.689210 0.048828 0.048828
0 0.833923 0.662607 0.048828 0.048828
0 0.881586 0.652631 0.048828 0.048828
0 0.935900 0.665932 0.048828 0.048828
0 0.750789 0.650414 0.048828 0.048828
0 0.788477 0.641547 0.048828 0.048828
0 0.826164 0.589450 0.048828 0.048828
0 0.777392 0.568389 0.048828 0.048828
0 0.731946 0.594992 0.048828 0.048828
0 0.668764 0.580582 0.048828 0.048828
0 0.670981 0.639330 0.048828 0.048828
0 0.649921 0.611619 0.048828 0.048828
0 0.663222 0.682559 0.048828 0.048828
0 0.641053 0.737981 0.048828 0.048828
0 0.622210 0.692535 0.048828 0.048828
0 0.592282 0.711379 0.048828 0.048828
0 0.598932 0.760150 0.048828 0.048828
0 0.521341 0.694752 0.048828 0.048828
0 0.551269 0.670366 0.048828 0.048828
0 0.598932 0.660390 0.048828 0.048828
0 0.464810 0.623811 0.048828 0.048828
0 0.529100 0.618269 0.048828 0.048828
0 0.574546 0.596100 0.048828 0.048828
0 0.625535 0.560630 0.048828 0.048828
0 0.637728 0.494123 0.048828 0.048828
0 0.581197 0.525160 0.048828 0.048828
0 0.530209 0.501882 0.048828 0.048828
0 0.510257 0.559522 0.048828 0.048828
0 0.462593 0.573931 0.048828 0.048828
0 0.421581 0.597209 0.048828 0.048828
0 0.381677 0.532919 0.048828 0.048828
0 0.334014 0.484147 0.048828 0.048828
0 0.381677 0.453111 0.048828 0.048828
0 0.321821 0.402122 0.048828 0.048828
0 0.356183 0.408773 0.048828 0.048828
0 0.239796 0.447569 0.048828 0.048828
0 0.240904 0.388821 0.048828 0.048828
0 0.217627 0.344483 0.048828 0.048828
0 0.194350 0.255807 0.048828 0.048828
0 0.250880 0.291278 0.048828 0.048828
0 0.321821 0.276868 0.048828 0.048828
0 0.304086 0.233638 0.048828 0.048828
0 0.234254 0.233638 0.048828 0.048828
0 0.113433 0.238072 0.048828 0.048828
0 0.329580 0.325639 0.048828 0.048828
0 0.363942 0.351134 0.048828 0.048828
0 0.310736 0.369977 0.048828 0.048828
0 0.289676 0.314555 0.048828 0.048828
0 0.393870 0.242506 0.048828 0.048828
0 0.400520 0.290169 0.048828 0.048828
0 0.406063 0.342266 0.048828 0.048828
0 0.417147 0.378845 0.048828 0.048828
0 0.442641 0.449785 0.048828 0.048828
0 0.474786 0.508533 0.048828 0.048828
0 0.422689 0.537353 0.048828 0.048828
0 0.503606 0.463087 0.048828 0.048828
0 0.571221 0.461978 0.048828 0.048828
0 0.492521 0.416532 0.048828 0.048828
0 0.534642 0.412098 0.048828 0.048828
0 0.605583 0.408773 0.048828 0.048828
0 0.646595 0.433159 0.048828 0.048828
0 0.666548 0.466412 0.048828 0.048828
0 0.721970 0.517401 0.048828 0.048828
0 0.715319 0.486364 0.048828 0.048828
0 0.699801 0.440918 0.048828 0.048828
0 0.696476 0.393255 0.048828 0.048828
0 0.642162 0.354459 0.048828 0.048828
0 0.594499 0.364435 0.048828 0.048828
0 0.583414 0.318989 0.048828 0.048828
0 0.532426 0.362218 0.048828 0.048828
0 0.514690 0.320097 0.048828 0.048828
0 0.464810 0.365544 0.048828 0.048828
0 0.442641 0.255807 0.048828 0.048828
0 0.495847 0.266892 0.048828 0.048828
0 0.561245 0.263566 0.048828 0.048828
0 0.625535 0.268000 0.048828 0.048828
0 0.682066 0.300145 0.048828 0.048828
0 0.731946 0.323423 0.048828 0.048828
0 0.750789 0.366652 0.048828 0.048828
0 0.751898 0.449785 0.048828 0.048828
0 0.766308 0.518509 0.048828 0.048828
0 0.733054 0.255807 0.048828 0.048828
0 0.463702 0.316772 0.048828 0.048828
0 0.919273 0.596100 0.048828 0.048828
0 0.971370 0.596100 0.048828 0.048828
0 0.830598 0.540678 0.048828 0.048828
0 0.889345 0.524051 0.048828 0.048828
0 0.949201 0.536244 0.048828 0.048828
0 0.941442 0.481930 0.048828 0.048828
0 0.930358 0.433159 0.048828 0.048828
0 0.987997 0.389929 0.048828 0.048828
0 0.948093 0.386604 0.048828 0.048828
0 0.920382 0.379953 0.048828 0.048828
0 0.853875 0.362218 0.048828 0.048828
0 0.873827 0.409881 0.048828 0.048828
0 0.886020 0.475280 0.048828 0.048828
0 0.803995 0.480822 0.048828 0.048828
0 0.782934 0.413207 0.048828 0.048828
0 0.819513 0.316772 0.048828 0.048828
0 0.787368 0.291278 0.048828 0.048828
0 0.820621 0.244723 0.048828 0.048828
0 0.846116 0.269109 0.048828 0.048828
0 0.886020 0.310121 0.048828 0.048828
0 0.912623 0.263566 0.048828 0.048828
0 0.952527 0.307904 0.048828 0.048828
0 0.987997 0.347808 0.048828 0.048828
0 0.992431 0.272434 0.048828 0.048828
0 0.630977 0.000508 0.048828 0.048828
0 0.655910 0.055568 0.048828 0.048828
0 0.677726 0.098162 0.048828 0.048828
0 0.632016 0.109590 0.048828 0.048828
0 0.693309 0.238410 0.048828 0.048828
0 0.680843 0.175039 0.048828 0.048828
0 0.837712 0.209321 0.048828 0.048828
0 0.800313 0.197894 0.048828 0.048828
0 0.737980 0.178155 0.048828 0.048828
0 0.749408 0.151145 0.048828 0.048828
0 0.748369 0.096084 0.048828 0.048828
0 0.721359 0.051413 0.048828 0.048828
0 0.790963 0.057646 0.048828 0.048828
0 0.757719 0.030635 0.048828 0.048828
0 0.840829 0.004664 0.048828 0.048828
0 0.848101 0.073229 0.048828 0.048828
0 0.809663 0.157378 0.048828 0.048828
0 0.876151 0.139717 0.048828 0.048828
0 0.895889 0.189583 0.048828 0.048828
0 0.964455 0.204127 0.048828 0.048828
0 0.986271 0.104395 0.048828 0.048828
0 0.935366 0.140756 0.048828 0.048828
0 0.894850 0.108551 0.048828 0.048828
0 0.917705 0.073229 0.048828 0.048828
0 0.975882 0.055568 0.048828 0.048828
0 0.902122 0.009858 0.048828 0.048828
0 0.017003 0.249838 0.048828 0.048828
0 0.044014 0.255032 0.048828 0.048828
0 0.062713 0.204127 0.048828 0.048828
0 0.034664 0.160494 0.048828 0.048828
0 0.040897 0.075307 0.048828 0.048828
0 0.056480 0.024402 0.048828 0.048828
0 0.106346 0.128289 0.048828 0.048828
0 0.114657 0.182311 0.048828 0.048828
0 0.159329 0.212438 0.048828 0.048828
0 0.159329 0.149067 0.048828 0.048828
0 0.145823 0.089851 0.048828 0.048828
0 0.224778 0.186466 0.048828 0.048828
0 0.272566 0.197894 0.048828 0.048828
0 0.239322 0.124134 0.048828 0.048828
0 0.221661 0.102318 0.048828 0.048828
0 0.195689 0.076346 0.048828 0.048828
0 0.207117 0.037908 0.048828 0.048828
0 0.161406 0.025441 0.048828 0.048828
0 0.112579 0.059724 0.048828 0.048828
0 0.307887 0.144911 0.048828 0.048828
0 0.300615 0.082579 0.048828 0.048828
0 0.303732 0.029597 0.048828 0.048828
0 0.643443 0.215555 0.048828 0.048828
0 0.606044 0.197894 0.048828 0.048828
0 0.597733 0.140756 0.048828 0.048828
0 0.560333 0.167767 0.048828 0.048828
0 0.531245 0.207244 0.048828 0.048828
0 0.387880 0.190622 0.048828 0.048828
0 0.429435 0.189583 0.048828 0.048828
0 0.487612 0.166728 0.048828 0.048828
0 0.520856 0.127251 0.048828 0.048828
0 0.580072 0.104395 0.048828 0.048828
0 0.573839 0.056607 0.048828 0.048828
0 0.518778 0.072190 0.048828 0.048828
0 0.549945 0.016091 0.048828 0.048828
0 0.484496 0.004664 0.048828 0.048828
0 0.464757 0.073229 0.048828 0.048828
0 0.427358 0.036869 0.048828 0.048828
0 0.448135 0.127251 0.048828 0.048828
0 0.377492 0.128289 0.048828 0.048828
0 0.386842 0.071151 0.048828 0.048828
0 0.360870 0.023363 0.048828 0.048828