0 0.971556 0.939097 0.048828 0.048828
0 0.961962 0.764791 0.048828 0.048828
0 0.899596 0.777584 0.048828 0.048828
0 0.893199 0.724813 0.048828 0.048828
0 0.867613 0.694429 0.048828 0.048828
0 0.829234 0.633662 0.048828 0.048828
0 0.877208 0.633662 0.048828 0.048828
0 0.917186 0.598481 0.048828 0.048828
0 0.953966 0.572895 0.048828 0.048828
0 0.971556 0.518525 0.048828 0.048828
0 0.998742 0.574494 0.048828 0.048828
0 0.941173 0.625667 0.048828 0.048828
0 0.942772 0.683235 0.048828 0.048828
0 0.998742 0.659248 0.048828 0.048828
0 0.961962 0.721615 0.048828 0.048828
0 0.992345 0.710421 0.048828 0.048828
0 0.992345 0.465753 0.048828 0.048828
0 0.797251 0.593684 0.048828 0.048828
0 0.835630 0.580891 0.048828 0.048828
0 0.874009 0.579292 0.048828 0.048828
0 0.925182 0.532917 0.048828 0.048828
0 0.869212 0.520124 0.048828 0.048828
0 0.790855 0.539314 0.048828 0.048828
0 0.813242 0.510529 0.048828 0.048828
0 0.765268 0.500934 0.048828 0.048828
0 0.760471 0.454560 0.048828 0.048828
0 0.813242 0.465753 0.048828 0.048828
0 0.859617 0.470551 0.048828 0.048828
0 0.931578 0.438568 0.048828 0.048828
0 0.942772 0.382599 0.048828 0.048828
0 0.883604 0.398590 0.048828 0.048828
0 0.813242 0.398590 0.048828 0.048828
0 0.747678 0.398590 0.048828 0.048828
0 0.797251 0.347418 0.048828 0.048828
0 0.842027 0.360211 0.048828 0.048828
0 0.877208 0.355413 0.048828 0.048828
0 0.937975 0.328228 0.048828 0.048828
0 0.913988 0.278655 0.048828 0.048828
0 0.846824 0.317034 0.048828 0.048828
0 0.858018 0.278655 0.048828 0.048828
0 0.803648 0.265862 0.048828 0.048828
0 0.858018 0.224285 0.048828 0.048828
0 0.907591 0.211491 0.048828 0.048828
0 0.861216 0.179509 0.048828 0.048828
0 0.813242 0.216289 0.048828 0.048828
0 0.997143 0.365008 0.048828 0.048828
0 0.987548 0.267461 0.048828 0.048828
0 0.949169 0.283452 0.048828 0.048828
0 0.971556 0.201897 0.048828 0.048828
0 0.918785 0.181108 0.048828 0.048828
0 0.949169 0.144328 0.048828 0.048828