0 0.748391 0.997567 0.048828 0.048828
0 0.762928 0.940738 0.048828 0.048828
0 0.687597 0.994924 0.048828 0.048828
0 0.686276 0.931487 0.048828 0.048828
0 0.605658 0.946025 0.048828 0.048828
0 0.525041 0.989637 0.048828 0.048828
0 0.539579 0.946025 0.048828 0.048828
0 0.513147 0.938095 0.048828 0.048828
0 0.511825 0.894482 0.048828 0.048828
0 0.566011 0.903734 0.048828 0.048828
0 0.452353 0.969813 0.048828 0.048828
0 0.410062 0.993602 0.048828 0.048828
0 0.347947 0.997567 0.048828 0.048828
0 0.341339 0.947346 0.048828 0.048828
0 0.292440 0.952633 0.048828 0.048828
0 0.244863 0.971135 0.048828 0.048828
0 0.210501 0.955276 0.048828 0.048828
0 0.236933 0.922236 0.048828 0.048828
0 0.280546 0.903734 0.048828 0.048828
0 0.310942 0.893161 0.048828 0.048828
0 0.362485 0.912985 0.048828 0.048828
0 0.351912 0.860121 0.048828 0.048828
0 0.425921 0.857478 0.048828 0.048828
0 0.055874 0.936774 0.048828 0.048828
0 0.102130 0.951311 0.048828 0.048828
0 0.096844 0.901090 0.048828 0.048828
0 0.141778 0.924879 0.048828 0.048828
0 0.202571 0.882588 0.048828 0.048828
0 0.250149 0.869372 0.048828 0.048828
0 0.033407 0.883910 0.048828 0.048828
0 0.018869 0.823116 0.048828 0.048828
0 0.005653 0.779503 0.048828 0.048828
0 0.021513 0.734569 0.048828 0.048828
0 0.058517 0.735891 0.048828 0.048828
0 0.100808 0.783468 0.048828 0.048828
0 0.116668 0.735891 0.048828 0.048828
0 0.143100 0.746464 0.048828 0.048828
0 0.152351 0.799327 0.048828 0.048828
0 0.104773 0.835011 0.048828 0.048828
0 0.148386 0.846905 0.048828 0.048828
0 0.209179 0.741177 0.048828 0.048828
0 0.252792 0.762323 0.048828 0.048828
0 0.218431 0.794041 0.048828 0.048828
0 0.285832 0.812543 0.048828 0.048828
0 0.337374 0.798006 0.048828 0.048828
0 0.309621 0.746464 0.048828 0.048828
0 0.359841 0.734569 0.048828 0.048828
0 0.411384 0.739856 0.048828 0.048828
0 0.408741 0.819151 0.048828 0.048828
0 0.445745 0.807257 0.048828 0.048828
0 0.484072 0.746464 0.048828 0.048828
0 0.521076 0.733248 0.048828 0.048828
0 0.573940 0.741177 0.048828 0.048828
0 0.525041 0.772896 0.048828 0.048828
0 0.564689 0.790076 0.048828 0.048828
0 0.499931 0.819151 0.048828 0.048828
0 0.539579 0.840297 0.048828 0.048828
0 0.589799 0.844262 0.048828 0.048828
0 0.645306 0.821795 0.048828 0.048828
0 0.647950 0.764966 0.048828 0.048828
0 0.669095 0.741177 0.048828 0.048828
0 0.727245 0.737212 0.048828 0.048828
0 0.751034 0.791398 0.048828 0.048828
0 0.698170 0.779503 0.048828 0.048828
0 0.712708 0.846905 0.048828 0.048828
0 0.691562 0.889196 0.048828 0.048828
0 0.724602 0.897126 0.048828 0.048828
0 0.757642 0.873337 0.048828 0.048828
0 0.432624 0.919280 0.048828 0.048828
0 0.035691 0.689174 0.048828 0.048828
0 0.106640 0.664246 0.048828 0.048828
0 0.186219 0.701638 0.048828 0.048828
0 0.208270 0.674793 0.048828 0.048828
0 0.263879 0.697803 0.048828 0.048828
0 0.179507 0.654658 0.048828 0.048828
0 0.160332 0.614390 0.048828 0.048828
0 0.104723 0.593297 0.048828 0.048828
0 0.064454 0.646988 0.048828 0.048828
0 0.056784 0.586585 0.048828 0.048828
0 0.021309 0.621101 0.048828 0.048828
0 0.003092 0.587544 0.048828 0.048828
0 0.048155 0.549193 0.048828 0.048828
0 0.098970 0.537688 0.048828 0.048828
0 0.144033 0.547275 0.048828 0.048828
0 0.102805 0.502213 0.048828 0.048828
0 0.061578 0.497419 0.048828 0.048828
0 0.094176 0.461944 0.048828 0.048828
0 0.065413 0.419758 0.048828 0.048828
0 0.001175 0.442769 0.048828 0.048828
0 0.019392 0.405377 0.048828 0.048828
0 0.064454 0.383325 0.048828 0.048828
0 0.017474 0.346891 0.048828 0.048828
0 0.051031 0.305664 0.048828 0.048828
0 0.033773 0.271148 0.048828 0.048828
0 0.007886 0.227044 0.048828 0.048828
0 0.079795 0.228962 0.048828 0.048828
0 0.120063 0.234714 0.048828 0.048828
0 0.154579 0.269230 0.048828 0.048828
0 0.235116 0.240467 0.048828 0.048828
0 0.214023 0.289365 0.048828 0.048828
0 0.265797 0.276901 0.048828 0.048828
0 0.284973 0.332510 0.048828 0.048828
0 0.227446 0.336345 0.048828 0.048828
0 0.168002 0.368943 0.048828 0.048828
0 0.110475 0.293200 0.048828 0.048828
0 0.116228 0.344974 0.048828 0.048828
0 0.136362 0.419758 0.048828 0.048828
0 0.237034 0.434140 0.048828 0.048828
0 0.191013 0.486872 0.048828 0.048828
0 0.202518 0.536729 0.048828 0.048828
0 0.195806 0.605761 0.048828 0.048828
0 0.247580 0.602884 0.048828 0.048828
0 0.322365 0.690133 0.048828 0.048828
0 0.353046 0.664246 0.048828 0.048828
0 0.372221 0.691092 0.048828 0.048828
0 0.423036 0.701638 0.048828 0.048828
0 0.476728 0.689174 0.048828 0.048828
0 0.423995 0.647947 0.048828 0.048828
0 0.452758 0.610555 0.048828 0.048828
0 0.404820 0.581791 0.048828 0.048828
0 0.303189 0.623019 0.048828 0.048828
0 0.295519 0.584668 0.048828 0.048828
0 0.331953 0.588503 0.048828 0.048828
0 0.366468 0.539605 0.048828 0.048828
0 0.312777 0.524265 0.048828 0.048828
0 0.247580 0.553987 0.048828 0.048828
0 0.236075 0.501254 0.048828 0.048828
0 0.287849 0.490708 0.048828 0.048828
0 0.334829 0.494543 0.048828 0.048828
0 0.401943 0.471532 0.048828 0.048828
0 0.359757 0.426470 0.048828 0.048828
0 0.399067 0.414005 0.048828 0.048828
0 0.300313 0.435099 0.048828 0.048828
0 0.266756 0.381407 0.048828 0.048828
0 0.310859 0.377572 0.048828 0.048828
0 0.372221 0.371819 0.048828 0.048828
0 0.324282 0.307581 0.048828 0.048828
0 0.316612 0.257725 0.048828 0.048828
0 0.427830 0.536729 0.048828 0.048828
0 0.452758 0.484955 0.048828 0.048828
0 0.477686 0.521388 0.048828 0.048828
0 0.516996 0.528100 0.048828 0.048828
0 0.550553 0.530017 0.048828 0.048828
0 0.535213 0.581791 0.048828 0.048828
0 0.594657 0.600967 0.048828 0.048828
0 0.647390 0.577956 0.048828 0.048828
0 0.656019 0.528100 0.048828 0.048828
0 0.595616 0.530976 0.048828 0.048828
0 0.648349 0.478243 0.048828 0.048828
0 0.581234 0.476326 0.048828 0.048828
0 0.513161 0.465779 0.048828 0.048828
0 0.511244 0.403459 0.048828 0.048828
0 0.589863 0.413047 0.048828 0.048828
0 0.648349 0.422634 0.048828 0.048828
0 0.705875 0.436057 0.048828 0.048828
0 0.673277 0.371819 0.048828 0.048828
0 0.629173 0.358396 0.048828 0.048828
0 0.586028 0.349768 0.048828 0.048828
0 0.530419 0.349768 0.048828 0.048828
0 0.481522 0.353603 0.048828 0.048828
0 0.434542 0.331551 0.048828 0.048828
0 0.499738 0.307581 0.048828 0.048828
0 0.423036 0.280736 0.048828 0.048828
0 0.376056 0.231838 0.048828 0.048828
0 0.470016 0.251972 0.048828 0.048828
0 0.519873 0.253890 0.048828 0.048828
0 0.566853 0.254849 0.048828 0.048828
0 0.559182 0.301829 0.048828 0.048828
0 0.611915 0.309499 0.048828 0.048828
0 0.610956 0.251014 0.048828 0.048828
0 0.673277 0.230879 0.048828 0.048828
0 0.671359 0.299911 0.048828 0.048828
0 0.730803 0.236632 0.048828 0.048828
0 0.758608 0.276901 0.048828 0.048828
0 0.716422 0.333468 0.048828 0.048828
0 0.725051 0.488790 0.048828 0.048828
0 0.732721 0.529059 0.048828 0.048828
0 0.707793 0.561657 0.048828 0.048828
0 0.750938 0.587544 0.048828 0.048828
0 0.710669 0.624936 0.048828 0.048828
0 0.710669 0.680545 0.048828 0.048828
0 0.660813 0.703556 0.048828 0.048828
0 0.642596 0.659452 0.048828 0.048828
0 0.501656 0.631648 0.048828 0.048828
0 0.586987 0.665205 0.048828 0.048828
0 0.805588 0.990230 0.048828 0.048828
0 0.822846 0.964343 0.048828 0.048828
0 0.843939 0.933662 0.048828 0.048828
0 0.804629 0.908734 0.048828 0.048828
0 0.848733 0.873259 0.048828 0.048828
0 0.801753 0.829155 0.048828 0.048828
0 0.865991 0.812856 0.048828 0.048828
0 0.904342 0.842578 0.048828 0.048828
0 0.954198 0.894352 0.048828 0.048828
0 0.936940 0.978724 0.048828 0.048828
0 0.905301 0.964343 0.048828 0.048828
0 0.988714 0.808062 0.048828 0.048828
0 0.962827 0.837784 0.048828 0.048828
0 0.923517 0.788887 0.048828 0.048828
0 0.945569 0.741907 0.048828 0.048828
0 0.958992 0.687257 0.048828 0.048828
0 0.991590 0.633565 0.048828 0.048828
0 0.902424 0.648906 0.048828 0.048828
0 0.902424 0.696844 0.048828 0.048828
0 0.878455 0.742866 0.048828 0.048828
0 0.833392 0.756288 0.048828 0.048828
0 0.825722 0.700679 0.048828 0.048828
0 0.772989 0.722731 0.048828 0.048828
0 0.780660 0.669040 0.048828 0.048828
0 0.807505 0.619184 0.048828 0.048828
0 0.874620 0.612472 0.048828 0.048828
0 0.943652 0.609596 0.048828 0.048828
0 0.997343 0.583709 0.048828 0.048828
0 0.958033 0.533852 0.048828 0.048828
0 0.897630 0.546317 0.048828 0.048828
0 0.840104 0.532894 0.048828 0.048828
0 0.805588 0.560698 0.048828 0.048828
0 0.792165 0.512759 0.048828 0.048828
0 0.846815 0.489749 0.048828 0.048828
0 0.893795 0.486872 0.048828 0.048828
0 0.822846 0.450439 0.048828 0.048828
0 0.765319 0.437016 0.048828 0.048828
0 0.767237 0.388119 0.048828 0.048828
0 0.819969 0.390036 0.048828 0.048828
0 0.876537 0.390036 0.048828 0.048828
0 0.923517 0.425511 0.048828 0.048828
0 0.776825 0.339221 0.048828 0.048828
0 0.827640 0.305664 0.048828 0.048828
0 0.857362 0.344974 0.048828 0.048828
0 0.903383 0.346891 0.048828 0.048828
0 0.971456 0.412088 0.048828 0.048828
0 0.959951 0.455233 0.048828 0.048828
0 0.908177 0.294159 0.048828 0.048828
0 0.976250 0.042000 0.048828 0.048828
0 0.940775 0.006526 0.048828 0.048828
0 0.893795 0.004608 0.048828 0.048828
0 0.918723 0.059258 0.048828 0.048828
0 0.964745 0.093774 0.048828 0.048828
0 0.913929 0.102403 0.048828 0.048828
0 0.927352 0.135002 0.048828 0.048828
0 0.945569 0.170476 0.048828 0.048828
0 0.988714 0.223209 0.048828 0.048828
0 0.959951 0.272107 0.048828 0.048828
0 0.875578 0.262519 0.048828 0.048828
0 0.814217 0.252931 0.048828 0.048828
0 0.775866 0.208827 0.048828 0.048828
0 0.812299 0.178147 0.048828 0.048828
0 0.785454 0.161847 0.048828 0.048828
0 0.854485 0.134043 0.048828 0.048828
0 0.822846 0.116785 0.048828 0.048828
0 0.858320 0.076516 0.048828 0.048828
0 0.803670 0.054465 0.048828 0.048828
0 0.769154 0.052547 0.048828 0.048828
0 0.783536 0.015155 0.048828 0.048828
0 0.882290 0.219374 0.048828 0.048828
0 0.737515 0.010361 0.048828 0.048828
0 0.683823 0.030495 0.048828 0.048828
0 0.707793 0.063094 0.048828 0.048828
0 0.742309 0.112950 0.048828 0.048828
0 0.683823 0.115826 0.048828 0.048828
0 0.648349 0.066929 0.048828 0.048828
0 0.644513 0.128290 0.048828 0.048828
0 0.724092 0.166641 0.048828 0.048828
0 0.663689 0.176229 0.048828 0.048828
0 0.608080 0.158971 0.048828 0.048828
0 0.583152 0.204034 0.048828 0.048828
0 0.566853 0.152260 0.048828 0.048828
0 0.591781 0.117744 0.048828 0.048828
0 0.591781 0.030495 0.048828 0.048828
0 0.540966 0.038165 0.048828 0.048828
0 0.480563 0.031454 0.048828 0.048828
0 0.430706 0.032413 0.048828 0.048828
0 0.537131 0.103362 0.048828 0.048828
0 0.509326 0.081310 0.048828 0.048828
0 0.449882 0.088980 0.048828 0.048828
0 0.414407 0.101445 0.048828 0.048828
0 0.386603 0.058300 0.048828 0.048828
0 0.370304 0.120620 0.048828 0.048828
0 0.430706 0.142672 0.048828 0.048828
0 0.498780 0.146507 0.048828 0.048828
0 0.533295 0.192528 0.048828 0.048828
0 0.492068 0.190611 0.048828 0.048828
0 0.423995 0.205951 0.048828 0.048828
0 0.371262 0.159930 0.048828 0.048828
0 0.327159 0.175270 0.048828 0.048828
0 0.284014 0.210745 0.048828 0.048828
0 0.254292 0.187734 0.048828 0.048828
0 0.284973 0.139796 0.048828 0.048828
0 0.219776 0.136919 0.048828 0.048828
0 0.237034 0.096651 0.048828 0.048828
0 0.307983 0.104321 0.048828 0.048828
0 0.290725 0.059258 0.048828 0.048828
0 0.047196 0.034330 0.048828 0.048828
0 0.009804 0.057341 0.048828 0.048828
0 0.034732 0.093774 0.048828 0.048828
0 0.077877 0.072681 0.048828 0.048828
0 0.119104 0.060217 0.048828 0.048828
0 0.171837 0.079393 0.048828 0.048828
0 0.225528 0.045836 0.048828 0.048828
0 0.144033 0.131167 0.048828 0.048828
0 0.098970 0.115826 0.048828 0.048828
0 0.121022 0.177188 0.048828 0.048828
0 0.082671 0.164724 0.048828 0.048828
0 0.001175 0.006526 0.048828 0.048828