0 0.973745 0.542667 0.048828 0.048828
0 0.939229 0.531162 0.048828 0.048828
0 0.988127 0.943435 0.048828 0.048828
0 0.995797 0.729628 0.048828 0.048828
0 0.976621 0.794825 0.048828 0.048828
0 0.926765 0.809207 0.048828 0.048828
0 0.953611 0.903167 0.048828 0.048828
0 0.923889 0.885909 0.048828 0.048828
0 0.885538 0.929054 0.048828 0.048828
0 0.941147 0.945353 0.048828 0.048828
0 0.898960 0.986580 0.048828 0.048828
0 0.836640 0.978910 0.048828 0.048828
0 0.829929 0.920425 0.048828 0.048828
0 0.780072 0.938642 0.048828 0.048828
0 0.741721 0.980828 0.048828 0.048828
0 0.699535 0.943435 0.048828 0.048828
0 0.686112 0.907961 0.048828 0.048828
0 0.744597 0.910837 0.048828 0.048828
0 0.706246 0.862898 0.048828 0.048828
0 0.703370 0.814001 0.048828 0.048828
0 0.763773 0.791949 0.048828 0.048828
0 0.822258 0.789072 0.048828 0.048828
0 0.758020 0.860022 0.048828 0.048828
0 0.828970 0.852352 0.048828 0.048828
0 0.861568 0.866733 0.048828 0.048828
0 0.856774 0.818795 0.048828 0.048828
0 0.885538 0.818795 0.048828 0.048828
0 0.858692 0.756474 0.048828 0.048828
0 0.938270 0.757433 0.048828 0.048828
0 0.946899 0.694154 0.048828 0.048828
0 0.967992 0.654844 0.048828 0.048828
0 0.937311 0.634710 0.048828 0.048828
0 0.943064 0.583894 0.048828 0.048828
0 0.893208 0.568554 0.048828 0.048828
0 0.858692 0.623204 0.048828 0.048828
0 0.831846 0.567595 0.048828 0.048828
0 0.786784 0.531162 0.048828 0.048828
0 0.727340 0.534997 0.048828 0.048828
0 0.690906 0.556090 0.048828 0.048828
0 0.753226 0.581018 0.048828 0.048828
0 0.702411 0.602111 0.048828 0.048828
0 0.748433 0.637586 0.048828 0.048828
0 0.809794 0.646215 0.048828 0.048828
0 0.907589 0.680731 0.048828 0.048828
0 0.882661 0.721958 0.048828 0.048828
0 0.850063 0.697989 0.048828 0.048828
0 0.806918 0.724835 0.048828 0.048828
0 0.748433 0.744010 0.048828 0.048828
0 0.731175 0.683607 0.048828 0.048828
0 0.529832 0.985622 0.048828 0.048828
0 0.612286 0.984663 0.048828 0.048828
0 0.589276 0.948229 0.048828 0.048828
0 0.665978 0.870568 0.048828 0.048828
0 0.632421 0.902208 0.048828 0.048828
0 0.593111 0.870568 0.048828 0.048828
0 0.552842 0.900290 0.048828 0.048828
0 0.513533 0.914672 0.048828 0.048828
0 0.465594 0.889744 0.048828 0.048828
0 0.466553 0.955899 0.048828 0.048828
0 0.515450 0.869610 0.048828 0.048828
0 0.544213 0.838929 0.048828 0.048828
0 0.637215 0.811124 0.048828 0.048828
0 0.395603 0.844681 0.048828 0.048828
0 0.477099 0.821671 0.048828 0.048828
0 0.525038 0.814959 0.048828 0.048828
0 0.581606 0.743051 0.048828 0.048828
0 0.628586 0.758392 0.048828 0.048828
0 0.679401 0.750721 0.048828 0.048828
0 0.655431 0.716206 0.048828 0.048828
0 0.696659 0.674978 0.048828 0.048828
0 0.661184 0.652926 0.048828 0.048828
0 0.610369 0.684566 0.048828 0.048828
0 0.542296 0.704700 0.048828 0.048828
0 0.517368 0.744969 0.048828 0.048828
0 0.486687 0.711412 0.048828 0.048828
0 0.441624 0.774691 0.048828 0.048828
0 0.333283 0.825506 0.048828 0.048828
0 0.295890 0.805372 0.048828 0.048828
0 0.322736 0.765103 0.048828 0.048828
0 0.276715 0.769897 0.048828 0.048828
0 0.257539 0.713329 0.048828 0.048828
0 0.330406 0.719082 0.048828 0.048828
0 0.390809 0.725793 0.048828 0.048828
0 0.454088 0.699906 0.048828 0.048828
0 0.477099 0.663473 0.048828 0.048828
0 0.519285 0.666349 0.048828 0.048828
0 0.566265 0.652926 0.048828 0.048828
0 0.614204 0.632792 0.048828 0.048828
0 0.604616 0.605946 0.048828 0.048828
0 0.559554 0.591565 0.048828 0.048828
0 0.502027 0.604988 0.048828 0.048828
0 0.433954 0.638545 0.048828 0.048828
0 0.380263 0.642380 0.048828 0.048828
0 0.311231 0.630874 0.048828 0.048828
0 0.259457 0.640462 0.048828 0.048828
0 0.226859 0.620328 0.048828 0.048828
0 0.290138 0.594441 0.048828 0.048828
0 0.404232 0.586771 0.048828 0.048828
0 0.455047 0.574307 0.048828 0.048828
0 0.521203 0.545543 0.048828 0.048828
0 0.570100 0.547461 0.048828 0.048828
0 0.618039 0.546502 0.048828 0.048828
0 0.293014 0.544585 0.048828 0.048828