0 0.077506 0.995209 0.048828 0.048828
0 0.138867 0.972199 0.048828 0.048828
0 0.047784 0.952064 0.048828 0.048828
0 0.047784 0.908919 0.048828 0.048828
0 0.014226 0.929054 0.048828 0.048828
0 0.102434 0.885909 0.048828 0.048828
0 0.113939 0.831259 0.048828 0.048828
0 0.037237 0.852352 0.048828 0.048828
0 0.019979 0.793866 0.048828 0.048828
0 0.069835 0.784279 0.048828 0.048828
0 0.126403 0.784279 0.048828 0.048828
0 0.106269 0.740175 0.048828 0.048828
0 0.050660 0.735381 0.048828 0.048828
0 0.016144 0.696071 0.048828 0.048828
0 0.079423 0.678813 0.048828 0.048828
0 0.000804 0.629916 0.048828 0.048828
0 0.067918 0.635668 0.048828 0.048828
0 0.123527 0.667308 0.048828 0.048828
0 0.147496 0.618410 0.048828 0.048828
0 0.108186 0.574307 0.048828 0.048828
0 0.119692 0.511028 0.048828 0.048828
0 0.057371 0.551296 0.048828 0.048828
0 0.058330 0.496646 0.048828 0.048828
0 0.107228 0.484182 0.048828 0.048828
0 0.164754 0.481305 0.048828 0.048828
0 0.215569 0.477470 0.048828 0.048828
0 0.201188 0.521574 0.048828 0.048828
0 0.269261 0.501440 0.048828 0.048828
0 0.312406 0.483223 0.048828 0.048828
0 0.361303 0.496646 0.048828 0.048828
0 0.371850 0.543626 0.048828 0.048828
0 0.357468 0.587730 0.048828 0.048828
0 0.316241 0.529244 0.048828 0.048828
0 0.345004 0.511986 0.048828 0.048828
0 0.414995 0.581018 0.048828 0.048828
0 0.316241 0.584853 0.048828 0.048828
0 0.258714 0.554172 0.048828 0.048828
0 0.215569 0.577183 0.048828 0.048828
0 0.164754 0.574307 0.048828 0.048828
0 0.182012 0.659638 0.048828 0.048828
0 0.218446 0.649091 0.048828 0.048828
0 0.255838 0.614575 0.048828 0.048828
0 0.283642 0.665390 0.048828 0.048828
0 0.343087 0.655803 0.048828 0.048828
0 0.381438 0.652926 0.048828 0.048828
0 0.429376 0.629916 0.048828 0.048828
0 0.462934 0.675937 0.048828 0.048828
0 0.441840 0.729628 0.048828 0.048828
0 0.463892 0.783320 0.048828 0.048828
0 0.412118 0.790990 0.048828 0.048828
0 0.441840 0.831259 0.048828 0.048828
0 0.426500 0.883033 0.048828 0.048828
0 0.410201 0.914672 0.048828 0.048828
0 0.348839 0.915631 0.048828 0.048828
0 0.360345 0.854269 0.048828 0.048828
0 0.302818 0.866733 0.048828 0.048828
0 0.261591 0.851393 0.048828 0.048828
0 0.281725 0.808248 0.048828 0.048828
0 0.222281 0.805372 0.048828 0.048828
0 0.247209 0.754557 0.048828 0.048828
0 0.284601 0.767021 0.048828 0.048828
0 0.338293 0.790031 0.048828 0.048828
0 0.364180 0.730587 0.048828 0.048828
0 0.314323 0.722917 0.048828 0.048828
0 0.273096 0.734422 0.048828 0.048828
0 0.242415 0.698948 0.048828 0.048828
0 0.471563 0.639503 0.048828 0.048828
0 0.490738 0.590606 0.048828 0.048828
0 0.204064 0.730587 0.048828 0.048828
0 0.182012 0.800578 0.048828 0.048828
0 0.159960 0.898373 0.048828 0.048828
0 0.267343 0.912755 0.048828 0.048828
0 0.359386 0.976034 0.048828 0.048828
0 0.433211 0.960693 0.048828 0.048828
0 0.496491 0.998086 0.048828 0.048828
0 0.544429 0.990415 0.048828 0.048828
0 0.548265 0.939600 0.048828 0.048828
0 0.482109 0.935765 0.048828 0.048828
0 0.502243 0.874404 0.048828 0.048828
0 0.545388 0.876321 0.048828 0.048828
0 0.547306 0.824547 0.048828 0.048828
0 0.555935 0.774691 0.048828 0.048828
0 0.506078 0.804413 0.048828 0.048828
0 0.496491 0.744969 0.048828 0.048828
0 0.527172 0.699906 0.048828 0.048828
0 0.551141 0.651968 0.048828 0.048828
0 0.554976 0.604988 0.048828 0.048828
0 0.551141 0.549379 0.048828 0.048828
0 0.493614 0.525409 0.048828 0.048828
0 0.522378 0.477470 0.048828 0.048828
0 0.296107 0.969322 0.048828 0.048828
0 0.583739 0.465965 0.048828 0.048828
0 0.647977 0.497605 0.048828 0.048828
0 0.692081 0.474594 0.048828 0.048828
0 0.788917 0.503357 0.048828 0.048828
0 0.844526 0.465965 0.048828 0.048828
0 0.884795 0.485141 0.048828 0.048828
0 0.928899 0.488976 0.048828 0.048828
0 0.987384 0.544585 0.048828 0.048828
0 0.913558 0.542667 0.048828 0.048828
0 0.844526 0.542667 0.048828 0.048828
0 0.753443 0.534997 0.048828 0.048828
0 0.707421 0.536914 0.048828 0.048828
0 0.667153 0.573348 0.048828 0.048828
0 0.614420 0.520615 0.048828 0.048828
0 0.602915 0.607864 0.048828 0.048828
0 0.621132 0.623204 0.048828 0.048828
0 0.690163 0.627998 0.048828 0.048828
0 0.732350 0.614575 0.048828 0.048828
0 0.772618 0.635668 0.048828 0.048828
0 0.750566 0.597317 0.048828 0.048828
0 0.810969 0.592523 0.048828 0.048828
0 0.886712 0.590606 0.048828 0.048828
0 0.931775 0.593482 0.048828 0.048828
0 0.988343 0.602111 0.048828 0.048828
0 0.960538 0.663473 0.048828 0.048828
0 0.901094 0.651968 0.048828 0.048828
0 0.826310 0.658679 0.048828 0.048828
0 0.803299 0.679772 0.048828 0.048828
0 0.723721 0.700865 0.048828 0.048828
0 0.682493 0.741134 0.048828 0.048828
0 0.647977 0.705659 0.048828 0.048828
0 0.590451 0.717164 0.048828 0.048828
0 0.613461 0.765103 0.048828 0.048828
0 0.589492 0.846599 0.048828 0.048828
0 0.630719 0.813042 0.048828 0.048828
0 0.629761 0.863857 0.048828 0.048828
0 0.673864 0.846599 0.048828 0.048828
0 0.683452 0.804413 0.048828 0.048828
0 0.722762 0.771815 0.048828 0.048828
0 0.717968 0.826465 0.048828 0.048828
0 0.762072 0.791949 0.048828 0.048828
0 0.747690 0.903167 0.048828 0.048828
0 0.669070 0.887826 0.048828 0.048828
0 0.626884 0.962611 0.048828 0.048828
0 0.604832 0.913713 0.048828 0.048828
0 0.957662 0.744969 0.048828 0.048828
0 0.900135 0.726752 0.048828 0.048828
0 0.848361 0.716206 0.048828 0.048828
0 0.805216 0.745928 0.048828 0.048828
0 0.813845 0.802495 0.048828 0.048828
0 0.854114 0.777567 0.048828 0.048828
0 0.890548 0.815918 0.048828 0.048828
0 0.835897 0.841805 0.048828 0.048828
0 0.789876 0.838929 0.048828 0.048828
0 0.883836 0.862898 0.048828 0.048828
0 0.938486 0.800578 0.048828 0.048828
0 0.944239 0.854269 0.048828 0.048828
0 0.932734 0.895497 0.048828 0.048828
0 0.944239 0.948229 0.048828 0.048828
0 0.904929 0.979869 0.048828 0.048828
0 0.901094 0.932889 0.048828 0.048828
0 0.861784 0.912755 0.048828 0.048828
0 0.804258 0.894538 0.048828 0.048828
0 0.801381 0.941518 0.048828 0.048828
0 0.844526 0.967405 0.048828 0.048828
0 0.751525 0.959735 0.048828 0.048828
0 0.712215 0.953023 0.048828 0.048828