0 0.803529 0.938501 0.048828 0.048828
0 0.771412 0.888438 0.048828 0.048828
0 0.765745 0.836485 0.048828 0.048828
0 0.744019 0.760918 0.048828 0.048828
0 0.693012 0.744860 0.048828 0.048828
0 0.641059 0.743916 0.048828 0.048828
0 0.612722 0.708966 0.048828 0.048828
0 0.663729 0.696686 0.048828 0.048828
0 0.688289 0.674016 0.048828 0.048828
0 0.627835 0.796813 0.048828 0.048828
0 0.692067 0.817594 0.048828 0.048828
0 0.719460 0.857266 0.048828 0.048828
0 0.753465 0.930944 0.048828 0.048828
0 0.708125 0.893161 0.048828 0.048828
0 0.650505 0.890327 0.048828 0.048828
0 0.641059 0.849710 0.048828 0.048828
0 0.615555 0.857266 0.048828 0.048828
0 0.618389 0.925277 0.048828 0.048828
0 0.649561 0.950781 0.048828 0.048828
0 0.700568 0.940390 0.048828 0.048828
0 0.771412 0.970617 0.048828 0.048828
0 0.728906 0.978174 0.048828 0.048828
0 0.689233 0.997065 0.048828 0.048828
0 0.630669 0.979118 0.048828 0.048828
0 0.467255 0.996121 0.048828 0.048828
0 0.552268 0.984786 0.048828 0.048828
0 0.531487 0.946058 0.048828 0.048828
0 0.491814 0.947002 0.048828 0.048828
0 0.430416 0.935667 0.048828 0.048828
0 0.384131 0.951725 0.048828 0.048828
0 0.433250 0.895050 0.048828 0.048828
0 0.493703 0.891271 0.048828 0.048828
0 0.556991 0.912997 0.048828 0.048828
0 0.568326 0.872380 0.048828 0.048828
0 0.522986 0.847820 0.048828 0.048828
0 0.523930 0.798702 0.048828 0.048828
0 0.460643 0.820427 0.048828 0.048828
0 0.439862 0.857266 0.048828 0.048828
0 0.384131 0.863878 0.048828 0.048828
0 0.420970 0.813815 0.048828 0.048828
0 0.408690 0.765641 0.048828 0.048828
0 0.459698 0.780755 0.048828 0.048828
0 0.484257 0.740137 0.048828 0.048828
0 0.509761 0.741082 0.048828 0.048828
0 0.548490 0.730691 0.048828 0.048828
0 0.533376 0.682517 0.048828 0.048828
0 0.428527 0.692908 0.048828 0.048828
0 0.593830 0.671182 0.048828 0.048828
0 0.655228 0.661736 0.048828 0.048828
0 0.680732 0.622064 0.048828 0.048828
0 0.709070 0.593726 0.048828 0.048828
0 0.702457 0.538940 0.048828 0.048828
0 0.698679 0.490766 0.048828 0.048828
0 0.708125 0.451093 0.048828 0.048828
0 0.749687 0.421811 0.048828 0.048828
0 0.760077 0.469985 0.048828 0.048828
0 0.638225 0.606950 0.048828 0.048828
0 0.672231 0.560665 0.048828 0.048828
0 0.633503 0.560665 0.048828 0.048828
0 0.645782 0.522882 0.048828 0.048828
0 0.615555 0.498323 0.048828 0.048828
0 0.583439 0.532328 0.048828 0.048828
0 0.571160 0.594671 0.048828 0.048828
0 0.488980 0.650401 0.048828 0.048828
0 0.497482 0.604116 0.048828 0.048828
0 0.461587 0.586169 0.048828 0.048828
0 0.464421 0.537995 0.048828 0.048828
0 0.512595 0.523826 0.048828 0.048828
0 0.480479 0.486987 0.048828 0.048828
0 0.521096 0.460539 0.048828 0.048828
0 0.580606 0.449204 0.048828 0.048828
0 0.654283 0.467151 0.048828 0.048828
0 0.660896 0.430312 0.048828 0.048828
0 0.619334 0.426534 0.048828 0.048828
0 0.593830 0.401030 0.048828 0.048828
0 0.552268 0.411420 0.048828 0.048828
0 0.607054 0.368914 0.048828 0.048828
0 0.578716 0.344355 0.048828 0.048828
0 0.544711 0.300903 0.048828 0.048828
0 0.502205 0.368914 0.048828 0.048828
0 0.481424 0.414254 0.048828 0.048828
0 0.476701 0.441647 0.048828 0.048828
0 0.688289 0.384972 0.048828 0.048828
0 0.713793 0.379304 0.048828 0.048828
0 0.740241 0.351911 0.048828 0.048828
0 0.764800 0.380249 0.048828 0.048828
0 0.786526 0.323574 0.048828 0.048828
0 0.680732 0.329241 0.048828 0.048828
0 0.721349 0.316017 0.048828 0.048828
0 0.649561 0.298070 0.048828 0.048828
0 0.598553 0.286735 0.048828 0.048828
0 0.672231 0.271621 0.048828 0.048828
0 0.711903 0.284845 0.048828 0.048828
0 0.761967 0.293347 0.048828 0.048828
0 0.807307 0.278233 0.048828 0.048828
0 0.749687 0.258397 0.048828 0.048828
0 0.782748 0.234782 0.048828 0.048828
0 0.826199 0.225336 0.048828 0.048828
0 0.292506 0.946058 0.048828 0.048828
0 0.269836 0.924332 0.048828 0.048828
0 0.232052 0.948891 0.048828 0.048828
0 0.225440 0.917720 0.048828 0.048828
0 0.201825 0.969672 0.048828 0.048828
0 0.172543 0.916775 0.048828 0.048828
0 0.143261 0.979118 0.048828 0.048828
0 0.068638 0.987620 0.048828 0.048828
0 0.059192 0.940390 0.048828 0.048828
0 0.102644 0.940390 0.048828 0.048828
0 0.096031 0.888438 0.048828 0.048828
0 0.154596 0.869546 0.048828 0.048828
0 0.193324 0.866712 0.048828 0.048828
0 0.262279 0.884659 0.048828 0.048828
0 0.304786 0.867657 0.048828 0.048828
0 0.332179 0.832707 0.048828 0.048828
0 0.277393 0.825150 0.048828 0.048828
0 0.223551 0.814760 0.048828 0.048828
0 0.145150 0.811926 0.048828 0.048828
0 0.107367 0.849710 0.048828 0.048828
0 0.060137 0.845931 0.048828 0.048828
0 0.067694 0.799646 0.048828 0.048828
0 0.099810 0.765641 0.048828 0.048828
0 0.047857 0.749583 0.048828 0.048828
0 0.164042 0.725024 0.048828 0.048828
0 0.183878 0.779810 0.048828 0.048828
0 0.198047 0.758084 0.048828 0.048828
0 0.266057 0.791145 0.048828 0.048828
0 0.321788 0.795868 0.048828 0.048828
0 0.296284 0.756195 0.048828 0.048828
0 0.364295 0.748639 0.048828 0.048828
0 0.258501 0.725968 0.048828 0.048828
0 0.290617 0.717467 0.048828 0.048828
0 0.257556 0.692908 0.048828 0.048828
0 0.207493 0.683462 0.048828 0.048828
0 0.072417 0.704243 0.048828 0.048828
0 0.101699 0.688185 0.048828 0.048828
0 0.147039 0.673071 0.048828 0.048828
0 0.208438 0.635288 0.048828 0.048828
0 0.243387 0.599394 0.048828 0.048828
0 0.288728 0.604116 0.048828 0.048828
0 0.326511 0.597504 0.048828 0.048828
0 0.364295 0.576723 0.048828 0.048828
0 0.409635 0.559721 0.048828 0.048828
0 0.284005 0.662681 0.048828 0.048828
0 0.335012 0.640011 0.048828 0.048828
0 0.342569 0.695742 0.048828 0.048828
0 0.410580 0.656069 0.048828 0.048828
0 0.599497 0.632454 0.048828 0.048828
0 0.590996 0.769420 0.048828 0.048828
0 0.026132 0.990453 0.048828 0.048828
0 0.026132 0.958337 0.048828 0.048828
0 0.009129 0.886549 0.048828 0.048828
0 0.000628 0.474708 0.048828 0.048828
0 0.045024 0.443536 0.048828 0.048828
0 0.009129 0.405753 0.048828 0.048828
0 0.016686 0.694797 0.048828 0.048828
0 0.014797 0.759029 0.048828 0.048828
0 0.004406 0.814760 0.048828 0.048828
0 0.028021 0.653235 0.048828 0.048828
0 0.084696 0.655124 0.048828 0.048828
0 0.132870 0.627731 0.048828 0.048828
0 0.183878 0.615452 0.048828 0.048828
0 0.191435 0.556887 0.048828 0.048828
0 0.191435 0.514381 0.048828 0.048828
0 0.172543 0.458650 0.048828 0.048828
0 0.123425 0.458650 0.048828 0.048828
0 0.079029 0.471874 0.048828 0.048828
0 0.101699 0.499267 0.048828 0.048828
0 0.086586 0.536106 0.048828 0.048828
0 0.141372 0.549330 0.048828 0.048828
0 0.113034 0.584280 0.048828 0.048828
0 0.047857 0.603172 0.048828 0.048828
0 0.031799 0.527605 0.048828 0.048828
0 0.021409 0.581446 0.048828 0.048828
0 0.103588 0.412365 0.048828 0.048828
0 0.152707 0.409531 0.048828 0.048828
0 0.144205 0.370803 0.048828 0.048828
0 0.084696 0.371748 0.048828 0.048828
0 0.043134 0.359468 0.048828 0.048828
0 0.032744 0.305626 0.048828 0.048828
0 0.026132 0.262175 0.048828 0.048828
0 0.002517 0.162993 0.048828 0.048828
0 0.021409 0.126155 0.048828 0.048828
0 0.005351 0.048698 0.048828 0.048828
0 0.035578 0.077036 0.048828 0.048828
0 0.061082 0.167716 0.048828 0.048828
0 0.053525 0.239505 0.048828 0.048828
0 0.088475 0.266898 0.048828 0.048828
0 0.101699 0.315072 0.048828 0.048828
0 0.173488 0.302793 0.048828 0.048828
0 0.144205 0.278233 0.048828 0.048828
0 0.182934 0.256508 0.048828 0.048828
0 0.149873 0.181885 0.048828 0.048828
0 0.114923 0.218724 0.048828 0.048828
0 0.097921 0.123321 0.048828 0.048828
0 0.089419 0.076091 0.048828 0.048828
0 0.130037 0.069479 0.048828 0.048828
0 0.174432 0.059089 0.048828 0.048828
0 0.184823 0.126155 0.048828 0.048828
0 0.232997 0.048698 0.048828 0.048828
0 0.292506 0.061922 0.048828 0.048828
0 0.335012 0.041142 0.048828 0.048828
0 0.391688 0.027917 0.048828 0.048828
0 0.419081 0.056255 0.048828 0.048828
0 0.461587 0.031696 0.048828 0.048828
0 0.512595 0.048698 0.048828 0.048828
0 0.501260 0.079870 0.048828 0.048828
0 0.573049 0.062867 0.048828 0.048828
0 0.545656 0.022250 0.048828 0.048828
0 0.599497 0.028862 0.048828 0.048828
0 0.659006 0.051532 0.048828 0.048828
0 0.706236 0.058144 0.048828 0.048828
0 0.726072 0.009025 0.048828 0.048828
0 0.773302 0.026028 0.048828 0.048828
0 0.752521 0.072313 0.048828 0.048828
0 0.809196 0.027917 0.048828 0.048828
0 0.880040 0.018471 0.048828 0.048828
0 0.864927 0.049643 0.048828 0.048828
0 0.884763 0.065701 0.048828 0.048828
0 0.880985 0.114819 0.048828 0.048828
0 0.840367 0.096872 0.048828 0.048828
0 0.790304 0.091205 0.048828 0.048828
0 0.744964 0.108207 0.048828 0.048828
0 0.675064 0.142213 0.048828 0.048828
0 0.623112 0.138434 0.048828 0.048828
0 0.691122 0.187553 0.048828 0.048828
0 0.738352 0.156381 0.048828 0.048828
0 0.773302 0.134656 0.048828 0.048828
0 0.828088 0.139379 0.048828 0.048828
0 0.842257 0.178107 0.048828 0.048828
0 0.791249 0.188497 0.048828 0.048828
0 0.749687 0.201722 0.048828 0.048828
0 0.713793 0.218724 0.048828 0.048828
0 0.918768 0.053421 0.048828 0.048828
0 0.246221 0.533272 0.048828 0.048828
0 0.259445 0.474708 0.048828 0.048828
0 0.292506 0.467151 0.048828 0.048828
0 0.293451 0.537995 0.048828 0.048828
0 0.357683 0.521937 0.048828 0.048828
0 0.393577 0.497378 0.048828 0.048828
0 0.378464 0.461484 0.048828 0.048828
0 0.398300 0.417088 0.048828 0.048828
0 0.427582 0.445426 0.048828 0.048828
0 0.436083 0.372692 0.048828 0.048828
0 0.460643 0.331130 0.048828 0.048828
0 0.501260 0.285790 0.048828 0.048828
0 0.485202 0.240450 0.048828 0.048828
0 0.520152 0.238561 0.048828 0.048828
0 0.475756 0.202666 0.048828 0.048828
0 0.432305 0.162993 0.048828 0.048828
0 0.437028 0.227226 0.048828 0.048828
0 0.381297 0.149769 0.048828 0.048828
0 0.332179 0.144102 0.048828 0.048828
0 0.347292 0.189442 0.048828 0.048828
0 0.285894 0.177162 0.048828 0.048828
0 0.211271 0.210223 0.048828 0.048828
0 0.229218 0.141268 0.048828 0.048828
0 0.260390 0.111986 0.048828 0.048828
0 0.316121 0.105374 0.048828 0.048828
0 0.360516 0.095928 0.048828 0.048828
0 0.407746 0.106318 0.048828 0.048828
0 0.458754 0.107263 0.048828 0.048828
0 0.491814 0.148825 0.048828 0.048828
0 0.513540 0.115764 0.048828 0.048828
0 0.548490 0.094983 0.048828 0.048828
0 0.578716 0.117653 0.048828 0.048828
0 0.541877 0.163938 0.048828 0.048828
0 0.576827 0.191331 0.048828 0.048828
0 0.645782 0.229115 0.048828 0.048828
0 0.602331 0.244228 0.048828 0.048828
0 0.387909 0.249896 0.048828 0.048828
0 0.344458 0.245173 0.048828 0.048828
0 0.300063 0.248951 0.048828 0.048828
0 0.251889 0.236671 0.048828 0.048828
0 0.233941 0.290513 0.048828 0.048828
0 0.283060 0.312239 0.048828 0.048828
0 0.347292 0.299014 0.048828 0.048828
0 0.392632 0.290513 0.048828 0.048828
0 0.442696 0.271621 0.048828 0.048828
0 0.378464 0.336798 0.048828 0.048828
0 0.340680 0.364191 0.048828 0.048828
0 0.327456 0.441647 0.048828 0.048828
0 0.280226 0.395362 0.048828 0.048828
0 0.303841 0.349077 0.048828 0.048828
0 0.257556 0.342465 0.048828 0.048828
0 0.206548 0.382138 0.048828 0.048828
0 0.199936 0.326407 0.048828 0.048828
0 0.222606 0.439758 0.048828 0.048828
0 0.420025 0.003358 0.048828 0.048828
0 0.188601 0.024139 0.048828 0.048828
0 0.238664 0.002413 0.048828 0.048828
0 0.295340 0.004303 0.048828 0.048828
0 0.083752 0.030751 0.048828 0.048828