0 0.002517 0.962798 0.048828 0.048828
0 0.021409 0.925959 0.048828 0.048828
0 0.005351 0.848503 0.048828 0.048828
0 0.035578 0.876841 0.048828 0.048828
0 0.061082 0.967521 0.048828 0.048828
0 0.149873 0.981690 0.048828 0.048828
0 0.097921 0.923125 0.048828 0.048828
0 0.089419 0.875896 0.048828 0.048828
0 0.130037 0.869284 0.048828 0.048828
0 0.174432 0.858893 0.048828 0.048828
0 0.184823 0.925959 0.048828 0.048828
0 0.232997 0.848503 0.048828 0.048828
0 0.292506 0.861727 0.048828 0.048828
0 0.335012 0.840946 0.048828 0.048828
0 0.391688 0.827722 0.048828 0.048828
0 0.419081 0.856060 0.048828 0.048828
0 0.461587 0.831500 0.048828 0.048828
0 0.512595 0.848503 0.048828 0.048828
0 0.501260 0.879674 0.048828 0.048828
0 0.573049 0.862672 0.048828 0.048828
0 0.545656 0.822054 0.048828 0.048828
0 0.599497 0.828667 0.048828 0.048828
0 0.659006 0.851337 0.048828 0.048828
0 0.706236 0.857949 0.048828 0.048828
0 0.726072 0.808830 0.048828 0.048828
0 0.773302 0.825833 0.048828 0.048828
0 0.752521 0.872118 0.048828 0.048828
0 0.809196 0.827722 0.048828 0.048828
0 0.880040 0.818276 0.048828 0.048828
0 0.851703 0.793717 0.048828 0.048828
0 0.805418 0.770102 0.048828 0.048828
0 0.864927 0.849447 0.048828 0.048828
0 0.884763 0.865506 0.048828 0.048828
0 0.880985 0.914624 0.048828 0.048828
0 0.840367 0.896677 0.048828 0.048828
0 0.790304 0.891009 0.048828 0.048828
0 0.744964 0.908012 0.048828 0.048828
0 0.675064 0.942017 0.048828 0.048828
0 0.623112 0.938239 0.048828 0.048828
0 0.691122 0.987357 0.048828 0.048828
0 0.738352 0.956186 0.048828 0.048828
0 0.773302 0.934460 0.048828 0.048828
0 0.828088 0.939183 0.048828 0.048828
0 0.842257 0.977912 0.048828 0.048828
0 0.791249 0.988302 0.048828 0.048828
0 0.918768 0.853226 0.048828 0.048828
0 0.930103 0.761601 0.048828 0.048828
0 0.923491 0.728540 0.048828 0.048828
0 0.941438 0.693590 0.048828 0.048828
0 0.973555 0.691701 0.048828 0.048828
0 0.998114 0.640693 0.048828 0.048828
0 0.986779 0.588741 0.048828 0.048828
0 0.970721 0.621802 0.048828 0.048828
0 0.919713 0.593464 0.048828 0.048828
0 0.933882 0.653918 0.048828 0.048828
0 0.886652 0.604799 0.048828 0.048828
0 0.899877 0.651084 0.048828 0.048828
0 0.909322 0.683200 0.048828 0.048828
0 0.876262 0.673754 0.048828 0.048828
0 0.892320 0.720039 0.048828 0.048828
0 0.895154 0.769157 0.048828 0.048828
0 0.837534 0.737041 0.048828 0.048828
0 0.844146 0.706815 0.048828 0.048828
0 0.814864 0.668086 0.048828 0.048828
0 0.799750 0.625580 0.048828 0.048828
0 0.828088 0.590630 0.048828 0.048828
0 0.432305 0.962798 0.048828 0.048828
0 0.381297 0.949574 0.048828 0.048828
0 0.332179 0.943906 0.048828 0.048828
0 0.347292 0.989247 0.048828 0.048828
0 0.285894 0.976967 0.048828 0.048828
0 0.229218 0.941073 0.048828 0.048828
0 0.260390 0.911790 0.048828 0.048828
0 0.316121 0.905178 0.048828 0.048828
0 0.360516 0.895732 0.048828 0.048828
0 0.407746 0.906123 0.048828 0.048828
0 0.458754 0.907067 0.048828 0.048828
0 0.491814 0.948629 0.048828 0.048828
0 0.513540 0.915569 0.048828 0.048828
0 0.548490 0.894788 0.048828 0.048828
0 0.578716 0.917458 0.048828 0.048828
0 0.541877 0.963743 0.048828 0.048828
0 0.576827 0.991136 0.048828 0.048828
0 0.625946 0.097555 0.048828 0.048828
0 0.663729 0.103222 0.048828 0.048828
0 0.684510 0.141006 0.048828 0.048828
0 0.639170 0.157064 0.048828 0.048828
0 0.615555 0.158953 0.048828 0.048828
0 0.591941 0.124948 0.048828 0.048828
0 0.567381 0.165565 0.048828 0.048828
0 0.604220 0.199570 0.048828 0.048828
0 0.653339 0.195792 0.048828 0.048828
0 0.689233 0.212795 0.048828 0.048828
0 0.713793 0.237354 0.048828 0.048828
0 0.755354 0.230742 0.048828 0.048828
0 0.674120 0.259079 0.048828 0.048828
0 0.730795 0.270415 0.048828 0.048828
0 0.763856 0.276082 0.048828 0.048828
0 0.807307 0.296863 0.048828 0.048828
0 0.780858 0.328979 0.048828 0.048828
0 0.751576 0.304420 0.048828 0.048828
0 0.706236 0.301586 0.048828 0.048828
0 0.659006 0.300641 0.048828 0.048828
0 0.716626 0.343148 0.048828 0.048828
0 0.676954 0.356372 0.048828 0.048828
0 0.627835 0.363929 0.048828 0.048828
0 0.610832 0.407380 0.048828 0.048828
0 0.648616 0.411158 0.048828 0.048828
0 0.687344 0.404546 0.048828 0.048828
0 0.722294 0.382821 0.048828 0.048828
0 0.770468 0.364873 0.048828 0.048828
0 0.817697 0.362040 0.048828 0.048828
0 0.826199 0.327090 0.048828 0.048828
0 0.858315 0.354483 0.048828 0.048828
0 0.872483 0.396989 0.048828 0.048828
0 0.822420 0.396989 0.048828 0.048828
0 0.785581 0.398879 0.048828 0.048828
0 0.728906 0.415881 0.048828 0.048828
0 0.689233 0.444219 0.048828 0.048828
0 0.609888 0.451776 0.048828 0.048828
0 0.584384 0.509395 0.048828 0.048828
0 0.622167 0.503728 0.048828 0.048828
0 0.620278 0.541512 0.048828 0.048828
0 0.659951 0.561348 0.048828 0.048828
0 0.644838 0.607633 0.048828 0.048828
0 0.691122 0.594408 0.048828 0.048828
0 0.746853 0.566071 0.048828 0.048828
0 0.749687 0.524509 0.048828 0.048828
0 0.693012 0.529232 0.048828 0.048828
0 0.661840 0.475390 0.048828 0.048828
0 0.707180 0.486725 0.048828 0.048828
0 0.743075 0.475390 0.048828 0.048828
0 0.772357 0.452720 0.048828 0.048828
0 0.809196 0.441385 0.048828 0.048828
0 0.795972 0.487670 0.048828 0.048828
0 0.828088 0.478224 0.048828 0.048828
0 0.857370 0.464055 0.048828 0.048828
0 0.880040 0.433828 0.048828 0.048828
0 0.936716 0.536789 0.048828 0.048828
0 0.909322 0.510340 0.048828 0.048828
0 0.858315 0.520731 0.048828 0.048828
0 0.892320 0.550013 0.048828 0.048828
0 0.833755 0.551902 0.048828 0.048828
0 0.749687 0.617079 0.048828 0.048828
0 0.754410 0.652973 0.048828 0.048828
0 0.766690 0.715316 0.048828 0.048828
0 0.709070 0.737041 0.048828 0.048828
0 0.713793 0.687923 0.048828 0.048828
0 0.672231 0.711538 0.048828 0.048828
0 0.654283 0.754989 0.048828 0.048828
0 0.639170 0.654862 0.048828 0.048828
0 0.684510 0.635026 0.048828 0.048828
0 0.576827 0.639749 0.048828 0.048828
0 0.586273 0.561348 0.048828 0.048828
0 0.567381 0.601021 0.048828 0.048828
0 0.575883 0.672809 0.048828 0.048828
0 0.632558 0.705870 0.048828 0.048828
0 0.604220 0.738931 0.048828 0.048828
0 0.601386 0.790883 0.048828 0.048828
0 0.563603 0.754989 0.048828 0.048828
0 0.528653 0.719094 0.048828 0.048828
0 0.499371 0.773880 0.048828 0.048828
0 0.484257 0.729485 0.048828 0.048828
0 0.440806 0.749321 0.048828 0.048828
0 0.420025 0.803163 0.048828 0.048828
0 0.386965 0.770102 0.048828 0.048828
0 0.395466 0.720983 0.048828 0.048828
0 0.449308 0.706815 0.048828 0.048828
0 0.415302 0.666197 0.048828 0.048828
0 0.490870 0.667142 0.048828 0.048828
0 0.489925 0.635026 0.048828 0.048828
0 0.529598 0.652973 0.048828 0.048828
0 0.518263 0.584963 0.048828 0.048828
0 0.536210 0.529232 0.048828 0.048828
0 0.536210 0.478224 0.048828 0.048828
0 0.539988 0.425327 0.048828 0.048828
0 0.547545 0.373375 0.048828 0.048828
0 0.533376 0.328979 0.048828 0.048828
0 0.592885 0.359206 0.048828 0.048828
0 0.572104 0.311976 0.048828 0.048828
0 0.593830 0.288362 0.048828 0.048828
0 0.625946 0.260024 0.048828 0.048828
0 0.568326 0.228853 0.048828 0.048828
0 0.531487 0.259079 0.048828 0.048828
0 0.531487 0.198626 0.048828 0.048828
0 0.489925 0.235465 0.048828 0.048828
0 0.496537 0.192014 0.048828 0.048828
0 0.490870 0.152341 0.048828 0.048828
0 0.445529 0.175011 0.048828 0.048828
0 0.420025 0.138172 0.048828 0.048828
0 0.396411 0.181623 0.048828 0.048828
0 0.428527 0.223185 0.048828 0.048828
0 0.392632 0.246800 0.048828 0.048828
0 0.342569 0.184457 0.048828 0.048828
0 0.341625 0.224130 0.048828 0.048828
0 0.361461 0.287417 0.048828 0.048828
0 0.310453 0.299697 0.048828 0.048828
0 0.403967 0.299697 0.048828 0.048828
0 0.446474 0.274193 0.048828 0.048828
0 0.491814 0.311976 0.048828 0.048828
0 0.449308 0.336536 0.048828 0.048828
0 0.399244 0.338425 0.048828 0.048828
0 0.347292 0.337480 0.048828 0.048828
0 0.301952 0.348815 0.048828 0.048828
0 0.298173 0.392266 0.048828 0.048828
0 0.267002 0.379042 0.048828 0.048828
0 0.348237 0.400768 0.048828 0.048828
0 0.394522 0.370541 0.048828 0.048828
0 0.491814 0.379042 0.048828 0.048828
0 0.440806 0.411158 0.048828 0.048828
0 0.394522 0.419660 0.048828 0.048828
0 0.491814 0.445163 0.048828 0.048828
0 0.408690 0.465944 0.048828 0.048828
0 0.444585 0.493337 0.048828 0.048828
0 0.488036 0.499950 0.048828 0.048828
0 0.473867 0.532066 0.048828 0.048828
0 0.412469 0.523564 0.048828 0.048828
0 0.428527 0.558514 0.048828 0.048828
0 0.462532 0.599131 0.048828 0.048828
0 0.430416 0.602910 0.048828 0.048828
0 0.392632 0.605744 0.048828 0.048828
0 0.377519 0.574572 0.048828 0.048828
0 0.371851 0.494282 0.048828 0.048828
0 0.344458 0.438551 0.048828 0.048828
0 0.324622 0.473501 0.048828 0.048828
0 0.279282 0.428161 0.048828 0.048828
0 0.279282 0.483892 0.048828 0.048828
0 0.218828 0.448942 0.048828 0.048828
0 0.215994 0.410214 0.048828 0.048828
0 0.213160 0.378098 0.048828 0.048828
0 0.215050 0.328979 0.048828 0.048828
0 0.246221 0.292140 0.048828 0.048828
0 0.300063 0.253412 0.048828 0.048828
0 0.243387 0.232631 0.048828 0.048828
0 0.204659 0.240188 0.048828 0.048828
0 0.259445 0.193903 0.048828 0.048828
0 0.208438 0.175956 0.048828 0.048828
0 0.178211 0.203349 0.048828 0.048828
0 0.152707 0.237354 0.048828 0.048828
0 0.164986 0.279860 0.048828 0.048828
0 0.177266 0.343148 0.048828 0.048828
0 0.163097 0.387544 0.048828 0.048828
0 0.134760 0.388488 0.048828 0.048828
0 0.110200 0.364873 0.048828 0.048828
0 0.137593 0.314810 0.048828 0.048828
0 0.119646 0.264747 0.048828 0.048828
0 0.113034 0.230742 0.048828 0.048828
0 0.111145 0.192014 0.048828 0.048828
0 0.062026 0.200515 0.048828 0.048828
0 0.065805 0.252467 0.048828 0.048828
0 0.091308 0.299697 0.048828 0.048828
0 0.062026 0.311032 0.048828 0.048828
0 0.047857 0.375264 0.048828 0.048828
0 0.056359 0.447997 0.048828 0.048828
0 0.097921 0.427216 0.048828 0.048828
0 0.147039 0.433828 0.048828 0.048828
0 0.187657 0.463111 0.048828 0.048828
0 0.230163 0.510340 0.048828 0.048828
0 0.189546 0.519786 0.048828 0.048828
0 0.129092 0.478224 0.048828 0.048828
0 0.097921 0.500894 0.048828 0.048828
0 0.063915 0.519786 0.048828 0.048828
0 0.061082 0.583073 0.048828 0.048828
0 0.089419 0.550957 0.048828 0.048828
0 0.141372 0.557570 0.048828 0.048828
0 0.105477 0.602910 0.048828 0.048828
0 0.050691 0.638804 0.048828 0.048828
0 0.047857 0.710593 0.048828 0.048828
0 0.095087 0.701147 0.048828 0.048828
0 0.121535 0.663363 0.048828 0.048828
0 0.150818 0.605744 0.048828 0.048828
0 0.177266 0.650139 0.048828 0.048828
0 0.207493 0.607633 0.048828 0.048828
0 0.219773 0.551902 0.048828 0.048828
0 0.261334 0.601965 0.048828 0.048828
0 0.275503 0.544345 0.048828 0.048828
0 0.337846 0.519786 0.048828 0.048828
0 0.326511 0.566071 0.048828 0.048828
0 0.301952 0.607633 0.048828 0.048828
0 0.352960 0.653918 0.048828 0.048828
0 0.348237 0.704925 0.048828 0.048828
0 0.312342 0.666197 0.048828 0.048828
0 0.258501 0.654862 0.048828 0.048828
0 0.308564 0.754989 0.048828 0.048828
0 0.275503 0.715316 0.048828 0.048828
0 0.227329 0.699258 0.048828 0.048828
0 0.255667 0.760656 0.048828 0.048828
0 0.215994 0.750266 0.048828 0.048828
0 0.181989 0.711538 0.048828 0.048828
0 0.132870 0.731374 0.048828 0.048828
0 0.098865 0.787105 0.048828 0.048828
0 0.154596 0.788049 0.048828 0.048828
0 0.188601 0.823944 0.048828 0.048828
0 0.238664 0.802218 0.048828 0.048828
0 0.295340 0.804107 0.048828 0.048828
0 0.083752 0.830556 0.048828 0.048828
0 0.023298 0.211850 0.048828 0.048828
0 0.031799 0.177845 0.048828 0.048828
0 0.041245 0.137227 0.048828 0.048828
0 0.040301 0.100389 0.048828 0.048828
0 0.082807 0.115502 0.048828 0.048828
0 0.091308 0.148563 0.048828 0.048828
0 0.165931 0.163676 0.048828 0.048828
0 0.181044 0.129671 0.048828 0.048828
0 0.131926 0.125892 0.048828 0.048828
0 0.119646 0.068272 0.048828 0.048828
0 0.168765 0.036156 0.048828 0.048828
0 0.176321 0.075829 0.048828 0.048828
0 0.211271 0.090943 0.048828 0.048828
0 0.243387 0.130615 0.048828 0.048828
0 0.305730 0.148563 0.048828 0.048828
0 0.287783 0.103222 0.048828 0.048828
0 0.250944 0.065439 0.048828 0.048828
0 0.211271 0.038990 0.048828 0.048828
0 0.232052 0.014431 0.048828 0.048828
0 0.296284 0.018209 0.048828 0.048828
0 0.344458 0.024821 0.048828 0.048828
0 0.374685 0.030489 0.048828 0.048828
0 0.282115 0.047492 0.048828 0.048828
0 0.316121 0.037101 0.048828 0.048828
0 0.328400 0.078663 0.048828 0.048828
0 0.396411 0.100389 0.048828 0.048828
0 0.388854 0.060716 0.048828 0.048828
0 0.433250 0.057882 0.048828 0.048828
0 0.466310 0.069217 0.048828 0.048828
0 0.466310 0.106056 0.048828 0.048828
0 0.513540 0.127782 0.048828 0.048828
0 0.513540 0.094721 0.048828 0.048828
0 0.558880 0.082441 0.048828 0.048828
0 0.517318 0.052214 0.048828 0.048828
0 0.012908 0.797495 0.048828 0.048828
0 0.030855 0.750266 0.048828 0.048828
0 0.011963 0.680366 0.048828 0.048828
0 0.000628 0.601965 0.048828 0.048828
0 0.022354 0.542456 0.048828 0.048828
0 0.015741 0.473501 0.048828 0.048828
0 0.034633 0.402657 0.048828 0.048828
0 0.003462 0.294029 0.048828 0.048828