0 0.874033 0.277881 0.048828 0.048828
0 0.834296 0.291127 0.048828 0.048828
0 0.729985 0.284504 0.048828 0.048828
0 0.685281 0.281193 0.048828 0.048828
0 0.647199 0.269603 0.048828 0.048828
0 0.561102 0.238144 0.048828 0.048828
0 0.273007 0.153703 0.048828 0.048828
0 0.259762 0.105687 0.048828 0.048828
0 0.234926 0.090785 0.048828 0.048828
0 0.185254 0.090785 0.048828 0.048828
0 0.220024 0.148735 0.048828 0.048828
0 0.180287 0.130522 0.048828 0.048828
0 0.148828 0.150391 0.048828 0.048828
0 0.143861 0.110654 0.048828 0.048828
0 0.104124 0.125555 0.048828 0.048828
0 0.095845 0.085818 0.048828 0.048828
0 0.039551 0.097408 0.048828 0.048828
0 0.006437 0.085818 0.048828 0.048828
0 0.783229 0.819589 0.048828 0.048828
0 0.817498 0.825300 0.048828 0.048828
0 0.867760 0.868707 0.048828 0.048828
0 0.820925 0.893838 0.048828 0.048828
0 0.783229 0.877846 0.048828 0.048828
0 0.735253 0.881273 0.048828 0.048828
0 0.706695 0.855000 0.048828 0.048828
0 0.678138 0.883557 0.048828 0.048828
0 0.666715 0.850431 0.048828 0.048828
0 0.648438 0.847004 0.048828 0.048828
0 0.648438 0.866423 0.048828 0.048828
0 0.606173 0.874419 0.048828 0.048828
0 0.609600 0.842435 0.048828 0.048828
0 0.575331 0.872134 0.048828 0.048828
0 0.574188 0.837865 0.048828 0.048828
0 0.517073 0.860711 0.048828 0.048828
0 0.562765 0.680228 0.048828 0.048828