0 0.454831 0.236123 0.048828 0.048828
0 0.483342 0.249700 0.048828 0.048828
0 0.484700 0.278211 0.048828 0.048828
0 0.385588 0.312154 0.048828 0.048828
0 0.419530 0.327089 0.048828 0.048828
0 0.433107 0.327089 0.048828 0.048828
0 0.462977 0.328446 0.048828 0.048828
0 0.388303 0.335235 0.048828 0.048828
0 0.411384 0.350170 0.048828 0.048828
0 0.435823 0.361031 0.048828 0.048828
0 0.487415 0.351527 0.048828 0.048828
0 0.541723 0.350170 0.048828 0.048828
0 0.578381 0.354243 0.048828 0.048828
0 0.500992 0.384112 0.048828 0.048828
0 0.533577 0.397689 0.048828 0.048828
0 0.445327 0.441136 0.048828 0.048828
0 0.416815 0.441136 0.048828 0.048828
0 0.441253 0.485940 0.048828 0.048828
0 0.540366 0.475078 0.048828 0.048828
0 0.579739 0.481867 0.048828 0.048828
0 0.619113 0.480509 0.048828 0.048828
0 0.658486 0.484582 0.048828 0.048828
0 0.692429 0.469648 0.048828 0.048828
0 0.810549 0.437063 0.048828 0.048828
0 0.834987 0.424843 0.048828 0.048828
0 0.935457 0.403120 0.048828 0.048828
0 0.609609 0.673303 0.048828 0.048828