0 0.245126 0.481479 0.048828 0.048828
0 0.284933 0.474016 0.048828 0.048828
0 0.058531 0.165512 0.048828 0.048828
0 0.084655 0.148097 0.048828 0.048828
0 0.108290 0.141877 0.048828 0.048828
0 0.134413 0.129437 0.048828 0.048828
0 0.145609 0.140633 0.048828 0.048828
0 0.184172 0.124461 0.048828 0.048828
0 0.202831 0.121973 0.048828 0.048828
0 0.215271 0.131925 0.048828 0.048828
0 0.215271 0.150585 0.048828 0.048828
0 0.250102 0.123217 0.048828 0.048828
0 0.294885 0.118242 0.048828 0.048828
0 0.425501 0.108290 0.048828 0.048828
0 0.451624 0.082167 0.048828 0.048828
0 0.481479 0.077191 0.048828 0.048828
0 0.498895 0.075947 0.048828 0.048828
0 0.520042 0.070971 0.048828 0.048828
0 0.692954 0.048580 0.048828 0.048828
0 0.727785 0.036140 0.048828 0.048828
0 0.597168 0.084655 0.048828 0.048828
0 0.629511 0.332204 0.048828 0.048828
0 0.661854 0.322252 0.048828 0.048828
0 0.706637 0.317276 0.048828 0.048828
0 0.840985 0.399378 0.048828 0.048828
0 0.858401 0.430477 0.048828 0.048828
0 0.877060 0.415549 0.048828 0.048828
0 0.895720 0.413061 0.048828 0.048828
0 0.921843 0.415549 0.048828 0.048828
0 0.949210 0.411817 0.048828 0.048828
0 0.941747 0.365791 0.048828 0.048828
0 0.979065 0.389426 0.048828 0.048828
0 0.977822 0.413061 0.048828 0.048828
0 0.858401 0.515066 0.048828 0.048828
0 0.903184 0.516310 0.048828 0.048828
0 0.974090 0.503871 0.048828 0.048828
0 0.954186 0.816106 0.048828 0.048828
0 0.996481 0.885768 0.048828 0.048828