0 0.365546 0.094623 0.048828 0.048828
0 0.326858 0.078042 0.048828 0.048828
0 0.319489 0.101071 0.048828 0.048828
0 0.314883 0.145286 0.048828 0.048828
0 0.289091 0.130547 0.048828 0.048828
0 0.297382 0.110282 0.048828 0.048828
0 0.274353 0.092781 0.048828 0.048828
0 0.266984 0.106598 0.048828 0.048828
0 0.245798 0.100150 0.048828 0.048828
0 0.245798 0.127784 0.048828 0.048828
0 0.214479 0.097386 0.048828 0.048828
0 0.208031 0.136995 0.048828 0.048828
0 0.182239 0.123178 0.048828 0.048828
0 0.183160 0.102913 0.048828 0.048828
0 0.156447 0.095544 0.048828 0.048828
0 0.160132 0.114888 0.048828 0.048828
0 0.130655 0.099229 0.048828 0.048828
0 0.115917 0.116730 0.048828 0.048828
0 0.102100 0.098307 0.048828 0.048828
0 0.100258 0.084490 0.048828 0.048828
0 0.119602 0.078963 0.048828 0.048828
0 0.071702 0.070673 0.048828 0.048828
0 0.049595 0.055935 0.048828 0.048828
0 0.197899 0.036591 0.048828 0.048828
0 0.036699 0.137916 0.048828 0.048828
0 0.005380 0.139759 0.048828 0.048828
0 0.012749 0.177525 0.048828 0.048828
0 0.024724 0.168314 0.048828 0.048828
0 0.054201 0.158182 0.048828 0.048828
0 0.017355 0.202396 0.048828 0.048828
0 0.033935 0.187658 0.048828 0.048828
0 0.056043 0.196869 0.048828 0.048828
0 0.057885 0.180289 0.048828 0.048828
0 0.076308 0.200554 0.048828 0.048828
0 0.110390 0.189500 0.048828 0.048828
0 0.188687 0.183052 0.048828 0.048828
0 0.183160 0.375571 0.048828 0.048828
0 0.211716 0.356227 0.048828 0.048828
0 0.341596 0.817718 0.048828 0.048828
0 0.356335 0.836141 0.048828 0.048828
0 0.345281 0.868381 0.048828 0.048828
0 0.331464 0.893252 0.048828 0.048828
0 0.376600 0.956810 0.048828 0.048828
0 0.336991 0.928255 0.048828 0.048828
0 0.077229 0.660203 0.048828 0.048828
0 0.105784 0.655597 0.048828 0.048828
0 0.138024 0.654676 0.048828 0.048828
0 0.269747 0.887725 0.048828 0.048828
0 0.236233 0.852478 0.048828 0.048828
0 0.269052 0.850214 0.048828 0.048828
0 0.304135 0.499387 0.048828 0.048828
0 0.077795 0.111214 0.048828 0.048828
0 0.012156 0.055761 0.048828 0.048828