0 0.041181 0.399378 0.048828 0.048828
0 0.058596 0.430477 0.048828 0.048828
0 0.077256 0.415549 0.048828 0.048828
0 0.095915 0.413061 0.048828 0.048828
0 0.122038 0.415549 0.048828 0.048828
0 0.149406 0.411817 0.048828 0.048828
0 0.141942 0.365791 0.048828 0.048828
0 0.179261 0.389426 0.048828 0.048828
0 0.178017 0.413061 0.048828 0.048828
0 0.217824 0.424257 0.048828 0.048828
0 0.212848 0.401866 0.048828 0.048828
0 0.209116 0.340911 0.048828 0.048828
0 0.226531 0.354595 0.048828 0.048828
0 0.251411 0.344643 0.048828 0.048828
0 0.237727 0.323496 0.048828 0.048828
0 0.278778 0.325984 0.048828 0.048828
0 0.296194 0.333448 0.048828 0.048828
0 0.058596 0.515066 0.048828 0.048828
0 0.103379 0.516310 0.048828 0.048828
0 0.174285 0.503871 0.048828 0.048828
0 0.319829 0.423013 0.048828 0.048828
0 0.296194 0.427989 0.048828 0.048828
0 0.720386 0.168000 0.048828 0.048828
0 0.686799 0.151829 0.048828 0.048828
0 0.634552 0.136901 0.048828 0.048828
0 0.595989 0.133169 0.048828 0.048828
0 0.554938 0.124461 0.048828 0.048828
0 0.510156 0.112022 0.048828 0.048828
0 0.477812 0.098338 0.048828 0.048828
0 0.436762 0.087142 0.048828 0.048828
0 0.399443 0.072215 0.048828 0.048828
0 0.342220 0.051067 0.048828 0.048828
0 0.410638 0.358327 0.048828 0.048828
0 0.510156 0.376986 0.048828 0.048828
0 0.546231 0.379474 0.048828 0.048828
0 0.589769 0.364547 0.048828 0.048828
0 0.558670 0.442917 0.048828 0.048828
0 0.531303 0.418037 0.048828 0.048828
0 0.487764 0.406842 0.048828 0.048828
0 0.457909 0.406842 0.048828 0.048828
0 0.398199 0.403110 0.048828 0.048828
0 0.420590 0.390670 0.048828 0.048828
0 0.364612 0.376986 0.048828 0.048828
0 0.329781 0.363303 0.048828 0.048828
0 0.257631 0.533726 0.048828 0.048828
0 0.979130 0.171732 0.048828 0.048828
0 0.911956 0.502627 0.048828 0.048828
0 0.944299 0.516310 0.048828 0.048828
0 0.977886 0.520042 0.048828 0.048828
0 0.981618 0.798691 0.048828 0.048828
0 0.946787 0.778787 0.048828 0.048828
0 0.853490 0.806154 0.048828 0.048828
0 0.951763 0.926819 0.048828 0.048828
0 0.834830 0.885768 0.048828 0.048828
0 0.831099 0.918111 0.048828 0.048828
0 0.766412 0.864621 0.048828 0.048828
0 0.736557 0.879548 0.048828 0.048828
0 0.697994 0.868353 0.048828 0.048828
0 0.665651 0.872084 0.048828 0.048828
0 0.661919 0.849693 0.048828 0.048828
0 0.609673 0.837253 0.048828 0.048828
0 0.586037 0.867109 0.048828 0.048828
0 0.564890 0.834766 0.048828 0.048828
0 0.553694 0.859645 0.048828 0.048828
0 0.502692 0.879548 0.048828 0.048828
0 0.507668 0.862133 0.048828 0.048828
0 0.517619 0.829790 0.048828 0.048828
0 0.532547 0.824814 0.048828 0.048828
0 0.491496 0.816106 0.048828 0.048828
0 0.456665 0.809886 0.048828 0.048828
0 0.420590 0.822326 0.048828 0.048828
0 0.431786 0.843473 0.048828 0.048828
0 0.460397 0.834766 0.048828 0.048828
0 0.475325 0.854669 0.048828 0.048828
0 0.455421 0.870841 0.048828 0.048828
0 0.474081 0.894476 0.048828 0.048828
0 0.566134 0.900696 0.048828 0.048828
0 0.439250 0.888256 0.048828 0.048828
0 0.411882 0.864621 0.048828 0.048828
0 0.387003 0.832278 0.048828 0.048828
0 0.395711 0.809886 0.048828 0.048828
0 0.372075 0.818594 0.048828 0.048828
0 0.350928 0.817350 0.048828 0.048828
0 0.331025 0.828546 0.048828 0.048828
0 0.352172 0.850937 0.048828 0.048828
0 0.357148 0.868353 0.048828 0.048828
0 0.367100 0.900696 0.048828 0.048828
0 0.358392 0.975334 0.048828 0.048828
0 0.394467 0.981553 0.048828 0.048828
0 0.538767 0.997725 0.048828 0.048828
0 0.593501 0.995237 0.048828 0.048828
0 0.755217 0.997725 0.048828 0.048828
0 0.783828 0.995237 0.048828 0.048828
0 0.308633 0.826058 0.048828 0.048828
0 0.304901 0.844717 0.048828 0.048828
0 0.309877 0.870841 0.048828 0.048828
0 0.275046 0.857157 0.048828 0.048828
0 0.275046 0.831034 0.048828 0.048828
0 0.256387 0.814862 0.048828 0.048828
0 0.230263 0.799935 0.048828 0.048828
0 0.207872 0.824814 0.048828 0.048828
0 0.154381 0.816106 0.048828 0.048828
0 0.196676 0.885768 0.048828 0.048828
0 0.215336 0.882036 0.048828 0.048828
0 0.246435 0.894476 0.048828 0.048828
0 0.273802 0.955430 0.048828 0.048828
0 0.255143 0.730272 0.048828 0.048828
0 0.281266 0.719077 0.048828 0.048828
0 0.319829 0.697929 0.048828 0.048828
0 0.339732 0.720321 0.048828 0.048828
0 0.370831 0.712857 0.048828 0.048828
0 0.375807 0.777543 0.048828 0.048828
0 0.490252 0.785007 0.048828 0.048828
0 0.517619 0.777543 0.048828 0.048828
0 0.597233 0.791227 0.048828 0.048828
0 0.654455 0.792471 0.048828 0.048828
0 0.682707 0.754866 0.048828 0.048828
0 0.598177 0.697751 0.048828 0.048828
0 0.752387 0.726309 0.048828 0.048828