0 0.721231 0.976794 0.048828 0.048828
0 0.692143 0.933161 0.048828 0.048828
0 0.747203 0.929006 0.048828 0.048828
0 0.751359 0.989261 0.048828 0.048828
0 0.807458 0.979911 0.048828 0.048828
0 0.992377 0.909267 0.048828 0.048828
0 0.939395 0.893684 0.048828 0.048828
0 0.946667 0.957056 0.048828 0.048828
0 0.869790 0.994455 0.048828 0.048828
0 0.863557 0.948745 0.048828 0.048828
0 0.897840 0.944589 0.048828 0.048828
0 0.873946 0.890568 0.048828 0.048828
0 0.809536 0.910306 0.048828 0.048828
0 0.693182 0.855246 0.048828 0.048828
0 0.751359 0.877062 0.048828 0.048828
0 0.781486 0.843818 0.048828 0.048828
0 0.719154 0.816808 0.048828 0.048828
0 0.771097 0.790836 0.048828 0.048828
0 0.733698 0.748242 0.048828 0.048828
0 0.787719 0.746164 0.048828 0.048828
0 0.717076 0.701493 0.048828 0.048828
0 0.763825 0.686949 0.048828 0.048828
0 0.721231 0.645394 0.048828 0.048828
0 0.777331 0.629811 0.048828 0.048828
0 0.827196 0.629811 0.048828 0.048828
0 0.888490 0.648510 0.048828 0.048828
0 0.827196 0.692143 0.048828 0.048828
0 0.873946 0.696299 0.048828 0.048828
0 0.861479 0.729542 0.048828 0.048828
0 0.853168 0.798108 0.048828 0.048828
0 0.830313 0.855246 0.048828 0.048828
0 0.900956 0.840702 0.048828 0.048828
0 0.920695 0.785642 0.048828 0.048828
0 0.977833 0.775253 0.048828 0.048828
0 0.951861 0.834469 0.048828 0.048828
0 0.983027 0.817847 0.048828 0.048828
0 0.986144 0.862518 0.048828 0.048828
0 0.986144 0.730581 0.048828 0.048828
0 0.938356 0.693182 0.048828 0.048828
0 0.981988 0.679677 0.048828 0.048828
0 0.936278 0.612150 0.048828 0.048828
0 0.890568 0.585139 0.048828 0.048828
0 0.963289 0.538390 0.048828 0.048828
0 0.999649 0.570595 0.048828 0.048828
0 0.992377 0.309838 0.048828 0.048828
0 0.956017 0.335810 0.048828 0.048828
0 0.950822 0.374248 0.048828 0.048828
0 0.975755 0.411648 0.048828 0.048828
0 0.917578 0.403337 0.048828 0.048828
0 0.940434 0.452164 0.048828 0.048828
0 0.909267 0.462552 0.048828 0.048828
0 0.872907 0.426192 0.048828 0.048828
0 0.841741 0.460475 0.048828 0.048828
0 0.866674 0.503068 0.048828 0.048828
0 0.845896 0.551895 0.048828 0.048828
0 0.813691 0.515535 0.048828 0.048828
0 0.774214 0.484369 0.048828 0.048828
0 0.758631 0.524885 0.048828 0.048828
0 0.738892 0.593450 0.048828 0.048828
0 0.686949 0.613189 0.048828 0.048828
0 0.694221 0.549818 0.048828 0.048828
0 0.714998 0.503068 0.048828 0.048828
0 0.708765 0.453202 0.048828 0.048828
0 0.747203 0.409570 0.048828 0.048828
0 0.815769 0.406453 0.048828 0.048828
0 0.895762 0.366976 0.048828 0.048828
0 0.911345 0.301527 0.048828 0.048828
0 0.865635 0.302566 0.048828 0.048828
0 0.960172 0.268283 0.048828 0.048828
0 0.887451 0.256856 0.048828 0.048828
0 0.843818 0.262050 0.048828 0.048828
0 0.834469 0.316071 0.048828 0.048828
0 0.780447 0.339965 0.048828 0.048828
0 0.789797 0.277633 0.048828 0.048828
0 0.718115 0.263089 0.048828 0.048828
0 0.725387 0.322305 0.048828 0.048828
0 0.698376 0.380481 0.048828 0.048828
0 0.680715 0.299449 0.048828 0.048828
0 0.676560 0.342043 0.048828 0.048828
0 0.936278 0.237117 0.048828 0.048828
0 0.929006 0.179979 0.048828 0.048828
0 0.972639 0.184134 0.048828 0.048828
0 0.943550 0.135307 0.048828 0.048828
0 0.929006 0.092714 0.048828 0.048828
0 0.994455 0.080247 0.048828 0.048828
0 0.935239 0.035576 0.048828 0.048828
0 0.995494 0.025187 0.048828 0.048828
0 0.372170 0.018954 0.048828 0.048828
0 0.432425 0.033498 0.048828 0.048828
0 0.594489 0.004410 0.048828 0.048828
0 0.550856 0.039731 0.048828 0.048828
0 0.589295 0.058431 0.048828 0.048828
0 0.656821 0.029342 0.048828 0.048828
0 0.630850 0.097908 0.048828 0.048828
0 0.555012 0.108297 0.048828 0.048828
0 0.498913 0.079208 0.048828 0.048828
0 0.684871 0.062586 0.048828 0.048828
0 0.731620 0.064664 0.048828 0.048828
0 0.709804 0.023109 0.048828 0.048828
0 0.881218 0.029342 0.048828 0.048828
0 0.829274 0.011682 0.048828 0.048828
0 0.783564 0.043887 0.048828 0.048828
0 0.832391 0.061548 0.048828 0.048828
0 0.867712 0.111413 0.048828 0.048828
0 0.870829 0.162318 0.048828 0.048828
0 0.870829 0.219456 0.048828 0.048828
0 0.835507 0.194523 0.048828 0.048828
0 0.788758 0.198679 0.048828 0.048828
0 0.710843 0.222573 0.048828 0.048828
0 0.725387 0.173746 0.048828 0.048828
0 0.695260 0.130113 0.048828 0.048828
0 0.747203 0.131152 0.048828 0.048828
0 0.817847 0.139463 0.048828 0.048828
0 0.798108 0.097908 0.048828 0.048828
0 0.763825 0.096869 0.048828 0.048828
0 0.698376 0.094791 0.048828 0.048828
0 0.657860 0.199718 0.048828 0.048828
0 0.620461 0.205951 0.048828 0.048828
0 0.640199 0.273478 0.048828 0.048828
0 0.607994 0.257894 0.048828 0.048828
0 0.578906 0.219456 0.048828 0.048828
0 0.575789 0.289061 0.048828 0.048828
0 0.616305 0.322305 0.048828 0.048828
0 0.612150 0.169590 0.048828 0.048828
0 0.562284 0.170629 0.048828 0.048828
0 0.515535 0.142580 0.048828 0.048828
0 0.503068 0.198679 0.048828 0.048828
0 0.523846 0.252700 0.048828 0.048828
0 0.481252 0.288022 0.048828 0.048828
0 0.524885 0.321266 0.048828 0.048828
0 0.445930 0.327499 0.048828 0.048828
0 0.429308 0.288022 0.048828 0.048828
0 0.455280 0.240234 0.048828 0.048828
0 0.448008 0.195562 0.048828 0.048828
0 0.411648 0.205951 0.048828 0.048828
0 0.461513 0.149852 0.048828 0.048828
0 0.451125 0.107258 0.048828 0.048828
0 0.407492 0.139463 0.048828 0.048828
0 0.361782 0.101025 0.048828 0.048828
0 0.363859 0.161279 0.048828 0.048828
0 0.337888 0.150891 0.048828 0.048828
0 0.374248 0.269322 0.048828 0.048828
0 0.350354 0.214262 0.048828 0.048828
0 0.320227 0.229845 0.048828 0.048828
0 0.274516 0.262050 0.048828 0.048828
0 0.285944 0.169590 0.048828 0.048828
0 0.306721 0.116608 0.048828 0.048828
0 0.280750 0.068820 0.048828 0.048828
0 0.300488 0.019993 0.048828 0.048828
0 0.241272 0.027265 0.048828 0.048828
0 0.098947 0.010643 0.048828 0.048828
0 0.103102 0.063625 0.048828 0.048828
0 0.157124 0.041809 0.048828 0.048828
0 0.198679 0.068820 0.048828 0.048828
0 0.234000 0.101025 0.048828 0.048828
0 0.190368 0.117647 0.048828 0.048828
0 0.143618 0.118686 0.048828 0.048828
0 0.093753 0.147774 0.048828 0.048828
0 0.213223 0.175824 0.048828 0.048828
0 0.161279 0.181018 0.048828 0.048828
0 0.130113 0.173746 0.048828 0.048828
0 0.091675 0.211145 0.048828 0.048828
0 0.150891 0.234000 0.048828 0.048828
0 0.232961 0.224651 0.048828 0.048828
0 0.182057 0.268283 0.048828 0.048828
0 0.140502 0.280750 0.048828 0.048828
0 0.375287 0.328538 0.048828 0.048828
0 0.329577 0.299449 0.048828 0.048828
0 0.268283 0.309838 0.048828 0.048828
0 0.214262 0.311916 0.048828 0.048828
0 0.065703 0.311916 0.048828 0.048828
0 0.084403 0.276594 0.048828 0.048828
0 0.038692 0.269322 0.048828 0.048828
0 0.042848 0.244389 0.048828 0.048828
0 0.049081 0.200756 0.048828 0.048828
0 0.053237 0.133230 0.048828 0.048828
0 0.016876 0.139463 0.048828 0.048828
0 0.007526 0.201795 0.048828 0.048828
0 0.004410 0.080247 0.048828 0.048828
0 0.043887 0.075053 0.048828 0.048828
0 0.068820 0.012721 0.048828 0.048828
0 0.030381 0.009604 0.048828 0.048828
0 0.630850 0.366976 0.048828 0.048828
0 0.642277 0.402298 0.048828 0.048828
0 0.651627 0.454241 0.048828 0.048828
0 0.672404 0.509302 0.048828 0.048828
0 0.646433 0.562284 0.048828 0.048828
0 0.622539 0.499952 0.048828 0.048828
0 0.597606 0.428269 0.048828 0.048828
0 0.573712 0.364898 0.048828 0.048828
0 0.532157 0.389831 0.048828 0.048828
0 0.494757 0.354510 0.048828 0.048828
0 0.557090 0.479174 0.048828 0.048828
0 0.534234 0.445930 0.048828 0.048828
0 0.471902 0.467747 0.048828 0.048828
0 0.478135 0.410609 0.048828 0.048828
0 0.453202 0.432425 0.048828 0.048828
0 0.424114 0.382559 0.048828 0.048828
0 0.347237 0.388792 0.048828 0.048828
0 0.320227 0.348276 0.048828 0.048828
0 0.278672 0.368015 0.048828 0.048828
0 0.371132 0.428269 0.048828 0.048828
0 0.311916 0.425153 0.048828 0.048828
0 0.389831 0.473980 0.048828 0.048828
0 0.423075 0.512418 0.048828 0.048828
0 0.505146 0.493718 0.048828 0.048828
0 0.482291 0.548779 0.048828 0.048828
0 0.506185 0.568517 0.048828 0.048828
0 0.553973 0.567478 0.048828 0.048828
0 0.592411 0.595528 0.048828 0.048828
0 0.567478 0.638122 0.048828 0.048828
0 0.651627 0.640199 0.048828 0.048828
0 0.620461 0.682793 0.048828 0.048828
0 0.579945 0.695260 0.048828 0.048828
0 0.665132 0.719154 0.048828 0.048828
0 0.630850 0.739931 0.048828 0.048828
0 0.662016 0.775253 0.048828 0.048828
0 0.631888 0.825119 0.048828 0.048828
0 0.626694 0.885373 0.048828 0.048828
0 0.640199 0.968483 0.048828 0.048828
0 0.580984 0.937317 0.048828 0.048828
0 0.562284 0.857324 0.048828 0.048828
0 0.544623 0.810575 0.048828 0.048828
0 0.544623 0.760709 0.048828 0.048828
0 0.531118 0.684871 0.048828 0.048828
0 0.503068 0.623577 0.048828 0.048828
0 0.466708 0.590334 0.048828 0.048828
0 0.397103 0.565401 0.048828 0.048828
0 0.338926 0.459436 0.048828 0.048828
0 0.346199 0.509302 0.048828 0.048828
0 0.349315 0.553973 0.048828 0.048828
0 0.359704 0.604878 0.048828 0.048828
0 0.426192 0.594489 0.048828 0.048828
0 0.459436 0.649549 0.048828 0.048828
0 0.407492 0.656821 0.048828 0.048828
0 0.357626 0.694221 0.048828 0.048828
0 0.303605 0.652666 0.048828 0.048828
0 0.307760 0.603839 0.048828 0.048828
0 0.302566 0.543584 0.048828 0.048828
0 0.290099 0.484369 0.048828 0.048828
0 0.259972 0.718115 0.048828 0.048828
0 0.304644 0.714998 0.048828 0.048828
0 0.344121 0.737853 0.048828 0.048828
0 0.403337 0.725387 0.048828 0.048828
0 0.457358 0.706687 0.048828 0.048828
0 0.485407 0.730581 0.048828 0.048828
0 0.450086 0.747203 0.048828 0.048828
0 0.489563 0.798108 0.048828 0.048828
0 0.405414 0.804341 0.048828 0.048828
0 0.342043 0.809536 0.048828 0.048828
0 0.505146 0.839663 0.048828 0.048828
0 0.529040 0.926928 0.048828 0.048828
0 0.492680 0.923812 0.048828 0.048828
0 0.457358 0.940434 0.048828 0.048828
0 0.437619 0.839663 0.048828 0.048828
0 0.433464 0.890568 0.048828 0.048828
0 0.410609 0.918617 0.048828 0.048828
0 0.397103 0.840702 0.048828 0.048828
0 0.357626 0.868751 0.048828 0.048828
0 0.535273 0.992377 0.048828 0.048828
0 0.482291 0.991338 0.048828 0.048828
0 0.398142 0.978872 0.048828 0.048828
0 0.290099 0.988222 0.048828 0.048828
0 0.321266 0.963289 0.048828 0.048828
0 0.296333 0.932123 0.048828 0.048828
0 0.283866 0.855246 0.048828 0.048828
0 0.277633 0.785642 0.048828 0.048828
0 0.217378 0.760709 0.048828 0.048828
0 0.203873 0.713959 0.048828 0.048828
0 0.171668 0.780447 0.048828 0.048828
0 0.136346 0.756553 0.048828 0.048828
0 0.146735 0.825119 0.048828 0.048828
0 0.229845 0.825119 0.048828 0.048828
0 0.179979 0.845896 0.048828 0.048828
0 0.240234 0.867712 0.048828 0.048828
0 0.229845 0.917578 0.048828 0.048828
0 0.250622 0.971600 0.048828 0.048828
0 0.212184 0.987183 0.048828 0.048828
0 0.177901 0.941472 0.048828 0.048828
0 0.159202 0.899918 0.048828 0.048828
0 0.120763 0.851091 0.048828 0.048828
0 0.076092 0.892645 0.048828 0.048828
0 0.148813 0.974716 0.048828 0.048828
0 0.094791 0.983027 0.048828 0.048828
0 0.099986 0.934200 0.048828 0.048828
0 0.059470 0.974716 0.048828 0.048828
0 0.045457 0.912509 0.048828 0.048828
0 0.043337 0.857391 0.048828 0.048828
0 0.084676 0.809693 0.048828 0.048828
0 0.045457 0.796973 0.048828 0.048828
0 0.021078 0.755634 0.048828 0.048828
0 0.074076 0.756694 0.048828 0.048828
0 0.095276 0.707936 0.048828 0.048828
0 0.159934 0.682497 0.048828 0.048828
0 0.201272 0.662357 0.048828 0.048828
0 0.258510 0.641158 0.048828 0.048828
0 0.226711 0.599819 0.048828 0.048828
0 0.197032 0.572260 0.048828 0.048828
0 0.256391 0.561661 0.048828 0.048828
0 0.179013 0.607239 0.048828 0.048828
0 0.118595 0.593460 0.048828 0.048828
0 0.098456 0.548941 0.048828 0.048828
0 0.066657 0.553181 0.048828 0.048828
0 0.071957 0.614659 0.048828 0.048828
0 0.118595 0.646458 0.048828 0.048828
0 0.022138 0.615719 0.048828 0.048828
0 0.003059 0.685677 0.048828 0.048828
0 0.011538 0.524562 0.048828 0.048828
0 0.052877 0.483223 0.048828 0.048828
0 0.107995 0.483223 0.048828 0.048828
0 0.086796 0.448244 0.048828 0.048828
0 0.022138 0.442944 0.048828 0.048828
0 0.123895 0.429165 0.048828 0.048828
0 0.149334 0.470504 0.048828 0.048828
0 0.177953 0.510782 0.048828 0.048828
0 0.246851 0.509722 0.048828 0.048828
0 0.230951 0.458844 0.048828 0.048828
0 0.253211 0.415385 0.048828 0.048828
0 0.211872 0.378287 0.048828 0.048828
0 0.176893 0.345428 0.048828 0.048828
0 0.156754 0.379347 0.048828 0.048828
0 0.098456 0.338008 0.048828 0.048828
0 0.089976 0.380407 0.048828 0.048828
0 0.029558 0.398426 0.048828 0.048828
0 0.021078 0.343308 0.048828 0.048828
0 0.005179 0.300909 0.048828 0.048828