0 0.977233 0.049899 0.048828 0.048828
0 0.947756 0.061874 0.048828 0.048828
0 0.793005 0.067400 0.048828 0.048828
0 0.870380 0.090429 0.048828 0.048828
0 0.886961 0.077533 0.048828 0.048828
0 0.913674 0.080296 0.048828 0.048828
0 0.972627 0.082139 0.048828 0.048828
0 0.890645 0.114379 0.048828 0.048828
0 0.812348 0.097798 0.048828 0.048828
0 0.764449 0.087665 0.048828 0.048828
0 0.763528 0.064637 0.048828 0.048828
0 0.729446 0.084902 0.048828 0.048828
0 0.706417 0.095956 0.048828 0.048828
0 0.699969 0.086744 0.048828 0.048828
0 0.654833 0.089508 0.048828 0.048828
0 0.612461 0.095956 0.048828 0.048828
0 0.018410 0.114390 0.048828 0.048828
0 0.120253 0.084140 0.048828 0.048828