0 0.982961 0.525409 0.048828 0.048828
0 0.922558 0.513904 0.048828 0.048828
0 0.837227 0.501440 0.048828 0.048828
0 0.775866 0.483223 0.048828 0.048828
0 0.758608 0.530203 0.048828 0.048828
0 0.812299 0.558008 0.048828 0.048828
0 0.880372 0.556090 0.048828 0.048828
0 0.933105 0.563760 0.048828 0.048828
0 0.952281 0.623204 0.048828 0.048828
0 0.887084 0.607864 0.048828 0.048828
0 0.839145 0.609781 0.048828 0.048828
0 0.770113 0.594441 0.048828 0.048828
0 0.751896 0.632792 0.048828 0.048828
0 0.746144 0.703741 0.048828 0.048828
0 0.808464 0.693195 0.048828 0.048828
0 0.864073 0.664432 0.048828 0.048828
0 0.917765 0.667308 0.048828 0.048828
0 0.958992 0.684566 0.048828 0.048828
0 0.979126 0.765103 0.048828 0.048828
0 0.976250 0.841805 0.048828 0.048828
0 0.940775 0.806330 0.048828 0.048828
0 0.924476 0.739216 0.048828 0.048828
0 0.893795 0.804413 0.048828 0.048828
0 0.918723 0.859063 0.048828 0.048828
0 0.964745 0.893579 0.048828 0.048828
0 0.913929 0.902208 0.048828 0.048828
0 0.927352 0.934806 0.048828 0.048828
0 0.945569 0.970281 0.048828 0.048828
0 0.812299 0.977951 0.048828 0.048828
0 0.785454 0.961652 0.048828 0.048828
0 0.854485 0.933848 0.048828 0.048828
0 0.822846 0.916590 0.048828 0.048828
0 0.858320 0.876321 0.048828 0.048828
0 0.803670 0.854269 0.048828 0.048828
0 0.769154 0.852352 0.048828 0.048828
0 0.783536 0.814959 0.048828 0.048828
0 0.849692 0.771815 0.048828 0.048828
0 0.806547 0.751680 0.048828 0.048828
0 0.872702 0.714288 0.048828 0.048828
0 0.676153 0.501440 0.048828 0.048828
0 0.725051 0.558008 0.048828 0.048828
0 0.689576 0.617452 0.048828 0.048828
0 0.656019 0.567595 0.048828 0.048828
0 0.625338 0.491852 0.048828 0.048828
0 0.549595 0.502399 0.048828 0.048828
0 0.571647 0.485141 0.048828 0.048828
0 0.569729 0.545543 0.048828 0.048828
0 0.606162 0.574307 0.048828 0.048828
0 0.626297 0.625122 0.048828 0.048828
0 0.657936 0.653885 0.048828 0.048828
0 0.635885 0.705659 0.048828 0.048828
0 0.672318 0.716206 0.048828 0.048828
0 0.712587 0.673061 0.048828 0.048828
0 0.746144 0.760309 0.048828 0.048828
0 0.737515 0.810166 0.048828 0.048828
0 0.696287 0.780444 0.048828 0.048828
0 0.683823 0.830300 0.048828 0.048828
0 0.707793 0.862898 0.048828 0.048828
0 0.742309 0.912755 0.048828 0.048828
0 0.683823 0.915631 0.048828 0.048828
0 0.648349 0.866733 0.048828 0.048828
0 0.643555 0.773732 0.048828 0.048828
0 0.644513 0.928095 0.048828 0.048828
0 0.724092 0.966446 0.048828 0.048828
0 0.663689 0.976034 0.048828 0.048828
0 0.608080 0.958776 0.048828 0.048828
0 0.566853 0.952064 0.048828 0.048828
0 0.591781 0.917548 0.048828 0.048828
0 0.591781 0.830300 0.048828 0.048828
0 0.566853 0.779485 0.048828 0.048828
0 0.568770 0.724835 0.048828 0.048828
0 0.568770 0.665390 0.048828 0.048828
0 0.561100 0.621287 0.048828 0.048828
0 0.513161 0.565678 0.048828 0.048828
0 0.490151 0.545543 0.048828 0.048828
0 0.482480 0.502399 0.048828 0.048828
0 0.383726 0.496646 0.048828 0.048828
0 0.334829 0.522533 0.048828 0.048828
0 0.348252 0.562801 0.048828 0.048828
0 0.426871 0.544585 0.048828 0.048828
0 0.374139 0.598276 0.048828 0.048828
0 0.415366 0.599235 0.048828 0.048828
0 0.456593 0.592523 0.048828 0.048828
0 0.464264 0.638545 0.048828 0.048828
0 0.415366 0.641421 0.048828 0.048828
0 0.512202 0.662514 0.048828 0.048828
0 0.459470 0.693195 0.048828 0.048828
0 0.375097 0.700865 0.048828 0.048828
0 0.323324 0.625122 0.048828 0.048828
0 0.323324 0.731546 0.048828 0.048828
0 0.380850 0.745928 0.048828 0.048828
0 0.418242 0.734422 0.048828 0.048828
0 0.513161 0.720041 0.048828 0.048828
0 0.506450 0.762227 0.048828 0.048828
0 0.454676 0.763186 0.048828 0.048828
0 0.540966 0.837970 0.048828 0.048828
0 0.480563 0.831259 0.048828 0.048828
0 0.430706 0.832217 0.048828 0.048828
0 0.418242 0.790031 0.048828 0.048828
0 0.537131 0.903167 0.048828 0.048828
0 0.509326 0.881115 0.048828 0.048828
0 0.449882 0.888785 0.048828 0.048828
0 0.414407 0.901249 0.048828 0.048828
0 0.386603 0.858104 0.048828 0.048828
0 0.370304 0.920425 0.048828 0.048828
0 0.430706 0.942477 0.048828 0.048828
0 0.498780 0.946312 0.048828 0.048828
0 0.533295 0.992333 0.048828 0.048828
0 0.492068 0.990415 0.048828 0.048828
0 0.371262 0.959735 0.048828 0.048828
0 0.327159 0.975075 0.048828 0.048828
0 0.254292 0.987539 0.048828 0.048828
0 0.284973 0.939600 0.048828 0.048828
0 0.219776 0.936724 0.048828 0.048828
0 0.237034 0.896455 0.048828 0.048828
0 0.307983 0.904126 0.048828 0.048828
0 0.290725 0.859063 0.048828 0.048828
0 0.312777 0.784279 0.048828 0.048828
0 0.259086 0.794825 0.048828 0.048828
0 0.285931 0.746886 0.048828 0.048828
0 0.254292 0.701824 0.048828 0.048828
0 0.298395 0.670184 0.048828 0.048828
0 0.261003 0.633751 0.048828 0.048828
0 0.232240 0.627039 0.048828 0.048828
0 0.277302 0.573348 0.048828 0.048828
0 0.276344 0.499522 0.048828 0.048828
0 0.219776 0.525409 0.048828 0.048828
0 0.167043 0.528285 0.048828 0.048828
0 0.127733 0.498563 0.048828 0.048828
0 0.100888 0.525409 0.048828 0.048828
0 0.005969 0.502399 0.048828 0.048828
0 0.022268 0.548420 0.048828 0.048828
0 0.108558 0.582936 0.048828 0.048828
0 0.184301 0.592523 0.048828 0.048828
0 0.132527 0.619369 0.048828 0.048828
0 0.170878 0.654844 0.048828 0.048828
0 0.206353 0.678813 0.048828 0.048828
0 0.166084 0.700865 0.048828 0.048828
0 0.121022 0.690319 0.048828 0.048828
0 0.205394 0.740175 0.048828 0.048828
0 0.120063 0.732505 0.048828 0.048828
0 0.197724 0.792908 0.048828 0.048828
0 0.152661 0.790031 0.048828 0.048828
0 0.114310 0.781402 0.048828 0.048828
0 0.072124 0.651968 0.048828 0.048828
0 0.076918 0.695112 0.048828 0.048828
0 0.042402 0.744010 0.048828 0.048828
0 0.065413 0.790990 0.048828 0.048828
0 0.047196 0.834135 0.048828 0.048828
0 0.009804 0.857146 0.048828 0.048828
0 0.034732 0.893579 0.048828 0.048828
0 0.077877 0.872486 0.048828 0.048828
0 0.119104 0.860022 0.048828 0.048828
0 0.171837 0.879197 0.048828 0.048828
0 0.225528 0.845640 0.048828 0.048828
0 0.144033 0.930971 0.048828 0.048828
0 0.098970 0.915631 0.048828 0.048828
0 0.121022 0.976993 0.048828 0.048828
0 0.082671 0.964528 0.048828 0.048828
0 0.001175 0.806330 0.048828 0.048828
0 0.028979 0.699906 0.048828 0.048828
0 0.031856 0.601152 0.048828 0.048828
0 0.015557 0.636627 0.048828 0.048828