0 0.132505 0.993287 0.048828 0.048828
0 0.161787 0.996121 0.048828 0.048828
0 0.161787 0.936612 0.048828 0.048828
0 0.153285 0.890327 0.048828 0.048828
0 0.884397 0.960226 0.048828 0.048828
0 0.940128 0.960226 0.048828 0.048828
0 0.995859 0.936612 0.048828 0.048828
0 0.993025 0.850654 0.048828 0.048828
0 0.984524 0.820427 0.048828 0.048828
0 0.938239 0.838375 0.048828 0.048828
0 0.919347 0.809092 0.048828 0.048828
0 0.846614 0.812871 0.048828 0.048828
0 0.878730 0.841208 0.048828 0.048828
0 0.826777 0.863878 0.048828 0.048828
0 0.835279 0.901662 0.048828 0.048828
0 0.908957 0.925277 0.048828 0.048828
0 0.784271 0.884659 0.048828 0.048828
0 0.807886 0.940390 0.048828 0.048828
0 0.832445 0.971562 0.048828 0.048828
0 0.738931 0.949836 0.048828 0.048828
0 0.724762 0.891271 0.048828 0.048828
0 0.740820 0.827039 0.048828 0.048828
0 0.685089 0.839319 0.048828 0.048828
0 0.638804 0.866712 0.048828 0.048828
0 0.676588 0.914886 0.048828 0.048828
0 0.685089 0.999899 0.048828 0.048828
0 0.646361 0.962116 0.048828 0.048828
0 0.600076 0.934723 0.048828 0.048828
0 0.587796 0.883715 0.048828 0.048828
0 0.611411 0.822317 0.048828 0.048828
0 0.532066 0.865768 0.048828 0.048828
0 0.519786 0.929055 0.048828 0.048828
0 0.521675 0.987620 0.048828 0.048828
0 0.571738 0.991398 0.048828 0.048828
0 0.474446 0.923388 0.048828 0.048828
0 0.435718 0.963060 0.048828 0.048828
0 0.398879 0.988564 0.048828 0.048828
0 0.363929 0.949836 0.048828 0.048828
0 0.387544 0.921498 0.048828 0.048828
0 0.428161 0.903551 0.048828 0.048828
0 0.478224 0.885604 0.048828 0.048828
0 0.396989 0.877103 0.048828 0.048828
0 0.343148 0.878992 0.048828 0.048828
0 0.313866 0.912052 0.048828 0.048828
0 0.301586 0.982897 0.048828 0.048828
0 0.270415 0.926221 0.048828 0.048828
0 0.236409 0.964949 0.048828 0.048828
0 0.110779 0.469040 0.048828 0.048828
0 0.153285 0.489821 0.048828 0.048828
0 0.107945 0.521937 0.048828 0.048828
0 0.120225 0.566333 0.048828 0.048828
0 0.141006 0.617341 0.048828 0.048828
0 0.142895 0.657958 0.048828 0.048828
0 0.168399 0.708966 0.048828 0.048828
0 0.146673 0.744860 0.048828 0.048828
0 0.187291 0.784533 0.048828 0.048828
0 0.187291 0.838375 0.048828 0.048828
0 0.260969 0.817594 0.048828 0.048828
0 0.301586 0.839319 0.048828 0.048828
0 0.364873 0.839319 0.048828 0.048828
0 0.473501 0.834596 0.048828 0.048828
0 0.418715 0.808148 0.048828 0.048828
0 0.369596 0.784533 0.048828 0.048828
0 0.302531 0.779810 0.048828 0.048828
0 0.338425 0.742971 0.048828 0.048828
0 0.308198 0.714633 0.048828 0.048828
0 0.285528 0.741082 0.048828 0.048828
0 0.286473 0.681573 0.048828 0.048828
0 0.263802 0.651346 0.048828 0.048828
0 0.238298 0.715578 0.048828 0.048828
0 0.207127 0.658903 0.048828 0.048828
0 0.223185 0.639066 0.048828 0.048828
0 0.246800 0.601283 0.048828 0.048828
0 0.216573 0.589003 0.048828 0.048828
0 0.199570 0.539884 0.048828 0.048828
0 0.233576 0.526660 0.048828 0.048828
0 0.273248 0.537051 0.048828 0.048828
0 0.215628 0.483209 0.048828 0.048828
0 0.277027 0.488877 0.048828 0.048828
0 0.579295 0.783588 0.048828 0.048828
0 0.707759 0.788311 0.048828 0.048828
0 0.655807 0.779810 0.048828 0.048828
0 0.531121 0.794923 0.048828 0.048828
0 0.484836 0.762807 0.048828 0.048828
0 0.530176 0.729747 0.048828 0.048828
0 0.445163 0.743916 0.048828 0.048828
0 0.465944 0.705187 0.048828 0.048828
0 0.499950 0.681573 0.048828 0.048828
0 0.399823 0.687240 0.048828 0.048828
0 0.439496 0.665515 0.048828 0.048828
0 0.335591 0.677794 0.048828 0.048828
0 0.296863 0.627731 0.048828 0.048828
0 0.336536 0.617341 0.048828 0.048828
0 0.299697 0.573890 0.048828 0.048828
0 0.311976 0.503045 0.048828 0.048828
0 0.327090 0.458650 0.048828 0.048828
0 0.294974 0.444481 0.048828 0.048828
0 0.313866 0.401030 0.048828 0.048828
0 0.299697 0.360413 0.048828 0.048828
0 0.352594 0.360413 0.048828 0.048828
0 0.362984 0.332075 0.048828 0.048828
0 0.361095 0.285790 0.048828 0.048828
0 0.369596 0.246117 0.048828 0.048828
0 0.373375 0.185664 0.048828 0.048828
0 0.354483 0.132767 0.048828 0.048828
0 0.431939 0.169606 0.048828 0.048828
0 0.414937 0.225336 0.048828 0.048828
0 0.446108 0.254619 0.048828 0.048828
0 0.400768 0.285790 0.048828 0.048828
0 0.424382 0.333964 0.048828 0.048828
0 0.387544 0.380249 0.048828 0.048828
0 0.390377 0.415199 0.048828 0.048828
0 0.390377 0.456761 0.048828 0.048828
0 0.369596 0.518159 0.048828 0.048828
0 0.413047 0.514381 0.048828 0.048828
0 0.421549 0.560665 0.048828 0.048828
0 0.401712 0.591837 0.048828 0.048828
0 0.417770 0.621119 0.048828 0.048828
0 0.448942 0.613562 0.048828 0.048828
0 0.498060 0.632454 0.048828 0.048828
0 0.481058 0.592781 0.048828 0.048828
0 0.476335 0.559721 0.048828 0.048828
0 0.530176 0.579557 0.048828 0.048828
0 0.560403 0.604116 0.048828 0.048828
0 0.567960 0.663626 0.048828 0.048828
0 0.607633 0.703298 0.048828 0.048828
0 0.612356 0.637177 0.048828 0.048828
0 0.602910 0.571056 0.048828 0.048828
0 0.556625 0.531383 0.048828 0.048828
0 0.513174 0.484154 0.048828 0.048828
0 0.475390 0.495489 0.048828 0.048828
0 0.514118 0.424645 0.048828 0.048828
0 0.442330 0.439758 0.048828 0.048828
0 0.438551 0.381194 0.048828 0.048828
0 0.476335 0.383083 0.048828 0.048828
0 0.515063 0.339632 0.048828 0.048828
0 0.497116 0.282956 0.048828 0.048828
0 0.499005 0.267843 0.048828 0.048828
0 0.562292 0.308460 0.048828 0.048828
0 0.556625 0.242339 0.048828 0.048828
0 0.490504 0.215890 0.048828 0.048828
0 0.496171 0.155437 0.048828 0.048828
0 0.537733 0.145991 0.048828 0.048828
0 0.573628 0.154492 0.048828 0.048828
0 0.585907 0.188497 0.048828 0.048828
0 0.624635 0.161104 0.048828 0.048828
0 0.688867 0.169606 0.048828 0.048828
0 0.693590 0.203611 0.048828 0.048828
0 0.699258 0.258397 0.048828 0.048828
0 0.653918 0.262175 0.048828 0.048828
0 0.626525 0.282012 0.048828 0.048828
0 0.610467 0.324518 0.048828 0.048828
0 0.659585 0.324518 0.048828 0.048828
0 0.711538 0.296181 0.048828 0.048828
0 0.754989 0.273510 0.048828 0.048828
0 0.758767 0.227226 0.048828 0.048828
0 0.742709 0.185664 0.048828 0.048828
0 0.788049 0.185664 0.048828 0.048828
0 0.841891 0.213057 0.048828 0.048828
0 0.801273 0.255563 0.048828 0.048828
0 0.840002 0.252729 0.048828 0.048828
0 0.901400 0.235727 0.048828 0.048828
0 0.938239 0.218724 0.048828 0.048828
0 0.976967 0.158271 0.048828 0.048828
0 0.905178 0.152603 0.048828 0.048828
0 0.980745 0.208334 0.048828 0.048828
0 0.946740 0.283901 0.048828 0.048828
0 0.883453 0.280122 0.048828 0.048828
0 0.903289 0.347188 0.048828 0.048828
0 0.855115 0.327352 0.048828 0.048828
0 0.821110 0.286735 0.048828 0.048828
0 0.805052 0.320740 0.048828 0.048828
0 0.731374 0.327352 0.048828 0.048828
0 0.785215 0.375526 0.048828 0.048828
0 0.737986 0.385916 0.048828 0.048828
0 0.703981 0.381194 0.048828 0.048828
0 0.611411 0.385916 0.048828 0.048828
0 0.566071 0.361357 0.048828 0.048828
0 0.566071 0.397252 0.048828 0.048828
0 0.587796 0.444481 0.048828 0.048828
0 0.650139 0.438813 0.048828 0.048828
0 0.715316 0.433146 0.048828 0.048828
0 0.809775 0.413310 0.048828 0.048828
0 0.859838 0.386861 0.048828 0.048828
0 0.974133 0.331130 0.048828 0.048828
0 0.645416 0.734470 0.048828 0.048828
0 0.669976 0.688185 0.048828 0.048828
0 0.674699 0.635288 0.048828 0.048828
0 0.673754 0.580502 0.048828 0.048828
0 0.650139 0.540829 0.048828 0.048828
0 0.614245 0.515325 0.048828 0.048828
0 0.669976 0.489821 0.048828 0.048828
0 0.724762 0.495489 0.048828 0.048828
0 0.777659 0.461484 0.048828 0.048828
0 0.976967 0.389695 0.048828 0.048828
0 0.927848 0.418977 0.048828 0.048828
0 0.959020 0.448259 0.048828 0.048828
0 0.901400 0.465262 0.048828 0.048828
0 0.951463 0.492655 0.048828 0.048828
0 0.924070 0.530439 0.048828 0.048828
0 0.946740 0.558776 0.048828 0.048828
0 0.880619 0.575779 0.048828 0.048828
0 0.887231 0.513436 0.048828 0.048828
0 0.864561 0.540829 0.048828 0.048828
0 0.808830 0.527605 0.048828 0.048828
0 0.833389 0.472819 0.048828 0.048828
0 0.758767 0.564444 0.048828 0.048828
0 0.813553 0.599394 0.048828 0.048828
0 0.979801 0.619230 0.048828 0.048828
0 0.906123 0.611673 0.048828 0.048828
0 0.876841 0.624897 0.048828 0.048828
0 0.812609 0.644734 0.048828 0.048828
0 0.796551 0.685351 0.048828 0.048828
0 0.746487 0.672127 0.048828 0.048828
0 0.755933 0.628676 0.048828 0.048828
0 0.720983 0.606006 0.048828 0.048828
0 0.725706 0.724079 0.048828 0.048828
0 0.762545 0.741082 0.048828 0.048828
0 0.779548 0.776976 0.048828 0.048828
0 0.857949 0.775087 0.048828 0.048828
0 0.879674 0.750528 0.048828 0.048828
0 0.929738 0.764697 0.048828 0.048828
0 0.971299 0.720301 0.048828 0.048828
0 0.947685 0.674961 0.048828 0.048828
0 0.913680 0.708021 0.048828 0.048828
0 0.843780 0.727858 0.048828 0.048828
0 0.854170 0.672127 0.048828 0.048828
0 0.993970 0.794923 0.048828 0.048828
0 0.997748 0.661736 0.048828 0.048828
0 0.979801 0.109152 0.048828 0.048828
0 0.923125 0.110096 0.048828 0.048828
0 0.878730 0.152603 0.048828 0.048828
0 0.828667 0.134656 0.048828 0.048828
0 0.798440 0.093094 0.048828 0.048828
0 0.843780 0.077036 0.048828 0.048828
0 0.925015 0.077036 0.048828 0.048828
0 0.336536 0.104429 0.048828 0.048828
0 0.379042 0.083648 0.048828 0.048828
0 0.362984 0.055310 0.048828 0.048828
0 0.404546 0.066645 0.048828 0.048828
0 0.416826 0.115764 0.048828 0.048828
0 0.420604 0.033585 0.048828 0.048828
0 0.396045 0.004303 0.048828 0.048828
0 0.478224 0.105374 0.048828 0.048828
0 0.526398 0.106318 0.048828 0.048828
0 0.576461 0.098761 0.048828 0.048828
0 0.623691 0.091205 0.048828 0.048828
0 0.663363 0.122376 0.048828 0.048828
0 0.718150 0.116709 0.048828 0.048828
0 0.748376 0.072313 0.048828 0.048828
0 0.698313 0.056255 0.048828 0.048828
0 0.623691 0.043031 0.048828 0.048828
0 0.564182 0.026028 0.048828 0.048828
0 0.515063 0.064756 0.048828 0.048828
0 0.478224 0.048698 0.048828 0.048828
0 0.420604 0.077036 0.048828 0.048828
0 0.701147 0.017527 0.048828 0.048828
0 0.761601 0.026028 0.048828 0.048828
0 0.957131 0.016582 0.048828 0.048828
0 0.911790 0.028862 0.048828 0.048828
0 0.872118 0.019416 0.048828 0.048828
0 0.803163 0.026028 0.048828 0.048828