0 0.861216 0.979313 0.048828 0.048828
0 0.918785 0.980913 0.048828 0.048828
0 0.949169 0.944133 0.048828 0.048828
0 0.860965 0.729889 0.048828 0.048828
0 0.845106 0.680989 0.048828 0.048828
0 0.892684 0.667773 0.048828 0.048828
0 0.933653 0.642663 0.048828 0.048828
0 0.928367 0.703457 0.048828 0.048828
0 0.990482 0.361163 0.048828 0.048828
0 0.990482 0.284510 0.048828 0.048828
0 0.977266 0.768215 0.048828 0.048828
0 0.999733 0.128562 0.048828 0.048828
0 0.986517 0.096844 0.048828 0.048828
0 0.962728 0.050588 0.048828 0.048828
0 0.973301 0.001689 0.048828 0.048828
0 0.919115 0.012261 0.048828 0.048828