0 0.985059 0.090785 0.048828 0.048828
0 0.980092 0.130522 0.048828 0.048828
0 0.948633 0.150391 0.048828 0.048828
0 0.943666 0.110654 0.048828 0.048828
0 0.903929 0.125555 0.048828 0.048828
0 0.895650 0.085818 0.048828 0.048828
0 0.839356 0.097408 0.048828 0.048828
0 0.806241 0.085818 0.048828 0.048828
0 0.771471 0.104031 0.048828 0.048828
0 0.774783 0.074228 0.048828 0.048828
0 0.740013 0.089130 0.048828 0.048828
0 0.783061 0.054359 0.048828 0.048828
0 0.749947 0.069261 0.048828 0.048828
0 0.713521 0.072572 0.048828 0.048828
0 0.672128 0.060982 0.048828 0.048828
0 0.634047 0.057671 0.048828 0.048828
0 0.602588 0.036147 0.048828 0.048828
0 0.594310 0.062638 0.048828 0.048828
0 0.566162 0.046081 0.048828 0.048828
0 0.514835 0.054359 0.048828 0.048828
0 0.559539 0.012967 0.048828 0.048828
0 0.541327 0.032835 0.048828 0.048828
0 0.519802 0.003032 0.048828 0.048828
0 0.504901 0.032835 0.048828 0.048828
0 0.488344 0.064294 0.048828 0.048828
0 0.475098 0.041114 0.048828 0.048828
0 0.460196 0.021245 0.048828 0.048828
0 0.432965 0.016366 0.048828 0.048828
0 0.414305 0.015122 0.048828 0.048828
0 0.376986 0.008902 0.048828 0.048828
0 0.187904 0.037514 0.048828 0.048828
0 0.145609 0.031294 0.048828 0.048828
0 0.120730 0.030050 0.048828 0.048828
0 0.075947 0.028806 0.048828 0.048828
0 0.203328 0.889249 0.048828 0.048828
0 0.229726 0.893417 0.048828 0.048828
0 0.293637 0.908700 0.048828 0.048828
0 0.125522 0.848957 0.048828 0.048828