0 0.358672 0.106952 0.048828 0.048828
0 0.479413 0.114055 0.048828 0.048828
0 0.557539 0.071440 0.048828 0.048828
0 0.557539 0.106952 0.048828 0.048828
0 0.511373 0.089196 0.048828 0.048828
0 0.219375 0.079545 0.048828 0.048828
0 0.299417 0.082510 0.048828 0.048828
0 0.299417 0.032113 0.048828 0.048828
0 0.340920 0.032113 0.048828 0.048828
0 0.382424 0.046936 0.048828 0.048828
0 0.441714 0.067687 0.048828 0.048828
0 0.412069 0.017290 0.048828 0.048828
0 0.844889 0.079545 0.048828 0.048828
0 0.711486 0.079545 0.048828 0.048828
0 0.664053 0.091403 0.048828 0.048828
0 0.652195 0.046936 0.048828 0.048828
0 0.622550 0.038042 0.048828 0.048828
0 0.634408 0.014326 0.048828 0.048828
0 0.664053 0.020255 0.048828 0.048828
0 0.610055 0.078908 0.048828 0.048828
0 0.695798 0.025752 0.048828 0.048828
0 0.730772 0.018389 0.048828 0.048828
0 0.808083 0.033115 0.048828 0.048828
0 0.778632 0.046000 0.048828 0.048828
0 0.966314 0.034109 0.048828 0.048828
0 0.909639 0.017106 0.048828 0.048828