0 0.604878 0.991465 0.048828 0.048828
0 0.664094 0.975882 0.048828 0.048828
0 0.705648 0.998737 0.048828 0.048828
0 0.641238 0.924978 0.048828 0.048828
0 0.686949 0.915628 0.048828 0.048828
0 0.613189 0.886539 0.048828 0.048828
0 0.649549 0.886539 0.048828 0.048828
0 0.594489 0.832518 0.048828 0.048828
0 0.649549 0.811740 0.048828 0.048828
0 0.678638 0.852256 0.048828 0.048828
0 0.728504 0.883423 0.048828 0.048828
0 0.717076 0.964455 0.048828 0.048828
0 0.776292 0.994582 0.048828 0.048828
0 0.834469 0.960299 0.048828 0.048828
0 0.780447 0.906278 0.048828 0.048828
0 0.781486 0.867840 0.048828 0.048828
0 0.840702 0.875112 0.048828 0.048828
0 0.746164 0.831479 0.048828 0.048828
0 0.794991 0.827324 0.048828 0.048828
0 0.856285 0.824207 0.048828 0.048828
0 0.906151 0.928094 0.048828 0.048828
0 0.914462 0.982115 0.048828 0.048828
0 0.959133 0.948872 0.048828 0.048828
0 0.945628 0.889656 0.048828 0.048828
0 0.995494 0.876151 0.048828 0.048828
0 0.961211 0.825246 0.048828 0.048828
0 0.912384 0.859529 0.048828 0.048828
0 0.914462 0.792002 0.048828 0.048828
0 0.922773 0.737980 0.048828 0.048828
0 0.876023 0.760836 0.048828 0.048828
0 0.815769 0.758758 0.048828 0.048828
0 0.760709 0.764991 0.048828 0.048828
0 0.702532 0.767069 0.048828 0.048828
0 0.618383 0.777458 0.048828 0.048828
0 0.550856 0.858490 0.048828 0.048828
0 0.537351 0.805507 0.048828 0.048828
0 0.547740 0.955105 0.048828 0.048828
0 0.560206 0.760836 0.048828 0.048828
0 0.552934 0.699542 0.048828 0.048828
0 0.609033 0.714086 0.048828 0.048828
0 0.669288 0.664221 0.048828 0.048828
0 0.614228 0.655910 0.048828 0.048828
0 0.532157 0.653832 0.048828 0.048828
0 0.574750 0.623705 0.048828 0.048828
0 0.548779 0.589422 0.048828 0.048828
0 0.632927 0.621627 0.048828 0.048828
0 0.606956 0.587344 0.048828 0.048828
0 0.671366 0.611238 0.048828 0.048828
0 0.754475 0.605005 0.048828 0.048828
0 0.730581 0.678765 0.048828 0.048828
0 0.769020 0.645521 0.048828 0.048828
0 0.785642 0.702659 0.048828 0.048828
0 0.819924 0.655910 0.048828 0.048828
0 0.859402 0.700581 0.048828 0.048828
0 0.840702 0.568644 0.048828 0.048828
0 0.894723 0.576955 0.048828 0.048828
0 0.884334 0.618510 0.048828 0.048828
0 0.917578 0.627860 0.048828 0.048828
0 0.906151 0.669415 0.048828 0.048828
0 0.959133 0.674609 0.048828 0.048828
0 0.993416 0.720320 0.048828 0.048828
0 0.988222 0.630977 0.048828 0.048828
0 0.957056 0.594616 0.048828 0.048828
0 0.968483 0.555139 0.048828 0.048828
0 0.986144 0.514623 0.048828 0.048828
0 0.949783 0.490729 0.048828 0.048828
0 0.872907 0.528128 0.048828 0.048828
0 0.871868 0.474107 0.048828 0.048828
0 0.909267 0.463718 0.048828 0.048828
0 0.867712 0.437746 0.048828 0.048828
0 0.903034 0.396191 0.048828 0.048828
0 0.895762 0.352559 0.048828 0.048828
0 0.859402 0.381647 0.048828 0.048828
0 0.830313 0.461640 0.048828 0.048828
0 0.791875 0.496962 0.048828 0.048828
0 0.759670 0.528128 0.048828 0.048828
0 0.703571 0.548906 0.048828 0.048828
0 0.653705 0.548906 0.048828 0.048828
0 0.675521 0.496962 0.048828 0.048828
0 0.607994 0.514623 0.048828 0.048828
0 0.565401 0.512545 0.048828 0.048828
0 0.559167 0.470990 0.048828 0.048828
0 0.615267 0.456446 0.048828 0.048828
0 0.679677 0.431513 0.048828 0.048828
0 0.761748 0.443980 0.048828 0.048828
0 0.540468 0.418008 0.048828 0.048828
0 0.584100 0.402425 0.048828 0.048828
0 0.643316 0.410736 0.048828 0.048828
0 0.542545 0.333859 0.048828 0.048828
0 0.596567 0.357753 0.048828 0.048828
0 0.650588 0.359831 0.048828 0.048828
0 0.702532 0.370220 0.048828 0.048828
0 0.750320 0.380608 0.048828 0.048828
0 0.807458 0.369181 0.048828 0.048828
0 0.813691 0.314121 0.048828 0.048828
0 0.859402 0.332820 0.048828 0.048828
0 0.890568 0.308926 0.048828 0.048828
0 0.956017 0.447096 0.048828 0.048828
0 0.961211 0.382686 0.048828 0.048828
0 0.945628 0.323470 0.048828 0.048828
0 0.765903 0.289188 0.048828 0.048828
0 0.677599 0.309965 0.048828 0.048828
0 0.620461 0.291265 0.048828 0.048828
0 0.724348 0.290226 0.048828 0.048828
0 0.719154 0.244516 0.048828 0.048828
0 0.679677 0.246594 0.048828 0.048828
0 0.684871 0.206078 0.048828 0.048828
0 0.721231 0.176989 0.048828 0.048828
0 0.692143 0.133357 0.048828 0.048828
0 0.747203 0.129201 0.048828 0.048828
0 0.751359 0.189456 0.048828 0.048828
0 0.807458 0.180106 0.048828 0.048828
0 0.822002 0.244516 0.048828 0.048828
0 0.887451 0.252827 0.048828 0.048828
0 0.939395 0.272566 0.048828 0.048828
0 0.990299 0.259060 0.048828 0.048828
0 0.992377 0.109463 0.048828 0.048828
0 0.939395 0.093880 0.048828 0.048828
0 0.946667 0.157251 0.048828 0.048828
0 0.963289 0.222700 0.048828 0.048828
0 0.920695 0.211272 0.048828 0.048828
0 0.869790 0.194650 0.048828 0.048828
0 0.863557 0.148940 0.048828 0.048828
0 0.897840 0.144784 0.048828 0.048828
0 0.873946 0.090763 0.048828 0.048828
0 0.809536 0.110502 0.048828 0.048828
0 0.693182 0.055441 0.048828 0.048828
0 0.751359 0.077258 0.048828 0.048828
0 0.781486 0.044014 0.048828 0.048828
0 0.719154 0.017003 0.048828 0.048828
0 0.830313 0.055441 0.048828 0.048828
0 0.900956 0.040897 0.048828 0.048828
0 0.951861 0.034664 0.048828 0.048828
0 0.983027 0.018042 0.048828 0.048828
0 0.986144 0.062713 0.048828 0.048828
0 0.631888 0.025314 0.048828 0.048828
0 0.626694 0.085569 0.048828 0.048828
0 0.640199 0.168678 0.048828 0.048828
0 0.613189 0.241399 0.048828 0.048828
0 0.582023 0.208156 0.048828 0.048828
0 0.580984 0.137512 0.048828 0.048828
0 0.562284 0.057519 0.048828 0.048828
0 0.544623 0.010770 0.048828 0.048828
0 0.405414 0.004537 0.048828 0.048828
0 0.342043 0.009731 0.048828 0.048828
0 0.505146 0.039858 0.048828 0.048828
0 0.529040 0.127124 0.048828 0.048828
0 0.492680 0.124007 0.048828 0.048828
0 0.457358 0.140629 0.048828 0.048828
0 0.437619 0.039858 0.048828 0.048828
0 0.433464 0.090763 0.048828 0.048828
0 0.410609 0.118813 0.048828 0.048828
0 0.397103 0.040897 0.048828 0.048828
0 0.357626 0.068947 0.048828 0.048828
0 0.535273 0.192572 0.048828 0.048828
0 0.482291 0.191534 0.048828 0.048828
0 0.516574 0.246594 0.048828 0.048828
0 0.563323 0.268410 0.048828 0.048828
0 0.499952 0.300615 0.048828 0.048828
0 0.496835 0.367103 0.048828 0.048828
0 0.464630 0.258021 0.048828 0.048828
0 0.435542 0.201922 0.048828 0.048828
0 0.398142 0.179067 0.048828 0.048828
0 0.397103 0.252827 0.048828 0.048828
0 0.422036 0.281916 0.048828 0.048828
0 0.429308 0.335937 0.048828 0.048828
0 0.371132 0.363986 0.048828 0.048828
0 0.335810 0.330743 0.048828 0.048828
0 0.338926 0.282954 0.048828 0.048828
0 0.302566 0.232050 0.048828 0.048828
0 0.345160 0.201922 0.048828 0.048828
0 0.290099 0.188417 0.048828 0.048828
0 0.321266 0.163484 0.048828 0.048828
0 0.296333 0.132318 0.048828 0.048828
0 0.283866 0.055441 0.048828 0.048828
0 0.146735 0.025314 0.048828 0.048828
0 0.229845 0.025314 0.048828 0.048828
0 0.179979 0.046091 0.048828 0.048828
0 0.240234 0.067908 0.048828 0.048828
0 0.229845 0.117774 0.048828 0.048828
0 0.250622 0.171795 0.048828 0.048828
0 0.212184 0.187378 0.048828 0.048828
0 0.177901 0.141668 0.048828 0.048828
0 0.159202 0.100113 0.048828 0.048828
0 0.120763 0.051286 0.048828 0.048828
0 0.076092 0.092841 0.048828 0.048828
0 0.148813 0.174912 0.048828 0.048828
0 0.094791 0.183223 0.048828 0.048828
0 0.099986 0.134396 0.048828 0.048828
0 0.059470 0.174912 0.048828 0.048828
0 0.107258 0.249710 0.048828 0.048828
0 0.058431 0.259060 0.048828 0.048828
0 0.196601 0.238283 0.048828 0.048828
0 0.274516 0.289188 0.048828 0.048828
0 0.194523 0.281916 0.048828 0.048828
0 0.171668 0.349442 0.048828 0.048828
0 0.121802 0.363986 0.048828 0.048828
0 0.110375 0.307887 0.048828 0.048828
0 0.043887 0.324509 0.048828 0.048828
0 0.017915 0.205039 0.048828 0.048828
0 0.229845 0.372297 0.048828 0.048828
0 0.327499 0.393075 0.048828 0.048828
0 0.284905 0.373336 0.048828 0.048828
0 0.270361 0.428397 0.048828 0.048828
0 0.492680 0.419047 0.048828 0.048828
0 0.444891 0.411775 0.048828 0.048828
0 0.377365 0.428397 0.048828 0.048828
0 0.442814 0.460602 0.048828 0.048828
0 0.212184 0.460602 0.048828 0.048828
0 0.174785 0.413852 0.048828 0.048828
0 0.131152 0.402425 0.048828 0.048828
0 0.089597 0.392036 0.048828 0.048828
0 0.052198 0.379570 0.048828 0.048828
0 0.001293 0.374375 0.048828 0.048828
0 0.057392 0.439824 0.048828 0.048828
0 0.078169 0.475146 0.048828 0.048828
0 0.129074 0.454368 0.048828 0.048828
0 0.029342 0.495923 0.048828 0.048828
0 0.001293 0.573839 0.048828 0.048828
0 0.056353 0.586305 0.048828 0.048828
0 0.099986 0.587344 0.048828 0.048828
0 0.081286 0.531245 0.048828 0.048828
0 0.132191 0.545789 0.048828 0.048828
0 0.168551 0.573839 0.048828 0.048828
0 0.184134 0.514623 0.048828 0.048828
0 0.235039 0.542672 0.048828 0.048828
0 0.257894 0.498001 0.048828 0.048828
0 0.278672 0.529167 0.048828 0.048828
0 0.316071 0.507351 0.048828 0.048828
0 0.297372 0.462679 0.048828 0.048828
0 0.372170 0.483457 0.048828 0.048828
0 0.405414 0.498001 0.048828 0.048828
0 0.488524 0.480340 0.048828 0.048828
0 0.516574 0.529167 0.048828 0.048828
0 0.472941 0.526051 0.048828 0.048828
0 0.416842 0.554100 0.048828 0.048828
0 0.507224 0.576955 0.048828 0.048828
0 0.446969 0.616432 0.048828 0.048828
0 0.384637 0.606044 0.048828 0.048828
0 0.331654 0.575916 0.048828 0.048828
0 0.349315 0.534362 0.048828 0.048828
0 0.255817 0.591499 0.048828 0.048828
0 0.288022 0.621627 0.048828 0.048828
0 0.297372 0.687076 0.048828 0.048828
0 0.349315 0.655910 0.048828 0.048828
0 0.411648 0.641365 0.048828 0.048828
0 0.466708 0.657987 0.048828 0.048828
0 0.498913 0.715125 0.048828 0.048828
0 0.452164 0.701620 0.048828 0.048828
0 0.452164 0.756680 0.048828 0.048828
0 0.408531 0.785769 0.048828 0.048828
0 0.348276 0.802391 0.048828 0.048828
0 0.366976 0.723436 0.048828 0.048828
0 0.308799 0.760836 0.048828 0.048828
0 0.257894 0.781613 0.048828 0.048828
0 0.267244 0.719281 0.048828 0.048828
0 0.246467 0.676687 0.048828 0.048828
0 0.213223 0.627860 0.048828 0.048828
0 0.209067 0.712009 0.048828 0.048828
0 0.186212 0.670454 0.048828 0.048828
0 0.163357 0.730708 0.048828 0.048828
0 0.200756 0.779535 0.048828 0.048828
0 0.136346 0.777458 0.048828 0.048828
0 0.104141 0.807585 0.048828 0.048828
0 0.133230 0.820051 0.048828 0.048828
0 0.199718 0.823168 0.048828 0.048828
0 0.247506 0.832518 0.048828 0.048828
0 0.308799 0.826285 0.048828 0.048828
0 0.378404 0.834596 0.048828 0.048828
0 0.418920 0.849140 0.048828 0.048828
0 0.494757 0.816935 0.048828 0.048828
0 0.472941 0.873034 0.048828 0.048828
0 0.520729 0.906278 0.048828 0.048828
0 0.466708 0.928094 0.048828 0.048828
0 0.425153 0.914589 0.048828 0.048828
0 0.390870 0.901083 0.048828 0.048828
0 0.333732 0.906278 0.048828 0.048828
0 0.292177 0.883423 0.048828 0.048828
0 0.239195 0.907317 0.048828 0.048828
0 0.204912 0.876151 0.048828 0.048828
0 0.172707 0.911472 0.048828 0.048828
0 0.130113 0.869917 0.048828 0.048828
0 0.091675 0.897967 0.048828 0.048828
0 0.495943 0.969157 0.048828 0.048828
0 0.449304 0.962797 0.048828 0.048828
0 0.404786 0.991416 0.048828 0.048828
0 0.357087 0.979757 0.048828 0.048828
0 0.293489 0.959617 0.048828 0.048828
0 0.250031 0.968097 0.048828 0.048828
0 0.173713 0.975517 0.048828 0.048828
0 0.080436 0.983996 0.048828 0.048828
0 0.119655 0.938418 0.048828 0.048828
0 0.067717 0.844081 0.048828 0.048828
0 0.039098 0.808042 0.048828 0.048828
0 0.006239 0.758224 0.048828 0.048828
0 0.079376 0.742324 0.048828 0.048828
0 0.049697 0.716885 0.048828 0.048828
0 0.119655 0.705225 0.048828 0.048828
0 0.142974 0.622548 0.048828 0.048828
0 0.112235 0.647987 0.048828 0.048828
0 0.039098 0.654347 0.048828 0.048828
0 0.045457 0.112705 0.048828 0.048828
0 0.043337 0.057586 0.048828 0.048828
0 0.084676 0.009888 0.048828 0.048828