0 0.847097 0.025028 0.048828 0.048828
0 0.944738 0.042530 0.048828 0.048828
0 0.765116 0.086744 0.048828 0.048828
0 0.768800 0.017659 0.048828 0.048828
0 0.642604 0.469939 0.048828 0.048828
0 0.717216 0.457964 0.048828 0.048828
0 0.731955 0.477308 0.048828 0.048828
0 0.262173 0.113457 0.048828 0.048828
0 0.294413 0.116221 0.048828 0.048828
0 0.416003 0.091350 0.048828 0.048828
0 0.363498 0.009369 0.048828 0.048828
0 0.385606 0.001078 0.048828 0.048828
0 0.625102 0.003842 0.048828 0.048828
0 0.335864 0.034239 0.048828 0.048828
0 0.309151 0.036082 0.048828 0.048828
0 0.276911 0.031476 0.048828 0.048828
0 0.250198 0.027791 0.048828 0.048828
0 0.177428 0.049899 0.048828 0.048828
0 0.147951 0.061874 0.048828 0.048828
0 0.070576 0.090429 0.048828 0.048828
0 0.087156 0.077533 0.048828 0.048828
0 0.113869 0.080296 0.048828 0.048828
0 0.172822 0.082139 0.048828 0.048828
0 0.203220 0.064637 0.048828 0.048828
0 0.235460 0.053583 0.048828 0.048828
0 0.288886 0.060952 0.048828 0.048828
0 0.090841 0.114379 0.048828 0.048828
0 0.012544 0.097798 0.048828 0.048828
0 0.890442 0.009522 0.048828 0.048828
0 0.949934 0.657888 0.048828 0.048828