0 0.478785 0.957442 0.048828 0.048828
0 0.354555 0.982552 0.048828 0.048828
0 0.343982 0.937618 0.048828 0.048828
0 0.402133 0.966693 0.048828 0.048828
0 0.433851 0.973301 0.048828 0.048828
0 0.526363 0.970658 0.048828 0.048828
0 0.571297 0.960085 0.048828 0.048828
0 0.551473 0.905900 0.048828 0.048828
0 0.503895 0.917794 0.048828 0.048828
0 0.719316 0.999733 0.048828 0.048828
0 0.655879 0.993125 0.048828 0.048828
0 0.618874 0.942904 0.048828 0.048828
0 0.695527 0.941583 0.048828 0.048828
0 0.666452 0.904578 0.048828 0.048828
0 0.628126 0.870216 0.048828 0.048828
0 0.711386 0.863608 0.048828 0.048828
0 0.762928 0.872860 0.048828 0.048828
0 0.757642 0.933653 0.048828 0.048828
0 0.806541 0.969336 0.048828 0.048828
0 0.912269 0.956120 0.048828 0.048828
0 0.959846 0.960085 0.048828 0.048828
0 0.951917 0.896648 0.048828 0.048828
0 0.813149 0.915151 0.048828 0.048828
0 0.862048 0.912508 0.048828 0.048828
0 0.895088 0.872860 0.048828 0.048828
0 0.883194 0.841141 0.048828 0.048828
0 0.818436 0.845106 0.048828 0.048828
0 0.959846 0.839820 0.048828 0.048828
0 0.990243 0.695766 0.048828 0.048828
0 0.980992 0.745986 0.048828 0.048828
0 0.938701 0.792242 0.048828 0.048828
0 0.875264 0.777705 0.048828 0.048828
0 0.830330 0.775061 0.048828 0.048828
0 0.772180 0.781669 0.048828 0.048828
0 0.732532 0.814709 0.048828 0.048828
0 0.670417 0.823961 0.048828 0.048828
0 0.692884 0.790921 0.048828 0.048828
0 0.595086 0.817353 0.048828 0.048828
0 0.562046 0.850392 0.048828 0.048828
0 0.509182 0.842463 0.048828 0.048828
0 0.469534 0.883432 0.048828 0.048828
0 0.292440 0.948191 0.048828 0.048828
0 0.199928 0.928367 0.048828 0.048828
0 0.186712 0.896648 0.048828 0.048828
0 0.223717 0.871538 0.048828 0.048828
0 0.258078 0.917794 0.048828 0.048828
0 0.324158 0.905900 0.048828 0.048828
0 0.303013 0.868895 0.048828 0.048828
0 0.273938 0.834533 0.048828 0.048828
0 0.304334 0.808101 0.048828 0.048828
0 0.310942 0.759202 0.048828 0.048828
0 0.379665 0.886076 0.048828 0.048828
0 0.366449 0.816031 0.048828 0.048828
0 0.424600 0.845106 0.048828 0.048828
0 0.473499 0.810745 0.048828 0.048828
0 0.415348 0.776383 0.048828 0.048828
0 0.359841 0.769775 0.048828 0.048828
0 0.359841 0.722198 0.048828 0.048828
0 0.398168 0.723519 0.048828 0.048828
0 0.437816 0.703695 0.048828 0.048828
0 0.489358 0.694444 0.048828 0.048828
0 0.488036 0.740700 0.048828 0.048828
0 0.525041 0.773740 0.048828 0.048828
0 0.577905 0.744665 0.048828 0.048828
0 0.566011 0.690479 0.048828 0.048828
0 0.595086 0.690479 0.048828 0.048828
0 0.626804 0.705017 0.048828 0.048828
0 0.641342 0.772418 0.048828 0.048828
0 0.675703 0.724841 0.048828 0.048828
0 0.700813 0.759202 0.048828 0.048828
0 0.749712 0.747308 0.048828 0.048828
0 0.790682 0.736735 0.048828 0.048828
0 0.840903 0.727484 0.048828 0.048828
0 0.896410 0.734092 0.048828 0.048828
0 0.937379 0.678585 0.048828 0.048828
0 0.858083 0.665369 0.048828 0.048828
0 0.806541 0.671977 0.048828 0.048828
0 0.753677 0.654796 0.048828 0.048828
0 0.704778 0.654796 0.048828 0.048828
0 0.649271 0.637615 0.048828 0.048828
0 0.580548 0.638937 0.048828 0.048828
0 0.526363 0.638937 0.048828 0.048828
0 0.162924 0.850392 0.048828 0.048828
0 0.173496 0.801493 0.048828 0.048828
0 0.247506 0.786956 0.048828 0.048828
0 0.215787 0.761845 0.048828 0.048828
0 0.244863 0.728806 0.048828 0.048828
0 0.287154 0.720876 0.048828 0.048828
0 0.451032 0.693122 0.048828 0.048828
0 0.119311 0.812066 0.048828 0.048828
0 0.114024 0.773740 0.048828 0.048828
0 0.154994 0.771097 0.048828 0.048828
0 0.078341 0.771097 0.048828 0.048828
0 0.018869 0.780348 0.048828 0.048828
0 0.051909 0.732770 0.048828 0.048828
0 0.143100 0.719554 0.048828 0.048828
0 0.214466 0.683871 0.048828 0.048828
0 0.120632 0.619113 0.048828 0.048828
0 0.156316 0.650831 0.048828 0.048828
0 0.153672 0.590038 0.048828 0.048828
0 0.191999 0.613827 0.048828 0.048828
0 0.266008 0.642902 0.048828 0.048828
0 0.292440 0.615148 0.048828 0.048828
0 0.318872 0.656118 0.048828 0.048828
0 0.366449 0.637615 0.048828 0.048828
0 0.407419 0.666691 0.048828 0.048828
0 0.470856 0.629686 0.048828 0.048828
0 0.353233 0.578144 0.048828 0.048828
0 0.407419 0.588716 0.048828 0.048828
0 0.456318 0.584752 0.048828 0.048828
0 0.497287 0.571536 0.048828 0.048828
0 0.531649 0.572857 0.048828 0.048828
0 0.618874 0.597967 0.048828 0.048828
0 0.692884 0.587395 0.048828 0.048828
0 0.757642 0.572857 0.048828 0.048828
0 0.809184 0.554355 0.048828 0.048828
0 0.798612 0.628364 0.048828 0.048828
0 0.061161 0.571536 0.048828 0.048828
0 0.119311 0.553033 0.048828 0.048828
0 0.160280 0.539817 0.048828 0.048828
0 0.137813 0.504134 0.048828 0.048828
0 0.008297 0.517350 0.048828 0.048828
0 0.037372 0.527923 0.048828 0.048828
0 0.055874 0.486953 0.048828 0.048828
0 0.003010 0.439376 0.048828 0.048828
0 0.094200 0.442019 0.048828 0.048828
0 0.003010 0.278141 0.048828 0.048828
0 0.033407 0.365366 0.048828 0.048828
0 0.080985 0.390477 0.048828 0.048828
0 0.135170 0.408979 0.048828 0.048828
0 0.153672 0.452592 0.048828 0.048828
0 0.206536 0.419552 0.048828 0.048828
0 0.195963 0.486953 0.048828 0.048828
0 0.238255 0.464486 0.048828 0.048828
0 0.255435 0.405014 0.048828 0.048828
0 0.137813 0.344221 0.048828 0.048828
0 0.195963 0.354794 0.048828 0.048828
0 0.258078 0.349507 0.048828 0.048828
0 0.299048 0.328362 0.048828 0.048828
0 0.317550 0.382547 0.048828 0.048828
0 0.285832 0.432768 0.048828 0.048828
0 0.347947 0.416909 0.048828 0.048828
0 0.340017 0.463165 0.048828 0.048828
0 0.350590 0.516028 0.048828 0.048828
0 0.300370 0.485632 0.048828 0.048828
0 0.284510 0.533209 0.048828 0.048828
0 0.244863 0.568892 0.048828 0.048828
0 0.218431 0.516028 0.048828 0.048828
0 0.411384 0.527923 0.048828 0.048828
0 0.449710 0.531888 0.048828 0.048828
0 0.494644 0.522636 0.048828 0.048828
0 0.555438 0.523958 0.048828 0.048828
0 0.527684 0.476381 0.048828 0.048828
0 0.601694 0.486953 0.048828 0.048828
0 0.460283 0.476381 0.048828 0.048828
0 0.399489 0.482989 0.048828 0.048828
0 0.396846 0.430125 0.048828 0.048828
0 0.391560 0.371974 0.048828 0.048828
0 0.452353 0.405014 0.048828 0.048828
0 0.503895 0.415587 0.048828 0.048828
0 0.452353 0.357437 0.048828 0.048828
0 0.489358 0.364045 0.048828 0.048828
0 0.530327 0.371974 0.048828 0.048828
0 0.581870 0.431446 0.048828 0.048828
0 0.658522 0.465808 0.048828 0.048828
0 0.636055 0.553033 0.048828 0.048828
0 0.696849 0.525280 0.048828 0.048828
0 0.770858 0.498848 0.048828 0.048828
0 0.708743 0.472416 0.048828 0.048828
0 0.807863 0.453913 0.048828 0.048828
0 0.770858 0.422195 0.048828 0.048828
0 0.805220 0.395763 0.048828 0.048828
0 0.699492 0.414266 0.048828 0.048828
0 0.625482 0.414266 0.048828 0.048828
0 0.608302 0.364045 0.048828 0.048828
0 0.347947 0.337613 0.048828 0.048828
0 0.373057 0.308538 0.048828 0.048828
0 0.407419 0.324397 0.048828 0.048828
0 0.460283 0.303251 0.048828 0.048828
0 0.531649 0.312503 0.048828 0.048828
0 0.608302 0.301930 0.048828 0.048828
0 0.663809 0.313824 0.048828 0.048828
0 0.698170 0.324397 0.048828 0.048828
0 0.772180 0.282106 0.048828 0.048828
0 0.778788 0.349507 0.048828 0.048828
0 0.719316 0.366688 0.048828 0.048828
0 0.826365 0.354794 0.048828 0.048828
0 0.864691 0.616470 0.048828 0.048828
0 0.913590 0.634972 0.048828 0.048828
0 0.974384 0.640259 0.048828 0.048828
0 0.995529 0.595324 0.048828 0.048828
0 0.950595 0.596646 0.048828 0.048828
0 0.852797 0.558320 0.048828 0.048828
0 0.908304 0.562284 0.048828 0.048828
0 0.966454 0.549068 0.048828 0.048828
0 0.959846 0.484310 0.048828 0.048828
0 0.917555 0.504134 0.048828 0.048828
0 0.855440 0.506777 0.048828 0.048828
0 0.897731 0.460521 0.048828 0.048828
0 0.982314 0.439376 0.048828 0.048828
0 0.933414 0.407658 0.048828 0.048828
0 0.905661 0.358758 0.048828 0.048828
0 0.947952 0.342899 0.048828 0.048828
0 0.984957 0.381226 0.048828 0.048828
0 0.955882 0.286071 0.048828 0.048828
0 0.903018 0.316467 0.048828 0.048828
0 0.925485 0.250388 0.048828 0.048828
0 0.885837 0.266247 0.048828 0.048828
0 0.832973 0.283427 0.048828 0.048828
0 0.680989 0.260960 0.048828 0.048828
0 0.729889 0.251709 0.048828 0.048828
0 0.799933 0.226599 0.048828 0.048828
0 0.855440 0.233207 0.048828 0.048828
0 0.884515 0.182986 0.048828 0.048828
0 0.941344 0.192237 0.048828 0.048828
0 0.995529 0.193559 0.048828 0.048828
0 0.942666 0.131444 0.048828 0.048828
0 0.945309 0.065364 0.048828 0.048828
0 0.903018 0.071972 0.048828 0.048828
0 0.883194 0.131444 0.048828 0.048828
0 0.799933 0.160519 0.048828 0.048828
0 0.749712 0.181664 0.048828 0.048828
0 0.698170 0.210740 0.048828 0.048828
0 0.797290 0.122193 0.048828 0.048828
0 0.707421 0.143338 0.048828 0.048828
0 0.871299 0.024394 0.048828 0.048828
0 0.822400 0.077258 0.048828 0.048828
0 0.789360 0.062721 0.048828 0.048828
0 0.744426 0.089153 0.048828 0.048828
0 0.696849 0.091796 0.048828 0.048828
0 0.686276 0.038932 0.048828 0.048828
0 0.747069 0.012500 0.048828 0.048828
0 0.659844 0.169770 0.048828 0.048828
0 0.655879 0.101047 0.048828 0.048828
0 0.596407 0.249066 0.048828 0.048828
0 0.625482 0.197524 0.048828 0.048828
0 0.529006 0.259639 0.048828 0.048828
0 0.563367 0.217348 0.048828 0.048828
0 0.473499 0.253031 0.048828 0.048828
0 0.477464 0.184308 0.048828 0.048828
0 0.540900 0.167127 0.048828 0.048828
0 0.618874 0.131444 0.048828 0.048828
0 0.604337 0.077258 0.048828 0.048828
0 0.558081 0.098404 0.048828 0.048828
0 0.476142 0.086510 0.048828 0.048828
0 0.440459 0.130122 0.048828 0.048828
0 0.424600 0.266247 0.048828 0.048828
0 0.424600 0.213383 0.048828 0.048828
0 0.411384 0.180343 0.048828 0.048828
0 0.388917 0.127479 0.048828 0.048828
0 0.386273 0.241136 0.048828 0.048828
0 0.363806 0.176378 0.048828 0.048828
0 0.334731 0.271533 0.048828 0.048828
0 0.320194 0.230564 0.048828 0.048828
0 0.266008 0.287392 0.048828 0.048828
0 0.272616 0.223956 0.048828 0.048828
0 0.308299 0.169770 0.048828 0.048828
0 0.293762 0.145981 0.048828 0.048828
0 0.332088 0.118228 0.048828 0.048828
0 0.407419 0.074615 0.048828 0.048828
0 0.457640 0.042897 0.048828 0.048828
0 0.535614 0.029681 0.048828 0.048828
0 0.622839 0.029681 0.048828 0.048828
0 0.589799 0.001927 0.048828 0.048828
0 0.412705 0.020430 0.048828 0.048828
0 0.355877 0.036289 0.048828 0.048828
0 0.317550 0.071972 0.048828 0.048828
0 0.273938 0.003249 0.048828 0.048828
0 0.259400 0.119549 0.048828 0.048828
0 0.248827 0.048183 0.048828 0.048828
0 0.222395 0.083866 0.048828 0.048828
0 0.161602 0.101047 0.048828 0.048828
0 0.235611 0.168449 0.048828 0.048828
0 0.197285 0.164484 0.048828 0.048828
0 0.153672 0.156554 0.048828 0.048828
0 0.168210 0.194880 0.048828 0.048828
0 0.198607 0.238493 0.048828 0.048828
0 0.154994 0.247744 0.048828 0.048828
0 0.149708 0.287392 0.048828 0.048828
0 0.202571 0.307216 0.048828 0.048828
0 0.123276 0.307216 0.048828 0.048828
0 0.107416 0.267568 0.048828 0.048828
0 0.077020 0.295322 0.048828 0.048828
0 0.071733 0.250388 0.048828 0.048828
0 0.086271 0.216026 0.048828 0.048828
0 0.123276 0.206775 0.048828 0.048828
0 0.038693 0.193559 0.048828 0.048828
0 0.088914 0.149946 0.048828 0.048828
0 0.086271 0.102369 0.048828 0.048828
0 0.129884 0.048183 0.048828 0.048828
0 0.199928 0.015143 0.048828 0.048828
0 0.098165 0.019108 0.048828 0.048828
0 0.036050 0.011178 0.048828 0.048828
0 0.040015 0.068007 0.048828 0.048828
0 0.021513 0.114263 0.048828 0.048828
0 0.005653 0.169770 0.048828 0.048828