0 0.973975 0.885604 0.048828 0.048828
0 0.965474 0.813815 0.048828 0.048828
0 0.971141 0.779810 0.048828 0.048828
0 0.924856 0.948891 0.048828 0.048828
0 0.875738 0.951725 0.048828 0.048828
0 0.851178 0.977229 0.048828 0.048828
0 0.771833 0.994232 0.048828 0.048828
0 0.807727 0.942279 0.048828 0.048828
0 0.901242 0.871435 0.048828 0.048828
0 0.845511 0.888438 0.048828 0.048828
0 0.859680 0.856322 0.048828 0.048828
0 0.912577 0.823261 0.048828 0.048828
0 0.855901 0.806258 0.048828 0.048828
0 0.904075 0.767530 0.048828 0.048828
0 0.825674 0.766586 0.048828 0.048828
0 0.786002 0.734470 0.048828 0.048828
0 0.774667 0.777921 0.048828 0.048828
0 0.785057 0.827984 0.048828 0.048828
0 0.793558 0.887493 0.048828 0.048828
0 0.762387 0.920554 0.048828 0.048828
0 0.720825 0.895994 0.048828 0.048828
0 0.718936 0.953614 0.048828 0.048828
0 0.550799 0.986675 0.048828 0.048828
0 0.632034 0.961171 0.048828 0.048828
0 0.657538 0.930000 0.048828 0.048828
0 0.670762 0.894105 0.048828 0.048828
0 0.674540 0.850654 0.048828 0.048828
0 0.632978 0.840264 0.048828 0.048828
0 0.611253 0.890327 0.048828 0.048828
0 0.550799 0.895994 0.048828 0.048828
0 0.535686 0.855377 0.048828 0.048828
0 0.545132 0.806258 0.048828 0.048828
0 0.590472 0.797757 0.048828 0.048828
0 0.502625 0.846876 0.048828 0.048828
0 0.526240 0.941335 0.048828 0.048828
0 0.475232 0.923388 0.048828 0.048828
0 0.457285 0.988564 0.048828 0.048828
0 0.445005 0.910163 0.048828 0.048828
0 0.418557 0.968728 0.048828 0.048828
0 0.351491 0.976284 0.048828 0.048828
0 0.284425 0.967783 0.048828 0.048828
0 0.307095 0.933778 0.048828 0.048828
0 0.376050 0.927166 0.048828 0.048828
0 0.228694 0.922443 0.048828 0.048828
0 0.277813 0.892216 0.048828 0.048828
0 0.343934 0.897884 0.048828 0.048828
0 0.395887 0.853488 0.048828 0.048828
0 0.423280 0.804369 0.048828 0.048828
0 0.368493 0.797757 0.048828 0.048828
0 0.318430 0.829873 0.048828 0.048828
0 0.258921 0.839319 0.048828 0.048828
0 0.235306 0.802480 0.048828 0.048828
0 0.183354 0.792090 0.048828 0.048828
0 0.206969 0.832707 0.048828 0.048828
0 0.150293 0.836485 0.048828 0.048828
0 0.177686 0.899773 0.048828 0.048828
0 0.139903 0.958337 0.048828 0.048828
0 0.094563 0.941335 0.048828 0.048828
0 0.117233 0.889382 0.048828 0.048828
0 0.088895 0.810981 0.048828 0.048828
0 0.065280 0.874269 0.048828 0.048828
0 0.049222 0.906385 0.048828 0.048828
0 0.052056 0.960226 0.048828 0.048828
0 0.003882 0.975340 0.048828 0.048828
0 0.022774 0.821372 0.048828 0.048828
0 0.012383 0.669293 0.048828 0.048828
0 0.027497 0.606950 0.048828 0.048828
0 0.070948 0.615452 0.048828 0.048828
0 0.108731 0.652291 0.048828 0.048828
0 0.111565 0.703298 0.048828 0.048828
0 0.060557 0.680628 0.048828 0.048828
0 0.053001 0.750528 0.048828 0.048828
0 0.119122 0.764697 0.048828 0.048828
0 0.154072 0.699520 0.048828 0.048828
0 0.149349 0.608839 0.048828 0.048828
0 0.098341 0.554998 0.048828 0.048828
0 0.054890 0.547441 0.048828 0.048828
0 0.014273 0.478486 0.048828 0.048828
0 0.065280 0.488877 0.048828 0.048828
0 0.112510 0.478486 0.048828 0.048828
0 0.127623 0.420866 0.048828 0.048828
0 0.047333 0.432201 0.048828 0.048828
0 0.049222 0.393473 0.048828 0.048828
0 0.097396 0.358523 0.048828 0.048828
0 0.143681 0.319795 0.048828 0.048828
0 0.140848 0.242339 0.048828 0.048828
0 0.107787 0.275400 0.048828 0.048828
0 0.069059 0.304682 0.048828 0.048828
0 0.008605 0.338687 0.048828 0.048828
0 0.014273 0.247062 0.048828 0.048828
0 0.070948 0.253674 0.048828 0.048828
0 0.114399 0.213057 0.048828 0.048828
0 0.054890 0.181885 0.048828 0.048828
0 0.016162 0.145991 0.048828 0.048828
0 0.054890 0.113875 0.048828 0.048828
0 0.040721 0.061922 0.048828 0.048828
0 0.129512 0.080814 0.048828 0.048828
0 0.124790 0.047754 0.048828 0.048828
0 0.155016 0.039252 0.048828 0.048828
0 0.014273 0.028862 0.048828 0.048828
0 0.721770 0.807203 0.048828 0.048828
0 0.693432 0.768475 0.048828 0.048828
0 0.718936 0.731636 0.048828 0.048828
0 0.652815 0.711800 0.048828 0.048828
0 0.738772 0.687240 0.048828 0.048828
0 0.701933 0.658903 0.048828 0.048828
0 0.792614 0.684407 0.048828 0.048828
0 0.856846 0.719356 0.048828 0.048828
0 0.851178 0.635288 0.048828 0.048828
0 0.812450 0.590892 0.048828 0.048828
0 0.753886 0.610729 0.048828 0.048828
0 0.757664 0.569167 0.048828 0.048828
0 0.803949 0.502101 0.048828 0.048828
0 0.785057 0.540829 0.048828 0.048828
0 0.847400 0.565388 0.048828 0.048828
0 0.854012 0.515325 0.048828 0.048828
0 0.840788 0.452982 0.048828 0.048828
0 0.832287 0.400085 0.048828 0.048828
0 0.800171 0.379304 0.048828 0.048828
0 0.750107 0.418032 0.048828 0.048828
0 0.756719 0.470929 0.048828 0.048828
0 0.708545 0.469040 0.048828 0.048828
0 0.734994 0.519103 0.048828 0.048828
0 0.673596 0.506824 0.048828 0.048828
0 0.705712 0.558776 0.048828 0.048828
0 0.667928 0.534217 0.048828 0.048828
0 0.626366 0.557832 0.048828 0.048828
0 0.585749 0.541774 0.048828 0.048828
0 0.606530 0.604116 0.048828 0.048828
0 0.671706 0.604116 0.048828 0.048828
0 0.591416 0.645678 0.048828 0.048828
0 0.575358 0.700465 0.048828 0.048828
0 0.613142 0.753362 0.048828 0.048828
0 0.531907 0.766586 0.048828 0.048828
0 0.529074 0.709910 0.048828 0.048828
0 0.533796 0.623008 0.048828 0.048828
0 0.540409 0.559721 0.048828 0.048828
0 0.544187 0.504935 0.048828 0.048828
0 0.624477 0.458650 0.048828 0.048828
0 0.560245 0.450148 0.048828 0.048828
0 0.601807 0.402919 0.048828 0.048828
0 0.640535 0.402919 0.048828 0.048828
0 0.692487 0.400085 0.048828 0.048828
0 0.744440 0.363246 0.048828 0.048828
0 0.681152 0.347188 0.048828 0.048828
0 0.614087 0.362302 0.048828 0.048828
0 0.581971 0.331130 0.048828 0.048828
0 0.624477 0.314128 0.048828 0.048828
0 0.684931 0.311294 0.048828 0.048828
0 0.765221 0.301848 0.048828 0.048828
0 0.830397 0.284845 0.048828 0.048828
0 0.842677 0.220613 0.048828 0.048828
0 0.797337 0.214946 0.048828 0.048828
0 0.725548 0.271621 0.048828 0.048828
0 0.734994 0.232893 0.048828 0.048828
0 0.680208 0.217780 0.048828 0.048828
0 0.646203 0.262175 0.048828 0.048828
0 0.604641 0.234782 0.048828 0.048828
0 0.544187 0.239505 0.048828 0.048828
0 0.557411 0.283901 0.048828 0.048828
0 0.521517 0.314128 0.048828 0.048828
0 0.550799 0.376471 0.048828 0.048828
0 0.483733 0.783588 0.048828 0.048828
0 0.488456 0.713689 0.048828 0.048828
0 0.433670 0.743916 0.048828 0.048828
0 0.393997 0.752417 0.048828 0.048828
0 0.342045 0.759029 0.048828 0.048828
0 0.187132 0.739193 0.048828 0.048828
0 0.286314 0.739193 0.048828 0.048828
0 0.342045 0.725968 0.048828 0.048828
0 0.388330 0.707077 0.048828 0.048828
0 0.431781 0.670238 0.048828 0.048828
0 0.503570 0.645678 0.048828 0.048828
0 0.484678 0.589003 0.048828 0.048828
0 0.497902 0.536106 0.048828 0.048828
0 0.502625 0.461484 0.048828 0.048828
0 0.480900 0.418977 0.048828 0.048828
0 0.435559 0.429368 0.048828 0.048828
0 0.452562 0.461484 0.048828 0.048828
0 0.463897 0.515325 0.048828 0.048828
0 0.426113 0.494544 0.048828 0.048828
0 0.433670 0.549330 0.048828 0.048828
0 0.435559 0.603172 0.048828 0.048828
0 0.393997 0.653235 0.048828 0.048828
0 0.384551 0.596560 0.048828 0.048828
0 0.374161 0.549330 0.048828 0.048828
0 0.361881 0.499267 0.048828 0.048828
0 0.377939 0.460539 0.048828 0.048828
0 0.481844 0.366080 0.048828 0.048828
0 0.427058 0.383083 0.048828 0.048828
0 0.378884 0.389695 0.048828 0.048828
0 0.330710 0.417088 0.048828 0.048828
0 0.277813 0.435035 0.048828 0.048828
0 0.298594 0.480375 0.048828 0.048828
0 0.204135 0.469040 0.048828 0.048828
0 0.176742 0.513436 0.048828 0.048828
0 0.224916 0.531383 0.048828 0.048828
0 0.273090 0.535161 0.048828 0.048828
0 0.323153 0.591837 0.048828 0.048828
0 0.345823 0.646623 0.048828 0.048828
0 0.318430 0.676850 0.048828 0.048828
0 0.253254 0.700465 0.048828 0.048828
0 0.271201 0.632454 0.048828 0.048828
0 0.229639 0.660792 0.048828 0.048828
0 0.177686 0.637177 0.048828 0.048828
0 0.237196 0.583336 0.048828 0.048828
0 0.165407 0.562555 0.048828 0.048828
0 0.217359 0.419922 0.048828 0.048828
0 0.183354 0.388750 0.048828 0.048828
0 0.252309 0.384027 0.048828 0.048828
0 0.224916 0.349077 0.048828 0.048828
0 0.288203 0.353800 0.048828 0.048828
0 0.347712 0.352856 0.048828 0.048828
0 0.398720 0.357579 0.048828 0.048828
0 0.396831 0.316017 0.048828 0.048828
0 0.457285 0.334909 0.048828 0.048828
0 0.487512 0.297125 0.048828 0.048828
0 0.450673 0.278233 0.048828 0.048828
0 0.459174 0.239505 0.048828 0.048828
0 0.455396 0.176218 0.048828 0.048828
0 0.411000 0.217780 0.048828 0.048828
0 0.384551 0.254619 0.048828 0.048828
0 0.356214 0.231004 0.048828 0.048828
0 0.326932 0.256508 0.048828 0.048828
0 0.304261 0.277289 0.048828 0.048828
0 0.272145 0.291458 0.048828 0.048828
0 0.229639 0.293347 0.048828 0.048828
0 0.342045 0.305626 0.048828 0.048828
0 0.237196 0.245173 0.048828 0.048828
0 0.294816 0.214946 0.048828 0.048828
0 0.331654 0.179996 0.048828 0.048828
0 0.411945 0.159215 0.048828 0.048828
0 0.376995 0.183774 0.048828 0.048828
0 0.343934 0.128044 0.048828 0.048828
0 0.297649 0.136545 0.048828 0.048828
0 0.429892 0.122376 0.048828 0.048828
0 0.472398 0.116709 0.048828 0.048828
0 0.430836 0.070424 0.048828 0.048828
0 0.404388 0.086482 0.048828 0.048828
0 0.358103 0.065701 0.048828 0.048828
0 0.364715 0.029806 0.048828 0.048828
0 0.329765 0.038308 0.048828 0.048828
0 0.322209 0.066645 0.048828 0.048828
0 0.263644 0.067590 0.048828 0.048828
0 0.257977 0.145991 0.048828 0.048828
0 0.210747 0.167716 0.048828 0.048828
0 0.193744 0.217780 0.048828 0.048828
0 0.210747 0.094038 0.048828 0.048828
0 0.177686 0.071368 0.048828 0.048828
0 0.172964 0.137490 0.048828 0.048828
0 0.509237 0.180941 0.048828 0.048828
0 0.540409 0.150714 0.048828 0.048828
0 0.504514 0.134656 0.048828 0.048828
0 0.530018 0.085537 0.048828 0.048828
0 0.495068 0.057200 0.048828 0.048828
0 0.477121 0.009025 0.048828 0.048828
0 0.409111 0.019416 0.048828 0.048828
0 0.319375 0.011859 0.048828 0.048828
0 0.235306 0.009025 0.048828 0.048828
0 0.105898 0.011859 0.048828 0.048828
0 0.849289 0.013748 0.048828 0.048828
0 0.604641 0.015638 0.048828 0.048828
0 0.529074 0.022250 0.048828 0.048828
0 0.581971 0.071368 0.048828 0.048828
0 0.641480 0.054366 0.048828 0.048828
0 0.695321 0.041142 0.048828 0.048828
0 0.749163 0.039252 0.048828 0.048828
0 0.582915 0.171495 0.048828 0.048828
0 0.623532 0.176218 0.048828 0.048828
0 0.683042 0.172439 0.048828 0.048828
0 0.734049 0.179996 0.048828 0.048828
0 0.780334 0.157326 0.048828 0.048828
0 0.736883 0.138434 0.048828 0.048828
0 0.660371 0.126155 0.048828 0.048828
0 0.609364 0.109152 0.048828 0.048828
0 0.690598 0.095928 0.048828 0.048828
0 0.769944 0.077980 0.048828 0.048828
0 0.820952 0.077980 0.048828 0.048828
0 0.849289 0.119542 0.048828 0.048828
0 0.879516 0.295236 0.048828 0.048828
0 0.917300 0.282956 0.048828 0.048828
0 0.885184 0.248006 0.048828 0.048828
0 0.901242 0.207389 0.048828 0.048828
0 0.896519 0.160160 0.048828 0.048828
0 0.947526 0.191331 0.048828 0.048828
0 0.963584 0.153548 0.048828 0.048828
0 0.955083 0.067590 0.048828 0.048828
0 0.928635 0.019416 0.048828 0.048828
0 0.886128 0.043031 0.048828 0.048828
0 0.901242 0.104429 0.048828 0.048828
0 0.893685 0.347188 0.048828 0.048828
0 0.946582 0.319795 0.048828 0.048828
0 0.976809 0.282956 0.048828 0.048828
0 0.990978 0.244228 0.048828 0.048828
0 0.914466 0.375526 0.048828 0.048828
0 0.956972 0.365135 0.048828 0.048828
0 0.961695 0.411420 0.048828 0.048828
0 0.946582 0.455816 0.048828 0.048828
0 0.873848 0.433146 0.048828 0.048828
0 0.881405 0.473763 0.048828 0.048828
0 0.913521 0.540829 0.048828 0.048828
0 0.952249 0.529494 0.048828 0.048828
0 0.904075 0.601283 0.048828 0.048828
0 0.952249 0.567278 0.048828 0.048828
0 0.904075 0.720301 0.048828 0.048828
0 0.932413 0.707077 0.048828 0.048828
0 0.894629 0.674016 0.048828 0.048828
0 0.947526 0.660792 0.048828 0.048828
0 0.980587 0.643789 0.048828 0.048828
0 0.999479 0.715578 0.048828 0.048828