0 0.365546 0.894428 0.048828 0.048828
0 0.326858 0.877847 0.048828 0.048828
0 0.319489 0.900875 0.048828 0.048828
0 0.314883 0.945090 0.048828 0.048828
0 0.289091 0.930352 0.048828 0.048828
0 0.297382 0.910087 0.048828 0.048828
0 0.274353 0.892585 0.048828 0.048828
0 0.266984 0.906402 0.048828 0.048828
0 0.245798 0.899954 0.048828 0.048828
0 0.245798 0.927589 0.048828 0.048828
0 0.214479 0.897191 0.048828 0.048828
0 0.208031 0.936800 0.048828 0.048828
0 0.182239 0.922983 0.048828 0.048828
0 0.183160 0.902718 0.048828 0.048828
0 0.156447 0.895349 0.048828 0.048828
0 0.160132 0.914693 0.048828 0.048828
0 0.130655 0.899033 0.048828 0.048828
0 0.115917 0.916535 0.048828 0.048828
0 0.102100 0.898112 0.048828 0.048828
0 0.100258 0.884295 0.048828 0.048828
0 0.119602 0.878768 0.048828 0.048828
0 0.071702 0.870478 0.048828 0.048828
0 0.049595 0.855740 0.048828 0.048828
0 0.197899 0.836396 0.048828 0.048828
0 0.036699 0.937721 0.048828 0.048828
0 0.005380 0.939563 0.048828 0.048828
0 0.012749 0.977330 0.048828 0.048828
0 0.024724 0.968119 0.048828 0.048828
0 0.054201 0.957986 0.048828 0.048828
0 0.033935 0.987463 0.048828 0.048828
0 0.056043 0.996674 0.048828 0.048828
0 0.057885 0.980094 0.048828 0.048828
0 0.110390 0.989305 0.048828 0.048828
0 0.188687 0.982857 0.048828 0.048828
0 0.077795 0.911019 0.048828 0.048828
0 0.012156 0.855565 0.048828 0.048828