0 0.977233 0.849703 0.048828 0.048828
0 0.947756 0.861678 0.048828 0.048828
0 0.793005 0.867205 0.048828 0.048828
0 0.870380 0.890234 0.048828 0.048828
0 0.886961 0.877338 0.048828 0.048828
0 0.913674 0.880101 0.048828 0.048828
0 0.972627 0.881943 0.048828 0.048828
0 0.890645 0.914183 0.048828 0.048828
0 0.812348 0.897603 0.048828 0.048828
0 0.764449 0.887470 0.048828 0.048828
0 0.763528 0.864442 0.048828 0.048828
0 0.729446 0.884707 0.048828 0.048828
0 0.706417 0.895760 0.048828 0.048828
0 0.699969 0.886549 0.048828 0.048828
0 0.654833 0.889312 0.048828 0.048828
0 0.612461 0.895760 0.048828 0.048828
0 0.018410 0.914195 0.048828 0.048828
0 0.120253 0.883944 0.048828 0.048828
0 0.064794 0.662109 0.048828 0.048828
0 0.012360 0.042985 0.048828 0.048828
0 0.044627 0.022818 0.048828 0.048828
0 0.075886 0.208353 0.048828 0.048828
0 0.132353 0.199278 0.048828 0.048828
0 0.170670 0.191211 0.048828 0.048828
0 0.218063 0.183145 0.048828 0.048828
0 0.246296 0.200287 0.048828 0.048828
0 0.296713 0.190203 0.048828 0.048828