0 0.997090 0.339173 0.048828 0.048828
0 0.997090 0.452830 0.048828 0.048828
0 0.950834 0.446222 0.048828 0.048828
0 0.952155 0.513624 0.048828 0.048828
0 0.999733 0.540056 0.048828 0.048828
0 0.961407 0.900852 0.048828 0.048828
0 0.997090 0.964288 0.048828 0.048828
0 0.953477 0.956359 0.048828 0.048828
0 0.968015 0.994685 0.048828 0.048828
0 0.838498 0.993364 0.048828 0.048828
0 0.888719 0.949751 0.048828 0.048828
0 0.886076 0.902173 0.048828 0.048828
0 0.929688 0.847988 0.048828 0.048828
0 0.999733 0.814948 0.048828 0.048828
0 0.985195 0.755476 0.048828 0.048828
0 0.957442 0.797767 0.048828 0.048828
0 0.936296 0.752833 0.048828 0.048828
0 0.897970 0.818913 0.048828 0.048828
0 0.892684 0.767370 0.048828 0.048828
0 0.835855 0.810983 0.048828 0.048828
0 0.839820 0.867812 0.048828 0.048828
0 0.821317 0.914068 0.048828 0.048828
0 0.805458 0.969575 0.048828 0.048828
0 0.773740 0.941821 0.048828 0.048828
0 0.767132 0.891601 0.048828 0.048828
0 0.776383 0.989399 0.048828 0.048828
0 0.730127 0.996007 0.048828 0.048828
0 0.734092 0.939178 0.048828 0.048828
0 0.710303 0.891601 0.048828 0.048828
0 0.660083 0.956359 0.048828 0.048828
0 0.612505 0.920676 0.048828 0.048828
0 0.570214 0.881028 0.048828 0.048828
0 0.600611 0.862525 0.048828 0.048828
0 0.674620 0.865169 0.048828 0.048828
0 0.664047 0.830807 0.048828 0.048828
0 0.710303 0.821556 0.048828 0.048828
0 0.738057 0.833450 0.048828 0.048828
0 0.781669 0.826842 0.048828 0.048828
0 0.564928 0.826842 0.048828 0.048828
0 0.525280 0.850631 0.048828 0.048828
0 0.419552 0.850631 0.048828 0.048828
0 0.403693 0.796446 0.048828 0.048828
0 0.452592 0.813626 0.048828 0.048828
0 0.509420 0.791159 0.048828 0.048828
0 0.537174 0.767370 0.048828 0.048828
0 0.600611 0.776622 0.048828 0.048828
0 0.648188 0.783230 0.048828 0.048828
0 0.705017 0.777943 0.048828 0.048828
0 0.748630 0.770014 0.048828 0.048828
0 0.809423 0.776622 0.048828 0.048828
0 0.821317 0.726401 0.048828 0.048828
0 0.855679 0.710542 0.048828 0.048828
0 0.921759 0.689396 0.048828 0.048828
0 0.989160 0.668251 0.048828 0.048828
0 0.953477 0.639176 0.048828 0.048828
0 0.953477 0.584990 0.048828 0.048828
0 0.907221 0.571774 0.048828 0.048828
0 0.897970 0.640497 0.048828 0.048828
0 0.831890 0.641819 0.048828 0.048828
0 0.797529 0.685431 0.048828 0.048828
0 0.792242 0.653713 0.048828 0.048828
0 0.769775 0.623316 0.048828 0.048828
0 0.796207 0.592920 0.048828 0.048828
0 0.841141 0.541377 0.048828 0.048828
0 0.883432 0.517589 0.048828 0.048828
0 0.755237 0.551950 0.048828 0.048828
0 0.782991 0.544021 0.048828 0.048828
0 0.756559 0.508338 0.048828 0.048828
0 0.715590 0.507016 0.048828 0.048828
0 0.666691 0.555915 0.048828 0.048828
0 0.687836 0.603492 0.048828 0.048828
0 0.714268 0.655035 0.048828 0.048828
0 0.749951 0.684110 0.048828 0.048828
0 0.761845 0.722436 0.048828 0.048828
0 0.689158 0.710542 0.048828 0.048828
0 0.666691 0.643140 0.048828 0.048828
0 0.641580 0.604814 0.048828 0.048828
0 0.559641 0.598206 0.048828 0.048828
0 0.571536 0.653713 0.048828 0.048828
0 0.482989 0.756798 0.048828 0.048828
0 0.522636 0.711863 0.048828 0.048828
0 0.479024 0.703934 0.048828 0.048828
0 0.432768 0.686753 0.048828 0.048828
0 0.442019 0.595563 0.048828 0.048828
0 0.435411 0.534769 0.048828 0.048828
0 0.525280 0.558558 0.048828 0.048828
0 0.603254 0.557237 0.048828 0.048828
0 0.570214 0.538734 0.048828 0.048828
0 0.631007 0.507016 0.048828 0.048828
0 0.572857 0.489835 0.048828 0.048828
0 0.538496 0.499086 0.048828 0.048828
0 0.546425 0.447544 0.048828 0.048828
0 0.505456 0.427720 0.048828 0.048828
0 0.457878 0.433006 0.048828 0.048828
0 0.465808 0.477941 0.048828 0.048828
0 0.419552 0.479262 0.048828 0.048828
0 0.375939 0.459438 0.048828 0.048828
0 0.337613 0.479262 0.048828 0.048828
0 0.325719 0.551950 0.048828 0.048828
0 0.286071 0.529483 0.048828 0.048828
0 0.233207 0.520232 0.048828 0.048828
0 0.251709 0.477941 0.048828 0.048828
0 0.287392 0.454152 0.048828 0.048828
0 0.334970 0.429042 0.048828 0.048828
0 0.368010 0.401288 0.048828 0.048828
0 0.420874 0.407896 0.048828 0.048828
0 0.411622 0.360319 0.048828 0.048828
0 0.467129 0.370891 0.048828 0.048828
0 0.505456 0.364283 0.048828 0.048828
0 0.555676 0.403931 0.048828 0.048828
0 0.599289 0.434328 0.048828 0.048828
0 0.665369 0.454152 0.048828 0.048828
0 0.712946 0.464725 0.048828 0.048828
0 0.780348 0.462082 0.048828 0.048828
0 0.765810 0.438293 0.048828 0.048828
0 0.802815 0.413183 0.048828 0.048828
0 0.842463 0.407896 0.048828 0.048828
0 0.847749 0.454152 0.048828 0.048828
0 0.901935 0.470011 0.048828 0.048828
0 0.895327 0.411861 0.048828 0.048828
0 0.841141 0.349746 0.048828 0.048828
0 0.870216 0.349746 0.048828 0.048828
0 0.908543 0.355032 0.048828 0.048828
0 0.949512 0.364283 0.048828 0.048828
0 0.749951 0.341816 0.048828 0.048828
0 0.707660 0.368248 0.048828 0.048828
0 0.697087 0.426399 0.048828 0.048828
0 0.642902 0.399967 0.048828 0.048828
0 0.613827 0.365605 0.048828 0.048828
0 0.649510 0.345781 0.048828 0.048828
0 0.695766 0.332565 0.048828 0.048828
0 0.800172 0.316706 0.048828 0.048828
0 0.870216 0.308776 0.048828 0.048828
0 0.950834 0.304812 0.048828 0.048828
0 0.999733 0.292917 0.048828 0.048828
0 0.973301 0.242697 0.048828 0.048828
0 0.929688 0.263842 0.048828 0.048828
0 0.879468 0.246661 0.048828 0.048828
0 0.924402 0.200405 0.048828 0.048828
0 0.785634 0.258556 0.048828 0.048828
0 0.727484 0.278380 0.048828 0.048828
0 0.697087 0.275736 0.048828 0.048828
0 0.633651 0.295560 0.048828 0.048828
0 0.588716 0.283666 0.048828 0.048828
0 0.613827 0.255913 0.048828 0.048828
0 0.662726 0.225516 0.048828 0.048828
0 0.722198 0.207013 0.048828 0.048828
0 0.773740 0.208335 0.048828 0.048828
0 0.841141 0.209657 0.048828 0.048828
0 0.773740 0.163401 0.048828 0.048828
0 0.855679 0.136969 0.048828 0.048828
0 0.901935 0.151506 0.048828 0.048828
0 0.896648 0.101286 0.048828 0.048828
0 0.941583 0.125074 0.048828 0.048828
0 0.563606 0.332565 0.048828 0.048828
0 0.523958 0.290274 0.048828 0.048828
0 0.479024 0.308776 0.048828 0.048828
0 0.432768 0.315384 0.048828 0.048828
0 0.391798 0.287631 0.048828 0.048828
0 0.366688 0.331244 0.048828 0.048828
0 0.315146 0.318028 0.048828 0.048828
0 0.315146 0.372213 0.048828 0.048828
0 0.278141 0.329922 0.048828 0.048828
0 0.223956 0.370891 0.048828 0.048828
0 0.247744 0.312741 0.048828 0.048828
0 0.280784 0.274415 0.048828 0.048828
0 0.210740 0.295560 0.048828 0.048828
0 0.194880 0.343138 0.048828 0.048828
0 0.167127 0.320671 0.048828 0.048828
0 0.184308 0.281023 0.048828 0.048828
0 0.233207 0.255913 0.048828 0.048828
0 0.205453 0.224194 0.048828 0.048828
0 0.274176 0.210978 0.048828 0.048828
0 0.241136 0.166044 0.048828 0.048828
0 0.192237 0.158114 0.048828 0.048828
0 0.227920 0.126396 0.048828 0.048828
0 0.259639 0.101286 0.048828 0.048828
0 0.301930 0.163401 0.048828 0.048828
0 0.348186 0.278380 0.048828 0.048828
0 0.357437 0.218908 0.048828 0.048828
0 0.356115 0.176617 0.048828 0.048828
0 0.407658 0.234767 0.048828 0.048828
0 0.398406 0.199084 0.048828 0.048828
0 0.445984 0.180582 0.048828 0.048828
0 0.447305 0.255913 0.048828 0.048828
0 0.489597 0.247983 0.048828 0.048828
0 0.514707 0.216265 0.048828 0.048828
0 0.545104 0.251948 0.048828 0.048828
0 0.590038 0.207013 0.048828 0.048828
0 0.553033 0.173974 0.048828 0.048828
0 0.522636 0.135647 0.048828 0.048828
0 0.468451 0.107894 0.048828 0.048828
0 0.416909 0.126396 0.048828 0.048828
0 0.357437 0.131682 0.048828 0.048828
0 0.307216 0.098643 0.048828 0.048828
0 0.344221 0.060316 0.048828 0.048828
0 0.272855 0.056351 0.048828 0.048828
0 0.313824 0.039171 0.048828 0.048828
0 0.219991 0.064281 0.048828 0.048828
0 0.200167 0.028598 0.048828 0.048828
0 0.271533 0.000844 0.048828 0.048828
0 0.365366 0.031241 0.048828 0.048828
0 0.389155 0.088070 0.048828 0.048828
0 0.423517 0.058995 0.048828 0.048828
0 0.427481 0.002166 0.048828 0.048828
0 0.502813 0.058995 0.048828 0.048828
0 0.529244 0.025955 0.048828 0.048828
0 0.603254 0.055030 0.048828 0.048828
0 0.574179 0.097321 0.048828 0.048828
0 0.597967 0.119788 0.048828 0.048828
0 0.658761 0.151506 0.048828 0.048828
0 0.661404 0.107894 0.048828 0.048828
0 0.715590 0.136969 0.048828 0.048828
0 0.756559 0.126396 0.048828 0.048828
0 0.726162 0.077497 0.048828 0.048828
0 0.776383 0.065603 0.048828 0.048828
0 0.833212 0.084105 0.048828 0.048828
0 0.818674 0.023311 0.048828 0.048828
0 0.763167 0.014060 0.048828 0.048828
0 0.716911 0.028598 0.048828 0.048828
0 0.668012 0.036527 0.048828 0.048828
0 0.904578 0.035206 0.048828 0.048828
0 0.948191 0.047100 0.048828 0.048828
0 0.514306 0.642008 0.048828 0.048828
0 0.488419 0.158785 0.048828 0.048828
0 0.172023 0.125228 0.048828 0.048828
0 0.127919 0.164538 0.048828 0.048828
0 0.088609 0.028392 0.048828 0.048828