0 0.913162 0.121336 0.048828 0.048828
0 0.964337 0.113148 0.048828 0.048828
0 0.988900 0.587024 0.048828 0.048828
0 0.291904 0.312728 0.048828 0.048828
0 0.205931 0.323987 0.048828 0.048828
0 0.222307 0.335245 0.048828 0.048828
0 0.273481 0.345480 0.048828 0.048828
0 0.282693 0.390514 0.048828 0.048828
0 0.244824 0.395631 0.048828 0.048828
0 0.214119 0.410983 0.048828 0.048828
0 0.198766 0.396655 0.048828 0.048828
0 0.111770 0.427359 0.048828 0.048828
0 0.049337 0.641269 0.048828 0.048828
0 0.012491 0.647410 0.048828 0.048828
0 0.029891 0.663785 0.048828 0.048828
0 0.015562 0.676067 0.048828 0.048828
0 0.482273 0.677091 0.048828 0.048828
0 0.012360 0.842789 0.048828 0.048828
0 0.044627 0.822622 0.048828 0.048828
0 0.132353 0.999083 0.048828 0.048828
0 0.170670 0.991016 0.048828 0.048828
0 0.218063 0.982949 0.048828 0.048828
0 0.296713 0.990008 0.048828 0.048828