0 0.987708 0.837318 0.048828 0.048828
0 0.945414 0.831099 0.048828 0.048828
0 0.920534 0.829855 0.048828 0.048828
0 0.875751 0.828611 0.048828 0.048828
0 0.977757 0.745265 0.048828 0.048828
0 0.983976 0.721630 0.048828 0.048828
0 0.959097 0.722874 0.048828 0.048828
0 0.946657 0.724118 0.048828 0.048828
0 0.911826 0.737801 0.048828 0.048828
0 0.900631 0.717898 0.048828 0.048828
0 0.848384 0.741533 0.048828 0.048828
0 0.837189 0.710434 0.048828 0.048828
0 0.844652 0.694262 0.048828 0.048828
0 0.809821 0.688043 0.048828 0.048828
0 0.803601 0.709190 0.048828 0.048828
0 0.803601 0.726605 0.048828 0.048828
0 0.794894 0.854734 0.048828 0.048828
0 0.762551 0.849758 0.048828 0.048828
0 0.692889 0.920664 0.048828 0.048828
0 0.728964 0.843538 0.048828 0.048828
0 0.786186 0.736557 0.048828 0.048828
0 0.783698 0.707946 0.048828 0.048828
0 0.755087 0.727849 0.048828 0.048828
0 0.756331 0.750241 0.048828 0.048828
0 0.735183 0.766412 0.048828 0.048828
0 0.725232 0.752729 0.048828 0.048828
0 0.920534 0.541255 0.048828 0.048828
0 0.967805 0.543743 0.048828 0.048828
0 0.995172 0.511399 0.048828 0.048828