0 0.743628 0.258583 0.048828 0.048828
0 0.724354 0.297130 0.048828 0.048828
0 0.677777 0.313191 0.048828 0.048828
0 0.790205 0.306766 0.048828 0.048828
0 0.833570 0.263402 0.048828 0.048828
0 0.942785 0.255371 0.048828 0.048828
0 0.992574 0.252159 0.048828 0.048828
0 0.841600 0.316403 0.048828 0.048828
0 0.872116 0.342101 0.048828 0.048828
0 0.920299 0.337283 0.048828 0.048828
0 0.971695 0.334070 0.048828 0.048828
0 0.809478 0.345313 0.048828 0.048828
0 0.721142 0.345313 0.048828 0.048828
0 0.983648 0.916870 0.048828 0.048828
0 0.996368 0.853272 0.048828 0.048828
0 0.924290 0.909451 0.048828 0.048828
0 0.902031 0.856452 0.048828 0.048828
0 0.953969 0.828893 0.048828 0.048828
0 0.937010 0.783315 0.048828 0.048828
0 0.878712 0.793914 0.048828 0.048828
0 0.832073 0.776955 0.048828 0.048828
0 0.844793 0.832073 0.048828 0.048828
0 0.880831 0.750456 0.048828 0.048828
0 0.843733 0.728196 0.048828 0.048828
0 0.787555 0.722897 0.048828 0.048828
0 0.838433 0.687918 0.048828 0.048828
0 0.800274 0.683678 0.048828 0.048828
0 0.823593 0.651879 0.048828 0.048828
0 0.775895 0.665658 0.048828 0.048828
0 0.786495 0.617960 0.048828 0.048828
0 0.769535 0.582981 0.048828 0.048828
0 0.838433 0.596761 0.048828 0.048828
0 0.769535 0.517263 0.048828 0.048828
0 0.723957 0.475925 0.048828 0.048828
0 0.686858 0.455785 0.048828 0.048828
0 0.758935 0.423986 0.048828 0.048828
0 0.685798 0.410207 0.048828 0.048828
0 0.668838 0.357208 0.048828 0.048828
0 0.832073 0.378408 0.048828 0.048828
0 0.870232 0.389007 0.048828 0.048828
0 0.928530 0.382648 0.048828 0.048828
0 0.980468 0.381588 0.048828 0.048828
0 0.929590 0.429286 0.048828 0.048828
0 0.878712 0.423986 0.048828 0.048828
0 0.832073 0.419746 0.048828 0.048828
0 0.810874 0.471685 0.048828 0.048828
0 0.838433 0.491824 0.048828 0.048828
0 0.895671 0.482284 0.048828 0.048828
0 0.960329 0.460025 0.048828 0.048828
0 0.902031 0.499244 0.048828 0.048828
0 0.844793 0.546942 0.048828 0.048828
0 0.876592 0.571322 0.048828 0.048828
0 0.929590 0.582981 0.048828 0.048828
0 0.908391 0.679438 0.048828 0.048828
0 0.960329 0.667778 0.048828 0.048828
0 0.947609 0.611600 0.048828 0.048828
0 0.957149 0.695337 0.048828 0.048828
0 0.948669 0.737736 0.048828 0.048828
0 0.973048 0.769535 0.048828 0.048828
0 0.977288 0.531043 0.048828 0.048828
0 0.922170 0.546942 0.048828 0.048828
0 0.951849 0.513023 0.048828 0.048828
0 0.994248 0.487584 0.048828 0.048828