0 0.528880 0.107111 0.048828 0.048828
0 0.497781 0.103379 0.048828 0.048828
0 0.444290 0.090939 0.048828 0.048828
0 0.395776 0.090939 0.048828 0.048828
0 0.317406 0.003862 0.048828 0.048828
0 0.053685 0.006350 0.048828 0.048828
0 0.273867 0.099647 0.048828 0.048828
0 0.382092 0.074768 0.048828 0.048828
0 0.245256 0.170553 0.048828 0.048828
0 0.220377 0.151894 0.048828 0.048828
0 0.151958 0.127014 0.048828 0.048828
0 0.035026 0.085963 0.048828 0.048828
0 0.031294 0.118307 0.048828 0.048828
0 0.003927 0.217824 0.048828 0.048828
0 0.030050 0.207872 0.048828 0.048828
0 0.048709 0.225288 0.048828 0.048828
0 0.078565 0.241459 0.048828 0.048828
0 0.104688 0.268826 0.048828 0.048828
0 0.148227 0.275046 0.048828 0.048828
0 0.030259 0.312602 0.048828 0.048828
0 0.106793 0.410839 0.048828 0.048828
0 0.037113 0.447393 0.048828 0.048828