0 0.017694 0.025495 0.048828 0.048828
0 0.067955 0.068903 0.048828 0.048828
0 0.021121 0.094033 0.048828 0.048828
0 0.647101 0.184275 0.048828 0.048828
0 0.595698 0.408166 0.048828 0.048828
0 0.556859 0.375039 0.048828 0.048828
0 0.529444 0.517827 0.048828 0.048828
0 0.443772 0.513258 0.048828 0.048828
0 0.408360 0.423016 0.048828 0.048828
0 0.286134 0.412735 0.048828 0.048828
0 0.645959 0.755425 0.048828 0.048828
0 0.593413 0.748572 0.048828 0.048828
0 0.570567 0.778271 0.048828 0.048828
0 0.516879 0.771418 0.048828 0.048828
0 0.500887 0.748572 0.048828 0.048828
0 0.184469 0.722299 0.048828 0.048828
0 0.022263 0.713160 0.048828 0.048828
0 0.008555 0.756568 0.048828 0.048828
0 0.591128 0.018642 0.048828 0.048828
0 0.514594 0.020926 0.048828 0.048828