0 0.966848 0.528285 0.048828 0.048828
0 0.927538 0.498563 0.048828 0.048828
0 0.900692 0.525409 0.048828 0.048828
0 0.805773 0.502399 0.048828 0.048828
0 0.777010 0.504316 0.048828 0.048828
0 0.822073 0.548420 0.048828 0.048828
0 0.908362 0.582936 0.048828 0.048828
0 0.984106 0.592523 0.048828 0.048828
0 0.932332 0.619369 0.048828 0.048828
0 0.970683 0.654844 0.048828 0.048828
0 0.965889 0.700865 0.048828 0.048828
0 0.920827 0.690319 0.048828 0.048828
0 0.919868 0.732505 0.048828 0.048828
0 0.997529 0.792908 0.048828 0.048828
0 0.952466 0.790031 0.048828 0.048828
0 0.914115 0.781402 0.048828 0.048828
0 0.871929 0.651968 0.048828 0.048828
0 0.876723 0.695112 0.048828 0.048828
0 0.842207 0.744010 0.048828 0.048828
0 0.865218 0.790990 0.048828 0.048828
0 0.847001 0.834135 0.048828 0.048828
0 0.809609 0.857146 0.048828 0.048828
0 0.834537 0.893579 0.048828 0.048828
0 0.877682 0.872486 0.048828 0.048828
0 0.918909 0.860022 0.048828 0.048828
0 0.971642 0.879197 0.048828 0.048828
0 0.943837 0.930971 0.048828 0.048828
0 0.898775 0.915631 0.048828 0.048828
0 0.920827 0.976993 0.048828 0.048828
0 0.882476 0.964528 0.048828 0.048828
0 0.791392 0.956858 0.048828 0.048828
0 0.746329 0.957817 0.048828 0.048828
0 0.751123 0.885909 0.048828 0.048828
0 0.741535 0.810166 0.048828 0.048828
0 0.800980 0.806330 0.048828 0.048828
0 0.785639 0.755515 0.048828 0.048828
0 0.723319 0.772773 0.048828 0.048828
0 0.679215 0.764144 0.048828 0.048828
0 0.781804 0.697989 0.048828 0.048828
0 0.828784 0.699906 0.048828 0.048828
0 0.707978 0.705659 0.048828 0.048828
0 0.739618 0.655803 0.048828 0.048828
0 0.725236 0.613617 0.048828 0.048828
0 0.777969 0.583894 0.048828 0.048828
0 0.831660 0.601152 0.048828 0.048828
0 0.815361 0.636627 0.048828 0.048828
0 0.704143 0.558008 0.048828 0.048828
0 0.670586 0.503357 0.048828 0.048828
0 0.679215 0.580059 0.048828 0.048828
0 0.683050 0.630874 0.048828 0.048828
0 0.665792 0.684566 0.048828 0.048828
0 0.713731 0.857146 0.048828 0.048828
0 0.700308 0.902208 0.048828 0.048828
0 0.668669 0.897414 0.048828 0.048828
0 0.684009 0.970281 0.048828 0.048828
0 0.630318 0.549379 0.048828 0.048828
0 0.562244 0.528285 0.048828 0.048828
0 0.516223 0.529244 0.048828 0.048828
0 0.475955 0.508151 0.048828 0.048828
0 0.564162 0.574307 0.048828 0.048828
0 0.634153 0.602111 0.048828 0.048828
0 0.631276 0.655803 0.048828 0.048828
0 0.608266 0.670184 0.048828 0.048828
0 0.626482 0.739216 0.048828 0.048828
0 0.571832 0.709494 0.048828 0.048828
0 0.506635 0.733463 0.048828 0.048828
0 0.538275 0.763186 0.048828 0.048828
0 0.606348 0.782361 0.048828 0.048828
0 0.646617 0.809207 0.048828 0.048828
0 0.638946 0.860022 0.048828 0.048828
0 0.596760 0.887826 0.048828 0.048828
0 0.637988 0.900290 0.048828 0.048828
0 0.556492 0.859063 0.048828 0.048828
0 0.548822 0.806330 0.048828 0.048828
0 0.491295 0.790031 0.048828 0.048828
0 0.497048 0.862898 0.048828 0.048828
0 0.529646 0.887826 0.048828 0.048828
0 0.602513 0.968364 0.048828 0.048828
0 0.549780 0.975075 0.048828 0.048828
0 0.505677 0.944394 0.048828 0.048828
0 0.472119 0.994251 0.048828 0.048828
0 0.470202 0.917548 0.048828 0.048828
0 0.463491 0.882074 0.048828 0.048828
0 0.412675 0.893579 0.048828 0.048828
0 0.431851 0.837970 0.048828 0.048828
0 0.379118 0.851393 0.048828 0.048828
0 0.449109 0.759350 0.048828 0.048828
0 0.405005 0.791949 0.048828 0.048828
0 0.352273 0.801537 0.048828 0.048828
0 0.359943 0.737299 0.048828 0.048828
0 0.424181 0.730587 0.048828 0.048828
0 0.443356 0.683607 0.048828 0.048828
0 0.388706 0.674978 0.048828 0.048828
0 0.440480 0.634710 0.048828 0.048828
0 0.521976 0.609781 0.048828 0.048828
0 0.542110 0.647174 0.048828 0.048828
0 0.554574 0.621287 0.048828 0.048828
0 0.492254 0.581018 0.048828 0.048828
0 0.442397 0.564719 0.048828 0.048828
0 0.387747 0.550337 0.048828 0.048828
0 0.358025 0.513904 0.048828 0.048828
0 0.328303 0.563760 0.048828 0.048828
0 0.373366 0.615534 0.048828 0.048828
0 0.333097 0.645256 0.048828 0.048828
0 0.289952 0.607864 0.048828 0.048828
0 0.265024 0.578142 0.048828 0.048828
0 0.303375 0.534997 0.048828 0.048828
0 0.230508 0.532121 0.048828 0.048828
0 0.173940 0.542667 0.048828 0.048828
0 0.139424 0.531162 0.048828 0.048828
0 0.205580 0.582936 0.048828 0.048828
0 0.218044 0.614575 0.048828 0.048828
0 0.266941 0.651009 0.048828 0.048828
0 0.214209 0.672102 0.048828 0.048828
0 0.317757 0.701824 0.048828 0.048828
0 0.321592 0.763186 0.048828 0.048828
0 0.298581 0.789072 0.048828 0.048828
0 0.280364 0.852352 0.048828 0.048828
0 0.279406 0.895497 0.048828 0.048828
0 0.344602 0.932889 0.048828 0.048828
0 0.434727 0.944394 0.048828 0.048828
0 0.319674 0.968364 0.048828 0.048828
0 0.244890 0.958776 0.048828 0.048828
0 0.188322 0.943435 0.048828 0.048828
0 0.232426 0.888785 0.048828 0.048828
0 0.214209 0.827424 0.048828 0.048828
0 0.213250 0.786196 0.048828 0.048828
0 0.244890 0.781402 0.048828 0.048828
0 0.254477 0.742092 0.048828 0.048828
0 0.195992 0.729628 0.048828 0.048828
0 0.176817 0.794825 0.048828 0.048828
0 0.126960 0.809207 0.048828 0.048828
0 0.153806 0.903167 0.048828 0.048828
0 0.124084 0.885909 0.048828 0.048828
0 0.085733 0.929054 0.048828 0.048828
0 0.141342 0.945353 0.048828 0.048828
0 0.099156 0.986580 0.048828 0.048828
0 0.036835 0.978910 0.048828 0.048828
0 0.030124 0.920425 0.048828 0.048828
0 0.022454 0.789072 0.048828 0.048828
0 0.029165 0.852352 0.048828 0.048828
0 0.061763 0.866733 0.048828 0.048828
0 0.056970 0.818795 0.048828 0.048828
0 0.085733 0.818795 0.048828 0.048828
0 0.058887 0.756474 0.048828 0.048828
0 0.138466 0.757433 0.048828 0.048828
0 0.147094 0.694154 0.048828 0.048828
0 0.168188 0.654844 0.048828 0.048828
0 0.137507 0.634710 0.048828 0.048828
0 0.143259 0.583894 0.048828 0.048828
0 0.093403 0.568554 0.048828 0.048828
0 0.058887 0.623204 0.048828 0.048828
0 0.032041 0.567595 0.048828 0.048828
0 0.009990 0.646215 0.048828 0.048828
0 0.107785 0.680731 0.048828 0.048828
0 0.082857 0.721958 0.048828 0.048828
0 0.050258 0.697989 0.048828 0.048828
0 0.007113 0.724835 0.048828 0.048828