0 0.058283 0.890014 0.048828 0.048828
0 0.022099 0.843189 0.048828 0.048828
0 0.062540 0.817647 0.048828 0.048828
0 0.164705 0.847446 0.048828 0.048828
0 0.209403 0.875115 0.048828 0.048828
0 0.283898 0.883629 0.048828 0.048828
0 0.256228 0.821904 0.048828 0.048828
0 0.311568 0.811262 0.048828 0.048828
0 0.211531 0.794234 0.048828 0.048828
0 0.128522 0.777207 0.048828 0.048828
0 0.077439 0.762308 0.048828 0.048828
0 0.017843 0.772950 0.048828 0.048828
0 0.364779 0.866602 0.048828 0.048828
0 0.409476 0.883629 0.048828 0.048828
0 0.462688 0.894271 0.048828 0.048828
0 0.518766 0.880568 0.048828 0.048828
0 0.548670 0.877050 0.048828 0.048828
0 0.592646 0.882327 0.048828 0.048828
0 0.611995 0.838351 0.048828 0.048828
0 0.583851 0.824279 0.048828 0.048828
0 0.536356 0.808447 0.048828 0.048828
0 0.518766 0.755676 0.048828 0.048828
0 0.562742 0.755676 0.048828 0.048828
0 0.620791 0.790857 0.048828 0.048828
0 0.611995 0.760953 0.048828 0.048828
0 0.626068 0.736327 0.048828 0.048828
0 0.654212 0.695869 0.048828 0.048828
0 0.582092 0.706423 0.048828 0.048828
0 0.603200 0.658929 0.048828 0.048828
0 0.680598 0.648374 0.048828 0.048828
0 0.619032 0.616712 0.048828 0.048828
0 0.560983 0.669483 0.048828 0.048828
0 0.506453 0.706423 0.048828 0.048828
0 0.444886 0.708182 0.048828 0.048828
0 0.471272 0.764471 0.048828 0.048828
0 0.483585 0.840110 0.048828 0.048828
0 0.443127 0.831315 0.048828 0.048828
0 0.427296 0.753917 0.048828 0.048828
0 0.372765 0.738086 0.048828 0.048828
0 0.393874 0.695869 0.048828 0.048828
0 0.337584 0.695869 0.048828 0.048828
0 0.281295 0.697628 0.048828 0.048828
0 0.325271 0.757435 0.048828 0.048828
0 0.276018 0.755676 0.048828 0.048828
0 0.202138 0.741604 0.048828 0.048828
0 0.219728 0.694110 0.048828 0.048828
0 0.168716 0.711700 0.048828 0.048828
0 0.096595 0.692350 0.048828 0.048828
0 0.022715 0.711700 0.048828 0.048828
0 0.006884 0.636061 0.048828 0.048828
0 0.057896 0.657170 0.048828 0.048828
0 0.108908 0.643097 0.048828 0.048828
0 0.173993 0.644856 0.048828 0.048828
0 0.242596 0.634302 0.048828 0.048828
0 0.319994 0.646615 0.048828 0.048828
0 0.291849 0.602639 0.048828 0.048828
0 0.268981 0.556904 0.048828 0.048828
0 0.175752 0.595603 0.048828 0.048828
0 0.205656 0.542832 0.048828 0.048828
0 0.114186 0.583290 0.048828 0.048828
0 0.140571 0.541073 0.048828 0.048828
0 0.049101 0.525241 0.048828 0.048828
0 0.045583 0.602639 0.048828 0.048828
0 0.010402 0.539314 0.048828 0.048828
0 0.010402 0.475988 0.048828 0.048828
0 0.101872 0.477747 0.048828 0.048828
0 0.154644 0.470711 0.048828 0.048828
0 0.242596 0.502374 0.048828 0.048828
0 0.305921 0.528759 0.048828 0.048828
0 0.376283 0.544591 0.048828 0.048828
0 0.450163 0.556904 0.048828 0.048828
0 0.501175 0.576253 0.048828 0.048828
0 0.541634 0.579772 0.048828 0.048828
0 0.576814 0.581531 0.048828 0.048828
0 0.511730 0.648374 0.048828 0.048828
0 0.462476 0.629025 0.048828 0.048828
0 0.406187 0.625507 0.048828 0.048828
0 0.353416 0.597362 0.048828 0.048828
0 0.678839 0.544591 0.048828 0.048828
0 0.717538 0.509410 0.048828 0.048828
0 0.784382 0.509410 0.048828 0.048828
0 0.780864 0.468952 0.048828 0.048828
0 0.712261 0.461916 0.048828 0.048828
0 0.670044 0.486542 0.048828 0.048828
0 0.631345 0.512928 0.048828 0.048828
0 0.585610 0.493578 0.048828 0.048828
0 0.611995 0.546350 0.048828 0.048828
0 0.546911 0.532277 0.048828 0.048828
0 0.647176 0.451361 0.048828 0.048828
0 0.596164 0.442566 0.048828 0.048828
0 0.529320 0.449602 0.048828 0.048828
0 0.480067 0.433771 0.048828 0.048828
0 0.492380 0.491819 0.048828 0.048828
0 0.434332 0.502374 0.048828 0.048828
0 0.369247 0.477747 0.048828 0.048828
0 0.041755 0.448062 0.048828 0.048828
0 0.089419 0.408158 0.048828 0.048828
0 0.143732 0.407049 0.048828 0.048828
0 0.189179 0.428110 0.048828 0.048828
0 0.244601 0.442520 0.048828 0.048828
0 0.312216 0.475773 0.048828 0.048828
0 0.437471 0.428110 0.048828 0.048828
0 0.387591 0.417025 0.048828 0.048828
0 0.326626 0.425893 0.048828 0.048828
0 0.276746 0.389314 0.048828 0.048828
0 0.236842 0.394856 0.048828 0.048828
0 0.230191 0.340543 0.048828 0.048828
0 0.183637 0.351627 0.048828 0.048828
0 0.118238 0.374904 0.048828 0.048828
0 0.123780 0.322807 0.048828 0.048828
0 0.081660 0.327241 0.048828 0.048828
0 0.046189 0.356061 0.048828 0.048828
0 0.006285 0.206421 0.048828 0.048828
0 0.049515 0.230806 0.048828 0.048828
0 0.026237 0.282903 0.048828 0.048828
0 0.086093 0.262951 0.048828 0.048828
0 0.208022 0.284012 0.048828 0.048828
0 0.145949 0.259626 0.048828 0.048828
0 0.097178 0.199770 0.048828 0.048828
0 0.045081 0.176493 0.048828 0.048828
0 0.022912 0.123287 0.048828 0.048828
0 0.022912 0.081166 0.048828 0.048828
0 0.005177 0.003575 0.048828 0.048828
0 0.075009 0.016876 0.048828 0.048828
0 0.046189 0.053455 0.048828 0.048828
0 0.089419 0.141022 0.048828 0.048828
0 0.094961 0.107769 0.048828 0.048828
0 0.100503 0.076732 0.048828 0.048828
0 0.128214 0.113311 0.048828 0.048828
0 0.145949 0.172059 0.048828 0.048828
0 0.182528 0.210854 0.048828 0.048828
0 0.261228 0.280686 0.048828 0.048828
0 0.298915 0.331675 0.048828 0.048828
0 0.343253 0.376013 0.048828 0.048828
0 0.387591 0.368254 0.048828 0.048828
0 0.433037 0.378230 0.048828 0.048828
0 0.496218 0.390423 0.048828 0.048828
0 0.554966 0.368254 0.048828 0.048828
0 0.597087 0.379338 0.048828 0.048828
0 0.674678 0.407049 0.048828 0.048828
0 0.750052 0.414808 0.048828 0.048828
0 0.798824 0.432544 0.048828 0.048828
0 0.822101 0.511243 0.048828 0.048828
0 0.845379 0.460255 0.048828 0.048828
0 0.874198 0.495725 0.048828 0.048828
0 0.921862 0.486857 0.048828 0.048828
0 0.951790 0.456929 0.048828 0.048828
0 0.907452 0.428110 0.048828 0.048828
0 0.878632 0.400399 0.048828 0.048828
0 0.828752 0.405941 0.048828 0.048828
0 0.782197 0.367145 0.048828 0.048828
0 0.838728 0.369362 0.048828 0.048828
0 0.838728 0.336109 0.048828 0.048828
0 0.926295 0.382664 0.048828 0.048828
0 0.962874 0.397073 0.048828 0.048828
0 0.983935 0.436977 0.048828 0.048828
0 0.937380 0.343868 0.048828 0.048828
0 0.945139 0.282903 0.048828 0.048828
0 0.904126 0.299530 0.048828 0.048828
0 0.960657 0.224156 0.048828 0.048828
0 0.900801 0.250758 0.048828 0.048828
0 0.840945 0.277361 0.048828 0.048828
0 0.791065 0.305072 0.048828 0.048828
0 0.746727 0.323916 0.048828 0.048828
0 0.713474 0.364928 0.048828 0.048828
0 0.654726 0.348302 0.048828 0.048828
0 0.680220 0.267385 0.048828 0.048828
0 0.681329 0.311723 0.048828 0.048828
0 0.725667 0.280686 0.048828 0.048828
0 0.767788 0.248542 0.048828 0.048828
0 0.830969 0.220830 0.048828 0.048828
0 0.887500 0.214180 0.048828 0.048828
0 0.939597 0.178709 0.048828 0.048828
0 0.979501 0.139914 0.048828 0.048828
0 0.937380 0.113311 0.048828 0.048828
0 0.975067 0.070082 0.048828 0.048828
0 0.910777 0.031286 0.048828 0.048828
0 0.883066 0.061214 0.048828 0.048828
0 0.846487 0.103335 0.048828 0.048828
0 0.881958 0.153215 0.048828 0.048828
0 0.819885 0.162083 0.048828 0.048828
0 0.777764 0.173167 0.048828 0.048828
0 0.772221 0.116636 0.048828 0.048828
0 0.751161 0.209746 0.048828 0.048828
0 0.715691 0.147673 0.048828 0.048828
0 0.707931 0.211963 0.048828 0.048828
0 0.631449 0.254084 0.048828 0.048828
0 0.641425 0.210854 0.048828 0.048828
0 0.664702 0.157649 0.048828 0.048828
0 0.675787 0.107769 0.048828 0.048828
0 0.736751 0.083383 0.048828 0.048828
0 0.837620 0.066756 0.048828 0.048828
0 0.627015 0.112203 0.048828 0.048828
0 0.602629 0.174276 0.048828 0.048828
0 0.554966 0.311723 0.048828 0.048828
0 0.546098 0.260734 0.048828 0.048828
0 0.539448 0.208637 0.048828 0.048828
0 0.562725 0.144348 0.048828 0.048828
0 0.506194 0.113311 0.048828 0.048828
0 0.576026 0.065648 0.048828 0.048828
0 0.516170 0.061214 0.048828 0.048828
0 0.632557 0.054563 0.048828 0.048828
0 0.687979 0.044587 0.048828 0.048828
0 0.490676 0.172059 0.048828 0.048828
0 0.489568 0.239674 0.048828 0.048828
0 0.482917 0.289554 0.048828 0.048828
0 0.468507 0.332783 0.048828 0.048828
0 0.426386 0.292879 0.048828 0.048828
0 0.369855 0.322807 0.048828 0.048828
0 0.373181 0.276253 0.048828 0.048828
0 0.425278 0.248542 0.048828 0.048828
0 0.379831 0.218614 0.048828 0.048828
0 0.399784 0.184252 0.048828 0.048828
0 0.427495 0.144348 0.048828 0.048828
0 0.440796 0.087817 0.048828 0.048828
0 0.382048 0.092251 0.048828 0.048828
0 0.344361 0.159866 0.048828 0.048828
0 0.324409 0.219722 0.048828 0.048828
0 0.278963 0.233023 0.048828 0.048828
0 0.280071 0.152107 0.048828 0.048828
0 0.242384 0.186469 0.048828 0.048828
0 0.212456 0.138805 0.048828 0.048828
0 0.219107 0.092251 0.048828 0.048828
0 0.165901 0.072299 0.048828 0.048828
0 0.184745 0.032395 0.048828 0.048828
0 0.120455 0.029069 0.048828 0.048828
0 0.245710 0.024635 0.048828 0.048828
0 0.278963 0.054563 0.048828 0.048828
0 0.309999 0.100010 0.048828 0.048828
0 0.326626 0.036828 0.048828 0.048828
0 0.383157 0.020202 0.048828 0.048828
0 0.437471 0.016876 0.048828 0.048828
0 0.540556 0.011334 0.048828 0.048828
0 0.777764 0.043479 0.048828 0.048828
0 0.761137 0.013551 0.048828 0.048828
0 0.850921 0.024635 0.048828 0.048828
0 0.608171 0.317265 0.048828 0.048828
0 0.322192 0.285120 0.048828 0.048828
0 0.998344 0.316157 0.048828 0.048828
0 0.995019 0.272927 0.048828 0.048828
0 0.996127 0.241891 0.048828 0.048828