0 0.753310 0.033371 0.048828 0.048828
0 0.793826 0.026099 0.048828 0.048828
0 0.859274 0.025060 0.048828 0.048828
0 0.759543 0.116481 0.048828 0.048828
0 0.795903 0.097781 0.048828 0.048828
0 0.839536 0.087392 0.048828 0.048828
0 0.762659 0.172580 0.048828 0.048828
0 0.787592 0.216212 0.048828 0.048828
0 0.818758 0.190241 0.048828 0.048828
0 0.833303 0.146608 0.048828 0.048828
0 0.853041 0.212057 0.048828 0.048828
0 0.893557 0.161152 0.048828 0.048828
0 0.944462 0.199591 0.048828 0.048828
0 0.954851 0.156997 0.048828 0.048828
0 0.997445 0.180891 0.048828 0.048828
0 0.994328 0.132064 0.048828 0.048828
0 0.957967 0.118558 0.048828 0.048828
0 0.926801 0.119597 0.048828 0.048828
0 0.900829 0.107131 0.048828 0.048828
0 0.939268 0.090509 0.048828 0.048828
0 0.994328 0.084276 0.048828 0.048828
0 0.911218 0.060382 0.048828 0.048828
0 0.955890 0.015710 0.048828 0.048828
0 0.997445 0.034410 0.048828 0.048828
0 0.994328 0.224523 0.048828 0.048828
0 0.992250 0.279584 0.048828 0.048828
0 0.969395 0.398015 0.048828 0.048828
0 0.943423 0.375160 0.048828 0.048828
0 0.988095 0.336722 0.048828 0.048828
0 0.962123 0.347110 0.048828 0.048828
0 0.942384 0.306594 0.048828 0.048828
0 0.896674 0.338799 0.048828 0.048828
0 0.869663 0.365810 0.048828 0.048828
0 0.954851 0.261923 0.048828 0.048828
0 0.926801 0.240107 0.048828 0.048828
0 0.869663 0.248418 0.048828 0.048828
0 0.857197 0.294128 0.048828 0.048828
0 0.816681 0.264001 0.048828 0.048828
0 0.811486 0.297245 0.048828 0.048828
0 0.772009 0.327372 0.048828 0.048828
0 0.762659 0.270234 0.048828 0.048828
0 0.804214 0.359577 0.048828 0.048828
0 0.828108 0.432298 0.048828 0.048828
0 0.864469 0.409443 0.048828 0.048828
0 0.907063 0.455153 0.048828 0.048828
0 0.930957 0.421909 0.048828 0.048828
0 0.959006 0.467620 0.048828 0.048828
0 0.927840 0.509174 0.048828 0.048828
0 0.849925 0.532030 0.048828 0.048828
0 0.862391 0.622412 0.048828 0.048828
0 0.840575 0.593323 0.048828 0.048828
0 0.869663 0.565274 0.048828 0.048828
0 0.903946 0.559040 0.048828 0.048828
0 0.970434 0.558001 0.048828 0.048828
0 0.997445 0.519563 0.048828 0.048828
0 0.949656 0.619295 0.048828 0.048828
0 0.994328 0.673316 0.048828 0.048828
0 0.978745 0.725260 0.048828 0.048828
0 0.942384 0.677472 0.048828 0.048828
0 0.908101 0.762659 0.048828 0.048828
0 0.898752 0.810447 0.048828 0.048828
0 0.902907 0.863430 0.048828 0.048828
0 0.957967 0.782398 0.048828 0.048828
0 0.956928 0.841614 0.048828 0.048828
0 0.998483 0.868624 0.048828 0.048828
0 0.990172 0.917451 0.048828 0.048828
0 0.943423 0.918490 0.048828 0.048828
0 0.893557 0.947579 0.048828 0.048828
0 0.961084 0.980823 0.048828 0.048828
0 0.929918 0.973550 0.048828 0.048828
0 0.853041 0.933034 0.048828 0.048828
0 0.816681 0.939268 0.048828 0.048828
0 0.804214 0.880052 0.048828 0.048828
0 0.843691 0.874858 0.048828 0.048828
0 0.868624 0.812525 0.048828 0.048828
0 0.830186 0.809409 0.048828 0.048828
0 0.790709 0.812525 0.048828 0.048828
0 0.803175 0.760582 0.048828 0.048828
0 0.860313 0.755387 0.048828 0.048828
0 0.876935 0.688899 0.048828 0.048828
0 0.823953 0.711755 0.048828 0.048828
0 0.838497 0.669161 0.048828 0.048828
0 0.788631 0.633839 0.048828 0.048828
0 0.789670 0.521641 0.048828 0.048828
0 0.777204 0.473853 0.048828 0.048828
0 0.781359 0.439570 0.048828 0.048828
0 0.762659 0.413598 0.048828 0.048828
0 0.735649 0.402171 0.048828 0.048828
0 0.720066 0.568390 0.048828 0.048828
0 0.732532 0.618256 0.048828 0.048828
0 0.756426 0.658772 0.048828 0.048828
0 0.701366 0.457231 0.048828 0.048828
0 0.704483 0.386588 0.048828 0.048828
0 0.694094 0.327372 0.048828 0.048828
0 0.705521 0.264001 0.048828 0.048828
0 0.719027 0.212057 0.048828 0.048828
0 0.708638 0.159075 0.048828 0.048828
0 0.675394 0.219329 0.048828 0.048828
0 0.773048 0.716949 0.048828 0.048828
0 0.751232 0.754348 0.048828 0.048828
0 0.752271 0.809409 0.048828 0.048828
0 0.752271 0.844730 0.048828 0.048828
0 0.755387 0.875896 0.048828 0.048828
0 0.699288 0.896674 0.048828 0.048828
0 0.686822 0.748115 0.048828 0.048828
0 0.733571 0.711755 0.048828 0.048828
0 0.710716 0.669161 0.048828 0.048828
0 0.729415 0.938229 0.048828 0.048828
0 0.762659 0.998483 0.048828 0.048828
0 0.726299 0.989134 0.048828 0.048828
0 0.681627 0.951734 0.048828 0.048828
0 0.194443 0.972458 0.048828 0.048828
0 0.178544 0.960798 0.048828 0.048828
0 0.231542 0.843142 0.048828 0.048828
0 0.244262 0.939599 0.048828 0.048828
0 0.299380 0.953379 0.048828 0.048828
0 0.245321 0.991537 0.048828 0.048828
0 0.342838 0.986237 0.048828 0.048828
0 0.333299 0.922640 0.048828 0.048828
0 0.375697 0.926879 0.048828 0.048828
0 0.404316 0.960798 0.048828 0.048828
0 0.481694 0.971398 0.048828 0.048828
0 0.530452 0.957618 0.048828 0.048828
0 0.566491 0.992597 0.048828 0.048828
0 0.632209 0.975638 0.048828 0.048828
0 0.616309 0.948079 0.048828 0.048828
0 0.591930 0.949139 0.048828 0.048828
0 0.651288 0.922640 0.048828 0.048828
0 0.621609 0.896140 0.048828 0.048828
0 0.536812 0.900380 0.048828 0.048828
0 0.564371 0.884481 0.048828 0.048828
0 0.602530 0.855862 0.048828 0.048828
0 0.657648 0.818763 0.048828 0.048828
0 0.648108 0.735026 0.048828 0.048828
0 0.635389 0.678847 0.048828 0.048828
0 0.536812 0.748805 0.048828 0.048828
0 0.515613 0.807103 0.048828 0.048828
0 0.576031 0.790144 0.048828 0.048828
0 0.563311 0.837842 0.048828 0.048828
0 0.484874 0.872821 0.048828 0.048828
0 0.415976 0.874941 0.048828 0.048828
0 0.432935 0.832542 0.048828 0.048828
0 0.397957 0.821943 0.048828 0.048828
0 0.342838 0.868581 0.048828 0.048828
0 0.272881 0.887661 0.048828 0.048828
0 0.295140 0.843142 0.048828 0.048828
0 0.334359 0.815583 0.048828 0.048828
0 0.282420 0.764705 0.048828 0.048828
0 0.231542 0.772124 0.048828 0.048828
0 0.199743 0.733966 0.048828 0.048828
0 0.184903 0.688387 0.048828 0.048828
0 0.234722 0.690507 0.048828 0.048828
0 0.291960 0.676728 0.048828 0.048828
0 0.245321 0.653408 0.048828 0.048828
0 0.214582 0.621609 0.048828 0.048828
0 0.272881 0.615250 0.048828 0.048828
0 0.242142 0.573911 0.048828 0.048828
0 0.276060 0.560131 0.048828 0.048828
0 0.259101 0.531512 0.048828 0.048828
0 0.246381 0.497593 0.048828 0.048828
0 0.297260 0.472154 0.048828 0.048828
0 0.332239 0.365098 0.048828 0.048828
0 0.316339 0.319519 0.048828 0.048828
0 0.384177 0.400076 0.048828 0.048828
0 0.406436 0.442475 0.048828 0.048828
0 0.428696 0.494413 0.048828 0.048828
0 0.392657 0.518793 0.048828 0.048828
0 0.319519 0.546352 0.048828 0.048828
0 0.317399 0.600410 0.048828 0.048828
0 0.319519 0.755165 0.048828 0.048828
0 0.356618 0.735026 0.048828 0.048828
0 0.415976 0.692627 0.048828 0.048828
0 0.359798 0.774244 0.048828 0.048828
0 0.420216 0.762585 0.048828 0.048828
0 0.466854 0.773184 0.048828 0.048828
0 0.460495 0.711706 0.048828 0.048828
0 0.514553 0.703227 0.048828 0.048828
0 0.579211 0.713826 0.048828 0.048828
0 0.537872 0.649168 0.048828 0.048828
0 0.587690 0.633269 0.048828 0.048828
0 0.659768 0.599350 0.048828 0.048828
0 0.668248 0.541052 0.048828 0.048828
0 0.647048 0.491234 0.048828 0.048828
0 0.621609 0.561191 0.048828 0.048828
0 0.603590 0.484874 0.048828 0.048828
0 0.577091 0.530452 0.048828 0.048828
0 0.560131 0.590870 0.048828 0.048828
0 0.503953 0.630089 0.048828 0.048828
0 0.470034 0.666128 0.048828 0.048828
0 0.426576 0.640689 0.048828 0.048828
0 0.370397 0.648108 0.048828 0.048828
0 0.385237 0.598290 0.048828 0.048828
0 0.447775 0.590870 0.048828 0.048828
0 0.496533 0.576031 0.048828 0.048828
0 0.433995 0.550592 0.048828 0.048828
0 0.467914 0.527272 0.048828 0.048828
0 0.519853 0.512433 0.048828 0.048828
0 0.548472 0.500773 0.048828 0.048828
0 0.491234 0.478514 0.048828 0.048828
0 0.460495 0.448835 0.048828 0.048828
0 0.506073 0.437175 0.048828 0.048828
0 0.547412 0.428696 0.048828 0.048828
0 0.612070 0.413856 0.048828 0.048828
0 0.639629 0.443535 0.048828 0.048828
0 0.666128 0.399017 0.048828 0.048828
0 0.444595 0.400076 0.048828 0.048828
0 0.495473 0.395837 0.048828 0.048828
0 0.568611 0.373577 0.048828 0.048828
0 0.605710 0.359798 0.048828 0.048828
0 0.645989 0.349198 0.048828 0.048828
0 0.648108 0.285600 0.048828 0.048828
0 0.591930 0.312099 0.048828 0.048828
0 0.513493 0.343898 0.048828 0.048828
0 0.457315 0.353438 0.048828 0.048828
0 0.411736 0.339658 0.048828 0.048828
0 0.343898 0.314219 0.048828 0.048828
0 0.304680 0.272881 0.048828 0.048828
0 0.360858 0.266521 0.048828 0.048828
0 0.406436 0.282420 0.048828 0.048828
0 0.447775 0.280300 0.048828 0.048828
0 0.485934 0.264401 0.048828 0.048828
0 0.532572 0.277120 0.048828 0.048828
0 0.586630 0.267581 0.048828 0.048828
0 0.547412 0.217762 0.048828 0.048828
0 0.492293 0.205043 0.048828 0.048828
0 0.443535 0.216702 0.048828 0.048828
0 0.331179 0.223062 0.048828 0.048828
0 0.256981 0.225182 0.048828 0.048828
0 0.609950 0.205043 0.048828 0.048828
0 0.213523 0.193383 0.048828 0.048828
0 0.263341 0.165824 0.048828 0.048828
0 0.227302 0.139325 0.048828 0.048828
0 0.183843 0.117066 0.048828 0.048828
0 0.240022 0.083147 0.048828 0.048828
0 0.196563 0.053468 0.048828 0.048828
0 0.124485 0.109646 0.048828 0.048828
0 0.102226 0.056648 0.048828 0.048828
0 0.154164 0.029088 0.048828 0.048828
0 0.044988 0.032268 0.048828 0.048828
0 0.223062 0.008949 0.048828 0.048828
0 0.308919 0.004709 0.048828 0.048828
0 0.361918 0.013189 0.048828 0.048828
0 0.316339 0.057708 0.048828 0.048828
0 0.373577 0.059827 0.048828 0.048828
0 0.312099 0.105406 0.048828 0.048828
0 0.404316 0.097986 0.048828 0.048828
0 0.405376 0.146745 0.048828 0.048828
0 0.358738 0.169004 0.048828 0.048828
0 0.305740 0.169004 0.048828 0.048828
0 0.476394 0.160524 0.048828 0.048828
0 0.457315 0.117066 0.048828 0.048828
0 0.496533 0.107526 0.048828 0.048828
0 0.525152 0.153104 0.048828 0.048828
0 0.584510 0.164764 0.048828 0.048828
0 0.581331 0.116006 0.048828 0.048828
0 0.560131 0.086327 0.048828 0.048828
0 0.604650 0.068307 0.048828 0.048828
0 0.647048 0.047108 0.048828 0.048828
0 0.700047 0.044988 0.048828 0.048828
0 0.665068 0.107526 0.048828 0.048828
0 0.705347 0.110706 0.048828 0.048828
0 0.650228 0.169004 0.048828 0.048828
0 0.625849 0.011069 0.048828 0.048828
0 0.578151 0.022729 0.048828 0.048828
0 0.527272 0.022729 0.048828 0.048828
0 0.498653 0.055588 0.048828 0.048828
0 0.463674 0.024849 0.048828 0.048828
0 0.419156 0.018489 0.048828 0.048828