0 0.549285 0.700787 0.048828 0.048828
0 0.492466 0.700787 0.048828 0.048828
0 0.449851 0.722094 0.048828 0.048828
0 0.393032 0.714992 0.048828 0.048828
0 0.350418 0.704338 0.048828 0.048828
0 0.570592 0.661724 0.048828 0.048828
0 0.273473 0.698514 0.048828 0.048828
0 0.226041 0.716301 0.048828 0.048828
0 0.187502 0.728159 0.048828 0.048828
0 0.134141 0.728159 0.048828 0.048828
0 0.086708 0.710372 0.048828 0.048828
0 0.024453 0.745946 0.048828 0.048828
0 0.027418 0.704443 0.048828 0.048828
0 0.052580 0.667666 0.048828 0.048828
0 0.000628 0.676167 0.048828 0.048828
0 0.004406 0.560927 0.048828 0.048828
0 0.042190 0.593988 0.048828 0.048828
0 0.077140 0.633661 0.048828 0.048828
0 0.124369 0.658220 0.048828 0.048828
0 0.208438 0.670500 0.048828 0.048828
0 0.151762 0.611935 0.048828 0.048828
0 0.169709 0.587376 0.048828 0.048828
0 0.213160 0.606268 0.048828 0.048828
0 0.246221 0.633661 0.048828 0.048828
0 0.322733 0.654442 0.048828 0.048828
0 0.377519 0.657276 0.048828 0.048828
0 0.442696 0.659165 0.048828 0.048828
0 0.473867 0.619492 0.048828 0.048828
0 0.407746 0.610046 0.048828 0.048828
0 0.350126 0.609102 0.048828 0.048828
0 0.316121 0.590210 0.048828 0.048828
0 0.236775 0.579819 0.048828 0.048828
0 0.519207 0.637439 0.048828 0.048828
0 0.554157 0.620437 0.048828 0.048828
0 0.584384 0.584542 0.048828 0.048828
0 0.622167 0.539202 0.048828 0.048828
0 0.553212 0.545814 0.048828 0.048828
0 0.506928 0.585487 0.048828 0.048828
0 0.594774 0.499529 0.048828 0.048828
0 0.559825 0.481582 0.048828 0.048828
0 0.508817 0.507086 0.048828 0.048828
0 0.462532 0.499529 0.048828 0.048828
0 0.638225 0.452300 0.048828 0.048828
0 0.675064 0.407904 0.048828 0.048828
0 0.623112 0.409793 0.048828 0.048828
0 0.578716 0.448521 0.048828 0.048828
0 0.498426 0.456078 0.048828 0.048828
0 0.535265 0.414516 0.048828 0.048828
0 0.557935 0.379566 0.048828 0.048828
0 0.622167 0.356896 0.048828 0.048828
0 0.526764 0.352173 0.048828 0.048828
0 0.560769 0.317224 0.048828 0.048828
0 0.628780 0.306833 0.048828 0.048828
0 0.658062 0.346506 0.048828 0.048828
0 0.697735 0.378622 0.048828 0.048828
0 0.698679 0.332337 0.048828 0.048828
0 0.727961 0.314390 0.048828 0.048828
0 0.672231 0.300221 0.048828 0.048828
0 0.710959 0.283218 0.048828 0.048828
0 0.770468 0.268105 0.048828 0.048828
0 0.819587 0.242601 0.048828 0.048828
0 0.849813 0.201039 0.048828 0.048828
0 0.798806 0.203873 0.048828 0.048828
0 0.767634 0.216153 0.048828 0.048828
0 0.721349 0.239767 0.048828 0.048828
0 0.827143 0.295498 0.048828 0.048828
0 0.787470 0.319113 0.048828 0.048828
0 0.803529 0.138696 0.048828 0.048828
0 0.771412 0.088633 0.048828 0.048828
0 0.765745 0.036681 0.048828 0.048828
0 0.692067 0.017789 0.048828 0.048828
0 0.719460 0.057462 0.048828 0.048828
0 0.753465 0.131140 0.048828 0.048828
0 0.708125 0.093356 0.048828 0.048828
0 0.650505 0.090522 0.048828 0.048828
0 0.641059 0.049905 0.048828 0.048828
0 0.615555 0.057462 0.048828 0.048828
0 0.618389 0.125472 0.048828 0.048828
0 0.649561 0.150976 0.048828 0.048828
0 0.700568 0.140585 0.048828 0.048828
0 0.771412 0.170812 0.048828 0.048828
0 0.728906 0.178369 0.048828 0.048828
0 0.689233 0.197261 0.048828 0.048828
0 0.656173 0.222765 0.048828 0.048828
0 0.631613 0.218042 0.048828 0.048828
0 0.630669 0.179314 0.048828 0.048828
0 0.584384 0.225598 0.048828 0.048828
0 0.567381 0.280385 0.048828 0.048828
0 0.544711 0.288886 0.048828 0.048828
0 0.493703 0.316279 0.048828 0.048828
0 0.458754 0.345561 0.048828 0.048828
0 0.455920 0.403181 0.048828 0.048828
0 0.434194 0.444743 0.048828 0.048828
0 0.452141 0.565650 0.048828 0.048828
0 0.404912 0.525978 0.048828 0.048828
0 0.355793 0.554315 0.048828 0.048828
0 0.321788 0.542980 0.048828 0.048828
0 0.333123 0.486305 0.048828 0.048828
0 0.386965 0.475914 0.048828 0.048828
0 0.386965 0.423962 0.048828 0.048828
0 0.348237 0.446632 0.048828 0.048828
0 0.344458 0.409793 0.048828 0.048828
0 0.354849 0.372010 0.048828 0.048828
0 0.410580 0.381456 0.048828 0.048828
0 0.401134 0.361619 0.048828 0.048828
0 0.271725 0.529756 0.048828 0.048828
0 0.228274 0.514643 0.048828 0.048828
0 0.146095 0.544869 0.048828 0.048828
0 0.180100 0.496695 0.048828 0.048828
0 0.220717 0.449466 0.048828 0.048828
0 0.281171 0.478748 0.048828 0.048828
0 0.286838 0.445688 0.048828 0.048828
0 0.287783 0.414516 0.048828 0.048828
0 0.236775 0.410738 0.048828 0.048828
0 0.251889 0.354063 0.048828 0.048828
0 0.185767 0.389957 0.048828 0.048828
0 0.161208 0.420184 0.048828 0.048828
0 0.131926 0.461746 0.048828 0.048828
0 0.080918 0.500474 0.048828 0.048828
0 0.082807 0.577930 0.048828 0.048828
0 0.297229 0.375788 0.048828 0.048828
0 0.320844 0.330448 0.048828 0.048828
0 0.273614 0.313445 0.048828 0.048828
0 0.189546 0.336115 0.048828 0.048828
0 0.143261 0.355007 0.048828 0.048828
0 0.086586 0.355952 0.048828 0.048828
0 0.120591 0.399403 0.048828 0.048828
0 0.075250 0.450411 0.048828 0.048828
0 0.054470 0.394680 0.048828 0.048828
0 0.122480 0.309667 0.048828 0.048828
0 0.192380 0.286052 0.048828 0.048828
0 0.268891 0.252047 0.048828 0.048828
0 0.306675 0.252992 0.048828 0.048828
0 0.358627 0.280385 0.048828 0.048828
0 0.395466 0.307778 0.048828 0.048828
0 0.454031 0.294553 0.048828 0.048828
0 0.416247 0.264327 0.048828 0.048828
0 0.374685 0.245435 0.048828 0.048828
0 0.378464 0.208596 0.048828 0.048828
0 0.436083 0.212374 0.048828 0.048828
0 0.469144 0.235989 0.048828 0.048828
0 0.502205 0.259604 0.048828 0.048828
0 0.560769 0.241656 0.048828 0.048828
0 0.508817 0.218042 0.048828 0.048828
0 0.467255 0.196316 0.048828 0.048828
0 0.552268 0.184981 0.048828 0.048828
0 0.531487 0.146253 0.048828 0.048828
0 0.491814 0.147198 0.048828 0.048828
0 0.430416 0.135862 0.048828 0.048828
0 0.384131 0.151920 0.048828 0.048828
0 0.308564 0.207651 0.048828 0.048828
0 0.433250 0.095245 0.048828 0.048828
0 0.493703 0.091467 0.048828 0.048828
0 0.556991 0.113192 0.048828 0.048828
0 0.568326 0.072575 0.048828 0.048828
0 0.522986 0.048016 0.048828 0.048828
0 0.460643 0.020623 0.048828 0.048828
0 0.439862 0.057462 0.048828 0.048828
0 0.384131 0.064074 0.048828 0.048828
0 0.420970 0.014011 0.048828 0.048828
0 0.167820 0.251102 0.048828 0.048828
0 0.207493 0.216153 0.048828 0.048828
0 0.257556 0.205762 0.048828 0.048828
0 0.292506 0.146253 0.048828 0.048828
0 0.269836 0.124527 0.048828 0.048828
0 0.232052 0.149087 0.048828 0.048828
0 0.225440 0.117915 0.048828 0.048828
0 0.201825 0.169868 0.048828 0.048828
0 0.172543 0.116971 0.048828 0.048828
0 0.143261 0.179314 0.048828 0.048828
0 0.128147 0.220875 0.048828 0.048828
0 0.095087 0.261493 0.048828 0.048828
0 0.070528 0.294553 0.048828 0.048828
0 0.036522 0.260548 0.048828 0.048828
0 0.050691 0.235989 0.048828 0.048828
0 0.068638 0.187815 0.048828 0.048828
0 0.059192 0.140585 0.048828 0.048828
0 0.102644 0.140585 0.048828 0.048828
0 0.096031 0.088633 0.048828 0.048828
0 0.154596 0.069741 0.048828 0.048828
0 0.193324 0.066907 0.048828 0.048828
0 0.262279 0.084855 0.048828 0.048828
0 0.304786 0.067852 0.048828 0.048828
0 0.332179 0.032902 0.048828 0.048828
0 0.277393 0.025346 0.048828 0.048828
0 0.223551 0.014955 0.048828 0.048828
0 0.145150 0.012121 0.048828 0.048828
0 0.107367 0.049905 0.048828 0.048828
0 0.060137 0.046127 0.048828 0.048828
0 0.040301 0.516532 0.048828 0.048828
0 0.018575 0.483471 0.048828 0.048828
0 0.013852 0.442854 0.048828 0.048828
0 0.018575 0.362564 0.048828 0.048828
0 0.006295 0.310611 0.048828 0.048828
0 0.004406 0.334226 0.048828 0.048828
0 0.004406 0.274717 0.048828 0.048828
0 0.002517 0.221820 0.048828 0.048828
0 0.026132 0.190649 0.048828 0.048828
0 0.026132 0.158533 0.048828 0.048828
0 0.009129 0.086744 0.048828 0.048828
0 0.004406 0.014955 0.048828 0.048828