0 0.959269 0.464613 0.048828 0.048828
0 0.939130 0.415855 0.048828 0.048828
0 0.930650 0.359677 0.048828 0.048828
0 0.952909 0.313038 0.048828 0.048828
0 0.974108 0.363916 0.048828 0.048828
0 0.906271 0.596049 0.048828 0.048828
0 0.911570 0.537751 0.048828 0.048828
0 0.860692 0.531391 0.048828 0.048828
0 0.882951 0.495352 0.048828 0.048828
0 0.828893 0.490052 0.048828 0.048828
0 0.858572 0.465673 0.048828 0.048828
0 0.920050 0.472033 0.048828 0.048828
0 0.862812 0.399955 0.048828 0.048828
0 0.993188 0.696746 0.048828 0.048828