0 0.851435 0.079545 0.048828 0.048828
0 0.593522 0.076581 0.048828 0.048828
0 0.234814 0.085474 0.048828 0.048828
0 0.045085 0.079545 0.048828 0.048828
0 0.008279 0.033115 0.048828 0.048828
0 0.166510 0.034109 0.048828 0.048828
0 0.205238 0.013328 0.048828 0.048828
0 0.264747 0.050167 0.048828 0.048828
0 0.109834 0.017106 0.048828 0.048828
0 0.335591 0.060557 0.048828 0.048828
0 0.382821 0.060557 0.048828 0.048828
0 0.443274 0.059613 0.048828 0.048828
0 0.494282 0.050167 0.048828 0.048828
0 0.665253 0.068114 0.048828 0.048828
0 0.703036 0.067170 0.048828 0.048828
0 0.753099 0.079449 0.048828 0.048828
0 0.809775 0.078505 0.048828 0.048828
0 0.799384 0.035054 0.048828 0.048828
0 0.837168 0.018996 0.048828 0.048828
0 0.896677 0.025608 0.048828 0.048828
0 0.931627 0.072837 0.048828 0.048828
0 0.986413 0.076615 0.048828 0.048828
0 0.964687 0.028441 0.048828 0.048828
0 0.710593 0.045444 0.048828 0.048828
0 0.739875 0.007660 0.048828 0.048828
0 0.648250 0.015217 0.048828 0.048828
0 0.552847 0.001048 0.048828 0.048828
0 0.485781 0.009550 0.048828 0.048828
0 0.389433 0.003882 0.048828 0.048828
0 0.349760 0.009550 0.048828 0.048828