0 0.179326 0.171732 0.048828 0.048828
0 0.200473 0.155561 0.048828 0.048828
0 0.234060 0.180440 0.048828 0.048828
0 0.263915 0.156805 0.048828 0.048828
0 0.353481 0.083411 0.048828 0.048828
0 0.421899 0.047336 0.048828 0.048828
0 0.244012 0.271249 0.048828 0.048828
0 0.280087 0.274981 0.048828 0.048828
0 0.355969 0.284933 0.048828 0.048828
0 0.389556 0.297373 0.048828 0.048828
0 0.434339 0.319764 0.048828 0.048828
0 0.469170 0.334692 0.048828 0.048828
0 0.517684 0.349619 0.048828 0.048828
0 0.579882 0.362059 0.048828 0.048828
0 0.623421 0.372010 0.048828 0.048828
0 0.665716 0.376986 0.048828 0.048828
0 0.700547 0.376986 0.048828 0.048828
0 0.589834 0.539946 0.048828 0.048828
0 0.375872 0.492675 0.048828 0.048828
0 0.333577 0.464064 0.048828 0.048828
0 0.112152 0.502627 0.048828 0.048828
0 0.144495 0.516310 0.048828 0.048828
0 0.178082 0.520042 0.048828 0.048828
0 0.225352 0.523774 0.048828 0.048828
0 0.271379 0.574777 0.048828 0.048828
0 0.312430 0.576021 0.048828 0.048828
0 0.400752 0.559849 0.048828 0.048828
0 0.438070 0.572289 0.048828 0.048828
0 0.513952 0.592192 0.048828 0.048828
0 0.324870 0.617072 0.048828 0.048828
0 0.528880 0.906916 0.048828 0.048828
0 0.497781 0.903184 0.048828 0.048828
0 0.444290 0.890744 0.048828 0.048828
0 0.395776 0.890744 0.048828 0.048828
0 0.317406 0.803666 0.048828 0.048828
0 0.181814 0.798691 0.048828 0.048828
0 0.146983 0.778787 0.048828 0.048828
0 0.053685 0.806154 0.048828 0.048828
0 0.273867 0.899452 0.048828 0.048828
0 0.382092 0.874572 0.048828 0.048828
0 0.245256 0.970358 0.048828 0.048828
0 0.220377 0.951698 0.048828 0.048828
0 0.151958 0.926819 0.048828 0.048828
0 0.035026 0.885768 0.048828 0.048828
0 0.031294 0.918111 0.048828 0.048828