0 0.898752 0.010643 0.048828 0.048828
0 0.902907 0.063625 0.048828 0.048828
0 0.956928 0.041809 0.048828 0.048828
0 0.998483 0.068820 0.048828 0.048828
0 0.990172 0.117647 0.048828 0.048828
0 0.943423 0.118686 0.048828 0.048828
0 0.893557 0.147774 0.048828 0.048828
0 0.961084 0.181018 0.048828 0.048828
0 0.929918 0.173746 0.048828 0.048828
0 0.891480 0.211145 0.048828 0.048828
0 0.950695 0.234000 0.048828 0.048828
0 0.981861 0.268283 0.048828 0.048828
0 0.940307 0.280750 0.048828 0.048828
0 0.865508 0.311916 0.048828 0.048828
0 0.884207 0.276594 0.048828 0.048828
0 0.838497 0.269322 0.048828 0.048828
0 0.842653 0.244389 0.048828 0.048828
0 0.848886 0.200756 0.048828 0.048828
0 0.853041 0.133230 0.048828 0.048828
0 0.816681 0.139463 0.048828 0.048828
0 0.807331 0.201795 0.048828 0.048828
0 0.804214 0.080247 0.048828 0.048828
0 0.843691 0.075053 0.048828 0.048828
0 0.868624 0.012721 0.048828 0.048828
0 0.830186 0.009604 0.048828 0.048828
0 0.790709 0.012721 0.048828 0.048828
0 0.752271 0.009604 0.048828 0.048828
0 0.752271 0.044926 0.048828 0.048828
0 0.755387 0.076092 0.048828 0.048828
0 0.699288 0.096869 0.048828 0.048828
0 0.729415 0.138424 0.048828 0.048828
0 0.762659 0.198679 0.048828 0.048828
0 0.726299 0.189329 0.048828 0.048828
0 0.775126 0.244389 0.048828 0.048828
0 0.736688 0.267244 0.048828 0.048828
0 0.697210 0.248545 0.048828 0.048828
0 0.695133 0.300488 0.048828 0.048828
0 0.761620 0.309838 0.048828 0.048828
0 0.678511 0.200756 0.048828 0.048828
0 0.681627 0.151929 0.048828 0.048828
0 0.971473 0.780447 0.048828 0.048828
0 0.936151 0.756553 0.048828 0.048828
0 0.946540 0.825119 0.048828 0.048828
0 0.979784 0.845896 0.048828 0.048828
0 0.977706 0.941472 0.048828 0.048828
0 0.959006 0.899918 0.048828 0.048828
0 0.920568 0.851091 0.048828 0.048828
0 0.875896 0.892645 0.048828 0.048828
0 0.948618 0.974716 0.048828 0.048828
0 0.894596 0.983027 0.048828 0.048828
0 0.899791 0.934200 0.048828 0.048828
0 0.859274 0.974716 0.048828 0.048828
0 0.251681 0.967628 0.048828 0.048828
0 0.293020 0.969747 0.048828 0.048828
0 0.341778 0.971867 0.048828 0.048828
0 0.409616 0.971867 0.048828 0.048828
0 0.475334 0.968687 0.048828 0.048828
0 0.529392 0.970807 0.048828 0.048828
0 0.584510 0.966568 0.048828 0.048828
0 0.616309 0.995187 0.048828 0.048828
0 0.674608 0.971867 0.048828 0.048828
0 0.672488 0.922049 0.048828 0.048828
0 0.713826 0.928409 0.048828 0.048828
0 0.745625 0.948548 0.048828 0.048828
0 0.789084 0.945368 0.048828 0.048828
0 0.784844 0.913569 0.048828 0.048828
0 0.845262 0.912509 0.048828 0.048828
0 0.843142 0.857391 0.048828 0.048828
0 0.884481 0.809693 0.048828 0.048828
0 0.760465 0.848911 0.048828 0.048828
0 0.737146 0.821352 0.048828 0.048828
0 0.746685 0.766234 0.048828 0.048828
0 0.779544 0.806513 0.048828 0.048828
0 0.845262 0.796973 0.048828 0.048828
0 0.820883 0.755634 0.048828 0.048828
0 0.873881 0.756694 0.048828 0.048828
0 0.895080 0.707936 0.048828 0.048828
0 0.959738 0.682497 0.048828 0.048828
0 0.996837 0.572260 0.048828 0.048828
0 0.978818 0.607239 0.048828 0.048828
0 0.918400 0.593460 0.048828 0.048828
0 0.898260 0.548941 0.048828 0.048828
0 0.866461 0.553181 0.048828 0.048828
0 0.871761 0.614659 0.048828 0.048828
0 0.918400 0.646458 0.048828 0.048828
0 0.821943 0.615719 0.048828 0.048828
0 0.786964 0.647518 0.048828 0.048828
0 0.802863 0.685677 0.048828 0.048828
0 0.755165 0.704756 0.048828 0.048828
0 0.685207 0.773654 0.048828 0.048828
0 0.658708 0.806513 0.048828 0.048828
0 0.695807 0.877530 0.048828 0.048828
0 0.626909 0.858451 0.048828 0.048828
0 0.594050 0.915689 0.048828 0.048828
0 0.530452 0.925229 0.048828 0.048828
0 0.562251 0.871171 0.048828 0.048828
0 0.531512 0.841492 0.048828 0.048828
0 0.474274 0.902970 0.048828 0.048828
0 0.426576 0.910389 0.048828 0.048828
0 0.385237 0.916749 0.048828 0.048828
0 0.340718 0.926289 0.048828 0.048828
0 0.254861 0.902970 0.048828 0.048828
0 0.379937 0.856331 0.048828 0.048828
0 0.334359 0.823472 0.048828 0.048828
0 0.302560 0.760934 0.048828 0.048828
0 0.229422 0.757754 0.048828 0.048828
0 0.268641 0.688857 0.048828 0.048828
0 0.290900 0.647518 0.048828 0.048828
0 0.348138 0.681437 0.048828 0.048828
0 0.327999 0.722775 0.048828 0.048828
0 0.364038 0.792733 0.048828 0.048828
0 0.406436 0.828772 0.048828 0.048828
0 0.462614 0.848911 0.048828 0.048828
0 0.505013 0.803333 0.048828 0.048828
0 0.441415 0.788493 0.048828 0.048828
0 0.392657 0.755634 0.048828 0.048828
0 0.404316 0.716416 0.048828 0.048828
0 0.450955 0.720656 0.048828 0.048828
0 0.480634 0.759874 0.048828 0.048828
0 0.533632 0.745035 0.048828 0.048828
0 0.512433 0.708996 0.048828 0.048828
0 0.616309 0.748215 0.048828 0.048828
0 0.682027 0.720656 0.048828 0.048828
0 0.639629 0.724895 0.048828 0.048828
0 0.605710 0.682497 0.048828 0.048828
0 0.642809 0.661297 0.048828 0.048828
0 0.689447 0.649638 0.048828 0.048828
0 0.750925 0.648578 0.048828 0.048828
0 0.717006 0.595580 0.048828 0.048828
0 0.764705 0.586040 0.048828 0.048828
0 0.743505 0.540461 0.048828 0.048828
0 0.811343 0.524562 0.048828 0.048828
0 0.773184 0.490643 0.048828 0.048828
0 0.852682 0.483223 0.048828 0.048828
0 0.907800 0.483223 0.048828 0.048828
0 0.886601 0.448244 0.048828 0.048828
0 0.821943 0.442944 0.048828 0.048828
0 0.923700 0.429165 0.048828 0.048828
0 0.949139 0.470504 0.048828 0.048828
0 0.977758 0.510782 0.048828 0.048828
0 0.976698 0.345428 0.048828 0.048828
0 0.956558 0.379347 0.048828 0.048828
0 0.898260 0.338008 0.048828 0.048828
0 0.889781 0.380407 0.048828 0.048828
0 0.829363 0.398426 0.048828 0.048828
0 0.820883 0.343308 0.048828 0.048828
0 0.804983 0.300909 0.048828 0.048828
0 0.767885 0.359207 0.048828 0.048828
0 0.782724 0.403726 0.048828 0.048828
0 0.740325 0.414325 0.048828 0.048828
0 0.719126 0.361327 0.048828 0.048828
0 0.670368 0.354967 0.048828 0.048828
0 0.630089 0.384646 0.048828 0.048828
0 0.647048 0.442944 0.048828 0.048828
0 0.682027 0.458844 0.048828 0.048828
0 0.727606 0.477923 0.048828 0.048828
0 0.688387 0.547881 0.048828 0.048828
0 0.629029 0.485343 0.048828 0.048828
0 0.635389 0.533042 0.048828 0.048828
0 0.643869 0.593460 0.048828 0.048828
0 0.596170 0.644338 0.048828 0.048828
0 0.603590 0.589220 0.048828 0.048828
0 0.561191 0.587100 0.048828 0.048828
0 0.541052 0.652818 0.048828 0.048828
0 0.555891 0.784253 0.048828 0.048828
0 0.488054 0.663417 0.048828 0.048828
0 0.490174 0.619959 0.048828 0.048828
0 0.449895 0.643278 0.048828 0.048828
0 0.423396 0.598759 0.048828 0.048828
0 0.394777 0.648578 0.048828 0.048828
0 0.353438 0.625259 0.048828 0.048828
0 0.365098 0.580740 0.048828 0.048828
0 0.306799 0.593460 0.048828 0.048828
0 0.255921 0.605119 0.048828 0.048828
0 0.267581 0.558481 0.048828 0.048828
0 0.202923 0.633738 0.048828 0.048828
0 0.202923 0.683557 0.048828 0.048828
0 0.148865 0.684617 0.048828 0.048828
0 0.149925 0.629498 0.048828 0.048828
0 0.180664 0.593460 0.048828 0.048828
0 0.195503 0.523502 0.048828 0.048828
0 0.109646 0.502303 0.048828 0.048828
0 0.159464 0.484283 0.048828 0.048828
0 0.246381 0.499123 0.048828 0.048828
0 0.242142 0.448244 0.048828 0.048828
0 0.187023 0.450364 0.048828 0.048828
0 0.114946 0.449304 0.048828 0.048828
0 0.147805 0.428105 0.048828 0.048828
0 0.104346 0.401606 0.048828 0.048828
0 0.090566 0.357087 0.048828 0.048828
0 0.148865 0.369807 0.048828 0.048828
0 0.199743 0.387826 0.048828 0.048828
0 0.129785 0.318929 0.048828 0.048828
0 0.160524 0.285010 0.048828 0.048828
0 0.192323 0.257451 0.048828 0.048828
0 0.232602 0.239431 0.048828 0.048828
0 0.197623 0.322108 0.048828 0.048828
0 0.225182 0.282890 0.048828 0.048828
0 0.281360 0.262750 0.048828 0.048828
0 0.264401 0.312569 0.048828 0.048828
0 0.302560 0.327408 0.048828 0.048828
0 0.236842 0.365567 0.048828 0.048828
0 0.303620 0.374047 0.048828 0.048828
0 0.296200 0.462024 0.048828 0.048828
0 0.334359 0.435525 0.048828 0.048828
0 0.313159 0.534102 0.048828 0.048828
0 0.344958 0.487463 0.048828 0.048828
0 0.365098 0.537281 0.048828 0.048828
0 0.397957 0.544701 0.048828 0.048828
0 0.436115 0.561661 0.048828 0.048828
0 0.460495 0.574380 0.048828 0.048828
0 0.512433 0.552121 0.048828 0.048828
0 0.496533 0.516082 0.048828 0.048828
0 0.443535 0.497003 0.048828 0.048828
0 0.401136 0.467324 0.048828 0.048828
0 0.409616 0.417505 0.048828 0.048828
0 0.360858 0.380407 0.048828 0.048828
0 0.384177 0.335888 0.048828 0.048828
0 0.445655 0.341188 0.048828 0.048828
0 0.466854 0.372987 0.048828 0.048828
0 0.466854 0.447184 0.048828 0.048828
0 0.524092 0.422805 0.048828 0.048828
0 0.559071 0.468384 0.048828 0.048828
0 0.578151 0.505482 0.048828 0.048828
0 0.594050 0.422805 0.048828 0.048828
0 0.561191 0.374047 0.048828 0.048828
0 0.512433 0.360267 0.048828 0.048828
0 0.630089 0.318929 0.048828 0.048828
0 0.569671 0.300909 0.048828 0.048828
0 0.541052 0.288190 0.048828 0.048828
0 0.480634 0.298789 0.048828 0.048828
0 0.435055 0.286070 0.048828 0.048828
0 0.359798 0.280770 0.048828 0.048828
0 0.313159 0.266990 0.048828 0.048828
0 0.361918 0.245791 0.048828 0.048828
0 0.400076 0.253211 0.048828 0.048828
0 0.486994 0.256391 0.048828 0.048828
0 0.545292 0.251091 0.048828 0.048828
0 0.611010 0.250031 0.048828 0.048828
0 0.658708 0.258510 0.048828 0.048828
0 0.193383 0.209752 0.048828 0.048828
0 0.194443 0.172653 0.048828 0.048828
0 0.178544 0.160994 0.048828 0.048828
0 0.231542 0.043337 0.048828 0.048828
0 0.244262 0.139794 0.048828 0.048828
0 0.299380 0.153574 0.048828 0.048828
0 0.245321 0.191733 0.048828 0.048828
0 0.294080 0.206572 0.048828 0.048828
0 0.364038 0.213992 0.048828 0.048828
0 0.342838 0.186433 0.048828 0.048828
0 0.333299 0.122835 0.048828 0.048828
0 0.375697 0.127075 0.048828 0.048828
0 0.404316 0.160994 0.048828 0.048828
0 0.438235 0.215052 0.048828 0.048828
0 0.481694 0.171593 0.048828 0.048828
0 0.530452 0.157814 0.048828 0.048828
0 0.566491 0.192793 0.048828 0.048828
0 0.632209 0.175833 0.048828 0.048828
0 0.616309 0.148274 0.048828 0.048828
0 0.591930 0.149334 0.048828 0.048828
0 0.651288 0.122835 0.048828 0.048828
0 0.621609 0.096336 0.048828 0.048828
0 0.536812 0.100576 0.048828 0.048828
0 0.564371 0.084676 0.048828 0.048828
0 0.602530 0.056057 0.048828 0.048828
0 0.657648 0.018958 0.048828 0.048828
0 0.515613 0.007299 0.048828 0.048828
0 0.563311 0.038038 0.048828 0.048828
0 0.484874 0.073016 0.048828 0.048828
0 0.415976 0.075136 0.048828 0.048828
0 0.432935 0.032738 0.048828 0.048828
0 0.397957 0.022138 0.048828 0.048828
0 0.342838 0.068777 0.048828 0.048828
0 0.272881 0.087856 0.048828 0.048828
0 0.295140 0.043337 0.048828 0.048828
0 0.334359 0.015778 0.048828 0.048828