0 0.935059 0.029148 0.048828 0.048828
0 0.641571 0.043971 0.048828 0.048828
0 0.354012 0.064723 0.048828 0.048828
0 0.051631 0.079545 0.048828 0.048828
0 0.009970 0.078505 0.048828 0.048828
0 0.037363 0.018996 0.048828 0.048828
0 0.096872 0.025608 0.048828 0.048828
0 0.131822 0.072837 0.048828 0.048828
0 0.186608 0.076615 0.048828 0.048828
0 0.164883 0.028441 0.048828 0.048828
0 0.236671 0.028441 0.048828 0.048828
0 0.264064 0.051112 0.048828 0.048828
0 0.298070 0.078505 0.048828 0.048828
0 0.306571 0.038832 0.048828 0.048828
0 0.350022 0.025608 0.048828 0.048828
0 0.494544 0.063391 0.048828 0.048828
0 0.433146 0.047333 0.048828 0.048828
0 0.464317 0.020885 0.048828 0.048828
0 0.592781 0.003882 0.048828 0.048828
0 0.708966 0.036943 0.048828 0.048828
0 0.650401 0.003882 0.048828 0.048828
0 0.798702 0.046389 0.048828 0.048828
0 0.768475 0.010494 0.048828 0.048828
0 0.861989 0.023718 0.048828 0.048828
0 0.908274 0.003882 0.048828 0.048828
0 0.996121 0.022774 0.048828 0.048828