0 0.006736 0.969336 0.048828 0.048828
0 0.112464 0.956120 0.048828 0.048828
0 0.327884 0.965371 0.048828 0.048828
0 0.224800 0.979909 0.048828 0.048828
0 0.259161 0.927045 0.048828 0.048828
0 0.211584 0.917794 0.048828 0.048828
0 0.160042 0.960085 0.048828 0.048828
0 0.152112 0.896648 0.048828 0.048828
0 0.013344 0.915151 0.048828 0.048828
0 0.062244 0.912508 0.048828 0.048828
0 0.095283 0.872860 0.048828 0.048828
0 0.083389 0.841141 0.048828 0.048828
0 0.018631 0.845106 0.048828 0.048828
0 0.160042 0.839820 0.048828 0.048828
0 0.203654 0.830569 0.048828 0.048828
0 0.216870 0.879468 0.048828 0.048828
0 0.276342 0.853036 0.048828 0.048828
0 0.282950 0.804137 0.048828 0.048828
0 0.325241 0.768453 0.048828 0.048828
0 0.347708 0.728806 0.048828 0.048828
0 0.391321 0.723519 0.048828 0.048828
0 0.331849 0.685193 0.048828 0.048828
0 0.329206 0.621756 0.048828 0.048828
0 0.280307 0.673298 0.048828 0.048828
0 0.271056 0.743343 0.048828 0.048828
0 0.216870 0.772418 0.048828 0.048828
0 0.243302 0.708982 0.048828 0.048828
0 0.190438 0.695766 0.048828 0.048828
0 0.181187 0.745986 0.048828 0.048828
0 0.138896 0.792242 0.048828 0.048828
0 0.075459 0.777705 0.048828 0.048828
0 0.030525 0.775061 0.048828 0.048828
0 0.041098 0.727484 0.048828 0.048828
0 0.096605 0.734092 0.048828 0.048828
0 0.137575 0.678585 0.048828 0.048828
0 0.058279 0.665369 0.048828 0.048828
0 0.006736 0.671977 0.048828 0.048828
0 0.009380 0.554355 0.048828 0.048828
0 0.008058 0.453913 0.048828 0.048828
0 0.005415 0.395763 0.048828 0.048828
0 0.026560 0.354794 0.048828 0.048828
0 0.064887 0.616470 0.048828 0.048828
0 0.113786 0.634972 0.048828 0.048828
0 0.174579 0.640259 0.048828 0.048828
0 0.227443 0.638937 0.048828 0.048828
0 0.275021 0.623078 0.048828 0.048828
0 0.248589 0.571536 0.048828 0.048828
0 0.195725 0.595324 0.048828 0.048828
0 0.150791 0.596646 0.048828 0.048828
0 0.052992 0.558320 0.048828 0.048828
0 0.108499 0.562284 0.048828 0.048828
0 0.166650 0.549068 0.048828 0.048828
0 0.235373 0.529244 0.048828 0.048828
0 0.302774 0.522636 0.048828 0.048828
0 0.265769 0.459200 0.048828 0.048828
0 0.215549 0.472416 0.048828 0.048828
0 0.160042 0.484310 0.048828 0.048828
0 0.117751 0.504134 0.048828 0.048828
0 0.055636 0.506777 0.048828 0.048828
0 0.097927 0.460521 0.048828 0.048828
0 0.182509 0.439376 0.048828 0.048828
0 0.133610 0.407658 0.048828 0.048828
0 0.105856 0.358758 0.048828 0.048828
0 0.148147 0.342899 0.048828 0.048828
0 0.185152 0.381226 0.048828 0.048828
0 0.240659 0.427481 0.048828 0.048828
0 0.203654 0.332327 0.048828 0.048828
0 0.249910 0.308538 0.048828 0.048828
0 0.265769 0.346864 0.048828 0.048828
0 0.212906 0.250388 0.048828 0.048828
0 0.156077 0.286071 0.048828 0.048828
0 0.103213 0.316467 0.048828 0.048828
0 0.125680 0.250388 0.048828 0.048828
0 0.086032 0.266247 0.048828 0.048828
0 0.033168 0.283427 0.048828 0.048828
0 0.000128 0.226599 0.048828 0.048828
0 0.055636 0.233207 0.048828 0.048828
0 0.084711 0.182986 0.048828 0.048828
0 0.141539 0.192237 0.048828 0.048828
0 0.195725 0.193559 0.048828 0.048828
0 0.142861 0.131444 0.048828 0.048828
0 0.145504 0.065364 0.048828 0.048828
0 0.103213 0.071972 0.048828 0.048828
0 0.083389 0.131444 0.048828 0.048828
0 0.000128 0.160519 0.048828 0.048828
0 0.071495 0.024394 0.048828 0.048828
0 0.022596 0.077258 0.048828 0.048828
0 0.206167 0.018619 0.048828 0.048828
0 0.270405 0.038753 0.048828 0.048828
0 0.222466 0.084774 0.048828 0.048828
0 0.294375 0.112579 0.048828 0.048828
0 0.352860 0.056011 0.048828 0.048828
0 0.240683 0.154765 0.048828 0.048828
0 0.258900 0.198868 0.048828 0.048828
0 0.328891 0.188322 0.048828 0.048828
0 0.308756 0.260230 0.048828 0.048828
0 0.353819 0.261189 0.048828 0.048828
0 0.325055 0.321592 0.048828 0.048828
0 0.371077 0.313921 0.048828 0.048828
0 0.416139 0.306251 0.048828 0.048828
0 0.334643 0.387747 0.048828 0.048828
0 0.397922 0.368572 0.048828 0.048828
0 0.461202 0.381036 0.048828 0.048828
0 0.356695 0.436645 0.048828 0.048828
0 0.408469 0.436645 0.048828 0.048828
0 0.489006 0.437604 0.048828 0.048828
0 0.563791 0.431851 0.048828 0.048828
0 0.545574 0.387747 0.048828 0.048828
0 0.610771 0.381995 0.048828 0.048828
0 0.653916 0.414593 0.048828 0.048828
0 0.626111 0.463491 0.048828 0.048828
0 0.672132 0.480748 0.048828 0.048828
0 0.548450 0.477872 0.048828 0.048828
0 0.471748 0.475955 0.048828 0.048828
0 0.415180 0.490336 0.048828 0.048828
0 0.370118 0.491295 0.048828 0.048828
0 0.505305 0.352273 0.048828 0.048828
0 0.557079 0.336932 0.048828 0.048828
0 0.631864 0.321592 0.048828 0.048828
0 0.688432 0.292828 0.048828 0.048828
0 0.732535 0.302416 0.048828 0.048828
0 0.729659 0.363778 0.048828 0.048828
0 0.721030 0.445274 0.048828 0.048828
0 0.761298 0.494171 0.048828 0.048828
0 0.782392 0.394459 0.048828 0.048828
0 0.816907 0.452944 0.048828 0.048828
0 0.848547 0.414593 0.048828 0.048828
0 0.921414 0.443356 0.048828 0.048828
0 0.906074 0.402129 0.048828 0.048828
0 0.854300 0.356108 0.048828 0.048828
0 0.909909 0.344602 0.048828 0.048828
0 0.960724 0.378159 0.048828 0.048828
0 0.962641 0.313921 0.048828 0.048828
0 0.920455 0.280364 0.048828 0.048828
0 0.870599 0.295705 0.048828 0.048828
0 0.785268 0.333097 0.048828 0.048828
0 0.813072 0.263106 0.048828 0.048828
0 0.768010 0.259271 0.048828 0.048828
0 0.790062 0.209415 0.048828 0.048828
0 0.838001 0.211332 0.048828 0.048828
0 0.721030 0.214209 0.048828 0.048828
0 0.699937 0.175858 0.048828 0.048828
0 0.750752 0.154765 0.048828 0.048828
0 0.836083 0.149971 0.048828 0.048828
0 0.791021 0.108743 0.048828 0.048828
0 0.709525 0.106826 0.048828 0.048828
0 0.683638 0.140383 0.048828 0.048828
0 0.627070 0.150930 0.048828 0.048828
0 0.655833 0.216126 0.048828 0.048828
0 0.626111 0.256395 0.048828 0.048828
0 0.603100 0.195033 0.048828 0.048828
0 0.565708 0.279406 0.048828 0.048828
0 0.515852 0.280364 0.048828 0.048828
0 0.467913 0.302416 0.048828 0.048828
0 0.444902 0.265983 0.048828 0.048828
0 0.412304 0.212291 0.048828 0.048828
0 0.468872 0.224755 0.048828 0.048828
0 0.534069 0.234343 0.048828 0.048828
0 0.558997 0.173940 0.048828 0.048828
0 0.494759 0.173940 0.048828 0.048828
0 0.414222 0.174899 0.048828 0.048828
0 0.369159 0.131754 0.048828 0.048828
0 0.412304 0.107785 0.048828 0.048828
0 0.437232 0.053134 0.048828 0.048828
0 0.400799 0.021495 0.048828 0.048828
0 0.455449 0.117372 0.048828 0.048828
0 0.505305 0.110661 0.048828 0.048828
0 0.525440 0.042588 0.048828 0.048828
0 0.470789 0.014783 0.048828 0.048828
0 0.601183 0.057928 0.048828 0.048828
0 0.650080 0.031083 0.048828 0.048828
0 0.584884 0.120249 0.048828 0.048828
0 0.658709 0.092444 0.048828 0.048828
0 0.710483 0.057928 0.048828 0.048828
0 0.773763 0.063681 0.048828 0.048828
0 0.763216 0.010948 0.048828 0.048828
0 0.959765 0.008072 0.048828 0.048828
0 0.902239 0.001361 0.048828 0.048828
0 0.834165 0.011907 0.048828 0.048828
0 0.851423 0.080939 0.048828 0.048828
0 0.887857 0.091485 0.048828 0.048828
0 0.961683 0.072310 0.048828 0.048828
0 0.949219 0.132713 0.048828 0.048828
0 0.896486 0.147094 0.048828 0.048828
0 0.943466 0.190239 0.048828 0.048828
0 0.988528 0.167229 0.048828 0.048828
0 0.973188 0.253519 0.048828 0.048828
0 0.981817 0.449109 0.048828 0.048828
0 0.971270 0.493213 0.048828 0.048828
0 0.929084 0.485542 0.048828 0.048828
0 0.883063 0.540193 0.048828 0.048828
0 0.865805 0.490336 0.048828 0.048828
0 0.823619 0.570873 0.048828 0.048828
0 0.807320 0.514306 0.048828 0.048828
0 0.792938 0.556492 0.048828 0.048828
0 0.765134 0.550739 0.048828 0.048828
0 0.757463 0.595802 0.048828 0.048828
0 0.692267 0.573750 0.048828 0.048828
0 0.702813 0.521976 0.048828 0.048828
0 0.639534 0.520058 0.048828 0.048828
0 0.643369 0.562244 0.048828 0.048828
0 0.700896 0.622647 0.048828 0.048828
0 0.650080 0.613060 0.048828 0.048828
0 0.576255 0.638946 0.048828 0.048828
0 0.564749 0.573750 0.048828 0.048828
0 0.590636 0.514306 0.048828 0.048828
0 0.516811 0.511429 0.048828 0.048828
0 0.483253 0.535399 0.048828 0.048828
0 0.507223 0.599637 0.048828 0.048828
0 0.512976 0.667710 0.048828 0.048828
0 0.460243 0.633194 0.048828 0.048828
0 0.426686 0.675380 0.048828 0.048828
0 0.406551 0.645658 0.048828 0.048828
0 0.406551 0.592925 0.048828 0.048828
0 0.455449 0.586214 0.048828 0.048828
0 0.430521 0.533481 0.048828 0.048828
0 0.382582 0.552657 0.048828 0.048828