0 0.047292 0.025028 0.048828 0.048828
0 0.144933 0.042530 0.048828 0.048828
0 0.956458 0.608110 0.048828 0.048828
0 0.929745 0.609031 0.048828 0.048828
0 0.891057 0.613637 0.048828 0.048828
0 0.848685 0.616400 0.048828 0.048828
0 0.815524 0.617321 0.048828 0.048828
0 0.779599 0.618242 0.048828 0.048828
0 0.755650 0.610873 0.048828 0.048828
0 0.714198 0.602583 0.048828 0.048828
0 0.674589 0.614558 0.048828 0.048828
0 0.699460 0.629296 0.048828 0.048828
0 0.633138 0.618242 0.048828 0.048828
0 0.559447 0.630217 0.048828 0.048828
0 0.090637 0.009522 0.048828 0.048828
0 0.150129 0.657888 0.048828 0.048828