0 0.999707 0.456740 0.048828 0.048828
0 0.977901 0.495992 0.048828 0.048828
0 0.995346 0.542512 0.048828 0.048828
0 0.988077 0.799827 0.048828 0.048828
0 0.954641 0.548327 0.048828 0.048828
0 0.950279 0.603570 0.048828 0.048828
0 0.954641 0.677711 0.048828 0.048828
0 0.963363 0.751853 0.048828 0.048828
0 0.937196 0.820179 0.048828 0.048828
0 0.908121 0.762029 0.048828 0.048828
0 0.912482 0.721324 0.048828 0.048828
0 0.915389 0.652997 0.048828 0.048828
0 0.893583 0.618107 0.048828 0.048828
0 0.938649 0.878330 0.048828 0.048828
0 0.915389 0.903043 0.048828 0.048828
0 0.833979 0.895775 0.048828 0.048828
0 0.780190 0.882691 0.048828 0.048828
0 0.813626 0.860884 0.048828 0.048828
0 0.874684 0.840532 0.048828 0.048828
0 0.871777 0.757668 0.048828 0.048828
0 0.809265 0.794012 0.048828 0.048828
0 0.774375 0.837624 0.048828 0.048828
0 0.807811 0.702425 0.048828 0.048828
0 0.873230 0.698064 0.048828 0.048828
0 0.851424 0.645729 0.048828 0.048828
0 0.816534 0.660266 0.048828 0.048828
0 0.742020 0.901698 0.048828 0.048828
0 0.721595 0.853640 0.048828 0.048828
0 0.705976 0.900496 0.048828 0.048828
0 0.629083 0.892086 0.048828 0.048828
0 0.606256 0.817596 0.048828 0.048828
0 0.651911 0.806783 0.048828 0.048828
0 0.728804 0.786358 0.048828 0.048828
0 0.770855 0.749113 0.048828 0.048828
0 0.728804 0.721480 0.048828 0.048828
0 0.680746 0.668616 0.048828 0.048828
0 0.660321 0.740703 0.048828 0.048828
0 0.618270 0.749113 0.048828 0.048828
0 0.582227 0.791164 0.048828 0.048828
0 0.528161 0.844028 0.048828 0.048828
0 0.530564 0.892086 0.048828 0.048828
0 0.477701 0.892086 0.048828 0.048828
0 0.399606 0.907705 0.048828 0.048828
0 0.416426 0.866856 0.048828 0.048828
0 0.456074 0.836819 0.048828 0.048828
0 0.525759 0.782754 0.048828 0.048828
0 0.466887 0.769538 0.048828 0.048828
0 0.424837 0.767135 0.048828 0.048828
0 0.394800 0.817596 0.048828 0.048828
0 0.345541 0.774344 0.048828 0.048828
0 0.301087 0.815193 0.048828 0.048828
0 0.352750 0.860848 0.048828 0.048828
0 0.311900 0.869259 0.048828 0.048828
0 0.235007 0.883676 0.048828 0.048828
0 0.184546 0.883676 0.048828 0.048828
0 0.215784 0.823603 0.048828 0.048828
0 0.231403 0.765934 0.048828 0.048828
0 0.298684 0.770740 0.048828 0.048828
0 0.388793 0.729890 0.048828 0.048828
0 0.310699 0.726286 0.048828 0.048828
0 0.268648 0.719077 0.048828 0.048828
0 0.230201 0.703458 0.048828 0.048828
0 0.197762 0.680631 0.048828 0.048828
0 0.239813 0.665012 0.048828 0.048828
0 0.308296 0.680631 0.048828 0.048828
0 0.350347 0.685436 0.048828 0.048828
0 0.442858 0.711868 0.048828 0.048828
0 0.508938 0.703458 0.048828 0.048828
0 0.571414 0.709466 0.048828 0.048828
0 0.611062 0.690242 0.048828 0.048828
0 0.655515 0.612148 0.048828 0.048828
0 0.692760 0.584515 0.048828 0.048828
0 0.754034 0.621760 0.048828 0.048828
0 0.806898 0.610946 0.048828 0.048828
0 0.878985 0.562888 0.048828 0.048828
0 0.817711 0.549672 0.048828 0.048828
0 0.760042 0.540061 0.048828 0.048828
0 0.687955 0.534054 0.048828 0.048828
0 0.639896 0.543665 0.048828 0.048828
0 0.626681 0.505219 0.048828 0.048828
0 0.588234 0.512427 0.048828 0.048828
0 0.559399 0.576104 0.048828 0.048828
0 0.597846 0.616954 0.048828 0.048828
0 0.548586 0.648191 0.048828 0.048828
0 0.517348 0.625364 0.048828 0.048828
0 0.465686 0.646990 0.048828 0.048828
0 0.463283 0.585716 0.048828 0.048828
0 0.506535 0.552075 0.048828 0.048828
0 0.502931 0.493204 0.048828 0.048828
0 0.470492 0.492003 0.048828 0.048828
0 0.441657 0.511226 0.048828 0.048828
0 0.403210 0.546068 0.048828 0.048828
0 0.383987 0.592925 0.048828 0.048828
0 0.409218 0.643386 0.048828 0.048828
0 0.337131 0.603738 0.048828 0.048828
0 0.322713 0.554478 0.048828 0.048828
0 0.374376 0.500413 0.048828 0.048828
0 0.322713 0.505219 0.048828 0.048828
0 0.255432 0.531651 0.048828 0.048828
0 0.267446 0.603738 0.048828 0.048828
0 0.141294 0.878870 0.048828 0.048828
0 0.099243 0.902899 0.048828 0.048828
0 0.028358 0.906504 0.048828 0.048828
0 0.003127 0.848834 0.048828 0.048828
0 0.025955 0.797171 0.048828 0.048828
0 0.088430 0.827208 0.048828 0.048828
0 0.148503 0.805582 0.048828 0.048828
0 0.174935 0.753919 0.048828 0.048828
0 0.112459 0.739502 0.048828 0.048828
0 0.130481 0.667415 0.048828 0.048828
0 0.066804 0.698652 0.048828 0.048828
0 0.075214 0.638580 0.048828 0.048828
0 0.105250 0.619357 0.048828 0.048828
0 0.160517 0.602536 0.048828 0.048828
0 0.216985 0.601335 0.048828 0.048828
0 0.093236 0.567694 0.048828 0.048828
0 0.177338 0.514830 0.048828 0.048828
0 0.235007 0.489600 0.048828 0.048828
0 0.192956 0.454758 0.048828 0.048828
0 0.131682 0.478787 0.048828 0.048828
0 0.093236 0.481190 0.048828 0.048828
0 0.022350 0.512427 0.048828 0.048828
0 0.003127 0.683034 0.048828 0.048828
0 0.025955 0.733495 0.048828 0.048828
0 0.048650 0.046804 0.048828 0.048828
0 0.028698 0.092251 0.048828 0.048828
0 0.051975 0.133263 0.048828 0.048828
0 0.099638 0.019093 0.048828 0.048828
0 0.100747 0.085600 0.048828 0.048828
0 0.107397 0.129938 0.048828 0.048828
0 0.108506 0.167625 0.048828 0.048828
0 0.065276 0.197553 0.048828 0.048828
0 0.116265 0.251867 0.048828 0.048828
0 0.088554 0.237457 0.048828 0.048828
0 0.117373 0.288446 0.048828 0.048828
0 0.077469 0.271819 0.048828 0.048828
0 0.065276 0.316157 0.048828 0.048828
0 0.010963 0.250758 0.048828 0.048828
0 0.166145 0.331675 0.048828 0.048828
0 0.158386 0.366037 0.048828 0.048828
0 0.128458 0.414808 0.048828 0.048828
0 0.076361 0.363820 0.048828 0.048828
0 0.075252 0.419242 0.048828 0.048828
0 0.034240 0.432544 0.048828 0.048828
0 0.260363 0.443628 0.048828 0.048828
0 0.300267 0.428110 0.048828 0.048828
0 0.241519 0.414808 0.048828 0.048828
0 0.278098 0.343868 0.048828 0.048828
0 0.209374 0.358278 0.048828 0.048828
0 0.220459 0.315048 0.048828 0.048828
0 0.252604 0.271819 0.048828 0.048828
0 0.196073 0.260734 0.048828 0.048828
0 0.250387 0.219722 0.048828 0.048828
0 0.183880 0.193119 0.048828 0.048828
0 0.223784 0.190902 0.048828 0.048828
0 0.254821 0.162083 0.048828 0.048828
0 0.197182 0.132155 0.048828 0.048828
0 0.149518 0.148781 0.048828 0.048828
0 0.165037 0.096684 0.048828 0.048828
0 0.134000 0.045696 0.048828 0.048828
0 0.167254 0.016876 0.048828 0.048828
0 0.227110 0.070082 0.048828 0.048828
0 0.241519 0.024635 0.048828 0.048828
0 0.286966 0.062323 0.048828 0.048828
0 0.313568 0.124396 0.048828 0.048828
0 0.308026 0.192011 0.048828 0.048828
0 0.318002 0.254084 0.048828 0.048828
0 0.333520 0.331675 0.048828 0.048828
0 0.346822 0.393748 0.048828 0.048828
0 0.408895 0.449170 0.048828 0.048828
0 0.459883 0.432544 0.048828 0.048828
0 0.429955 0.377121 0.048828 0.048828
0 0.384509 0.358278 0.048828 0.048828
0 0.382292 0.286229 0.048828 0.048828
0 0.418871 0.312831 0.048828 0.048828
0 0.480944 0.301747 0.048828 0.048828
0 0.535258 0.281795 0.048828 0.048828
0 0.469859 0.246325 0.048828 0.048828
0 0.422196 0.249650 0.048828 0.048828
0 0.373424 0.244108 0.048828 0.048828
0 0.397810 0.194228 0.048828 0.048828
0 0.424413 0.129938 0.048828 0.048828
0 0.363448 0.128829 0.048828 0.048828
0 0.368991 0.081166 0.048828 0.048828
0 0.426630 0.064540 0.048828 0.048828
0 0.418871 0.020202 0.048828 0.048828
0 0.460992 0.006900 0.048828 0.048828
0 0.473185 0.050130 0.048828 0.048828
0 0.478727 0.086708 0.048828 0.048828
0 0.489811 0.183143 0.048828 0.048828
0 0.519739 0.215288 0.048828 0.048828
0 0.574053 0.235240 0.048828 0.048828
0 0.558535 0.354952 0.048828 0.048828
0 0.504221 0.393748 0.048828 0.048828
0 0.545234 0.399290 0.048828 0.048828
0 0.569619 0.454712 0.048828 0.048828
0 0.623933 0.438086 0.048828 0.048828
0 0.628367 0.388206 0.048828 0.048828
0 0.659404 0.403724 0.048828 0.048828
0 0.709284 0.446953 0.048828 0.048828
0 0.734778 0.471339 0.048828 0.048828
0 0.769140 0.477990 0.048828 0.048828
0 0.760272 0.435869 0.048828 0.048828
0 0.749188 0.384880 0.048828 0.048828
0 0.819020 0.381555 0.048828 0.048828
0 0.772465 0.336109 0.048828 0.048828
0 0.710392 0.340543 0.048828 0.048828
0 0.610632 0.337217 0.048828 0.048828
0 0.657187 0.323916 0.048828 0.048828
0 0.660512 0.274036 0.048828 0.048828
0 0.717043 0.292879 0.048828 0.048828
0 0.723693 0.240782 0.048828 0.048828
0 0.776899 0.261843 0.048828 0.048828
0 0.734778 0.189794 0.048828 0.048828
0 0.801285 0.193119 0.048828 0.048828
0 0.841189 0.225264 0.048828 0.048828
0 0.750296 0.126612 0.048828 0.048828
0 0.712609 0.132155 0.048828 0.048828
0 0.680464 0.190902 0.048828 0.048828
0 0.647211 0.134372 0.048828 0.048828
0 0.606198 0.144348 0.048828 0.048828
0 0.587355 0.187577 0.048828 0.048828
0 0.613957 0.231915 0.048828 0.048828
0 0.550776 0.166517 0.048828 0.048828
0 0.577379 0.122179 0.048828 0.048828
0 0.564077 0.073407 0.048828 0.048828
0 0.526390 0.115528 0.048828 0.048828
0 0.540800 0.043479 0.048828 0.048828
0 0.341280 0.020202 0.048828 0.048828
0 0.991937 0.013551 0.048828 0.048828
0 0.984178 0.070082 0.048828 0.048828
0 0.940949 0.039045 0.048828 0.048828
0 0.932081 0.142131 0.048828 0.048828
0 0.975311 0.153215 0.048828 0.048828
0 0.988612 0.206421 0.048828 0.048828
0 0.988612 0.248542 0.048828 0.048828
0 0.936515 0.260734 0.048828 0.048828
0 0.938732 0.185360 0.048828 0.048828
0 0.896611 0.215288 0.048828 0.048828
0 0.901045 0.167625 0.048828 0.048828
0 0.850056 0.158757 0.048828 0.048828
0 0.892177 0.289554 0.048828 0.048828
0 0.846731 0.290662 0.048828 0.048828
0 0.823454 0.116636 0.048828 0.048828
0 0.852273 0.094468 0.048828 0.048828
0 0.885527 0.084492 0.048828 0.048828
0 0.884418 0.009117 0.048828 0.048828
0 0.830104 0.017985 0.048828 0.048828
0 0.707067 0.027961 0.048828 0.048828
0 0.799068 0.068973 0.048828 0.048828
0 0.750296 0.061214 0.048828 0.048828
0 0.693765 0.073407 0.048828 0.048828
0 0.658295 0.061214 0.048828 0.048828
0 0.616174 0.039045 0.048828 0.048828
0 0.608415 0.091142 0.048828 0.048828
0 0.579595 0.012443 0.048828 0.048828
0 0.351256 0.449170 0.048828 0.048828
0 0.817911 0.489074 0.048828 0.048828
0 0.870008 0.504593 0.048828 0.048828
0 0.905479 0.497942 0.048828 0.048828
0 0.835646 0.442520 0.048828 0.048828
0 0.887743 0.413700 0.048828 0.048828
0 0.916563 0.460255 0.048828 0.048828
0 0.948708 0.403724 0.048828 0.048828
0 0.988612 0.384880 0.048828 0.048828
0 0.259255 0.094468 0.048828 0.048828
0 0.911021 0.359386 0.048828 0.048828