0 0.945454 0.886342 0.048828 0.048828
0 0.993558 0.804463 0.048828 0.048828
0 0.991512 0.829027 0.048828 0.048828
0 0.989465 0.768641 0.048828 0.048828
0 0.936243 0.987667 0.048828 0.048828
0 0.895303 0.984597 0.048828 0.048828
0 0.936243 0.964127 0.048828 0.048828
0 0.887116 0.973339 0.048828 0.048828
0 0.911679 0.962080 0.048828 0.048828
0 0.876881 0.959010 0.048828 0.048828
0 0.904515 0.945704 0.048828 0.048828
0 0.897350 0.896577 0.048828 0.048828
0 0.858458 0.909882 0.048828 0.048828
0 0.935220 0.831073 0.048828 0.048828
0 0.961830 0.829027 0.048828 0.048828
0 0.825706 0.879178 0.048828 0.048828
0 0.851293 0.842332 0.048828 0.048828
0 0.916797 0.837214 0.048828 0.048828
0 0.927032 0.745100 0.048828 0.048828
0 0.857434 0.758406 0.048828 0.048828
0 0.892233 0.736912 0.048828 0.048828
0 0.871763 0.742030 0.048828 0.048828
0 0.843106 0.748171 0.048828 0.048828
0 0.783743 0.752265 0.048828 0.048828
0 0.796025 0.769664 0.048828 0.048828
0 0.758156 0.779899 0.048828 0.048828
0 0.745874 0.761476 0.048828 0.048828
0 0.793978 0.800369 0.048828 0.048828
0 0.460320 0.816745 0.048828 0.048828
0 0.436780 0.817768 0.048828 0.048828
0 0.421428 0.814698 0.048828 0.048828
0 0.422451 0.832097 0.048828 0.048828
0 0.405052 0.821862 0.048828 0.048828
0 0.371277 0.812651 0.048828 0.048828
0 0.340572 0.817768 0.048828 0.048828
0 0.352854 0.830050 0.048828 0.048828
0 0.314985 0.825956 0.048828 0.048828
0 0.320102 0.843355 0.048828 0.048828
0 0.301680 0.847449 0.048828 0.048828
0 0.279163 0.856661 0.048828 0.048828
0 0.346713 0.970268 0.048828 0.048828
0 0.306797 0.978456 0.048828 0.048828
0 0.252552 0.977433 0.048828 0.048828
0 0.201378 0.882248 0.048828 0.048828
0 0.113357 0.921141 0.048828 0.048828
0 0.164532 0.912953 0.048828 0.048828
0 0.971405 0.810297 0.048828 0.048828