0 0.902465 0.242878 0.007506 0.013259
0 0.896517 0.238376 0.007506 0.013259
0 0.895385 0.244629 0.007506 0.013259
0 0.894677 0.256635 0.007506 0.013259
0 0.890712 0.252633 0.007506 0.013259
0 0.891986 0.247130 0.007506 0.013259
0 0.888446 0.242378 0.007506 0.013259
0 0.887313 0.246130 0.007506 0.013259
0 0.884056 0.244379 0.007506 0.013259
0 0.884056 0.251883 0.007506 0.013259
0 0.879241 0.243629 0.007506 0.013259
0 0.878250 0.254384 0.007506 0.013259
0 0.874285 0.250632 0.007506 0.013259
0 0.874427 0.245129 0.007506 0.013259
0 0.870320 0.243128 0.007506 0.013259
0 0.870886 0.248381 0.007506 0.013259
0 0.866355 0.244129 0.007506 0.013259
0 0.864089 0.248881 0.007506 0.013259
0 0.861965 0.243879 0.007506 0.013259
0 0.861682 0.240127 0.007506 0.013259
0 0.864656 0.238626 0.007506 0.013259
0 0.857292 0.236375 0.007506 0.013259
0 0.853894 0.232373 0.007506 0.013259
0 0.876692 0.227120 0.007506 0.013259
0 0.828971 0.222868 0.007506 0.013259
0 0.818917 0.216864 0.007506 0.013259
0 0.787338 0.212362 0.007506 0.013259
0 0.851911 0.254634 0.007506 0.013259
0 0.847096 0.255135 0.007506 0.013259
0 0.844123 0.255135 0.007506 0.013259
0 0.838317 0.256635 0.007506 0.013259
0 0.833927 0.257386 0.007506 0.013259
0 0.830528 0.257636 0.007506 0.013259
0 0.825855 0.262138 0.007506 0.013259
0 0.830245 0.262389 0.007506 0.013259
0 0.834918 0.262138 0.007506 0.013259
0 0.838458 0.262389 0.007506 0.013259
0 0.841574 0.261638 0.007506 0.013259
0 0.843415 0.264890 0.007506 0.013259
0 0.845114 0.260387 0.007506 0.013259
0 0.848229 0.265390 0.007506 0.013259
0 0.850070 0.262889 0.007506 0.013259
0 0.854602 0.260137 0.007506 0.013259
0 0.826563 0.268892 0.007506 0.013259
0 0.831378 0.270893 0.007506 0.013259
0 0.836759 0.271143 0.007506 0.013259
0 0.839166 0.274145 0.007506 0.013259
0 0.844689 0.275145 0.007506 0.013259
0 0.848937 0.272144 0.007506 0.013259
0 0.851486 0.268142 0.007506 0.013259
0 0.854885 0.270643 0.007506 0.013259
0 0.855168 0.266140 0.007506 0.013259
0 0.858000 0.271643 0.007506 0.013259
0 0.863240 0.268642 0.007506 0.013259
0 0.875276 0.266891 0.007506 0.013259
0 0.874427 0.319168 0.007506 0.013259
0 0.878817 0.313916 0.007506 0.013259
0 0.842990 0.342431 0.007506 0.013259
0 0.839308 0.346933 0.007506 0.013259
0 0.842707 0.346933 0.007506 0.013259
0 0.843415 0.350435 0.007506 0.013259
0 0.840016 0.351436 0.007506 0.013259
0 0.898783 0.439232 0.007506 0.013259
0 0.901049 0.444235 0.007506 0.013259
0 0.899350 0.452989 0.007506 0.013259
0 0.897225 0.459743 0.007506 0.013259
0 0.904164 0.477002 0.007506 0.013259
0 0.893402 0.512771 0.007506 0.013259
0 0.896659 0.512270 0.007506 0.013259
0 0.900058 0.510019 0.007506 0.013259
0 0.904589 0.510019 0.007506 0.013259
0 0.908979 0.511770 0.007506 0.013259
0 0.911528 0.515772 0.007506 0.013259
0 0.909404 0.517523 0.007506 0.013259
0 0.906005 0.515522 0.007506 0.013259
0 0.894677 0.516773 0.007506 0.013259
0 0.896801 0.521775 0.007506 0.013259
0 0.902890 0.518524 0.007506 0.013259
0 0.893260 0.522776 0.007506 0.013259
0 0.889862 0.518023 0.007506 0.013259
0 0.876126 0.538534 0.007506 0.013259
0 0.871311 0.538534 0.007506 0.013259
0 0.865081 0.543037 0.007506 0.013259
0 0.856584 0.541286 0.007506 0.013259
0 0.851486 0.557294 0.007506 0.013259
0 0.848088 0.553042 0.007506 0.013259
0 0.843273 0.549540 0.007506 0.013259
0 0.837750 0.554042 0.007506 0.013259
0 0.825572 0.552041 0.007506 0.013259
0 0.898075 0.469248 0.007506 0.013259
0 0.858142 0.396459 0.007506 0.013259
0 0.862532 0.395209 0.007506 0.013259
0 0.867488 0.394959 0.007506 0.013259
0 0.824298 0.434729 0.007506 0.013259
0 0.826280 0.421723 0.007506 0.013259
0 0.825430 0.413468 0.007506 0.013259
0 0.822315 0.418971 0.007506 0.013259
0 0.820474 0.415719 0.007506 0.013259
0 0.817500 0.420972 0.007506 0.013259
0 0.815801 0.416720 0.007506 0.013259
0 0.812686 0.418471 0.007506 0.013259
0 0.812544 0.414219 0.007506 0.013259
0 0.809004 0.418721 0.007506 0.013259
0 0.805322 0.417721 0.007506 0.013259
0 0.809004 0.434980 0.007506 0.013259
0 0.804614 0.431978 0.007506 0.013259
0 0.798242 0.431478 0.007506 0.013259
0 0.794418 0.432228 0.007506 0.013259
0 0.792011 0.437231 0.007506 0.013259
0 0.778275 0.440983 0.007506 0.013259
0 0.783373 0.420722 0.007506 0.013259
0 0.775868 0.425725 0.007506 0.013259
0 0.787055 0.433479 0.007506 0.013259
0 0.782240 0.436731 0.007506 0.013259
0 0.772611 0.440983 0.007506 0.013259
0 0.769212 0.443484 0.007506 0.013259
0 0.887738 0.458242 0.007506 0.013259
0 0.744997 0.658348 0.007506 0.013259
0 0.760008 0.663100 0.007506 0.013259
0 0.718942 0.639338 0.007506 0.013259
0 0.732394 0.675106 0.007506 0.013259
0 0.732961 0.656346 0.007506 0.013259
0 0.913935 0.592063 0.007506 0.013259
0 0.907563 0.592813 0.007506 0.013259
0 0.899350 0.597565 0.007506 0.013259
0 0.903315 0.527278 0.007506 0.013259
0 0.907138 0.531030 0.007506 0.013259
0 0.918750 0.718379 0.007506 0.013259
0 0.926538 0.720881 0.007506 0.013259
0 0.884764 0.816681 0.007506 0.013259
0 0.880657 0.816931 0.007506 0.013259
0 0.874710 0.818182 0.007506 0.013259
0 0.868196 0.818932 0.007506 0.013259
0 0.863098 0.819182 0.007506 0.013259
0 0.857575 0.819433 0.007506 0.013259
0 0.853894 0.817432 0.007506 0.013259
0 0.847521 0.815180 0.007506 0.013259
0 0.841432 0.818432 0.007506 0.013259
0 0.845256 0.822434 0.007506 0.013259
0 0.835060 0.819433 0.007506 0.013259
0 0.823731 0.822684 0.007506 0.013259
0 0.943106 0.789667 0.007506 0.013259
0 0.939991 0.782913 0.007506 0.013259
0 0.944664 0.778161 0.007506 0.013259
0 0.940699 0.771907 0.007506 0.013259
0 0.713560 0.779161 0.007506 0.013259
0 0.725031 0.775910 0.007506 0.013259
0 0.727296 0.781162 0.007506 0.013259
0 0.655077 0.682360 0.007506 0.013259
0 0.660033 0.683111 0.007506 0.013259
0 0.678725 0.676357 0.007506 0.013259
0 0.651395 0.644090 0.007506 0.013259
0 0.655785 0.644590 0.007506 0.013259
0 0.659325 0.643340 0.007506 0.013259
0 0.662157 0.650844 0.007506 0.013259
0 0.663290 0.644340 0.007506 0.013259
0 0.667396 0.644840 0.007506 0.013259
0 0.667680 0.650844 0.007506 0.013259
0 0.670653 0.654095 0.007506 0.013259
0 0.674052 0.651844 0.007506 0.013259
0 0.679433 0.642839 0.007506 0.013259
0 0.684956 0.643089 0.007506 0.013259
0 0.696284 0.634335 0.007506 0.013259
0 0.698125 0.640588 0.007506 0.013259
0 0.705772 0.638087 0.007506 0.013259
0 0.707471 0.638087 0.007506 0.013259
0 0.714269 0.641339 0.007506 0.013259
0 0.689062 0.648092 0.007506 0.013259
0 0.710870 0.652595 0.007506 0.013259
0 0.666405 0.660849 0.007506 0.013259
0 0.662299 0.661349 0.007506 0.013259
0 0.657342 0.660098 0.007506 0.013259
0 0.653236 0.659098 0.007506 0.013259
0 0.642049 0.665101 0.007506 0.013259
0 0.637517 0.668353 0.007506 0.013259
0 0.613727 0.669854 0.007506 0.013259
0 0.625622 0.676107 0.007506 0.013259
0 0.628171 0.672605 0.007506 0.013259
0 0.632278 0.673355 0.007506 0.013259
0 0.641341 0.673856 0.007506 0.013259
0 0.646014 0.669103 0.007506 0.013259
0 0.650970 0.666102 0.007506 0.013259
0 0.659183 0.668103 0.007506 0.013259
0 0.628738 0.682610 0.007506 0.013259
0 0.616701 0.678108 0.007506 0.013259
0 0.609337 0.675357 0.007506 0.013259
0 0.609196 0.669103 0.007506 0.013259
0 0.603956 0.674606 0.007506 0.013259
0 0.600416 0.677608 0.007506 0.013259
0 0.599425 0.675106 0.007506 0.013259
0 0.592486 0.675857 0.007506 0.013259
0 0.585972 0.677608 0.007506 0.013259
0 0.759489 0.443845 0.007506 0.013259
0 0.756499 0.443290 0.007506 0.013259
0 0.755712 0.436897 0.007506 0.013259
0 0.750835 0.438565 0.007506 0.013259
0 0.751149 0.442734 0.007506 0.013259
0 0.743440 0.441344 0.007506 0.013259
0 0.739506 0.443845 0.007506 0.013259
0 0.736674 0.444401 0.007506 0.013259
0 0.739034 0.435786 0.007506 0.013259
0 0.738247 0.413552 0.007506 0.013259
0 0.732898 0.416609 0.007506 0.013259
0 0.729279 0.417998 0.007506 0.013259
0 0.730066 0.410217 0.007506 0.013259
0 0.727863 0.403546 0.007506 0.013259
0 0.723615 0.402713 0.007506 0.013259
0 0.723772 0.397988 0.007506 0.013259
0 0.718422 0.400211 0.007506 0.013259
0 0.723143 0.421889 0.007506 0.013259
0 0.741080 0.451071 0.007506 0.013259
0 0.770502 0.314611 0.007506 0.013259
0 0.766726 0.309330 0.007506 0.013259
0 0.763737 0.312387 0.007506 0.013259
0 0.761534 0.306829 0.007506 0.013259
0 0.702846 0.353798 0.007506 0.013259
0 0.696237 0.351297 0.007506 0.013259
0 0.691045 0.353798 0.007506 0.013259
0 0.684437 0.357411 0.007506 0.013259
0 0.677356 0.361580 0.007506 0.013259
0 0.673108 0.362691 0.007506 0.013259
0 0.687111 0.320725 0.007506 0.013259
0 0.659734 0.321559 0.007506 0.013259
0 0.807792 0.226231 0.007506 0.013259
0 0.803230 0.222618 0.007506 0.013259
0 0.802758 0.225675 0.007506 0.013259
0 0.802758 0.231511 0.007506 0.013259
0 0.806848 0.234012 0.007506 0.013259
0 0.799296 0.229288 0.007506 0.013259
0 0.798824 0.222062 0.007506 0.013259
0 0.795205 0.221506 0.007506 0.013259
0 0.792216 0.222062 0.007506 0.013259
0 0.789541 0.225397 0.007506 0.013259
0 0.794733 0.229288 0.007506 0.013259
0 0.795992 0.235402 0.007506 0.013259
0 0.790957 0.233179 0.007506 0.013259
0 0.787495 0.242350 0.007506 0.013259
0 0.787181 0.230955 0.007506 0.013259
0 0.786237 0.222618 0.007506 0.013259
0 0.782460 0.224563 0.007506 0.013259
0 0.781516 0.231511 0.007506 0.013259
0 0.780730 0.241794 0.007506 0.013259
0 0.780258 0.250132 0.007506 0.013259
0 0.771919 0.243184 0.007506 0.013259
0 0.772391 0.237070 0.007506 0.013259
0 0.768929 0.237348 0.007506 0.013259
0 0.760118 0.240683 0.007506 0.013259
0 0.776796 0.224841 0.007506 0.013259
0 0.775223 0.219282 0.007506 0.013259
0 0.780887 0.217059 0.007506 0.013259
0 0.774751 0.214002 0.007506 0.013259
0 0.770660 0.212056 0.007506 0.013259
0 0.769558 0.216781 0.007506 0.013259
0 0.771919 0.220672 0.007506 0.013259
0 0.767513 0.218449 0.007506 0.013259
0 0.767198 0.225119 0.007506 0.013259
0 0.766884 0.208721 0.007506 0.013259
0 0.758702 0.268197 0.007506 0.013259
0 0.752408 0.267363 0.007506 0.013259
0 0.758702 0.261805 0.007506 0.013259
0 0.751149 0.264306 0.007506 0.013259
0 0.754926 0.261249 0.007506 0.013259
0 0.749576 0.260415 0.007506 0.013259
0 0.753824 0.256802 0.007506 0.013259
0 0.752723 0.243462 0.007506 0.013259
0 0.746744 0.247075 0.007506 0.013259
0 0.758544 0.225675 0.007506 0.013259
0 0.762635 0.225119 0.007506 0.013259
0 0.741709 0.238737 0.007506 0.013259
0 0.745642 0.228732 0.007506 0.013259
0 0.755712 0.227342 0.007506 0.013259
0 0.757286 0.202329 0.007506 0.013259
0 0.746587 0.205942 0.007506 0.013259
0 0.751936 0.200106 0.007506 0.013259
0 0.748789 0.201495 0.007506 0.013259
0 0.744384 0.203163 0.007506 0.013259
0 0.735258 0.204275 0.007506 0.013259
0 0.737146 0.208999 0.007506 0.013259
0 0.731324 0.211778 0.007506 0.013259
0 0.729436 0.206776 0.007506 0.013259
0 0.736831 0.217337 0.007506 0.013259
0 0.719524 0.357411 0.007506 0.013259
0 0.685538 0.221784 0.007506 0.013259
0 0.681919 0.222062 0.007506 0.013259
0 0.679559 0.221228 0.007506 0.013259
0 0.679716 0.225953 0.007506 0.013259
0 0.677041 0.223173 0.007506 0.013259
0 0.671849 0.220672 0.007506 0.013259
0 0.667129 0.222062 0.007506 0.013259
0 0.669017 0.225397 0.007506 0.013259
0 0.663195 0.224285 0.007506 0.013259
0 0.663982 0.229010 0.007506 0.013259
0 0.661150 0.230121 0.007506 0.013259
0 0.657688 0.232623 0.007506 0.013259
0 0.668073 0.263472 0.007506 0.013259
0 0.661937 0.265696 0.007506 0.013259
0 0.653598 0.265418 0.007506 0.013259
0 0.645730 0.239571 0.007506 0.013259
0 0.632199 0.250132 0.007506 0.013259
0 0.640066 0.247909 0.007506 0.013259
0 0.643842 0.376588 0.007506 0.013259
0 0.536693 0.302104 0.007506 0.013259
0 0.523476 0.305161 0.007506 0.013259
0 0.525993 0.308218 0.007506 0.013259
0 0.533860 0.310998 0.007506 0.013259
0 0.535277 0.323226 0.007506 0.013259
0 0.529455 0.324616 0.007506 0.013259
0 0.524735 0.328785 0.007506 0.013259
0 0.522375 0.324894 0.007506 0.013259
0 0.509001 0.333231 0.007506 0.013259
0 0.499403 0.391318 0.007506 0.013259
0 0.493738 0.392985 0.007506 0.013259
0 0.496413 0.397432 0.007506 0.013259
0 0.494210 0.400767 0.007506 0.013259
0 0.565958 0.401045 0.007506 0.013259
0 0.428127 0.305717 0.007506 0.013259
0 0.428914 0.314055 0.007506 0.013259
0 0.431274 0.311553 0.007506 0.013259
0 0.442917 0.316556 0.007506 0.013259
0 0.447795 0.316834 0.007506 0.013259
0 0.455819 0.316278 0.007506 0.013259
0 0.448896 0.417443 0.007506 0.013259
0 0.443232 0.416609 0.007506 0.013259
0 0.444333 0.421611 0.007506 0.013259
0 0.440872 0.423001 0.007506 0.013259
0 0.437567 0.421056 0.007506 0.013259
0 0.433476 0.420222 0.007506 0.013259
0 0.367865 0.282093 0.007506 0.013259
0 0.365348 0.280704 0.007506 0.013259
0 0.362358 0.280704 0.007506 0.013259
0 0.356064 0.279036 0.007506 0.013259
0 0.354334 0.282649 0.007506 0.013259
0 0.349456 0.280148 0.007506 0.013259
0 0.344264 0.281538 0.007506 0.013259
0 0.336554 0.279592 0.007506 0.013259
0 0.329316 0.277647 0.007506 0.013259
0 0.316414 0.278480 0.007506 0.013259
0 0.312795 0.273200 0.007506 0.013259
0 0.313425 0.275423 0.007506 0.013259
0 0.314054 0.281538 0.007506 0.013259
0 0.313110 0.287096 0.007506 0.013259
0 0.308862 0.284595 0.007506 0.013259
0 0.309334 0.277647 0.007506 0.013259
0 0.307760 0.272922 0.007506 0.013259
0 0.303040 0.274589 0.007506 0.013259
0 0.303670 0.282927 0.007506 0.013259
0 0.299893 0.282927 0.007506 0.013259
0 0.295173 0.285151 0.007506 0.013259
0 0.293442 0.300992 0.007506 0.013259
0 0.299736 0.302382 0.007506 0.013259
0 0.277079 0.289319 0.007506 0.013259
0 0.253792 0.307940 0.007506 0.013259
0 0.261974 0.307940 0.007506 0.013259
0 0.271429 0.441933 0.007506 0.013259
0 0.284140 0.431254 0.007506 0.013259
0 0.296231 0.429337 0.007506 0.013259
0 0.299486 0.420302 0.007506 0.013259
0 0.308477 0.444945 0.007506 0.013259
0 0.306772 0.437004 0.007506 0.013259
0 0.308942 0.427968 0.007506 0.013259
0 0.311422 0.427694 0.007506 0.013259
0 0.314367 0.426599 0.007506 0.013259
0 0.318398 0.431254 0.007506 0.013259
0 0.314367 0.441385 0.007506 0.013259
0 0.327699 0.426873 0.007506 0.013259
0 0.334054 0.426873 0.007506 0.013259
0 0.336379 0.425504 0.007506 0.013259
0 0.341650 0.424409 0.007506 0.013259
0 0.348160 0.421397 0.007506 0.013259
0 0.351106 0.423587 0.007506 0.013259
0 0.357151 0.420575 0.007506 0.013259
0 0.359941 0.414825 0.007506 0.013259
0 0.364747 0.408801 0.007506 0.013259
0 0.367692 0.413456 0.007506 0.013259
0 0.363197 0.416742 0.007506 0.013259
0 0.346300 0.426052 0.007506 0.013259
0 0.352656 0.417837 0.007506 0.013259
0 0.324598 0.466576 0.007506 0.013259
0 0.328474 0.465207 0.007506 0.013259
0 0.334209 0.464659 0.007506 0.013259
0 0.338705 0.463564 0.007506 0.013259
0 0.344595 0.461921 0.007506 0.013259
0 0.350486 0.487385 0.007506 0.013259
0 0.361647 0.482183 0.007506 0.013259
0 0.291270 0.495874 0.007506 0.013259
0 0.293441 0.496695 0.007506 0.013259
0 0.286310 0.498612 0.007506 0.013259
0 0.289255 0.501350 0.007506 0.013259
0 0.291891 0.499981 0.007506 0.013259
0 0.293906 0.500528 0.007506 0.013259
0 0.296231 0.501898 0.007506 0.013259
0 0.300106 0.499159 0.007506 0.013259
0 0.294836 0.504909 0.007506 0.013259
0 0.292511 0.504636 0.007506 0.013259
0 0.286310 0.504362 0.007506 0.013259
0 0.303362 0.522433 0.007506 0.013259
0 0.305222 0.524350 0.007506 0.013259
0 0.306462 0.520791 0.007506 0.013259
0 0.311112 0.519148 0.007506 0.013259
0 0.315143 0.518600 0.007506 0.013259
0 0.318398 0.516957 0.007506 0.013259
0 0.321653 0.519421 0.007506 0.013259
0 0.317623 0.717661 0.007506 0.013259
0 0.361647 0.712459 0.007506 0.013259
0 0.382883 0.721221 0.007506 0.013259
0 0.407686 0.516410 0.007506 0.013259
0 0.412026 0.521886 0.007506 0.013259
0 0.418227 0.520791 0.007506 0.013259
0 0.419467 0.516683 0.007506 0.013259
0 0.422102 0.519421 0.007506 0.013259
0 0.426907 0.517231 0.007506 0.013259
0 0.432488 0.519695 0.007506 0.013259
0 0.417141 0.590886 0.007506 0.013259
0 0.412181 0.588696 0.007506 0.013259
0 0.406756 0.687816 0.007506 0.013259
0 0.413111 0.690006 0.007506 0.013259
0 0.417452 0.685352 0.007506 0.013259
0 0.430008 0.680971 0.007506 0.013259
0 0.432798 0.677685 0.007506 0.013259
0 0.437138 0.679328 0.007506 0.013259
0 0.440239 0.679875 0.007506 0.013259
0 0.446439 0.679054 0.007506 0.013259
0 0.450314 0.677959 0.007506 0.013259
0 0.464421 0.679054 0.007506 0.013259
0 0.469381 0.676863 0.007506 0.013259
0 0.485192 0.686173 0.007506 0.013259
0 0.481162 0.690554 0.007506 0.013259
0 0.486743 0.684256 0.007506 0.013259
0 0.490463 0.684530 0.007506 0.013259
0 0.494648 0.682613 0.007506 0.013259
0 0.488758 0.687816 0.007506 0.013259
0 0.510305 0.674399 0.007506 0.013259
0 0.501779 0.614160 0.007506 0.013259
0 0.463181 0.448230 0.007506 0.013259
0 0.460700 0.458361 0.007506 0.013259
0 0.470156 0.458635 0.007506 0.013259
0 0.479767 0.460278 0.007506 0.013259
0 0.488448 0.446040 0.007506 0.013259
0 0.493718 0.446040 0.007506 0.013259
0 0.498679 0.440564 0.007506 0.013259
0 0.476822 0.423313 0.007506 0.013259
0 0.503484 0.490945 0.007506 0.013259
0 0.512165 0.488481 0.007506 0.013259
0 0.518055 0.486290 0.007506 0.013259
0 0.525341 0.484100 0.007506 0.013259
0 0.529681 0.488755 0.007506 0.013259
0 0.537432 0.486016 0.007506 0.013259
0 0.714768 0.362253 0.007506 0.013259
0 0.731664 0.424956 0.007506 0.013259
0 0.751661 0.654137 0.007506 0.013259
0 0.695546 0.646470 0.007506 0.013259
0 0.700971 0.646744 0.007506 0.013259
0 0.760807 0.830198 0.007506 0.013259
0 0.761498 0.649651 0.007506 0.013259
0 0.882586 0.448671 0.007506 0.013259
0 0.887631 0.448056 0.007506 0.013259
0 0.893024 0.352790 0.007506 0.013259
0 0.858229 0.247384 0.007506 0.013259
0 0.824477 0.214809 0.007506 0.013259
0 0.848138 0.232325 0.007506 0.013259
0 0.845007 0.229867 0.007506 0.013259
0 0.840309 0.232633 0.007506 0.013259
0 0.833524 0.232018 0.007506 0.013259
0 0.826217 0.233247 0.007506 0.013259
0 0.813865 0.224950 0.007506 0.013259
0 0.764107 0.220033 0.007506 0.013259
0 0.313159 0.310074 0.007506 0.013259
0 0.216427 0.291943 0.007506 0.013259
0 0.209642 0.291943 0.007506 0.013259
0 0.160755 0.314991 0.007506 0.013259
0 0.164930 0.310996 0.007506 0.013259
0 0.167714 0.311611 0.007506 0.013259
0 0.122480 0.277807 0.007506 0.013259
0 0.127699 0.275041 0.007506 0.013259
0 0.130135 0.275656 0.007506 0.013259
0 0.135354 0.274427 0.007506 0.013259
0 0.139182 0.270739 0.007506 0.013259