0 0.249894 0.982948 0.048828 0.048828
0 0.288689 0.976297 0.048828 0.048828
0 0.346328 0.960779 0.048828 0.048828
0 0.369606 0.899814 0.048828 0.048828
0 0.307533 0.904248 0.048828 0.048828
0 0.266520 0.915333 0.048828 0.048828
0 0.233267 0.934176 0.048828 0.048828
0 0.228833 0.898706 0.048828 0.048828
0 0.272063 0.870995 0.048828 0.048828
0 0.304208 0.853260 0.048828 0.048828
0 0.335244 0.866561 0.048828 0.048828
0 0.369606 0.826657 0.048828 0.048828
0 0.335244 0.795621 0.048828 0.048828
0 0.285364 0.810030 0.048828 0.048828
0 0.303099 0.766801 0.048828 0.048828
0 0.334136 0.726897 0.048828 0.048828
0 0.376256 0.760150 0.048828 0.048828
0 0.294231 0.673691 0.048828 0.048828
0 0.329702 0.671475 0.048828 0.048828
0 0.366280 0.662607 0.048828 0.048828
0 0.393992 0.652631 0.048828 0.048828
0 0.403968 0.683668 0.048828 0.048828
0 0.460498 0.667041 0.048828 0.048828
0 0.521463 0.653739 0.048828 0.048828
0 0.443872 0.744632 0.048828 0.048828
0 0.488210 0.731331 0.048828 0.048828
0 0.556933 0.706945 0.048828 0.048828
0 0.617898 0.672583 0.048828 0.048828
0 0.665561 0.658173 0.048828 0.048828
0 0.436113 0.808922 0.048828 0.048828
0 0.617898 0.760150 0.048828 0.048828
0 0.654476 0.760150 0.048828 0.048828
0 0.739827 0.776777 0.048828 0.048828
0 0.702140 0.811139 0.048828 0.048828
0 0.642284 0.814464 0.048828 0.048828
0 0.591295 0.825549 0.048828 0.048828
0 0.555825 0.807813 0.048828 0.048828
0 0.545849 0.862127 0.048828 0.048828
0 0.477125 0.841067 0.048828 0.048828
0 0.485993 0.879862 0.048828 0.048828
0 0.431679 0.880971 0.048828 0.048828
0 0.398425 0.958562 0.048828 0.048828
0 0.468258 0.948586 0.048828 0.048828
0 0.531439 0.913116 0.048828 0.048828
0 0.576885 0.916441 0.048828 0.048828
0 0.611247 0.941935 0.048828 0.048828
0 0.677754 0.970755 0.048828 0.048828
0 0.717658 0.925309 0.048828 0.048828
0 0.698814 0.880971 0.048828 0.048828
0 0.413944 0.999575 0.048828 0.048828
0 0.539198 0.970755 0.048828 0.048828
0 0.761996 0.961887 0.048828 0.048828
0 0.795249 0.909790 0.048828 0.048828
0 0.787490 0.848826 0.048828 0.048828
0 0.848454 0.846609 0.048828 0.048828
0 0.828502 0.892055 0.048828 0.048828
0 0.851780 0.933068 0.048828 0.048828
0 0.699923 0.718029 0.048828 0.048828
0 0.791924 0.662607 0.048828 0.048828
0 0.870623 0.693644 0.048828 0.048828
0 0.899443 0.753500 0.048828 0.048828
0 0.899443 0.818898 0.048828 0.048828
0 0.900551 0.885405 0.048828 0.048828
0 0.907202 0.929743 0.048828 0.048828
0 0.908311 0.967430 0.048828 0.048828
0 0.865081 0.997358 0.048828 0.048828
0 0.299774 0.630462 0.048828 0.048828
0 0.389558 0.590558 0.048828 0.048828
0 0.433896 0.570606 0.048828 0.048828
0 0.472691 0.617161 0.048828 0.048828
0 0.566909 0.613835 0.048828 0.048828
0 0.533656 0.576148 0.048828 0.048828
0 0.508162 0.519618 0.048828 0.048828
0 0.452739 0.508533 0.048828 0.048828
0 0.392883 0.522943 0.048828 0.048828
0 0.411727 0.466412 0.048828 0.048828
0 0.481559 0.428725 0.048828 0.048828
0 0.552499 0.446460 0.048828 0.048828
0 0.554716 0.493015 0.048828 0.048828
0 0.587970 0.555088 0.048828 0.048828
0 0.637850 0.559522 0.048828 0.048828
0 0.652260 0.507425 0.048828 0.048828
0 0.668886 0.616052 0.048828 0.048828
0 0.704357 0.631571 0.048828 0.048828
0 0.752020 0.629354 0.048828 0.048828
0 0.794141 0.601643 0.048828 0.048828
0 0.773080 0.561738 0.048828 0.048828
0 0.778622 0.519618 0.048828 0.048828
0 0.716549 0.510750 0.048828 0.048828
0 0.694380 0.559522 0.048828 0.048828
0 0.757562 0.475280 0.048828 0.048828
0 0.715441 0.468629 0.048828 0.048828
0 0.822960 0.433159 0.048828 0.048828
0 0.850671 0.474171 0.048828 0.048828
0 0.862864 0.604968 0.048828 0.048828
0 0.886142 0.648197 0.048828 0.048828
0 0.801900 0.393255 0.048828 0.048828
0 0.841804 0.328965 0.048828 0.048828
0 0.732068 0.430942 0.048828 0.048828
0 0.685513 0.392146 0.048828 0.048828
0 0.778622 0.351134 0.048828 0.048828
0 0.745369 0.367760 0.048828 0.048828
0 0.780839 0.274651 0.048828 0.048828
0 0.750911 0.297928 0.048828 0.048828
0 0.699923 0.304579 0.048828 0.048828
0 0.651151 0.309013 0.048828 0.048828
0 0.634524 0.354459 0.048828 0.048828
0 0.594620 0.340049 0.048828 0.048828
0 0.591295 0.402122 0.048828 0.048828
0 0.534764 0.356676 0.048828 0.048828
0 0.504836 0.302362 0.048828 0.048828
0 0.983685 0.992924 0.048828 0.048828
0 0.996986 0.931959 0.048828 0.048828
0 0.949323 0.948586 0.048828 0.048828
0 0.964841 0.896489 0.048828 0.048828
0 0.933805 0.845501 0.048828 0.048828
0 0.967058 0.816681 0.048828 0.048828
0 0.932696 0.691427 0.048828 0.048828
0 0.954865 0.715812 0.048828 0.048828
0 0.955974 0.633787 0.048828 0.048828
0 0.980360 0.669258 0.048828 0.048828
0 0.991444 0.563955 0.048828 0.048828
0 0.908311 0.567281 0.048828 0.048828
0 0.948215 0.527377 0.048828 0.048828
0 0.902768 0.493015 0.048828 0.048828
0 0.977034 0.483039 0.048828 0.048828
0 0.944889 0.437592 0.048828 0.048828
0 0.904985 0.401014 0.048828 0.048828
0 0.903877 0.330073 0.048828 0.048828
0 0.881708 0.304579 0.048828 0.048828
0 0.983685 0.291278 0.048828 0.048828
0 0.968167 0.336724 0.048828 0.048828
0 0.998095 0.385496 0.048828 0.048828
0 0.947106 0.393255 0.048828 0.048828
0 0.903946 0.007780 0.048828 0.048828
0 0.933034 0.020247 0.048828 0.048828
0 0.999522 0.023363 0.048828 0.048828
0 0.972512 0.111667 0.048828 0.048828
0 0.929918 0.070113 0.048828 0.048828
0 0.891480 0.098162 0.048828 0.048828
0 0.975638 0.226590 0.048828 0.048828
0 0.973518 0.175712 0.048828 0.048828
0 0.592990 0.270049 0.048828 0.048828
0 0.678847 0.262629 0.048828 0.048828
0 0.742445 0.246730 0.048828 0.048828
0 0.710646 0.218111 0.048828 0.048828
0 0.784844 0.177832 0.048828 0.048828
0 0.851622 0.212811 0.048828 0.048828
0 0.880241 0.184192 0.048828 0.048828
0 0.918400 0.257329 0.048828 0.048828
0 0.922640 0.204331 0.048828 0.048828
0 0.919460 0.138613 0.048828 0.048828
0 0.867521 0.044276 0.048828 0.048828
0 0.838902 0.008237 0.048828 0.048828
0 0.785904 0.012477 0.048828 0.048828
0 0.793324 0.063356 0.048828 0.048828
0 0.759405 0.137553 0.048828 0.048828
0 0.856922 0.264749 0.048828 0.048828
0 0.711706 0.155573 0.048828 0.048828
0 0.658708 0.185252 0.048828 0.048828
0 0.617369 0.211751 0.048828 0.048828
0 0.527272 0.226590 0.048828 0.048828
0 0.480634 0.197971 0.048828 0.048828
0 0.547412 0.194791 0.048828 0.048828
0 0.612070 0.166172 0.048828 0.048828
0 0.506073 0.149213 0.048828 0.048828
0 0.551652 0.141793 0.048828 0.048828
0 0.596170 0.119534 0.048828 0.048828
0 0.657648 0.106814 0.048828 0.048828
0 0.718066 0.120594 0.048828 0.048828
0 0.713826 0.072895 0.048828 0.048828
0 0.745625 0.060176 0.048828 0.048828
0 0.703227 0.036856 0.048828 0.048828
0 0.673548 0.013537 0.048828 0.048828
0 0.731846 0.002938 0.048828 0.048828
0 0.579211 0.003998 0.048828 0.048828
0 0.600410 0.053816 0.048828 0.048828
0 0.548472 0.082435 0.048828 0.048828
0 0.529392 0.014597 0.048828 0.048828
0 0.473214 0.015657 0.048828 0.048828
0 0.479574 0.063356 0.048828 0.048828
0 0.433995 0.076075 0.048828 0.048828
0 0.397957 0.014597 0.048828 0.048828
0 0.355558 0.014597 0.048828 0.048828
0 0.365098 0.055936 0.048828 0.048828
0 0.483814 0.112114 0.048828 0.048828
0 0.432935 0.133313 0.048828 0.048828
0 0.457315 0.261569 0.048828 0.048828
0 0.508193 0.256269 0.048828 0.048828
0 0.318459 0.052756 0.048828 0.048828