0 0.884515 0.982791 0.048828 0.048828
0 0.941344 0.992042 0.048828 0.048828
0 0.995529 0.993364 0.048828 0.048828
0 0.942666 0.931248 0.048828 0.048828
0 0.945309 0.865169 0.048828 0.048828
0 0.903018 0.871777 0.048828 0.048828
0 0.883194 0.931248 0.048828 0.048828
0 0.799933 0.960324 0.048828 0.048828
0 0.749712 0.981469 0.048828 0.048828
0 0.797290 0.921997 0.048828 0.048828
0 0.707421 0.943143 0.048828 0.048828
0 0.871299 0.824199 0.048828 0.048828
0 0.822400 0.877063 0.048828 0.048828
0 0.818436 0.797767 0.048828 0.048828
0 0.908304 0.746225 0.048828 0.048828
0 0.889802 0.705255 0.048828 0.048828
0 0.807863 0.742260 0.048828 0.048828
0 0.823722 0.706577 0.048828 0.048828
0 0.817114 0.633889 0.048828 0.048828
0 0.884515 0.639176 0.048828 0.048828
0 0.892445 0.598206 0.048828 0.048828
0 0.938701 0.570453 0.048828 0.048828
0 0.958525 0.480584 0.048828 0.048828
0 0.991565 0.440936 0.048828 0.048828
0 0.903018 0.529483 0.048828 0.048828
0 0.934736 0.409218 0.048828 0.048828
0 0.936058 0.368248 0.048828 0.048828
0 0.954560 0.332565 0.048828 0.048828
0 0.884515 0.311420 0.048828 0.048828
0 0.818436 0.339173 0.048828 0.048828
0 0.863370 0.405253 0.048828 0.048828
0 0.868656 0.462082 0.048828 0.048828
0 0.834295 0.500408 0.048828 0.048828
0 0.842224 0.549307 0.048828 0.048828
0 0.831651 0.590277 0.048828 0.048828
0 0.777466 0.600849 0.048828 0.048828
0 0.770858 0.685431 0.048828 0.048828
0 0.717994 0.750190 0.048828 0.048828
0 0.789360 0.862525 0.048828 0.048828
0 0.744426 0.888957 0.048828 0.048828
0 0.696849 0.891601 0.048828 0.048828
0 0.686276 0.838737 0.048828 0.048828
0 0.747069 0.812305 0.048828 0.048828
0 0.680989 0.784551 0.048828 0.048828
0 0.659844 0.969575 0.048828 0.048828
0 0.655879 0.900852 0.048828 0.048828
0 0.625482 0.997328 0.048828 0.048828
0 0.477464 0.984112 0.048828 0.048828
0 0.540900 0.966932 0.048828 0.048828
0 0.618874 0.931248 0.048828 0.048828
0 0.604337 0.877063 0.048828 0.048828
0 0.558081 0.898209 0.048828 0.048828
0 0.476142 0.886314 0.048828 0.048828
0 0.440459 0.929927 0.048828 0.048828
0 0.411384 0.980148 0.048828 0.048828
0 0.388917 0.927284 0.048828 0.048828
0 0.363806 0.976183 0.048828 0.048828
0 0.308299 0.969575 0.048828 0.048828
0 0.293762 0.945786 0.048828 0.048828
0 0.332088 0.918033 0.048828 0.048828
0 0.407419 0.874420 0.048828 0.048828
0 0.457640 0.842702 0.048828 0.048828
0 0.509182 0.797767 0.048828 0.048828
0 0.452353 0.777943 0.048828 0.048828
0 0.535614 0.829486 0.048828 0.048828
0 0.622839 0.829486 0.048828 0.048828
0 0.589799 0.801732 0.048828 0.048828
0 0.554116 0.775300 0.048828 0.048828
0 0.632090 0.759441 0.048828 0.048828
0 0.576583 0.731687 0.048828 0.048828
0 0.551473 0.686753 0.048828 0.048828
0 0.501252 0.734331 0.048828 0.048828
0 0.458961 0.714507 0.048828 0.048828
0 0.499931 0.684110 0.048828 0.048828
0 0.502574 0.625960 0.048828 0.048828
0 0.552795 0.619352 0.048828 0.048828
0 0.584513 0.582347 0.048828 0.048828
0 0.630769 0.607457 0.048828 0.048828
0 0.601694 0.655035 0.048828 0.048828
0 0.636055 0.692039 0.048828 0.048828
0 0.700813 0.686753 0.048828 0.048828
0 0.667773 0.659000 0.048828 0.048828
0 0.711386 0.631246 0.048828 0.048828
0 0.702135 0.559880 0.048828 0.048828
0 0.749712 0.554593 0.048828 0.048828
0 0.797290 0.525518 0.048828 0.048828
0 0.518433 0.561201 0.048828 0.048828
0 0.576583 0.522875 0.048828 0.048828
0 0.612266 0.545342 0.048828 0.048828
0 0.667773 0.503051 0.048828 0.048828
0 0.711386 0.513624 0.048828 0.048828
0 0.777466 0.466046 0.048828 0.048828
0 0.794647 0.410539 0.048828 0.048828
0 0.754999 0.336530 0.048828 0.048828
0 0.702135 0.362962 0.048828 0.048828
0 0.724602 0.406575 0.048828 0.048828
0 0.692884 0.447544 0.048828 0.048828
0 0.628126 0.415826 0.048828 0.048828
0 0.630769 0.376178 0.048828 0.048828
0 0.596407 0.472654 0.048828 0.048828
0 0.580548 0.406575 0.048828 0.048828
0 0.580548 0.349746 0.048828 0.048828
0 0.551473 0.455474 0.048828 0.048828
0 0.522398 0.413183 0.048828 0.048828
0 0.527684 0.340495 0.048828 0.048828
0 0.480107 0.374856 0.048828 0.048828
0 0.416670 0.333887 0.048828 0.048828
0 0.408741 0.402610 0.048828 0.048828
0 0.473499 0.433006 0.048828 0.048828
0 0.379665 0.431685 0.048828 0.048828
0 0.318872 0.454152 0.048828 0.048828
0 0.346625 0.386751 0.048828 0.048828
0 0.366449 0.339173 0.048828 0.048828
0 0.518433 0.500408 0.048828 0.048828
0 0.461604 0.496443 0.048828 0.048828
0 0.486715 0.549307 0.048828 0.048828
0 0.468212 0.577061 0.048828 0.048828
0 0.440459 0.596885 0.048828 0.048828
0 0.431208 0.645784 0.048828 0.048828
0 0.392881 0.563845 0.048828 0.048828
0 0.383630 0.512302 0.048828 0.048828
0 0.420635 0.470011 0.048828 0.048828
0 0.334731 0.517589 0.048828 0.048828
0 0.285832 0.521553 0.048828 0.048828
0 0.258078 0.427720 0.048828 0.048828
0 0.281867 0.384107 0.048828 0.048828
0 0.255435 0.327279 0.048828 0.048828
0 0.303013 0.333887 0.048828 0.048828
0 0.197285 0.339173 0.048828 0.048828
0 0.234290 0.396002 0.048828 0.048828
0 0.197285 0.452830 0.048828 0.048828
0 0.151029 0.446222 0.048828 0.048828
0 0.232968 0.489835 0.048828 0.048828
0 0.152351 0.513624 0.048828 0.048828
0 0.199928 0.540056 0.048828 0.048828
0 0.243541 0.565166 0.048828 0.048828
0 0.306978 0.570453 0.048828 0.048828
0 0.347947 0.618030 0.048828 0.048828
0 0.369093 0.676180 0.048828 0.048828
0 0.406097 0.760763 0.048828 0.048828
0 0.375701 0.733009 0.048828 0.048828
0 0.373057 0.779265 0.048828 0.048828
0 0.412705 0.820234 0.048828 0.048828
0 0.355877 0.836094 0.048828 0.048828
0 0.325480 0.766049 0.048828 0.048828
0 0.340017 0.717150 0.048828 0.048828
0 0.317550 0.871777 0.048828 0.048828
0 0.273938 0.803054 0.048828 0.048828
0 0.259400 0.919354 0.048828 0.048828
0 0.248827 0.847988 0.048828 0.048828
0 0.222395 0.883671 0.048828 0.048828
0 0.161602 0.900852 0.048828 0.048828
0 0.235611 0.968253 0.048828 0.048828
0 0.197285 0.964288 0.048828 0.048828
0 0.153672 0.956359 0.048828 0.048828
0 0.168210 0.994685 0.048828 0.048828
0 0.038693 0.993364 0.048828 0.048828
0 0.088914 0.949751 0.048828 0.048828
0 0.086271 0.902173 0.048828 0.048828
0 0.129884 0.847988 0.048828 0.048828
0 0.199928 0.814948 0.048828 0.048828
0 0.250149 0.756798 0.048828 0.048828
0 0.285832 0.682788 0.048828 0.048828
0 0.273938 0.610100 0.048828 0.048828
0 0.242219 0.644462 0.048828 0.048828
0 0.219752 0.709220 0.048828 0.048828
0 0.185391 0.755476 0.048828 0.048828
0 0.157637 0.797767 0.048828 0.048828
0 0.136492 0.752833 0.048828 0.048828
0 0.098165 0.818913 0.048828 0.048828
0 0.092879 0.767370 0.048828 0.048828
0 0.036050 0.810983 0.048828 0.048828
0 0.040015 0.867812 0.048828 0.048828
0 0.021513 0.914068 0.048828 0.048828
0 0.005653 0.969575 0.048828 0.048828
0 0.009618 0.776622 0.048828 0.048828
0 0.021513 0.726401 0.048828 0.048828
0 0.055874 0.710542 0.048828 0.048828
0 0.121954 0.689396 0.048828 0.048828
0 0.189355 0.668251 0.048828 0.048828
0 0.205215 0.603492 0.048828 0.048828
0 0.153672 0.639176 0.048828 0.048828
0 0.153672 0.584990 0.048828 0.048828
0 0.107416 0.571774 0.048828 0.048828
0 0.098165 0.640497 0.048828 0.048828
0 0.032085 0.641819 0.048828 0.048828
0 0.041337 0.541377 0.048828 0.048828
0 0.083628 0.517589 0.048828 0.048828
0 0.003010 0.413183 0.048828 0.048828
0 0.042658 0.407896 0.048828 0.048828
0 0.047945 0.454152 0.048828 0.048828
0 0.102130 0.470011 0.048828 0.048828
0 0.095522 0.411861 0.048828 0.048828
0 0.041337 0.349746 0.048828 0.048828
0 0.070412 0.349746 0.048828 0.048828
0 0.108738 0.355032 0.048828 0.048828
0 0.149708 0.364283 0.048828 0.048828
0 0.000367 0.316706 0.048828 0.048828
0 0.070412 0.308776 0.048828 0.048828
0 0.151029 0.304812 0.048828 0.048828
0 0.199928 0.292917 0.048828 0.048828
0 0.231647 0.286309 0.048828 0.048828
0 0.279224 0.283666 0.048828 0.048828
0 0.306978 0.251948 0.048828 0.048828
0 0.365128 0.288952 0.048828 0.048828
0 0.440459 0.266485 0.048828 0.048828
0 0.462926 0.311420 0.048828 0.048828
0 0.494644 0.284988 0.048828 0.048828
0 0.478785 0.237410 0.048828 0.048828
0 0.519755 0.238732 0.048828 0.048828
0 0.386273 0.232124 0.048828 0.048828
0 0.539579 0.284988 0.048828 0.048828
0 0.610945 0.311420 0.048828 0.048828
0 0.687597 0.315384 0.048828 0.048828
0 0.613588 0.255913 0.048828 0.048828
0 0.674381 0.263842 0.048828 0.048828
0 0.724602 0.304812 0.048828 0.048828
0 0.748391 0.240053 0.048828 0.048828
0 0.748391 0.197762 0.048828 0.048828
0 0.762928 0.140934 0.048828 0.048828
0 0.687597 0.195119 0.048828 0.048828
0 0.686276 0.131682 0.048828 0.048828
0 0.605658 0.146220 0.048828 0.048828
0 0.581870 0.203049 0.048828 0.048828
0 0.525041 0.189833 0.048828 0.048828
0 0.539579 0.146220 0.048828 0.048828
0 0.513147 0.138290 0.048828 0.048828
0 0.511825 0.094678 0.048828 0.048828
0 0.566011 0.103929 0.048828 0.048828
0 0.452353 0.170009 0.048828 0.048828
0 0.410062 0.193797 0.048828 0.048828
0 0.347947 0.197762 0.048828 0.048828
0 0.341339 0.147542 0.048828 0.048828
0 0.292440 0.152828 0.048828 0.048828
0 0.244863 0.171330 0.048828 0.048828
0 0.210501 0.155471 0.048828 0.048828
0 0.236933 0.122431 0.048828 0.048828
0 0.280546 0.103929 0.048828 0.048828
0 0.310942 0.093356 0.048828 0.048828
0 0.362485 0.113180 0.048828 0.048828
0 0.351912 0.060316 0.048828 0.048828
0 0.425921 0.057673 0.048828 0.048828
0 0.262043 0.222873 0.048828 0.048828
0 0.219752 0.221551 0.048828 0.048828
0 0.173496 0.242697 0.048828 0.048828
0 0.129884 0.263842 0.048828 0.048828
0 0.079663 0.246661 0.048828 0.048828
0 0.124597 0.200405 0.048828 0.048828
0 0.041337 0.209657 0.048828 0.048828
0 0.055874 0.136969 0.048828 0.048828
0 0.102130 0.151506 0.048828 0.048828
0 0.096844 0.101286 0.048828 0.048828
0 0.141778 0.125074 0.048828 0.048828
0 0.202571 0.082783 0.048828 0.048828
0 0.250149 0.069567 0.048828 0.048828
0 0.033407 0.084105 0.048828 0.048828
0 0.018869 0.023311 0.048828 0.048828
0 0.104773 0.035206 0.048828 0.048828
0 0.148386 0.047100 0.048828 0.048828
0 0.285832 0.012739 0.048828 0.048828
0 0.408741 0.019347 0.048828 0.048828
0 0.445745 0.007452 0.048828 0.048828
0 0.499931 0.019347 0.048828 0.048828
0 0.539579 0.040492 0.048828 0.048828
0 0.589799 0.044457 0.048828 0.048828
0 0.645306 0.021990 0.048828 0.048828
0 0.712708 0.047100 0.048828 0.048828
0 0.691562 0.089391 0.048828 0.048828
0 0.724602 0.097321 0.048828 0.048828
0 0.757642 0.073532 0.048828 0.048828
0 0.432624 0.119476 0.048828 0.048828
0 0.801753 0.293973 0.048828 0.048828
0 0.817093 0.248910 0.048828 0.048828
0 0.853527 0.261374 0.048828 0.048828
0 0.911053 0.241240 0.048828 0.048828
0 0.868867 0.213436 0.048828 0.048828
0 0.805588 0.190425 0.048828 0.048828
0 0.822846 0.164538 0.048828 0.048828
0 0.843939 0.133857 0.048828 0.048828
0 0.804629 0.108929 0.048828 0.048828
0 0.848733 0.073454 0.048828 0.048828
0 0.801753 0.029351 0.048828 0.048828
0 0.865991 0.013052 0.048828 0.048828
0 0.904342 0.042774 0.048828 0.048828
0 0.954198 0.094547 0.048828 0.048828
0 0.936940 0.178920 0.048828 0.048828
0 0.905301 0.164538 0.048828 0.048828
0 0.957074 0.276715 0.048828 0.048828
0 0.988714 0.008258 0.048828 0.048828
0 0.962827 0.037980 0.048828 0.048828
0 0.946528 0.694741 0.048828 0.048828
0 0.978167 0.754185 0.048828 0.048828